10 0.8767857142857143 0.16761768901569188 0.04642857142857143 0.018544935805991442
10 0.18571428571428572 0.17760342368045648 0.04642857142857143 0.018544935805991442
10 0.8767857142857143 0.19472182596291013 0.04285714285714286 0.018544935805991442
7 0.2580357142857143 0.19971469329529243 0.06964285714285715 0.025677603423680456
1 0.125 0.20399429386590584 0.04285714285714286 0.019971469329529243
2 0.9455357142857143 0.20684736091298145 0.05892857142857143 0.14265335235378032
5 0.7491071428571429 0.21968616262482168 0.12321428571428572 0.11982881597717546
1 0.34464285714285714 0.23823109843081314 0.025 0.034236804564907276
10 0.55 0.24750356633380885 0.04285714285714286 0.018544935805991442
10 0.47946428571428573 0.25035663338088443 0.023214285714285715 0.03566333808844508
1 0.05357142857142857 0.26105563480741795 0.07857142857142857 0.10271041369472182
7 0.88125 0.2653352353780314 0.026785714285714284 0.05135520684736091
7 0.6303571428571428 0.2660485021398003 0.06785714285714285 0.024251069900142655
5 0.16428571428571428 0.2845934379457917 0.12142857142857143 0.1326676176890157
10 0.5535714285714286 0.29600570613409416 0.04285714285714286 0.018544935805991442
10 0.7098214285714286 0.30028530670470754 0.044642857142857144 0.018544935805991442
1 0.42857142857142855 0.3074179743223966 0.125 0.05848787446504993
5 0.6285714285714286 0.3074179743223966 0.08928571428571429 0.047075606276747506
1 0.26964285714285713 0.30884450784593437 0.07142857142857142 0.09843081312410841
11 0.8973214285714286 0.3701854493580599 0.10178571428571428 0.14407988587731813
8 0.7607142857142857 0.39657631954350925 0.15357142857142858 0.12553495007132667
1 0.02857142857142857 0.42011412268188303 0.025 0.03281027104136947
5 0.08303571428571428 0.427246790299572 0.06964285714285715 0.07845934379457917
1 0.27053571428571427 0.43009985734664763 0.07678571428571429 0.09843081312410841
10 0.825 0.4914407988587732 0.060714285714285714 0.03851640513552068
5 0.4973214285714286 0.4971469329529244 0.3482142857142857 0.2810271041369472
1 0.0875 0.5078459343794579 0.125 0.05991440798858773
1 0.7294642857142857 0.5328102710413695 0.0875 0.10699001426533523
1 0.2794642857142857 0.536376604850214 0.023214285714285715 0.037089871611982884
1 0.17589285714285716 0.05492154065620542 0.11964285714285715 0.05848787446504993
1 0.30714285714285716 0.5549215406562055 0.017857142857142856 0.037089871611982884
5 0.9232142857142858 0.5613409415121255 0.05714285714285714 0.07845934379457917
5 0.8258928571428571 0.5627674750356634 0.05892857142857143 0.07560627674750357
5 0.24285714285714285 0.5834522111269614 0.05 0.042796005706134094
10 0.7928571428571428 0.6312410841654779 0.04285714285714286 0.018544935805991442
5 0.06696428571428571 0.6490727532097005 0.0875 0.08273894436519258
1 0.4276785714285714 0.6512125534950072 0.04107142857142857 0.018544935805991442
10 0.7928571428571428 0.6547788873038516 0.04642857142857143 0.017118402282453638
1 0.46785714285714286 0.6683309557774608 0.02142857142857143 0.03566333808844508
10 0.6598214285714286 0.6704707560627675 0.030357142857142857 0.034236804564907276
10 0.7919642857142857 0.6790299572039943 0.044642857142857144 0.017118402282453638
1 0.2955357142857143 0.6847360912981455 0.11964285714285715 0.06276747503566334
10 0.5428571428571428 0.6868758915834522 0.02142857142857143 0.03566333808844508
10 0.6017857142857143 0.68830242510699 0.025 0.03566333808844508
10 0.5714285714285714 0.6890156918687589 0.025 0.034236804564907276
10 0.7919642857142857 0.7039942938659058 0.044642857142857144 0.018544935805991442
8 0.1392857142857143 0.723965763195435 0.04285714285714286 0.021398002853067047
10 0.7919642857142857 0.724679029957204 0.044642857142857144 0.017118402282453638
8 0.7428571428571429 0.7446504992867332 0.04642857142857143 0.019971469329529243
5 0.6223214285714286 0.7475035663338089 0.07321428571428572 0.06276747503566334
2 0.04642857142857143 0.7496433666191156 0.05714285714285714 0.09272467902995721
10 0.13839285714285715 0.7496433666191156 0.044642857142857144 0.018544935805991442
2 0.9080357142857143 0.7532097004279601 0.12678571428571428 0.25106990014265335
8 0.1419642857142857 0.7724679029957204 0.05178571428571429 0.021398002853067047
1 0.6258928571428571 0.7960057061340942 0.048214285714285716 0.025677603423680456
8 0.7696428571428572 0.8202567760342369 0.15714285714285714 0.12553495007132667
1 0.17946428571428572 0.8573466476462197 0.12678571428571428 0.06276747503566334
8 0.7339285714285714 0.9015691868758916 0.02857142857142857 0.039942938659058486
8 0.83125 0.9101283880171184 0.030357142857142857 0.039942938659058486
10 0.7857142857142857 0.1419400855920114 0.02142857142857143 0.03851640513552068