2 0.7359118852459017 0.4019607843137255 0.03637295081967213 0.03081232492997199
9 0.8296618852459017 0.44502801120448177 0.0466188524590164 0.13935574229691877
2 0.8688524590163934 0.46043417366946776 0.05737704918032787 0.10714285714285714
9 0.8058401639344263 0.4411764705882353 0.03790983606557377 0.0546218487394958
8 0.7792008196721312 0.4730392156862745 0.0235655737704918 0.024509803921568627
9 0.2671618852459016 0.33613445378151263 0.09887295081967214 0.3851540616246499
9 0.44774590163934425 0.40826330532212884 0.042008196721311473 0.07142857142857142
9 0.7228483606557377 0.5164565826330533 0.050204918032786885 0.03571428571428571
9 0.7528176229508197 0.7020308123249299 0.08760245901639344 0.11134453781512606
9 0.5788934426229508 0.6726190476190477 0.1260245901639344 0.0665266106442577
9 0.4415983606557377 0.626750700280112 0.125 0.06442577030812324
9 0.304047131147541 0.5815826330532213 0.12243852459016394 0.0665266106442577
9 0.688780737704918 0.28816526610644255 0.15317622950819673 0.07352941176470588
9 0.5432889344262295 0.2415966386554622 0.12653688524590165 0.06582633053221289
9 0.40548155737704916 0.1953781512605042 0.12346311475409837 0.06442577030812324
9 0.7538422131147541 0.35224089635854344 0.04969262295081967 0.05182072829131653
2 0.7410348360655737 0.3795518207282913 0.03944672131147541 0.03221288515406162