2 0.7019125683060109 0.3150224215246637 0.0366120218579235 0.023168908819133034
9 0.8065573770491803 0.3217488789237668 0.02841530054644809 0.14573991031390135
2 0.8502732240437159 0.3217488789237668 0.046994535519125684 0.10538116591928251
9 0.7819672131147541 0.32847533632286996 0.033879781420765025 0.05007473841554559
8 0.7612021857923498 0.3710762331838565 0.022950819672131147 0.020179372197309416
9 0.20655737704918034 0.43647234678624813 0.04371584699453552 0.414050822122571
9 0.40737704918032785 0.437219730941704 0.03551912568306011 0.0687593423019432
9 0.7122950819672131 0.43871449925261585 0.05191256830601093 0.02391629297458894
9 0.7830601092896174 0.6162182361733931 0.08087431693989071 0.09940209267563528
9 0.5991803278688524 0.6550822122571002 0.13387978142076504 0.033632286995515695
9 0.44808743169398907 0.6651718983557549 0.13333333333333333 0.03139013452914798
9 0.2972677595628415 0.6730194319880418 0.13005464480874318 0.035127055306427506
9 0.6286885245901639 0.2171150971599402 0.1644808743169399 0.032137518684603884
9 0.4685792349726776 0.22832585949177878 0.13497267759562842 0.033632286995515695
9 0.31830601092896177 0.23579970104633782 0.13169398907103824 0.032137518684603884
9 0.7087431693989071 0.2571001494768311 0.048087431693989074 0.043348281016442454
9 0.7019125683060109 0.29035874439461884 0.03989071038251366 0.023168908819133034