2 0.670654296875 0.31675567423230977 0.03369140625 0.024699599465954607
9 0.7646484375 0.31174899866488653 0.033203125 0.1321762349799733
2 0.803466796875 0.3074098798397864 0.04736328125 0.09813084112149532
9 0.742431640625 0.3197596795727637 0.03271484375 0.04806408544726302
8 0.7265625 0.3608144192256342 0.021484375 0.02069425901201602
9 0.23681640625 0.47763684913217624 0.0625 0.3704939919893191
9 0.415771484375 0.4569425901201602 0.03564453125 0.06475300400534045
9 0.687255859375 0.4252336448598131 0.04736328125 0.0267022696929239
9 0.760498046875 0.5764352469959947 0.07763671875 0.09679572763684913
9 0.598388671875 0.6315086782376502 0.12060546875 0.044058744993324434
9 0.464599609375 0.654539385847797 0.11962890625 0.04205607476635514
9 0.3310546875 0.678237650200267 0.1171875 0.04539385847797063
9 0.60009765625 0.23798397863818424 0.1474609375 0.04606141522029372
9 0.458740234375 0.2643524699599466 0.12158203125 0.044058744993324434
9 0.32470703125 0.287716955941255 0.1181640625 0.042723631508678236
9 0.673828125 0.26468624833110815 0.044921875 0.043391188251001335
2 0.669677734375 0.29506008010680906 0.03662109375 0.025367156208277702