8 0.6907681211684097 0.4515983791085097 0.006851785070320952 0.01891040072039622
1 0.2594662820050487 0.45272399819900944 0.007573025604038947 0.016659162539396668
1 0.8058059862964299 0.4529491220171094 0.010457987738910927 0.007203962179198559
1 0.27930039668229356 0.4531742458352094 0.006130544536602957 0.013057181449797388
1 0.2879552830869095 0.4531742458352094 0.006130544536602957 0.013057181449797388
1 0.2969707897583844 0.4531742458352094 0.006130544536602957 0.013057181449797388
1 0.2699242697439596 0.45339936965330935 0.006851785070320952 0.018009905447996397
1 0.24756581319870177 0.4540747411076092 0.008294266137756943 0.027465105808194508
10 0.8052650558961414 0.4644304367402071 0.0144248106743599 0.00945520036019811
1 0.8052650558961414 0.4754615038271049 0.009376126938333935 0.006303466906798739
1 0.37829065993508837 0.4804142278253039 0.009376126938333935 0.01170643854119766
10 0.48791922106022356 0.48469158036920307 0.0144248106743599 0.00945520036019811
10 0.8052650558961414 0.4864925709140027 0.01730977280923188 0.013057181449797388
1 0.17652362062747926 0.4894191805493021 0.009736747205192933 0.006303466906798739
1 0.4743959610530112 0.48986942818550205 0.006851785070320952 0.017109410175596577
1 0.3689145329967544 0.4930211616389014 0.009376126938333935 0.01170643854119766
10 0.4875586007933646 0.4959477712742008 0.0144248106743599 0.00945520036019811
9 0.783086909484313 0.49819900945520035 0.015506671474936892 0.13372354795137326
10 0.20537324197619905 0.49819900945520035 0.014064190407500902 0.008554705087798289
9 0.06292823656689506 0.49932462854570014 0.03714388748647674 0.07654209815398469
9 0.9109267940858277 0.4995497523638001 0.02596465921384782 0.21476812246735705
1 0.3786512802019473 0.5056280954524989 0.00865488640461594 0.01170643854119766
10 0.8052650558961414 0.5090049527239981 0.0144248106743599 0.00945520036019811
1 0.3544897223223945 0.5119315623592976 0.009376126938333935 0.012606933813597478
1 0.5366029570861882 0.5121566861773975 0.020915975477821855 0.01125619090499775
10 0.17940858276235125 0.5132823052678973 0.006851785070320952 0.018009905447996397
1 0.4830508474576271 0.5171094101755965 0.0046880634691669676 0.012156686177397569
1 0.4913451135953841 0.5171094101755965 0.0046880634691669676 0.012156686177397569
1 0.501081860800577 0.5173345339936966 0.007573025604038947 0.018009905447996397
1 0.5097367472051929 0.5173345339936966 0.007573025604038947 0.018009905447996397
1 0.5187522538766679 0.5173345339936966 0.007573025604038947 0.018009905447996397
1 0.40335376848178867 0.5180099054479964 0.010457987738910927 0.012156686177397569
1 0.56833754056978 0.5180099054479964 0.03534078615218175 0.031967582170193604
1 0.8050847457627118 0.5202611436289959 0.009736747205192933 0.00675371454299865
1 0.5329967544175983 0.5207113912651958 0.020915975477821855 0.01125619090499775
1 0.38045438153624234 0.5207113912651958 0.00576992426974396 0.013957676722197209
1 0.1319870176703931 0.5238631247185952 0.005048683736025965 0.013057181449797388
10 0.10548142805625677 0.5243133723547951 0.007573025604038947 0.01936064835659613
10 0.1141363144608727 0.5243133723547951 0.007573025604038947 0.01936064835659613
1 0.12315182113234764 0.5243133723547951 0.007573025604038947 0.01936064835659613
1 0.4026325279480707 0.5306168392615939 0.009736747205192933 0.012156686177397569
10 0.8049044356292824 0.5310670868977938 0.0144248106743599 0.00945520036019811
1 0.38766678687342226 0.5360198108959928 0.009376126938333935 0.013057181449797388
1 0.5100973674720519 0.5389464205312922 0.007573025604038947 0.018009905447996397
1 0.4830508474576271 0.5391715443493922 0.0046880634691669676 0.012156686177397569
1 0.49098449332852506 0.5391715443493922 0.0046880634691669676 0.012156686177397569
1 0.500721240533718 0.5393966681674921 0.007573025604038947 0.018009905447996397
1 0.5187522538766679 0.5393966681674921 0.007573025604038947 0.018009905447996397
3 0.5232600072124053 0.0540297163439892 0.02019473494410386 0.029716343989194056
1 0.40695997115037863 0.5416479063484917 0.009015506671474938 0.012606933813597478
1 0.39199423007573025 0.5418730301665916 0.01009736747205193 0.01125619090499775
1 0.8047241254958528 0.5427735254389915 0.009736747205192933 0.00675371454299865
1 0.5362423368193292 0.545024763619991 0.020915975477821855 0.01125619090499775
10 0.08763072484673638 0.5454750112561909 0.00721240533717995 0.01846015308419631
1 0.5632888568337541 0.5457001350742908 0.02452217814641183 0.018009905447996397
10 0.0710421925712225 0.5504277352543899 0.0144248106743599 0.010355695632597929
1 0.37811034980165886 0.5560558307068888 0.009015506671474938 0.01170643854119766
1 0.38892895780742875 0.5565060783430887 0.009015506671474938 0.01170643854119766
10 0.4871979805265056 0.5571814497973886 0.0144248106743599 0.00945520036019811
1 0.47403534078615217 0.5623592976136875 0.007573025604038947 0.018009905447996397
9 0.7549585286693112 0.5641602881584872 0.016227912008654886 0.049527239981990094
10 0.4871979805265056 0.5679873930661864 0.0144248106743599 0.00945520036019811
10 0.791020555355211 0.5758667266996849 0.014785430941218897 0.009004952723998198
10 0.4871979805265056 0.5882485366951824 0.015146051208077894 0.00945520036019811
1 0.47367472051929316 0.5934263845114813 0.007573025604038947 0.018009905447996397
10 0.4871979805265056 0.5990544799639802 0.015146051208077894 0.00945520036019811
1 0.24684457266498377 0.6026564610535795 0.008294266137756943 0.027465105808194508
1 0.2582041110710422 0.6031067086897793 0.00721240533717995 0.01846015308419631
1 0.26902271907681213 0.6035569563259793 0.00721240533717995 0.01846015308419631
1 0.2782185358817166 0.6035569563259793 0.006130544536602957 0.013057181449797388
1 0.2868734222863325 0.6035569563259793 0.006130544536602957 0.013057181449797388
1 0.29588892895780744 0.6037820801440792 0.005409304002884962 0.012606933813597478
10 0.8440317345834836 0.6109860423232778 0.014064190407500902 0.009004952723998198
8 0.8584565452578435 0.6157136425033769 0.006851785070320952 0.01846015308419631
10 0.8674720519293184 0.6157136425033769 0.007573025604038947 0.017559657811796487
1 0.45113595384060584 0.6175146330481764 0.01298232960692391 0.01846015308419631
10 0.8811756220699604 0.6215668617739757 0.014785430941218897 0.00945520036019811
1 0.11648034619545619 0.6240432237730752 0.006491164803461955 0.017109410175596577
1 0.1280201947349441 0.6240432237730752 0.00721240533717995 0.017109410175596577
1 0.13883880274071403 0.6244934714092751 0.005048683736025965 0.012606933813597478
1 0.14785430941218897 0.624718595227375 0.00576992426974396 0.013057181449797388
1 0.1568698160836639 0.624718595227375 0.00576992426974396 0.013057181449797388
1 0.16552470248827983 0.624718595227375 0.00576992426974396 0.013057181449797388
1 0.17454020915975477 0.625168842863575 0.00576992426974396 0.013057181449797388
1 0.1835557158312297 0.625168842863575 0.00576992426974396 0.013057181449797388
1 0.19221060223584566 0.625168842863575 0.00576992426974396 0.013057181449797388
1 0.2012261089073206 0.625168842863575 0.00576992426974396 0.013057181449797388
1 0.4601514605120808 0.6271949572264746 0.015867291741795887 0.018009905447996397
10 0.785611251352326 0.6307969383160739 0.006851785070320952 0.018009905447996397
10 0.7953479985575189 0.6316974335884736 0.006851785070320952 0.018009905447996397
1 0.8045438153624234 0.6319225574065737 0.006491164803461955 0.01846015308419631
1 0.579516768842409 0.6337235479513732 0.00721240533717995 0.017559657811796487
1 0.5979084024522178 0.6341737955875731 0.00721240533717995 0.017559657811796487
5 0.06130544536602957 0.6346240432237731 0.03606202668589975 0.050877982890589826
1 0.09177785791561485 0.634849167041873 0.0046880634691669676 0.01170643854119766
8 0.646772448611612 0.6368752814047727 0.006851785070320952 0.01846015308419631
1 0.4677244861161197 0.6371004052228726 0.02163721601153985 0.026114362899594776
10 0.6557879552830869 0.6371004052228726 0.006851785070320952 0.018009905447996397
10 0.6648034619545619 0.6371004052228726 0.006851785070320952 0.018009905447996397
10 0.6738189686260367 0.6371004052228726 0.006851785070320952 0.018009905447996397
10 0.6871619184998197 0.6375506528590725 0.006851785070320952 0.018009905447996397
10 0.6961774251712947 0.6375506528590725 0.006851785070320952 0.018009905447996397
10 0.7048323115759105 0.6375506528590725 0.006851785070320952 0.018009905447996397
10 0.7138478182473855 0.6375506528590725 0.006851785070320952 0.018009905447996397
5 0.8269022719076812 0.6431787483115714 0.02452217814641183 0.02656461053579469
9 0.9300396682293545 0.65015758667267 0.04111071042192571 0.05042773525438991
1 0.47818247385503065 0.6503827104907699 0.02740714028128381 0.03376857271499325
1 0.8043635052289939 0.6539846915803692 0.006851785070320952 0.01846015308419631
1 0.3800937612693833 0.655110310670869 0.009376126938333935 0.007203962179198559
10 0.8671114316624594 0.6602881584871679 0.0421925712225027 0.025664115263394866
1 0.3800937612693833 0.6659162539396668 0.009376126938333935 0.007203962179198559
8 0.4619545618463758 0.6686177397568662 0.013703570140641904 0.01620891490319676
10 0.6664262531554274 0.6728950923007654 0.00721240533717995 0.01846015308419631
8 0.45564370717634334 0.6762719495722648 0.014064190407500902 0.017109410175596577
1 0.3800937612693833 0.6767221972084646 0.009376126938333935 0.007203962179198559
10 0.6866209880995312 0.6787483115713643 0.0144248106743599 0.00945520036019811
1 0.48214929679047963 0.6839261593876632 0.0144248106743599 0.009004952723998198
1 0.37955283086909486 0.6882035119315624 0.014064190407500902 0.00945520036019811
1 0.37955283086909486 0.70013507429086 0.014064190407500902 0.00810445745159838
10 0.47764154345474213 0.7003601981089599 0.006851785070320952 0.01846015308419631
10 0.4866570501262171 0.7008104457451598 0.006851785070320952 0.01846015308419631
8 0.08456545257843491 0.7066636650157586 0.014785430941218897 0.008554705087798289
8 0.1289217454020916 0.7071139126519586 0.014785430941218897 0.008554705087798289
8 0.1743598990263253 0.7080144079243584 0.014785430941218897 0.008554705087798289
1 0.37919221060223585 0.7107158937415579 0.013342949873782907 0.008554705087798289
1 0.29138117562206994 0.7116163890139576 0.01009736747205193 0.00675371454299865
1 0.36188243779300394 0.7161188653759568 0.008294266137756943 0.02656461053579469
1 0.3972232239451857 0.7170193606483566 0.008294266137756943 0.02656461053579469
1 0.37937252073566535 0.7221972084646555 0.013703570140641904 0.009004952723998198
10 0.07987738910926794 0.7235479513732553 0.006851785070320952 0.018009905447996397
10 0.08889289578074287 0.7235479513732553 0.006851785070320952 0.018009905447996397
10 0.12423368193292463 0.7239981990094552 0.006851785070320952 0.018009905447996397
10 0.13288856833754056 0.7244484466456551 0.006851785070320952 0.018009905447996397
5 0.7055535521096286 0.07271499324628546 0.03498016588532275 0.04997748761819001
10 0.17868734222863325 0.724898694281855 0.006851785070320952 0.018009905447996397
10 0.1703930760908763 0.7253489419180549 0.006851785070320952 0.018009905447996397
1 0.2419761990623873 0.7257991895542548 0.025243418680129824 0.01891040072039622
10 0.29606923909123695 0.7262494371904548 0.006491164803461955 0.018009905447996397
10 0.287053732419762 0.7266996848266547 0.006491164803461955 0.018009905447996397
8 0.6202668589974757 0.730076542098154 0.00721240533717995 0.01846015308419631
1 0.9473494410385863 0.734579018460153 0.02596465921384782 0.01846015308419631
12 0.5831229715109989 0.7420081044574516 0.0576992426974396 0.06033318325078793
10 0.6199062387306167 0.754615038271049 0.00865488640461594 0.0225123818099955
10 0.9466282005048684 0.7564160288158487 0.0144248106743599 0.00990544799639802
10 0.4722322394518572 0.07631697433588473 0.007573025604038947 0.01846015308419631
9 0.8838802740714028 0.7656461053579469 0.0714028128380815 0.08509680324178298
9 0.1289217454020916 0.7683475911751463 0.13090515686981608 0.052678973435389465
9 0.31013342949873784 0.770373705538046 0.17814641182834476 0.05132823052678973
10 0.8342949873782907 0.7901846015308419 0.007573025604038947 0.01891040072039622
10 0.6808510638297872 0.7919855920756416 0.0144248106743599 0.00990544799639802
10 0.46808510638297873 0.7971634398919406 0.00721240533717995 0.01846015308419631
1 0.4859358095924991 0.7973885637100405 0.007573025604038947 0.018009905447996397
10 0.47673999278759466 0.7976136875281404 0.00721240533717995 0.01846015308419631
5 0.508294266137757 0.8012156686177397 0.02560403894698882 0.028365601080594327
1 0.6806707536963578 0.8034669067987393 0.014785430941218897 0.00945520036019811
10 0.0575189325640101 0.8036920306168392 0.014064190407500902 0.009004952723998198
10 0.08312297151099891 0.8041422782530392 0.014064190407500902 0.009004952723998198
10 0.10836639019112874 0.8041422782530392 0.014064190407500902 0.009004952723998198
10 0.13505228993869456 0.8045925258892391 0.014064190407500902 0.009004952723998198
10 0.16209880995311937 0.805042773525439 0.014064190407500902 0.009004952723998198
10 0.18463757663180672 0.8057181449797388 0.015146051208077894 0.00945520036019811
8 0.8339343671114317 0.8160738406123368 0.006851785070320952 0.01846015308419631
10 0.8523260007212405 0.8160738406123368 0.006851785070320952 0.01846015308419631
10 0.0571583122971511 0.8162989644304367 0.014064190407500902 0.009004952723998198
10 0.08276235124413991 0.8162989644304367 0.014785430941218897 0.00990544799639802
10 0.8433104940497655 0.8165240882485367 0.006851785070320952 0.01846015308419631
10 0.10872701045798774 0.8167492120666366 0.014785430941218897 0.00990544799639802
10 0.13469166967183555 0.8171994597028366 0.014785430941218897 0.00990544799639802
10 0.16173818968626036 0.8176497073390365 0.014785430941218897 0.00990544799639802
10 0.1844572664983772 0.8176497073390365 0.014785430941218897 0.00990544799639802
1 0.4859358095924991 0.8194506978838361 0.007573025604038947 0.018009905447996397
1 0.3562928236566895 0.8208014407924359 0.00721240533717995 0.018009905447996397
1 0.3445726649837721 0.8214768122467357 0.014785430941218897 0.03376857271499325
1 0.36566895059502347 0.8217019360648357 0.00721240533717995 0.018009905447996397
1 0.3139199423007573 0.8219270598829356 0.014785430941218897 0.03376857271499325
10 0.9285971871619185 0.8235029266096353 0.007933645870897944 0.01891040072039622
5 0.2414352686620988 0.825303917154435 0.027767760548142804 0.03601981089599279
12 0.9507753335737469 0.8289058982440343 0.029210241615578794 0.03601981089599279
1 0.26325279480706815 0.8320576316974336 0.005048683736025965 0.012606933813597478
10 0.05283086909484313 0.8325078793336335 0.007573025604038947 0.01891040072039622
10 0.07843490804183195 0.8325078793336335 0.007573025604038947 0.01891040072039622
10 0.08745041471330689 0.8325078793336335 0.007573025604038947 0.01891040072039622
10 0.06148575549945907 0.8331832507879333 0.006851785070320952 0.01846015308419631
10 0.10367832672196177 0.8334083746060333 0.007573025604038947 0.01891040072039622
10 0.11269383339343671 0.8334083746060333 0.007573025604038947 0.01891040072039622
10 0.13036422646952758 0.8334083746060333 0.007573025604038947 0.01891040072039622
10 0.13937973314100252 0.8334083746060333 0.007573025604038947 0.01891040072039622
10 0.1574107464839524 0.8338586222422333 0.007573025604038947 0.01891040072039622
10 0.18950595023440317 0.8338586222422333 0.007573025604038947 0.01891040072039622
10 0.16606563288856835 0.8343088698784331 0.007573025604038947 0.01891040072039622
10 0.18012982329606925 0.8343088698784331 0.007573025604038947 0.01891040072039622
1 0.0575189325640101 0.8491670418730302 0.014064190407500902 0.009004952723998198
1 0.08294266137756942 0.8493921656911301 0.015146051208077894 0.010355695632597929
1 0.10854670032455824 0.85029266096353 0.015146051208077894 0.010355695632597929
1 0.13523260007212407 0.85029266096353 0.015146051208077894 0.010355695632597929
1 0.16155787955283088 0.8511931562359297 0.015146051208077894 0.010355695632597929
1 0.1842769563649477 0.8511931562359297 0.015146051208077894 0.010355695632597929
10 0.9549224666426254 0.8568212516884286 0.015146051208077894 0.00990544799639802
10 0.70861882437793 0.8631247185952273 0.015146051208077894 0.00990544799639802
10 0.7713667508113956 0.8635749662314273 0.015146051208077894 0.00990544799639802
10 0.8341146772448612 0.8644754615038271 0.015146051208077894 0.00990544799639802
10 0.8965019834114677 0.864925709140027 0.015146051208077894 0.00990544799639802
1 0.6727371078254598 0.8863124718595228 0.007573025604038947 0.01846015308419631
10 0.6905878110349801 0.8872129671319225 0.00721240533717995 0.01936064835659613
10 0.6996033177064551 0.8872129671319225 0.00721240533717995 0.01936064835659613
12 0.7268301478543094 0.8872129671319225 0.024882798413270825 0.02656461053579469
10 0.7529751172015867 0.8876632147681225 0.00721240533717995 0.01936064835659613
10 0.7627118644067796 0.8876632147681225 0.00721240533717995 0.01936064835659613
1 0.7978723404255319 0.8885637100405223 0.007573025604038947 0.01846015308419631
10 0.8157230436350523 0.8885637100405223 0.006491164803461955 0.01846015308419631
10 0.8249188604399568 0.8887888338586223 0.007573025604038947 0.018009905447996397
12 0.8519653804543815 0.8890139576767222 0.024882798413270825 0.02656461053579469
10 0.8786512802019474 0.8890139576767222 0.007573025604038947 0.01846015308419631
10 0.8873061666065633 0.8894642053129221 0.007573025604038947 0.01936064835659613
10 0.3786512802019473 0.8939666816749212 0.00721240533717995 0.01846015308419631
9 0.40461593941579516 0.8944169293111212 0.015867291741795887 0.11121116614137776
10 0.44969347277316984 0.8953174245835209 0.00721240533717995 0.01846015308419631
9 0.47637937252073564 0.8962179198559208 0.015867291741795887 0.11121116614137776
10 0.5210962856112513 0.8962179198559208 0.00721240533717995 0.01846015308419631
10 0.5924990984493329 0.8966681674921206 0.00721240533717995 0.01846015308419631
9 0.6191849981968987 0.8971184151283206 0.015867291741795887 0.11121116614137776
9 0.5481428056256762 0.8984691580369203 0.015867291741795887 0.11121116614137776
10 0.10746483952398125 0.9007203962179199 0.00721240533717995 0.01846015308419631
10 0.11720158672917418 0.9011706438541197 0.00721240533717995 0.01846015308419631
10 0.13937973314100252 0.9011706438541197 0.007573025604038947 0.01846015308419631
10 0.15236206274792644 0.9016208914903197 0.007573025604038947 0.01846015308419631
10 0.21889650198341146 0.9025213867627195 0.00721240533717995 0.01846015308419631
10 0.23187883159033537 0.9029716343989194 0.00721240533717995 0.01846015308419631
10 0.2985935809592499 0.9038721296713192 0.00721240533717995 0.01846015308419631
10 0.3119365308330328 0.9043223773075192 0.00721240533717995 0.01846015308419631
10 0.6902271907681212 0.920081044574516 0.00721240533717995 0.01846015308419631
12 0.7261089073205914 0.920081044574516 0.024882798413270825 0.02656461053579469
10 0.6994230075730256 0.9203061683926159 0.006851785070320952 0.01891040072039622
10 0.7529751172015867 0.9209815398469158 0.00721240533717995 0.01936064835659613
10 0.7619906238730617 0.9209815398469158 0.00721240533717995 0.01936064835659613
10 0.8157230436350523 0.9216569113012156 0.007933645870897944 0.01891040072039622
10 0.8249188604399568 0.9218820351193157 0.007573025604038947 0.01846015308419631
12 0.8519653804543815 0.9218820351193157 0.024882798413270825 0.02656461053579469
10 0.8745041471330689 0.9225574065736155 0.00721240533717995 0.01891040072039622
10 0.8835196538045438 0.9230076542098155 0.00721240533717995 0.01891040072039622
10 0.6983411467724486 0.9536244934714093 0.006851785070320952 0.01891040072039622
10 0.6891453299675442 0.9538496172895092 0.00721240533717995 0.01846015308419631
12 0.7264695275874504 0.9538496172895092 0.024882798413270825 0.02656461053579469
10 0.7526144969347277 0.954750112561909 0.00721240533717995 0.01936064835659613
10 0.7616300036062027 0.954750112561909 0.00721240533717995 0.01936064835659613
10 0.8151821132347637 0.9552003601981089 0.007573025604038947 0.01936064835659613
12 0.8512441399206635 0.9552003601981089 0.024882798413270825 0.02656461053579469
10 0.8245582401730978 0.9561008554705088 0.007573025604038947 0.01936064835659613
10 0.8743238369996393 0.9563259792886087 0.006851785070320952 0.01981089599279604
10 0.8840605842048324 0.9563259792886087 0.006851785070320952 0.01981089599279604
10 0.11630003606202668 0.09657811796488068 0.006851785070320952 0.01936064835659613
10 0.1256761630003606 0.09657811796488068 0.006851785070320952 0.01846015308419631
10 0.18012982329606925 0.10243133723547951 0.007573025604038947 0.01846015308419631
10 0.1687702848900108 0.10265646105357946 0.006491164803461955 0.018009905447996397
10 0.19203029210241615 0.10265646105357946 0.007573025604038947 0.018009905447996397
10 0.20248827984132708 0.10265646105357946 0.006851785070320952 0.018009905447996397
10 0.214028128380815 0.10310670868977938 0.006851785070320952 0.01891040072039622
10 0.22556797692030292 0.10310670868977938 0.006851785070320952 0.01891040072039622
10 0.23710782545979084 0.10310670868977938 0.006851785070320952 0.01891040072039622
10 0.24756581319870177 0.10310670868977938 0.006851785070320952 0.01891040072039622
10 0.3988460151460512 0.10468257541647906 0.00721240533717995 0.01846015308419631
10 0.3880274071402813 0.10513282305267897 0.00721240533717995 0.01846015308419631
10 0.433465560764515 0.10513282305267897 0.00721240533717995 0.01846015308419631
10 0.44428416877028487 0.10535794687077893 0.006491164803461955 0.018009905447996397
10 0.7742517129462676 0.1060333183250788 0.00721240533717995 0.01846015308419631
10 0.7857915614857555 0.1064835659612787 0.00721240533717995 0.01846015308419631
10 0.7973314100252434 0.10693381359747861 0.00721240533717995 0.01846015308419631
10 0.8081500180310134 0.10693381359747861 0.00721240533717995 0.01846015308419631
10 0.8207717273710783 0.10693381359747861 0.00721240533717995 0.01846015308419631
10 0.8315903353768482 0.10693381359747861 0.00721240533717995 0.01846015308419631
10 0.8431301839163361 0.10693381359747861 0.00721240533717995 0.01846015308419631
10 0.853948791922106 0.10693381359747861 0.00721240533717995 0.01846015308419631
10 0.5926794085827624 0.10760918505177848 0.006851785070320952 0.018009905447996397
10 0.6024161557879553 0.10760918505177848 0.006851785070320952 0.018009905447996397
10 0.6375766318067075 0.10873480414227825 0.00721240533717995 0.01846015308419631
10 0.6469527587450414 0.10873480414227825 0.00721240533717995 0.01846015308419631
2 0.49639379733141004 0.10941017559657812 0.019112874143526866 0.16479063484916703
10 0.4718716191849982 0.10963529941467808 0.007573025604038947 0.01846015308419631
10 0.9013703570140642 0.129896443043674 0.014785430941218897 0.008554705087798289
10 0.8844212044716913 0.13529941467807294 0.006851785070320952 0.017559657811796487
10 0.9010097367472052 0.14115263394867178 0.014064190407500902 0.00945520036019811
10 0.4718716191849982 0.14340387212967132 0.007573025604038947 0.01846015308419631
9 0.19112874143526867 0.14475461503827106 0.1298232960692391 0.04907699234579019
9 0.3941579516768842 0.14565511031067088 0.1298232960692391 0.04997748761819001
9 0.5979084024522178 0.14610535794687077 0.1305445366029571 0.04997748761819001
9 0.8009376126938333 0.14835659612787033 0.1305445366029571 0.04997748761819001
10 0.09502344031734583 0.15758667266996848 0.006851785070320952 0.01891040072039622
10 0.10403894698882077 0.15758667266996848 0.006851785070320952 0.01891040072039622
10 0.11269383339343671 0.15758667266996848 0.006851785070320952 0.01891040072039622
9 0.06419040750090155 0.15781179648806845 0.03822574828705373 0.020261143628995948
10 0.9275153263613415 0.16929311121116614 0.015146051208077894 0.009004952723998198
10 0.3887486476739993 0.18032417829806394 0.00721240533717995 0.01846015308419631
10 0.3981247746123332 0.18032417829806394 0.00721240533717995 0.01846015308419631
10 0.9278759466282005 0.18054930211616388 0.015146051208077894 0.009004952723998198
12 0.9552830869094843 0.18122467357046376 0.029570861882437793 0.03466906798739307
10 0.4432023079697079 0.18167492120666368 0.00721240533717995 0.01846015308419631
10 0.43310494049765597 0.1821251688428636 0.00721240533717995 0.01846015308419631
10 0.5919581680490443 0.18280054029716344 0.006851785070320952 0.018009905447996397
10 0.6018752253876668 0.18280054029716344 0.00721240533717995 0.018009905447996397
10 0.6368553912729895 0.18370103556956327 0.00721240533717995 0.018009905447996397
10 0.6465921384781824 0.18370103556956327 0.00721240533717995 0.018009905447996397
10 0.8296069239091237 0.18527690229626295 0.014785430941218897 0.00945520036019811
1 0.8831590335376848 0.18527690229626295 0.01009736747205193 0.00675371454299865
1 0.92805625676163 0.19180549302116165 0.02127659574468085 0.00990544799639802
5 0.856473133790119 0.1965330932012607 0.03317706455102777 0.03466906798739307
8 0.8831590335376848 0.19675821701936064 0.015146051208077894 0.009004952723998198
10 0.8288856833754057 0.20733903647005852 0.014785430941218897 0.00945520036019811
8 0.8826181031373963 0.20823953174245835 0.015506671474936892 0.008554705087798289
10 0.08708979444644789 0.21274200810445745 0.007573025604038947 0.01846015308419631
10 0.06401009736747205 0.2129671319225574 0.006851785070320952 0.01891040072039622
10 0.09826902271907681 0.2129671319225574 0.007573025604038947 0.018009905447996397
10 0.10908763072484674 0.2129671319225574 0.007573025604038947 0.018009905447996397
10 0.12044716913090515 0.21319225574065737 0.00721240533717995 0.01846015308419631
10 0.13090515686981608 0.21319225574065737 0.00721240533717995 0.01846015308419631
10 0.142445005409304 0.21319225574065737 0.00721240533717995 0.01846015308419631
10 0.16444284168770285 0.21319225574065737 0.00721240533717995 0.01846015308419631
10 0.07536963577353047 0.2134173795587573 0.006491164803461955 0.01891040072039622
10 0.26595744680851063 0.2134173795587573 0.007573025604038947 0.01891040072039622
10 0.1539848539487919 0.21364250337685728 0.00721240533717995 0.01846015308419631
10 0.17598269022719076 0.21364250337685728 0.00721240533717995 0.01846015308419631
10 0.18752253876667868 0.21364250337685728 0.00721240533717995 0.01846015308419631
10 0.20988099531193652 0.21364250337685728 0.00721240533717995 0.01846015308419631
10 0.22106022358456545 0.21364250337685728 0.00721240533717995 0.01846015308419631
10 0.1990623873061666 0.2140927510130572 0.00721240533717995 0.01846015308419631
10 0.23260007212405337 0.2140927510130572 0.00721240533717995 0.01846015308419631
10 0.2558600793364587 0.21431787483115713 0.007573025604038947 0.018009905447996397
10 0.2782185358817166 0.21431787483115713 0.007573025604038947 0.01891040072039622
10 0.28867652362062746 0.21431787483115713 0.007573025604038947 0.01891040072039622
10 0.3005769924269744 0.21431787483115713 0.007573025604038947 0.01891040072039622
10 0.3110349801658853 0.21431787483115713 0.007573025604038947 0.01891040072039622
10 0.36801298232960694 0.21476812246735705 0.006851785070320952 0.018009905447996397
10 0.3232960692390912 0.21476812246735705 0.007573025604038947 0.01891040072039622
10 0.33447529751172017 0.21476812246735705 0.007573025604038947 0.01891040072039622
10 0.3460151460512081 0.21476812246735705 0.006851785070320952 0.01891040072039622
10 0.356833754056978 0.21476812246735705 0.006851785070320952 0.01891040072039622
10 0.37973314100252437 0.214993246285457 0.00721240533717995 0.01846015308419631
10 0.3912729895420123 0.214993246285457 0.00721240533717995 0.01846015308419631
10 0.4132708258204111 0.2154434939216569 0.00721240533717995 0.01846015308419631
10 0.425171294626758 0.2154434939216569 0.00721240533717995 0.01846015308419631
1 0.8901911287414352 0.22714993246285456 0.005409304002884962 0.012156686177397569
1 0.8577353047241255 0.2375056280954525 0.005409304002884962 0.012156686177397569
9 0.15416516408222142 0.26046825754164793 0.17562206996033178 0.052678973435389465
1 0.8261810313739633 0.2611436289959478 0.01009736747205193 0.006303466906798739
9 0.3698160836639019 0.2613687528140477 0.22178146411828345 0.050877982890589826
2 0.9778218535881716 0.265195857721747 0.03137396321673278 0.09635299414678072
10 0.44698882077172736 0.2766771724448447 0.007573025604038947 0.01846015308419631
10 0.4700685178507032 0.2771274200810446 0.007573025604038947 0.01846015308419631
1 0.8261810313739633 0.28905898244034217 0.01009736747205193 0.006303466906798739
1 0.8849621348719798 0.289959477712742 0.01009736747205193 0.006303466906798739
10 0.8851424450054093 0.30886987843313823 0.006851785070320952 0.01981089599279604
1 0.8227551388388027 0.3117964880684376 0.006130544536602957 0.012156686177397569
1 0.8717994951316264 0.31224673570463757 0.006130544536602957 0.012156686177397569
1 0.3815362423368193 0.3316073840612337 0.0144248106743599 0.00945520036019811
1 0.36404615939415796 0.33746060333183253 0.008294266137756943 0.027465105808194508
1 0.39902632527948073 0.3379108509680324 0.008294266137756943 0.027465105808194508
10 0.8375405697800217 0.3419630796938316 0.014785430941218897 0.00945520036019811
10 0.9540209159754778 0.34286357496623143 0.014785430941218897 0.010355695632597929
1 0.3815362423368193 0.3433138226024313 0.0144248106743599 0.00945520036019811
10 0.8371799495131627 0.35321927059882935 0.014785430941218897 0.00945520036019811
10 0.8909123692751533 0.3534443944169293 0.014785430941218897 0.009004952723998198
1 0.3813559322033898 0.35457001350742906 0.014064190407500902 0.00945520036019811
10 0.8375405697800217 0.3640252138676272 0.014785430941218897 0.00945520036019811
5 0.864767399927876 0.3642503376857272 0.031013342949873783 0.045024763619991
10 0.8909123692751533 0.36470058532192706 0.014785430941218897 0.009004952723998198
1 0.3815362423368193 0.3660513282305268 0.013703570140641904 0.00990544799639802
9 0.06292823656689506 0.36875281404772625 0.04002884962134872 0.0225123818099955
10 0.4733141002524342 0.37393066186402524 0.014064190407500902 0.016659162539396668
10 0.8371799495131627 0.37528140477262495 0.014785430941218897 0.00945520036019811
10 0.8909123692751533 0.3759567762269248 0.014785430941218897 0.009004952723998198
10 0.9536602957086189 0.3761819000450248 0.014785430941218897 0.010355695632597929
1 0.3811756220699603 0.3770823953174246 0.009376126938333935 0.00675371454299865
8 0.6938333934367111 0.3786582620441243 0.08077893977641544 0.06393516434038721
10 0.8366390191128742 0.3865375956776227 0.0144248106743599 0.008554705087798289
10 0.8905517490082943 0.38721296713192255 0.014785430941218897 0.009004952723998198
1 0.3813559322033898 0.38833858622242234 0.009736747205192933 0.008554705087798289
1 0.2715470609448251 0.38968932913102206 0.04399567255679769 0.053579468707789284
1 0.07645149657410746 0.3914903196758217 0.01009736747205193 0.00765420981539847
1 0.48918139199423005 0.3941918054930212 0.027767760548142804 0.03286807744259343
1 0.47854309412188967 0.40769923457901847 0.02019473494410386 0.024763619990995047
1 0.2857915614857555 0.40814948221521835 0.02271907681211684 0.02656461053579469
10 0.2526144969347277 0.41062584421431786 0.013342949873782907 0.01620891490319676
10 0.503245582401731 0.41220171094101754 0.014064190407500902 0.016659162539396668
1 0.4693472773169852 0.41873030166591624 0.020555355210962856 0.0270148581719946
10 0.24684457266498377 0.41873030166591624 0.013342949873782907 0.01620891490319676
8 0.6817526144969347 0.4191805493021162 0.014785430941218897 0.009004952723998198
1 0.2949873782906599 0.4191805493021162 0.0144248106743599 0.018009905447996397
8 0.6994230075730256 0.41963079693831606 0.014785430941218897 0.009004952723998198
10 0.7921024161557879 0.41985592075641603 0.014785430941218897 0.00945520036019811
8 0.5104579877389109 0.4203061683926159 0.014064190407500902 0.016659162539396668
1 0.13288856833754056 0.4243583971184151 0.0046880634691669676 0.01125619090499775
1 0.14154345474215652 0.4243583971184151 0.0046880634691669676 0.01125619090499775
1 0.12008654886404616 0.42480864475461505 0.007933645870897944 0.027465105808194508
1 0.15128020194734945 0.42480864475461505 0.0046880634691669676 0.01125619090499775
1 0.15921384781824738 0.42480864475461505 0.0046880634691669676 0.01125619090499775
1 0.16822935448972232 0.42480864475461505 0.0046880634691669676 0.01125619090499775
1 0.19509556437071762 0.425033768572715 0.005048683736025965 0.01170643854119766
1 0.18608005769924268 0.42525889239081494 0.00432744320230797 0.012156686177397569
1 0.17724486116119725 0.4254840162089149 0.0046880634691669676 0.01170643854119766
10 0.47241254958528667 0.042998649257091404 0.006491164803461955 0.01936064835659613
1 0.46141363144608727 0.42863574966231427 0.012621709340064912 0.01620891490319676
1 0.3025604038946989 0.4295362449347141 0.0144248106743599 0.018009905447996397
9 0.7616300036062027 0.4304367402071139 0.01730977280923188 0.049527239981990094
10 0.7001442481067436 0.4308869878433138 0.014785430941218897 0.00990544799639802
1 0.4536602957086188 0.4371904547501126 0.013703570140641904 0.018009905447996397
10 0.14659213847818248 0.44529491220171097 0.013342949873782907 0.009004952723998198
1 0.4464478903714389 0.44619540747411074 0.013703570140641904 0.018009905447996397
10 0.07879552830869095 0.44619540747411074 0.014064190407500902 0.009004952723998198
10 0.0575189325640101 0.4464205312922107 0.014064190407500902 0.010355695632597929