2 0.43278550358196377 0.06925207756232687 0.3211125158027813 0.1371191135734072
6 0.1550779603876949 0.6949445983379502 0.024441635061104087 0.025623268698060944
2 0.7311420143278551 0.07029085872576177 0.268857985672145 0.14058171745152354
10 0.655077960387695 0.7087950138504155 0.014749262536873156 0.022853185595567867
2 0.49009692372524233 0.7157202216066482 0.034555415086388534 0.10318559556786704
2 0.5284450063211125 0.7164127423822715 0.034555415086388534 0.1018005540166205
6 0.20480404551201012 0.7181440443213296 0.021913190054782976 0.027700831024930747
8 0.6356932153392331 0.721606648199446 0.023177412557943533 0.038781163434903045
1 0.67425200168563 0.7229916897506925 0.0134850400337126 0.024930747922437674
8 0.6167298777918246 0.7274930747922438 0.01643489254108723 0.028393351800554016
3 0.31289506953223767 0.7344182825484764 0.02654867256637168 0.06717451523545706
3 0.3434471133586178 0.7344182825484764 0.026127265065318164 0.06578947368421052
3 0.37568478718921194 0.7347645429362881 0.025705857564264644 0.0664819944598338
3 0.2800252844500632 0.7351108033240997 0.028234302570585755 0.0685595567867036
1 0.6942688579856722 0.7486149584487535 0.012220817530552043 0.023545706371191136
1 0.21323219553308048 0.7486149584487535 0.01685630004214075 0.013850415512465374
1 0.8504003371260008 0.75 0.01685630004214075 0.02631578947368421
8 0.6335861778339654 0.753808864265928 0.014749262536873156 0.025623268698060944
10 0.9536451748841129 0.7541551246537396 0.018541930046354824 0.012465373961218837
8 0.7056468605141172 0.7693905817174516 0.014749262536873156 0.023545706371191136
0 0.16477033291192583 0.07790858725761773 0.05815423514538559 0.06717451523545706
10 0.9028655710071639 0.7773545706371191 0.018963337547408345 0.01592797783933518
8 0.7126000842815002 0.7832409972299169 0.014327855035819638 0.023545706371191136
5 0.4315212810788032 0.7846260387811634 0.08175305520438264 0.16204986149584488
2 0.11293721028234302 0.788781163434903 0.07753898019384745 0.20914127423822715
3 0.5002107037505268 0.7953601108033241 0.03961230509903076 0.04362880886426593
8 0.7206068268015171 0.7960526315789473 0.014327855035819638 0.024238227146814405
2 0.6529709228824273 0.7988227146814404 0.06700379266750948 0.10734072022160665
0 0.9372102823430257 0.08067867036011081 0.0539401601348504 0.061634349030470915
10 0.9034976822587442 0.8060941828254847 0.01938474504846186 0.015235457063711912
7 0.9726085124315212 0.8074792243767313 0.036241045090602615 0.06925207756232687
1 0.7321955330804888 0.817174515235457 0.013063632532659082 0.02631578947368421
8 0.22692793931731986 0.8227146814404432 0.03076274757690687 0.027700831024930747
10 0.9030762747576907 0.8327562326869806 0.022756005056890013 0.018698060941828253
8 0.19279393173198484 0.8337950138504155 0.022334597555836493 0.013850415512465374
10 0.7964601769911505 0.8348337950138505 0.0134850400337126 0.022853185595567867
1 0.4907290349768226 0.8445290858725761 0.025705857564264644 0.024238227146814405
1 0.5263379688158449 0.8448753462603878 0.0269700800674252 0.0221606648199446
8 0.22629582806573956 0.853185595567867 0.03286978508217446 0.027700831024930747
8 0.9199325747998315 0.8587257617728532 0.022756005056890013 0.018005540166204988
10 0.9207753898019385 0.877770083102493 0.018541930046354824 0.01731301939058172
8 0.22629582806573956 0.8822714681440443 0.028655710071639275 0.027700831024930747
8 0.14285714285714285 0.8885041551246537 0.02781289506953224 0.029085872576177285
8 0.1841550779603877 0.889196675900277 0.048883270122208174 0.04709141274238227
2 0.3392330383480826 0.8936980609418282 0.08512431521281079 0.1987534626038781
0 0.937842393594606 0.9321329639889196 0.05014749262536873 0.0664819944598338
2 0.7623261694058154 0.935595567867036 0.21913190054782974 0.1260387811634349
2 0.5149599662873999 0.9376731301939059 0.2629582806573957 0.12326869806094183
2 0.17593763168984408 0.945983379501385 0.09734513274336283 0.054016620498614956
8 0.9056047197640118 0.12950138504155126 0.02107037505267594 0.015235457063711912
10 0.25136957437842394 0.14750692520775624 0.018963337547408345 0.013850415512465374
8 0.4393173198482933 0.15096952908587258 0.02064896755162242 0.018005540166204988
1 0.9165613147914032 0.1523545706371191 0.01938474504846186 0.013850415512465374
1 0.22545301306363252 0.157202216066482 0.010956595027391488 0.03185595567867036
8 0.2796038769490097 0.1634349030470914 0.00969237252423093 0.03185595567867036
10 0.3853771597134429 0.16378116343490304 0.01053518752633797 0.035318559556786706
10 0.3727349346818373 0.16412742382271467 0.01053518752633797 0.036011080332409975
8 0.2914032869785082 0.16481994459833796 0.012220817530552043 0.036011080332409975
1 0.8820058997050148 0.16759002770083103 0.022756005056890013 0.01662049861495845
1 0.7130214917825537 0.16966759002770082 0.01685630004214075 0.013850415512465374
7 0.25495153813737886 0.171398891966759 0.029498525073746312 0.027008310249307478
5 0.6177833965444585 0.1762465373961219 0.020227560050568902 0.036703601108033244
10 0.798567214496418 0.18074792243767313 0.007585335018963337 0.0332409972299169
5 0.5678466076696165 0.1914819944598338 0.018963337547408345 0.036703601108033244
10 0.6989043404972608 0.19182825484764543 0.028234302570585755 0.019390581717451522
2 0.4422671723556679 0.19217451523545706 0.032448377581120944 0.05886426592797784
1 0.7505267593763169 0.1935595567867036 0.007585335018963337 0.028393351800554016
1 0.7701222081753055 0.19598337950138503 0.027391487568478718 0.02631578947368421
8 0.3822166034555415 0.20083102493074792 0.010113780025284451 0.030470914127423823
7 0.2553729456384324 0.20429362880886426 0.02781289506953224 0.02631578947368421
10 0.5935524652338812 0.2084487534626039 0.018120522545301308 0.012465373961218837
1 0.6177833965444585 0.20879501385041552 0.014327855035819638 0.014542936288088643
2 0.11567635903919089 0.2195290858725762 0.07964601769911504 0.15512465373961218
5 0.3276443320691108 0.22091412742382271 0.07880320269700801 0.13434903047091412
10 0.5922882427307206 0.22714681440443213 0.018120522545301308 0.012465373961218837
1 0.5463548251158871 0.22749307479224376 0.01980615254951538 0.011772853185595568
10 0.5691108301727771 0.2278393351800554 0.018120522545301308 0.012465373961218837
10 0.667298777918247 0.23545706371191136 0.012220817530552043 0.0443213296398892
8 0.38179519595448796 0.23822714681440443 0.010113780025284451 0.0332409972299169
1 0.27159713442899286 0.23926592797783933 0.014749262536873156 0.024238227146814405
10 0.6306363253265909 0.23961218836565096 0.00969237252423093 0.036011080332409975
10 0.2374631268436578 0.24030470914127425 0.029919932574799833 0.0221606648199446
5 0.6150442477876106 0.2409972299168975 0.02064896755162242 0.038781163434903045
10 0.5775389801938474 0.25554016620498615 0.018120522545301308 0.012465373961218837
8 0.5539401601348504 0.2565789473684211 0.02064896755162242 0.014542936288088643
2 0.45764854614412137 0.26385041551246535 0.0632111251580278 0.05678670360110803
10 0.28466076696165193 0.2659279778393352 0.014749262536873156 0.024930747922437674
10 0.38727349346818374 0.27458448753462605 0.020227560050568902 0.014542936288088643
10 0.292456805731142 0.2790858725761773 0.015170670037926675 0.024930747922437674
10 0.6316898440792246 0.2804709141274238 0.008428150021070375 0.03462603878116344
5 0.7288242730720607 0.28081717451523547 0.039190897597977246 0.06717451523545706
2 0.8643067846607669 0.28081717451523547 0.06658238516645597 0.20152354570637118
2 0.21913190054782974 0.28150969529085873 0.06236831015592077 0.05609418282548476
10 0.544669195111673 0.28185595567867033 0.008006742520016857 0.029085872576177285
10 0.6198904340497261 0.28185595567867033 0.008428150021070375 0.03185595567867036
10 0.5326590813316477 0.28289473684210525 0.0067425200168563 0.029778393351800554
10 0.5865992414664981 0.2832409972299169 0.010113780025284451 0.03185595567867036
10 0.5975558364938895 0.2839335180055402 0.009270965023177412 0.029085872576177285
1 0.26000842815002106 0.28462603878116344 0.014327855035819638 0.045706371191135735
5 0.5651074589127687 0.28566481994459836 0.021913190054782976 0.029778393351800554
10 0.41571849978929626 0.2873961218836565 0.00969237252423093 0.029085872576177285
1 0.3048883270122208 0.296398891966759 0.015592077538980193 0.027700831024930747
10 0.4224610198061525 0.3123268698060942 0.01980615254951538 0.0110803324099723
1 0.6767804466919511 0.3137119113573407 0.007585335018963337 0.030470914127423823
6 0.15950273914875684 0.3140581717451524 0.02654867256637168 0.027008310249307478
8 0.6489675516224189 0.31475069252077564 0.007585335018963337 0.031163434903047092
1 0.3112094395280236 0.31475069252077564 0.023177412557943533 0.038088642659279776
10 0.6599241466498104 0.31509695290858725 0.008428150021070375 0.029085872576177285
1 0.7766540244416351 0.3157894736842105 0.008428150021070375 0.036011080332409975
10 0.6131479140328698 0.32132963988919666 0.018541930046354824 0.012465373961218837
2 0.9131900547829751 0.3275623268698061 0.0269700800674252 0.1814404432132964
8 0.4919932574799831 0.33137119113573404 0.02064896755162242 0.01592797783933518
5 0.521913190054783 0.3382963988919668 0.025705857564264644 0.04085872576177285
10 0.427307206068268 0.3407202216066482 0.009270965023177412 0.029085872576177285
10 0.34555415086388536 0.34695290858725764 0.018541930046354824 0.013850415512465374
5 0.45764854614412137 0.3490304709141274 0.04382638010956595 0.062326869806094184
5 0.6013485040033713 0.35318559556786705 0.021913190054782976 0.03462603878116344
10 0.6260008428150021 0.35941828254847646 0.021491782553729456 0.015235457063711912
1 0.49241466498103664 0.3656509695290859 0.02064896755162242 0.015235457063711912
2 0.6715128529287822 0.3729224376731302 0.06110408765276022 0.054709141274238225
2 0.5606826801517067 0.37430747922437674 0.04509060261272651 0.12673130193905818
2 0.38727349346818374 0.37534626038781166 0.044669195111672985 0.12880886426592797
1 0.5143278550358197 0.3801939058171745 0.008006742520016857 0.02631578947368421
10 0.6266329540665824 0.38054016620498615 0.02107037505267594 0.018698060941828253
8 0.3413400758533502 0.3812326869806094 0.02107037505267594 0.01592797783933518
10 0.528023598820059 0.38261772853185594 0.010113780025284451 0.028393351800554016
8 0.7511588706278972 0.3871191135734072 0.02064896755162242 0.015235457063711912
1 0.4144542772861357 0.39508310249307477 0.00969237252423093 0.03393351800554017
8 0.4787189211967973 0.3981994459833795 0.028655710071639275 0.029085872576177285
8 0.34091866835229667 0.3992382271468144 0.01938474504846186 0.01731301939058172
10 0.43278550358196377 0.39958448753462605 0.01685630004214075 0.019390581717451522
10 0.7505267593763169 0.40304709141274236 0.01938474504846186 0.015235457063711912
10 0.6873156342182891 0.4144736842105263 0.017699115044247787 0.013157894736842105
1 0.8961230509903076 0.42278393351800553 0.008006742520016857 0.029778393351800554
8 0.43194268857985674 0.4234764542936288 0.0269700800674252 0.027008310249307478
1 0.4723978086809945 0.4245152354570637 0.01685630004214075 0.012465373961218837
1 0.5193847450484619 0.42590027700831024 0.008849557522123894 0.029085872576177285
8 0.5025284450063211 0.4307479224376731 0.014749262536873156 0.05817174515235457
2 0.6308470290771175 0.4373268698060942 0.0606826801517067 0.05332409972299169
8 0.32279814580699534 0.4404432132963989 0.026127265065318164 0.0221606648199446
1 0.471976401179941 0.4439058171745152 0.01685630004214075 0.012465373961218837
10 0.5594184576485461 0.4473684210526316 0.02064896755162242 0.015235457063711912
1 0.724188790560472 0.45117728531855955 0.013063632532659082 0.02146814404432133
10 0.6989043404972608 0.4549861495844875 0.021491782553729456 0.04016620498614958
1 0.49009692372524233 0.4650277008310249 0.009270965023177412 0.029778393351800554
10 0.5602612726506532 0.46710526315789475 0.01980615254951538 0.01592797783933518
1 0.849346818373367 0.47229916897506924 0.01390644753476612 0.024930747922437674
10 0.3225874420564686 0.4726454293628809 0.028234302570585755 0.02146814404432133
10 0.6881584492203962 0.47506925207756234 0.022756005056890013 0.037396121883656507
1 0.511378002528445 0.47541551246537395 0.029077117572692796 0.022853185595567867
1 0.3969658659924147 0.4792243767313019 0.007585335018963337 0.030470914127423823
8 0.9799831436999579 0.4871883656509695 0.01643489254108723 0.05193905817174515
1 0.9641803624104509 0.4937673130193906 0.011799410029498525 0.0332409972299169
1 0.6548672566371682 0.49549861495844877 0.007585335018963337 0.029778393351800554
8 0.8710493046776233 0.49653739612188363 0.008428150021070375 0.0332409972299169
2 0.6047197640117994 0.4982686980609418 0.06152549515381374 0.05332409972299169
8 0.32385166455962916 0.4986149584487535 0.01980615254951538 0.01662049861495845
3 0.5457227138643068 0.5024238227146814 0.03034134007585335 0.04916897506925208
8 0.8805309734513275 0.5045013850415513 0.008006742520016857 0.03393351800554017
8 0.678676780446692 0.5058864265927978 0.02654867256637168 0.04224376731301939
10 0.5191740412979351 0.5086565096952909 0.010956595027391488 0.029778393351800554
2 0.1472819216182048 0.5093490304709142 0.2937210282343026 0.33587257617728533
5 0.4538558786346397 0.5114265927977839 0.05141171512852929 0.08518005540166206
1 0.5027391487568479 0.5145429362880887 0.014327855035819638 0.0443213296398892
1 0.3967551622418879 0.5225069252077562 0.008849557522123894 0.028393351800554016
8 0.3242730720606827 0.5249307479224377 0.018963337547408345 0.01662049861495845
1 0.6603455541508639 0.5412049861495845 0.008428150021070375 0.028393351800554016
8 0.3219553308048883 0.5519390581717452 0.028655710071639275 0.02631578947368421
8 0.6302149178255373 0.5560941828254847 0.017277707543194267 0.04986149584487535
10 0.6481247366203119 0.5599030470914127 0.009270965023177412 0.029778393351800554
8 0.6133586177833965 0.5612880886426593 0.00969237252423093 0.039473684210526314
2 0.5651074589127687 0.564404432132964 0.0632111251580278 0.05817174515235457
8 0.4222503160556258 0.5699445983379502 0.008428150021070375 0.03185595567867036
8 0.40476190476190477 0.5699445983379502 0.00969237252423093 0.03462603878116344
10 0.465865992414665 0.5754847645429363 0.017277707543194267 0.013850415512465374
1 0.43805309734513276 0.5758310249307479 0.014749262536873156 0.013157894736842105
10 0.37884534344711335 0.5817174515235457 0.025284450063211124 0.02077562326869806
8 0.3223767383059418 0.5841412742382271 0.03034134007585335 0.024238227146814405
10 0.5128529287821323 0.6118421052631579 0.026127265065318164 0.07271468144044321
8 0.612094395280236 0.6194598337950139 0.021491782553729456 0.054709141274238225
5 0.7675937631689844 0.6194598337950139 0.22882427307206069 0.3801939058171745
10 0.47281921618204803 0.6270775623268698 0.008428150021070375 0.028393351800554016
2 0.5646860514117151 0.6301939058171745 0.0632111251580278 0.055401662049861494
2 0.9549093973872735 0.631578947368421 0.08680994521702487 0.2146814404432133
10 0.38158449220396123 0.6367728531855956 0.008849557522123894 0.03254847645429363
2 0.44521702486304254 0.6464681440443213 0.033291192583227984 0.10457063711911357
3 0.34365781710914456 0.646814404432133 0.024863042562157607 0.06925207756232687
3 0.31310577328276445 0.6475069252077562 0.0269700800674252 0.06786703601108034
2 0.4077117572692794 0.6478531855955678 0.032448377581120944 0.1018005540166205
1 0.36788874841972186 0.6623961218836565 0.014327855035819638 0.039473684210526314
1 0.8952802359882006 0.679016620498615 0.014749262536873156 0.025623268698060944
10 0.6436999578592499 0.6880193905817175 0.013063632532659082 0.024238227146814405
10 0.20501474926253688 0.6890581717451524 0.021491782553729456 0.013850415512465374