1 0.2765261627906977 0.6745213549337261 0.03125 0.017673048600883652
1 0.026526162790697673 0.6233431516936672 0.025436046511627907 0.03608247422680412
5 0.006540697674418605 0.6439617083946981 0.01308139534883721 0.0508100147275405
1 0.038517441860465115 0.6671575846833578 0.023255813953488372 0.035346097201767304
1 0.06068313953488372 0.6730486008836525 0.025436046511627907 0.035346097201767304
1 0.015261627906976744 0.6638438880706922 0.02616279069767442 0.03608247422680412
10 0.36700581395348836 0.015463917525773196 0.029069767441860465 0.020618556701030927
1 0.7852470930232558 0.8368924889543446 0.03125 0.015463917525773196
10 0.6587936046511628 0.8251104565537555 0.02688953488372093 0.019882179675994108
10 0.6827761627906976 0.8302650957290133 0.02688953488372093 0.019882179675994108
10 0.609375 0.8144329896907216 0.02688953488372093 0.01914580265095729
10 0.6340843023255814 0.8203240058910162 0.02688953488372093 0.01914580265095729
10 0.5850290697674418 0.8096465390279823 0.027616279069767442 0.019882179675994108
10 0.48619186046511625 0.7882916053019146 0.027616279069767442 0.019882179675994108
10 0.5109011627906976 0.7941826215022091 0.027616279069767442 0.019882179675994108
10 0.5359738372093024 0.7993372606774669 0.02688953488372093 0.019882179675994108
10 0.5606831395348837 0.8044918998527246 0.02688953488372093 0.019882179675994108
10 0.815406976744186 0.8597201767304861 0.02616279069767442 0.018409425625920472
10 0.3873546511627907 0.7673048600883653 0.027616279069767442 0.01914580265095729
10 0.4367732558139535 0.7783505154639175 0.027616279069767442 0.01914580265095729
10 0.46148255813953487 0.7835051546391752 0.027616279069767442 0.01914580265095729
10 0.4120639534883721 0.7735640648011782 0.027616279069767442 0.019882179675994108
10 0.26344476744186046 0.7415316642120766 0.02688953488372093 0.01914580265095729
10 0.28851744186046513 0.7474226804123711 0.027616279069767442 0.020618556701030927
10 0.31286337209302323 0.7525773195876289 0.028343023255813952 0.020618556701030927
10 0.3372093023255814 0.7577319587628866 0.027616279069767442 0.01914580265095729
10 0.36191860465116277 0.7628865979381443 0.027616279069767442 0.01914580265095729
10 0.1398982558139535 0.7157584683357879 0.02688953488372093 0.01914580265095729
10 0.16424418604651161 0.7209131075110456 0.027616279069767442 0.01914580265095729
10 0.18931686046511628 0.7260677466863034 0.02688953488372093 0.01914580265095729
10 0.21402616279069767 0.7319587628865979 0.02688953488372093 0.01914580265095729
10 0.23873546511627908 0.7371134020618557 0.02688953488372093 0.01914580265095729
10 0.11555232558139535 0.7109720176730486 0.027616279069767442 0.018409425625920472
1 0.7303779069767442 0.8497790868924889 0.0188953488372093 0.030927835051546393
1 0.7452761627906976 0.8527245949926362 0.016715116279069766 0.026509572901325478
1 0.6311773255813954 0.8343151693667158 0.02688953488372093 0.01914580265095729
1 0.65625 0.8394698085419735 0.027616279069767442 0.01914580265095729
1 0.606468023255814 0.8295287187039765 0.02688953488372093 0.019882179675994108
1 0.6802325581395349 0.8449926362297496 0.027616279069767442 0.018409425625920472
1 0.5821220930232558 0.8247422680412371 0.027616279069767442 0.01914580265095729
1 0.4582122093023256 0.7986008836524301 0.02688953488372093 0.019882179675994108
1 0.48328488372093026 0.8037555228276878 0.027616279069767442 0.019882179675994108
1 0.5079941860465116 0.8089101620029455 0.027616279069767442 0.019882179675994108
1 0.5323401162790697 0.8140648011782032 0.02688953488372093 0.019882179675994108
1 0.38444767441860467 0.7827687776141384 0.027616279069767442 0.020618556701030927
1 0.40879360465116277 0.7879234167893961 0.028343023255813952 0.020618556701030927
1 0.4335029069767442 0.7930780559646539 0.028343023255813952 0.020618556701030927
1 0.5566860465116279 0.8195876288659794 0.027616279069767442 0.01914580265095729
1 0.31031976744186046 0.7669366715758469 0.027616279069767442 0.019882179675994108
1 0.3346656976744186 0.7720913107511046 0.028343023255813952 0.019882179675994108
1 0.359375 0.7779823269513991 0.02688953488372093 0.019882179675994108
1 0.21148255813953487 0.7459499263622975 0.027616279069767442 0.01914580265095729
1 0.2601744186046512 0.7569955817378498 0.027616279069767442 0.01914580265095729
1 0.28488372093023256 0.7621502209131075 0.027616279069767442 0.01914580265095729
5 0.7754360465116279 0.8681885125184094 0.05232558139534884 0.048600883652430045
1 0.13662790697674418 0.7308541973490427 0.027616279069767442 0.019882179675994108
1 0.1613372093023256 0.7360088365243005 0.027616279069767442 0.019882179675994108
1 0.18568313953488372 0.7411634756995582 0.02688953488372093 0.018409425625920472
1 0.23582848837209303 0.7522091310751104 0.02688953488372093 0.019882179675994108
1 0.11155523255813954 0.725699558173785 0.02688953488372093 0.019882179675994108
10 0.8063226744186046 0.8818114874815906 0.018168604651162792 0.02577319587628866
10 0.6769622093023255 0.8597201767304861 0.02688953488372093 0.019882179675994108
10 0.627906976744186 0.8494108983799705 0.027616279069767442 0.019882179675994108
10 0.5788517441860465 0.8387334315169367 0.028343023255813952 0.020618556701030927
10 0.6039244186046512 0.8449926362297496 0.027616279069767442 0.019882179675994108
10 0.6526162790697675 0.855301914580265 0.027616279069767442 0.019882179675994108
10 0.4796511627906977 0.8177466863033873 0.027616279069767442 0.019882179675994108
10 0.5537790697674418 0.8339469808541974 0.027616279069767442 0.019882179675994108
10 0.43059593023255816 0.8078055964653903 0.028343023255813952 0.01914580265095729
10 0.5050872093023255 0.8240058910162003 0.027616279069767442 0.01914580265095729
10 0.5294331395348837 0.8291605301914581 0.02688953488372093 0.01914580265095729
10 0.33175872093023256 0.7868188512518409 0.028343023255813952 0.019882179675994108
10 0.35646802325581395 0.7919734904270986 0.02688953488372093 0.019882179675994108
10 0.40515988372093026 0.803019145802651 0.02688953488372093 0.018409425625920472
10 0.45494186046511625 0.8133284241531664 0.027616279069767442 0.019882179675994108
10 0.3808139534883721 0.7974963181148749 0.027616279069767442 0.01914580265095729
10 0.28234011627906974 0.7772459499263623 0.02688953488372093 0.019882179675994108
10 0.30632267441860467 0.78240058910162 0.02688953488372093 0.019882179675994108
10 0.18277616279069767 0.7562592047128129 0.028343023255813952 0.01914580265095729
10 0.23219476744186046 0.7665684830633285 0.02688953488372093 0.01914580265095729
10 0.25763081395348836 0.7717231222385862 0.02688953488372093 0.01914580265095729
10 0.13335755813953487 0.7455817378497791 0.02688953488372093 0.019882179675994108
10 0.1587936046511628 0.7507363770250368 0.028343023255813952 0.019882179675994108
10 0.20748546511627908 0.7617820324005891 0.02688953488372093 0.019882179675994108
10 0.10901162790697674 0.7407952871870398 0.027616279069767442 0.01914580265095729
10 0.7398255813953488 0.8807069219440353 0.01744186046511628 0.026509572901325478
6 0.018531976744186048 0.7234904270986745 0.037063953488372096 0.10382916053019146
7 0.42950581395348836 0.03608247422680412 0.04215116279069767 0.03829160530191458
1 0.7765261627906976 0.8987481590574374 0.025436046511627907 0.016936671575846832
7 0.6642441860465116 0.08726067746686303 0.040697674418604654 0.03755522827687776
12 0.39425872093023256 0.036818851251840944 0.029796511627906978 0.026509572901325478
2 0.37463662790697677 0.8796023564064801 0.5414244186046512 0.23932253313696614
2 0.543968023255814 0.07253313696612666 0.12281976744186046 0.10677466863033873
5 0.7674418604651163 0.13033873343151695 0.05232558139534884 0.048600883652430045
1 0.8684593023255814 0.15537555228276878 0.01744186046511628 0.025036818851251842
10 0.7321947674418605 0.12849779086892488 0.018168604651162792 0.02577319587628866
5 0.8401162790697675 0.1557437407952872 0.03924418604651163 0.03460972017673049
10 0.8059593023255814 0.14911634756995581 0.0377906976744186 0.0625920471281296
12 0.6638808139534884 0.12076583210603829 0.015261627906976744 0.023564064801178203
1 0.3601017441860465 0.0740058910162003 0.025436046511627907 0.016936671575846832
1 0.7452761627906976 0.16016200294550811 0.02688953488372093 0.018409425625920472
10 0.7696220930232558 0.16531664212076583 0.027616279069767442 0.019882179675994108
10 0.6137354651162791 0.13365243004418262 0.019622093023255814 0.027245949926362298
10 0.627906976744186 0.13733431516936673 0.0188953488372093 0.027245949926362298
10 0.6428052325581395 0.13991163475699558 0.021075581395348836 0.027982326951399118
10 0.671875 0.14617083946980855 0.018168604651162792 0.02577319587628866
10 0.6580668604651163 0.14396170839469807 0.019622093023255814 0.027245949926362298
1 0.32521802325581395 0.07768777614138439 0.016715116279069766 0.02577319587628866
8 0.5050872093023255 0.1211340206185567 0.027616279069767442 0.019882179675994108
1 0.453125 0.1248159057437408 0.016715116279069766 0.02577319587628866
6 0.5018168604651163 0.13880706921944036 0.029796511627906978 0.022827687776141383
8 0.49781976744186046 0.1561119293078056 0.02616279069767442 0.017673048600883652
5 0.38335755813953487 0.14506627393225333 0.13154069767441862 0.1325478645066274
8 0.8382994186046512 0.24852724594992637 0.037063953488372096 0.02577319587628866
8 0.7976017441860465 0.24042709867452136 0.03561046511627907 0.02577319587628866
10 0.45130813953488375 0.1723122238586156 0.02616279069767442 0.017673048600883652
1 0.7932412790697675 0.2650957290132548 0.037063953488372096 0.026509572901325478
6 0.7180232558139535 0.24889543446244478 0.12790697674418605 0.12223858615611193
1 0.8339389534883721 0.27430044182621505 0.037063953488372096 0.02577319587628866
6 0.9160610465116279 0.2919734904270987 0.12863372093023256 0.12297496318114874
10 0.3008720930232558 0.1638438880706922 0.0188953488372093 0.027245949926362298
1 0.31504360465116277 0.16678939617083946 0.015261627906976744 0.024300441826215022
5 0.46984011627906974 0.21023564064801178 0.05159883720930233 0.04491899852724595
1 0.5 0.22164948453608246 0.01744186046511628 0.025036818851251842
1 0.7881540697674418 0.2919734904270987 0.037063953488372096 0.02577319587628866
1 0.8288517441860465 0.3008100147275405 0.037063953488372096 0.027245949926362298
1 0.36555232558139533 0.20913107511045656 0.027616279069767442 0.01914580265095729
1 0.39752906976744184 0.21539027982326953 0.02616279069767442 0.018409425625920472
1 0.32049418604651164 0.20176730486008837 0.015988372093023256 0.025036818851251842
1 0.345203488372093 0.20692194403534608 0.01744186046511628 0.025036818851251842
1 0.3328488372093023 0.20434462444771723 0.01744186046511628 0.027245949926362298
1 0.8477470930232558 0.3324742268041237 0.018168604651162792 0.027245949926362298
10 0.8273982558139535 0.3332106038291605 0.02688953488372093 0.018409425625920472
1 0.748546511627907 0.3181148748159057 0.02616279069767442 0.017673048600883652
10 0.7721656976744186 0.3232695139911635 0.02688953488372093 0.01914580265095729
10 0.5116279069767442 0.2919734904270987 0.0188953488372093 0.027245949926362298
1 0.7609011627906976 0.35014727540500734 0.01744186046511628 0.03166421207658321
10 0.8172238372093024 0.38254786450662737 0.02688953488372093 0.018409425625920472
1 0.8190406976744186 0.39690721649484534 0.027616279069767442 0.01914580265095729
6 0.8637354651162791 0.4326215022091311 0.08938953488372094 0.093519882179676
1 0.7612645348837209 0.41605301914580267 0.02688953488372093 0.036818851251840944
1 0.782703488372093 0.42047128129602357 0.027616279069767442 0.03829160530191458
1 0.8052325581395349 0.4256259204712813 0.02616279069767442 0.03829160530191458
1 0.7390988372093024 0.4112665684830633 0.02616279069767442 0.03755522827687776
1 0.36773255813953487 0.3398379970544919 0.015988372093023256 0.030191458026509573
5 0.484375 0.3645066273932253 0.20421511627906977 0.15758468335787923
1 0.3848110465116279 0.3438880706921944 0.018168604651162792 0.026509572901325478
1 0.3248546511627907 0.3803387334315169 0.01744186046511628 0.03166421207658321
10 0.19295058139534885 0.37297496318114876 0.03125 0.016936671575846832
1 0.5697674418604651 0.45618556701030927 0.014534883720930232 0.028718703976435934
10 0.18895348837209303 0.38770250368188514 0.03197674418604651 0.015463917525773196
1 0.6515261627906976 0.4885861561119293 0.03125 0.015463917525773196
10 0.7423691860465116 0.5169366715758469 0.029796511627906978 0.016200294550810016
1 0.606468023255814 0.4893225331369661 0.03125 0.015463917525773196
10 0.18568313953488372 0.4024300441826215 0.029796511627906978 0.016936671575846832
10 0.7387354651162791 0.5327687776141384 0.029796511627906978 0.015463917525773196
1 0.5715843023255814 0.49852724594992637 0.025436046511627907 0.01914580265095729
1 0.3488372093023256 0.45139911634756996 0.02616279069767442 0.01914580265095729
10 0.1824127906976744 0.4178939617083947 0.03197674418604651 0.016936671575846832
10 0.735828488372093 0.5471281296023565 0.03125 0.016200294550810016
1 0.5690406976744186 0.5128865979381443 0.02616279069767442 0.018409425625920472
10 0.17950581395348839 0.4337260677466863 0.030523255813953487 0.016200294550810016
10 0.732921511627907 0.562960235640648 0.03125 0.015463917525773196
2 0.09047965116279069 0.42783505154639173 0.18095930232558138 0.22974963181148747
2 0.8393895348837209 0.5905743740795287 0.2180232558139535 0.22827687776141384
10 0.17550872093023256 0.4480854197349043 0.03125 0.016936671575846832
10 0.7292877906976745 0.5773195876288659 0.03125 0.016200294550810016
10 0.17332848837209303 0.4642857142857143 0.03125 0.015463917525773196
10 0.7263808139534884 0.5924153166421208 0.029796511627906978 0.015463917525773196
5 0.6540697674418605 0.5795287187039765 0.10610465116279069 0.11929307805596466
10 0.17005813953488372 0.47790868924889546 0.029069767441860465 0.016200294550810016
10 0.7234738372093024 0.6071428571428571 0.03125 0.016936671575846832
5 0.4429505813953488 0.5614874815905744 0.22747093023255813 0.22901325478645065
10 0.7205668604651163 0.6222385861561119 0.03125 0.016200294550810016
1 0.6053779069767442 0.6303387334315169 0.02616279069767442 0.01914580265095729
1 0.674781976744186 0.6498527245949927 0.03125 0.015463917525773196
5 0.1998546511627907 0.562960235640648 0.11918604651162791 0.10824742268041238
1 0.7961482558139535 0.7002945508100147 0.032703488372093026 0.017673048600883652
1 0.25872093023255816 0.5861561119293078 0.015988372093023256 0.027982326951399118
3 0.7143895348837209 0.7032400589101621 0.0436046511627907 0.026509572901325478
1 0.5370639534883721 0.6712076583210603 0.02616279069767442 0.018409425625920472
1 0.31286337209302323 0.6233431516936672 0.02688953488372093 0.018409425625920472
3 0.08212209302325581 0.5784241531664213 0.029069767441860465 0.04344624447717231
12 0.11046511627906977 0.5876288659793815 0.03488372093023256 0.035346097201767304
1 0.532703488372093 0.6855670103092784 0.03197674418604651 0.016200294550810016
1 0.3092296511627907 0.6391752577319587 0.03125 0.016200294550810016
10 0.7365552325581395 0.7337997054491899 0.018168604651162792 0.02577319587628866
1 0.23037790697674418 0.6251840942562592 0.02616279069767442 0.01914580265095729
12 0.7089389534883721 0.7308541973490427 0.03997093023255814 0.03608247422680412
10 0.6809593023255814 0.7290132547864506 0.01744186046511628 0.026509572901325478
12 0.8015988372093024 0.7558910162002945 0.11773255813953488 0.10677466863033873
10 0.10392441860465117 0.6167157584683358 0.027616279069767442 0.018409425625920472
8 0.0032703488372093025 0.6001472754050073 0.006540697674418605 0.027982326951399118
10 0.7318313953488372 0.7639911634756995 0.02616279069767442 0.018409425625920472
1 0.7056686046511628 0.7595729013254786 0.02616279069767442 0.018409425625920472