1 0.3680921052631579 0.672 0.026973684210526316 0.010666666666666666
10 0.07894736842105263 0.6733333333333333 0.010526315789473684 0.025333333333333333
1 0.1368421052631579 0.675 0.017105263157894738 0.03
5 0.10657894736842105 0.7003333333333334 0.038157894736842106 0.038
10 0.07894736842105263 0.704 0.009210526315789473 0.024
1 0.1555921052631579 0.7113333333333334 0.015131578947368421 0.029333333333333333
1 0.1763157894736842 0.712 0.017105263157894738 0.029333333333333333
1 0.13453947368421051 0.7126666666666667 0.017763157894736842 0.029333333333333333
10 0.3256578947368421 0.07166666666666667 0.02368421052631579 0.014
1 0.8483552631578948 0.719 0.026973684210526316 0.008666666666666666
10 0.7342105263157894 0.7326666666666667 0.02236842105263158 0.013333333333333334
10 0.756578947368421 0.7326666666666667 0.02236842105263158 0.013333333333333334
10 0.6888157894736842 0.733 0.02236842105263158 0.012666666666666666
10 0.7118421052631579 0.733 0.02236842105263158 0.012666666666666666
10 0.6661184210526315 0.7333333333333333 0.023026315789473683 0.013333333333333334
10 0.5746710526315789 0.7333333333333333 0.023026315789473683 0.013333333333333334
10 0.5976973684210526 0.7333333333333333 0.023026315789473683 0.013333333333333334
10 0.6210526315789474 0.7333333333333333 0.02236842105263158 0.013333333333333334
10 0.6434210526315789 0.7333333333333333 0.02236842105263158 0.013333333333333334
10 0.8792763157894737 0.7336666666666667 0.021710526315789475 0.012666666666666666
10 0.4832236842105263 0.7336666666666667 0.023026315789473683 0.012666666666666666
10 0.5292763157894737 0.7336666666666667 0.023026315789473683 0.012666666666666666
10 0.5516447368421052 0.7336666666666667 0.023026315789473683 0.012666666666666666
10 0.50625 0.734 0.023026315789473683 0.013333333333333334
10 0.36907894736842106 0.7343333333333333 0.02236842105263158 0.012666666666666666
10 0.39210526315789473 0.7343333333333333 0.02236842105263158 0.014
10 0.41480263157894737 0.7343333333333333 0.023026315789473683 0.014
10 0.43717105263157896 0.7343333333333333 0.023026315789473683 0.012666666666666666
10 0.46019736842105263 0.7343333333333333 0.023026315789473683 0.012666666666666666
10 0.2546052631578947 0.735 0.02236842105263158 0.012666666666666666
10 0.27730263157894736 0.735 0.023026315789473683 0.012666666666666666
10 0.3 0.735 0.02236842105263158 0.012666666666666666
10 0.32302631578947366 0.735 0.02236842105263158 0.012666666666666666
10 0.3460526315789474 0.735 0.02236842105263158 0.012666666666666666
10 0.23190789473684212 0.7353333333333333 0.023026315789473683 0.012
1 0.8026315789473685 0.741 0.011842105263157895 0.026
1 0.8161184210526315 0.741 0.01118421052631579 0.022
1 0.7118421052631579 0.7463333333333333 0.02236842105263158 0.012666666666666666
1 0.7345394736842106 0.7463333333333333 0.023026315789473683 0.012666666666666666
1 0.6888157894736842 0.7466666666666667 0.02236842105263158 0.013333333333333334
1 0.7569078947368421 0.7466666666666667 0.023026315789473683 0.012
1 0.6661184210526315 0.747 0.023026315789473683 0.012666666666666666
1 0.5519736842105263 0.7473333333333333 0.02236842105263158 0.013333333333333334
1 0.5746710526315789 0.7473333333333333 0.023026315789473683 0.013333333333333334
1 0.5976973684210526 0.7473333333333333 0.023026315789473683 0.013333333333333334
1 0.6203947368421052 0.7473333333333333 0.02236842105263158 0.013333333333333334
1 0.48355263157894735 0.7476666666666667 0.02236842105263158 0.014
1 0.50625 0.7476666666666667 0.023026315789473683 0.014
1 0.5292763157894737 0.7476666666666667 0.023026315789473683 0.014
1 0.6430921052631579 0.7476666666666667 0.023026315789473683 0.012666666666666666
1 0.41480263157894737 0.748 0.023026315789473683 0.013333333333333334
1 0.4375 0.748 0.02368421052631579 0.013333333333333334
1 0.4605263157894737 0.748 0.02236842105263158 0.013333333333333334
1 0.32335526315789476 0.7483333333333333 0.023026315789473683 0.012666666666666666
1 0.36875 0.7483333333333333 0.023026315789473683 0.012666666666666666
1 0.3917763157894737 0.7483333333333333 0.023026315789473683 0.012666666666666666
5 0.8453947368421053 0.7486666666666667 0.04078947368421053 0.036
1 0.2542763157894737 0.7486666666666667 0.023026315789473683 0.013333333333333334
1 0.27730263157894736 0.7486666666666667 0.023026315789473683 0.013333333333333334
1 0.3 0.7486666666666667 0.02236842105263158 0.012
1 0.3460526315789474 0.7486666666666667 0.02236842105263158 0.013333333333333334
1 0.23157894736842105 0.7493333333333333 0.02236842105263158 0.013333333333333334
10 0.875328947368421 0.7546666666666667 0.0125 0.021333333333333333
10 0.7569078947368421 0.7596666666666667 0.021710526315789475 0.014
10 0.7115131578947368 0.76 0.023026315789473683 0.013333333333333334
10 0.6661184210526315 0.7603333333333333 0.023026315789473683 0.014
10 0.6891447368421053 0.7606666666666667 0.023026315789473683 0.013333333333333334
10 0.7345394736842106 0.7606666666666667 0.023026315789473683 0.013333333333333334
10 0.5746710526315789 0.7606666666666667 0.023026315789473683 0.013333333333333334
10 0.6430921052631579 0.7606666666666667 0.023026315789473683 0.013333333333333334
10 0.5289473684210526 0.761 0.02368421052631579 0.012666666666666666
10 0.5976973684210526 0.761 0.023026315789473683 0.012666666666666666
10 0.6203947368421052 0.761 0.02236842105263158 0.012666666666666666
10 0.4375 0.7613333333333333 0.02368421052631579 0.013333333333333334
10 0.4605263157894737 0.7613333333333333 0.02236842105263158 0.013333333333333334
10 0.5059210526315789 0.7613333333333333 0.02236842105263158 0.012
10 0.5516447368421052 0.7613333333333333 0.023026315789473683 0.013333333333333334
10 0.4832236842105263 0.7616666666666667 0.023026315789473683 0.012666666666666666
10 0.39210526315789473 0.762 0.02236842105263158 0.013333333333333334
10 0.4144736842105263 0.762 0.02236842105263158 0.013333333333333334
10 0.3 0.7623333333333333 0.02368421052631579 0.012666666666666666
10 0.3460526315789474 0.7623333333333333 0.02236842105263158 0.012666666666666666
10 0.36907894736842106 0.7623333333333333 0.02236842105263158 0.012666666666666666
10 0.2546052631578947 0.7626666666666667 0.02236842105263158 0.013333333333333334
10 0.2776315789473684 0.7626666666666667 0.02368421052631579 0.013333333333333334
10 0.32302631578947366 0.7626666666666667 0.02236842105263158 0.013333333333333334
10 0.23190789473684212 0.763 0.023026315789473683 0.012666666666666666
10 0.8164473684210526 0.7663333333333333 0.011842105263157895 0.022
6 0.12138157894736842 0.771 0.07434210526315789 0.07933333333333334
7 0.3848684210526316 0.07766666666666666 0.03289473684210526 0.028666666666666667
1 0.8526315789473684 0.7756666666666666 0.021052631578947368 0.011333333333333334
7 0.6019736842105263 0.07866666666666666 0.031578947368421054 0.028
12 0.3539473684210526 0.085 0.02368421052631579 0.019333333333333334
2 0.4957236842105263 0.857 0.4677631578947368 0.16466666666666666
2 0.49276315789473685 0.08833333333333333 0.09736842105263158 0.078
5 0.7013157894736842 0.09666666666666666 0.04078947368421053 0.036
1 0.7953947368421053 0.09966666666666667 0.011842105263157895 0.020666666666666667
10 0.6700657894736842 0.102 0.0125 0.021333333333333333
5 0.7707236842105263 0.10533333333333333 0.030921052631578946 0.025333333333333333
10 0.7388157894736842 0.10633333333333334 0.02368421052631579 0.05266666666666667
12 0.6082236842105263 0.108 0.009868421052631578 0.02
1 0.33026315789473687 0.125 0.021052631578947368 0.011333333333333334
1 0.6875 0.12733333333333333 0.02236842105263158 0.012
10 0.7101973684210526 0.12733333333333333 0.023026315789473683 0.013333333333333334
10 0.5661184210526315 0.129 0.01381578947368421 0.022
10 0.5792763157894737 0.12933333333333333 0.0125 0.02266666666666667
10 0.5927631578947369 0.12933333333333333 0.014473684210526316 0.02266666666666667
10 0.6200657894736842 0.12933333333333333 0.0125 0.021333333333333333
10 0.6069078947368421 0.12966666666666668 0.01381578947368421 0.022
1 0.30032894736842103 0.13466666666666666 0.01118421052631579 0.021333333333333333
8 0.4674342105263158 0.13866666666666666 0.023026315789473683 0.013333333333333334
1 0.4220394736842105 0.152 0.01118421052631579 0.021333333333333333
6 0.4680921052631579 0.15466666666666667 0.024342105263157894 0.016
8 0.4674342105263158 0.17133333333333334 0.021710526315789475 0.012
5 0.36414473684210524 0.183 0.1006578947368421 0.10066666666666667
8 0.7865131578947369 0.188 0.030921052631578946 0.017333333333333333
8 0.7490131578947369 0.18866666666666668 0.029605263157894735 0.017333333333333333
10 0.4292763157894737 0.194 0.021710526315789475 0.012
1 0.7493421052631579 0.211 0.030263157894736843 0.018
6 0.6799342105263158 0.21133333333333335 0.0993421052631579 0.092
1 0.7871710526315789 0.21133333333333335 0.030921052631578946 0.017333333333333333
6 0.8631578947368421 0.21133333333333335 0.1 0.092
10 0.2944078947368421 0.21533333333333332 0.0125 0.02266666666666667
1 0.30756578947368424 0.21566666666666667 0.009868421052631578 0.020666666666666667
5 0.45263157894736844 0.22433333333333333 0.04078947368421053 0.03266666666666666
1 0.48157894736842105 0.229 0.011842105263157895 0.020666666666666667
1 0.749671052631579 0.236 0.030921052631578946 0.017333333333333333
1 0.7875 0.236 0.030263157894736843 0.018666666666666668
1 0.36019736842105265 0.243 0.023026315789473683 0.012666666666666666
1 0.38980263157894735 0.243 0.021710526315789475 0.012666666666666666
1 0.3190789473684211 0.245 0.010526315789473684 0.020666666666666667
1 0.34210526315789475 0.245 0.011842105263157895 0.020666666666666667
1 0.3305921052631579 0.24533333333333332 0.01118421052631579 0.02266666666666667
1 0.8098684210526316 0.26066666666666666 0.011842105263157895 0.02266666666666667
10 0.7921052631578948 0.2653333333333333 0.02236842105263158 0.012
1 0.7194078947368421 0.26666666666666666 0.021710526315789475 0.012
10 0.7414473684210526 0.267 0.02236842105263158 0.012666666666666666
10 0.5049342105263158 0.2886666666666667 0.0125 0.02266666666666667
1 0.7368421052631579 0.293 0.010526315789473684 0.027333333333333334
10 0.7927631578947368 0.31066666666666665 0.02236842105263158 0.012
1 0.7963815789473684 0.323 0.023026315789473683 0.012666666666666666
6 0.8430921052631579 0.346 0.06776315789473684 0.072
1 0.7493421052631579 0.351 0.018421052631578946 0.03
1 0.76875 0.351 0.019078947368421053 0.03133333333333333
1 0.7898026315789474 0.351 0.017763157894736842 0.03133333333333333
1 0.7286184210526315 0.35133333333333333 0.017763157894736842 0.030666666666666665
1 0.3861842105263158 0.35833333333333334 0.009210526315789473 0.026
5 0.49407894736842106 0.35833333333333334 0.16578947368421051 0.11
1 0.40230263157894736 0.359 0.0125 0.022
1 0.35592105263157897 0.403 0.010526315789473684 0.027333333333333334
10 0.23782894736842106 0.421 0.026973684210526316 0.01
1 0.587171052631579 0.423 0.008552631578947369 0.024666666666666667
10 0.23684210526315788 0.435 0.02763157894736842 0.008666666666666666
1 0.6654605263157894 0.43633333333333335 0.026973684210526316 0.008666666666666666
10 0.7509868421052631 0.444 0.025657894736842105 0.009333333333333334
1 0.6259868421052631 0.44566666666666666 0.026973684210526316 0.008666666666666666
10 0.23717105263157895 0.449 0.025657894736842105 0.01
10 0.7509868421052631 0.4583333333333333 0.025657894736842105 0.008666666666666666
1 0.5967105263157895 0.46 0.021052631578947368 0.013333333333333334
1 0.3904605263157895 0.4613333333333333 0.021710526315789475 0.013333333333333334
10 0.23684210526315788 0.463 0.02763157894736842 0.01
10 0.7509868421052631 0.472 0.026973684210526316 0.009333333333333334
1 0.5970394736842105 0.4736666666666667 0.021710526315789475 0.012666666666666666
10 0.2375 0.47733333333333333 0.02631578947368421 0.009333333333333334
10 0.7509868421052631 0.48633333333333334 0.026973684210526316 0.008666666666666666
2 0.13848684210526316 0.49033333333333334 0.16513157894736843 0.18066666666666667
2 0.8509868421052632 0.49066666666666664 0.16513157894736843 0.176
10 0.23651315789473684 0.491 0.026973684210526316 0.01
10 0.7509868421052631 0.5 0.026973684210526316 0.009333333333333334
10 0.23717105263157895 0.5056666666666667 0.026973684210526316 0.008666666666666666
10 0.7509868421052631 0.5136666666666667 0.025657894736842105 0.008666666666666666
5 0.6845394736842105 0.516 0.07828947368421052 0.09333333333333334
10 0.23684210526315788 0.5186666666666667 0.025 0.009333333333333334
10 0.7509868421052631 0.5276666666666666 0.026973684210526316 0.01
5 0.49407894736842106 0.5406666666666666 0.1736842105263158 0.17466666666666666
10 0.7516447368421053 0.5413333333333333 0.026973684210526316 0.009333333333333334
1 0.6509868421052631 0.5706666666666667 0.021710526315789475 0.013333333333333334
1 0.7161184210526316 0.5743333333333334 0.026973684210526316 0.008666666666666666
5 0.2789473684210526 0.588 0.09342105263157895 0.08
1 0.8325657894736842 0.5963333333333334 0.028289473684210528 0.01
1 0.3358552631578947 0.5973333333333334 0.009868421052631578 0.024
3 0.7611842105263158 0.6143333333333333 0.03684210526315789 0.016666666666666666
1 0.5976973684210526 0.6196666666666667 0.021710526315789475 0.012666666666666666
1 0.3907894736842105 0.62 0.02236842105263158 0.012
3 0.17796052631578949 0.6246666666666667 0.019078947368421053 0.036
12 0.2049342105263158 0.6273333333333333 0.026973684210526316 0.02666666666666667
1 0.5967105263157895 0.6333333333333333 0.02763157894736842 0.009333333333333334
1 0.3904605263157895 0.6346666666666667 0.026973684210526316 0.009333333333333334
10 0.7865131578947369 0.6373333333333333 0.0125 0.021333333333333333
1 0.3180921052631579 0.6373333333333333 0.021710526315789475 0.013333333333333334
12 0.7611842105263158 0.64 0.031578947368421054 0.02666666666666667
10 0.7361842105263158 0.6436666666666667 0.011842105263157895 0.022
12 0.8476973684210526 0.6446666666666667 0.09276315789473684 0.07866666666666666
10 0.2042763157894737 0.654 0.023026315789473683 0.012
8 0.10625 0.66 0.0125 0.02266666666666667
10 0.09309210526315789 0.6603333333333333 0.009868421052631578 0.023333333333333334
10 0.787828947368421 0.665 0.021710526315789475 0.012666666666666666
1 0.7634868421052632 0.6656666666666666 0.021710526315789475 0.012666666666666666