2 0.22701848249027237 0.3326130319148936 0.01240272373540856 0.07746010638297872
10 0.6305933852140078 0.3332779255319149 0.016050583657587547 0.010305851063829786
10 0.7664153696498055 0.3336103723404255 0.01580739299610895 0.010305851063829786
2 0.6966196498054474 0.3369348404255319 0.013375486381322957 0.07746010638297872
1 0.7194795719844358 0.33743351063829785 0.017266536964980546 0.010638297872340425
8 0.19613326848249027 0.33743351063829785 0.017266536964980546 0.011968085106382979
1 0.29547665369649806 0.3382646276595745 0.017023346303501944 0.01163563829787234
8 0.48553015564202334 0.34375 0.017266536964980546 0.011303191489361703
8 0.7667801556420234 0.34375 0.016536964980544747 0.011303191489361703
1 0.433852140077821 0.3439162234042553 0.017023346303501944 0.01163563829787234
1 0.1556420233463035 0.3439162234042553 0.017023346303501944 0.010970744680851064
10 0.3410749027237354 0.3449135638297872 0.01580739299610895 0.010970744680851064
8 0.6297422178988327 0.3464095744680851 0.017266536964980546 0.012632978723404254
2 0.5449902723735408 0.34657579787234044 0.014591439688715954 0.07945478723404255
1 0.1290126459143969 0.34773936170212766 0.01629377431906615 0.041223404255319146
10 0.19589007782101167 0.3492353723404255 0.01580739299610895 0.010305851063829786
10 0.7665369649805448 0.355718085106383 0.016050583657587547 0.00997340425531915
10 0.48553015564202334 0.3572140957446808 0.01629377431906615 0.010970744680851064
8 0.3414396887159533 0.3592087765957447 0.017023346303501944 0.012965425531914893
10 0.4336089494163424 0.35987367021276595 0.015077821011673152 0.010305851063829786
10 0.629863813229572 0.3605385638297872 0.016536964980544747 0.010970744680851064
1 0.19661964980544747 0.3615359042553192 0.016780155642023346 0.010970744680851064
8 0.31675583657587547 0.3671875 0.011916342412451361 0.020279255319148936
1 0.5800097276264592 0.36768617021276595 0.017509727626459144 0.011303191489361703
10 0.5982490272373541 0.3680186170212766 0.015077821011673152 0.010638297872340425
8 0.27480544747081714 0.3683510638297872 0.012159533073929961 0.020611702127659573
8 0.29499027237354086 0.3683510638297872 0.01264591439688716 0.0199468085106383
10 0.48467898832684825 0.370844414893617 0.01556420233463035 0.00964095744680851
10 0.341318093385214 0.37367021276595747 0.01532101167315175 0.00997340425531915
10 0.19637645914396887 0.37433510638297873 0.01629377431906615 0.010638297872340425
10 0.48528696498054474 0.38414228723404253 0.01580739299610895 0.008976063829787235
10 0.16609922178988326 0.3854720744680851 0.019941634241245135 0.01695478723404255
1 0.13642996108949415 0.3897938829787234 0.0306420233463035 0.02160904255319149
10 0.48504377431906615 0.3966090425531915 0.01532101167315175 0.011303191489361703
2 0.23407101167315175 0.39777260638297873 0.04450389105058366 0.020279255319148936
8 0.19126945525291827 0.40342420212765956 0.014834630350194552 0.018284574468085107
5 0.44163424124513617 0.4044215425531915 0.037937743190661476 0.0555186170212766
5 0.6015321011673151 0.4094082446808511 0.03818093385214008 0.0581781914893617
3 0.6765564202334631 0.4105718085106383 0.04474708171206226 0.026595744680851064
1 0.26349708171206226 0.41240026595744683 0.006079766536964981 0.02360372340425532
2 0.23407101167315175 0.4175531914893617 0.04547665369649805 0.018617021276595744
5 0.2772373540856031 0.42154255319148937 0.017023346303501944 0.0339095744680851
1 0.4706955252918288 0.4243683510638298 0.0070525291828793775 0.02559840425531915
10 0.5791585603112841 0.42486702127659576 0.0070525291828793775 0.025930851063829786
10 0.3010700389105058 0.426030585106383 0.016050583657587547 0.010305851063829786
2 0.7666585603112841 0.4275265957446808 0.030885214007782102 0.06648936170212766
2 0.543044747081712 0.4328457446808511 0.05544747081712062 0.018617021276595744
10 0.3014348249027237 0.441655585106383 0.01580739299610895 0.00964095744680851
10 0.21048151750972763 0.44398271276595747 0.006566147859922179 0.02360372340425532
3 0.6783803501945526 0.44813829787234044 0.04790856031128405 0.027925531914893616
10 0.4660749027237354 0.4504654255319149 0.01629377431906615 0.010638297872340425
7 0.534897859922179 0.4541223404255319 0.020671206225680933 0.013297872340425532
10 0.3017996108949416 0.4542885638297872 0.016536964980544747 0.00964095744680851
10 0.5155642023346303 0.45478723404255317 0.016050583657587547 0.010638297872340425
1 0.42242217898832685 0.4554521276595745 0.016536964980544747 0.022606382978723406
1 0.6406857976653697 0.4582779255319149 0.006079766536964981 0.02360372340425532
1 0.20124027237354086 0.4599401595744681 0.009484435797665369 0.02559840425531915
1 0.35651750972762647 0.4601063829787234 0.016050583657587547 0.022606382978723406
1 0.22981517509727625 0.4621010638297872 0.006809338521400778 0.024601063829787235
2 0.13825389105058367 0.4642619680851064 0.0931420233463035 0.12267287234042554
10 0.3019212062256809 0.4662566489361702 0.01580739299610895 0.010970744680851064
2 0.7265321011673151 0.46742021276595747 0.051313229571984434 0.17553191489361702
7 0.5353842412451362 0.47007978723404253 0.020184824902723737 0.012632978723404254
10 0.5166585603112841 0.4712433510638298 0.01532101167315175 0.012300531914893617
2 0.45014591439688717 0.4732380319148936 0.046206225680933855 0.06349734042553191
5 0.26301070038910507 0.47689494680851063 0.02845330739299611 0.03956117021276596
1 0.3017996108949416 0.4788896276595745 0.017023346303501944 0.010970744680851064
2 0.5762402723735408 0.4817154255319149 0.01580739299610895 0.08045212765957446
7 0.534897859922179 0.48470744680851063 0.019698443579766536 0.013962765957446808
10 0.5164153696498055 0.4852061170212766 0.01629377431906615 0.012965425531914893
3 0.6766780155642024 0.4852061170212766 0.04936770428015564 0.026263297872340427
1 0.21230544747081712 0.48736702127659576 0.006809338521400778 0.023936170212765957
10 0.20294260700389105 0.48836436170212766 0.006566147859922179 0.022606382978723406
10 0.1933365758754864 0.4886968085106383 0.006809338521400778 0.02327127659574468
1 0.30556906614785995 0.4945146276595745 0.030398832684824902 0.02160904255319149
7 0.5350194552529183 0.5003324468085106 0.018968871595330738 0.013297872340425532
10 0.5169017509727627 0.5008311170212766 0.01580739299610895 0.012300531914893617
2 0.5026750972762646 0.5054853723404256 0.012159533073929961 0.07746010638297872
10 0.3017996108949416 0.5098071808510638 0.01556420233463035 0.00964095744680851
1 0.32806420233463035 0.5104720744680851 0.016050583657587547 0.02360372340425532
8 0.7838035019455253 0.5142952127659575 0.054474708171206226 0.11236702127659574
7 0.5353842412451362 0.5147938829787234 0.01921206225680934 0.012300531914893617
10 0.5166585603112841 0.515126329787234 0.01532101167315175 0.012300531914893617
2 0.7665369649805448 0.5159574468085106 0.03404669260700389 0.0678191489361702
1 0.466318093385214 0.5166223404255319 0.01629377431906615 0.02327127659574468
10 0.3011916342412451 0.5214428191489362 0.01580739299610895 0.008976063829787235
1 0.2480544747081712 0.5241023936170213 0.006809338521400778 0.02360372340425532
10 0.193579766536965 0.5246010638297872 0.016050583657587547 0.010638297872340425
2 0.6110165369649806 0.5247672872340425 0.020184824902723737 0.05884308510638298
10 0.23942120622568094 0.5249335106382979 0.007538910505836576 0.020611702127659573
10 0.2588764591439689 0.5252659574468085 0.008025291828793774 0.023936170212765957
7 0.5342898832684825 0.527593085106383 0.019455252918287938 0.011968085106382979
10 0.5173881322957199 0.5292553191489362 0.01580739299610895 0.011303191489361703
10 0.2782101167315175 0.5297539893617021 0.016536964980544747 0.010305851063829786
10 0.22251945525291827 0.5304188829787234 0.016050583657587547 0.010305851063829786
1 0.5569066147859922 0.5322473404255319 0.016536964980544747 0.011303191489361703
1 0.22251945525291827 0.5440492021276596 0.016536964980544747 0.00964095744680851
5 0.39105058365758755 0.5462101063829787 0.11867704280155641 0.16422872340425532
8 0.32636186770428016 0.5495345744680851 0.008268482490272374 0.012632978723404254
12 0.6740029182879378 0.5503656914893617 0.05034046692607004 0.09009308510638298
1 0.26580739299610895 0.5508643617021277 0.005350194552529183 0.024601063829787235
1 0.3139591439688716 0.5573470744680851 0.006809338521400778 0.02360372340425532
8 0.32636186770428016 0.5590093085106383 0.008754863813229572 0.012300531914893617
1 0.2532830739299611 0.5601728723404256 0.01629377431906615 0.0425531914893617
1 0.2244649805447471 0.562001329787234 0.016050583657587547 0.008976063829787235
1 0.3030155642023346 0.5625 0.016050583657587547 0.0425531914893617
1 0.2913424124513619 0.5676529255319149 0.00632295719844358 0.022938829787234043
1 0.24051556420233464 0.5683178191489362 0.006809338521400778 0.024268617021276594
5 0.5520428015564203 0.5686502659574468 0.05009727626459144 0.05418882978723404
8 0.32648346303501946 0.5689827127659575 0.008511673151750972 0.012300531914893617
1 0.5190904669260701 0.5704787234042553 0.01580739299610895 0.04055851063829787
1 0.5026750972762646 0.5714760638297872 0.01556420233463035 0.0425531914893617
8 0.33025291828793774 0.5746343085106383 0.008268482490272374 0.01363031914893617
10 0.2244649805447471 0.5756316489361702 0.01556420233463035 0.01163563829787234
8 0.334022373540856 0.5789561170212766 0.008511673151750972 0.012300531914893617
10 0.7096303501945526 0.5802859042553191 0.016050583657587547 0.010970744680851064
8 0.33767023346303504 0.5832779255319149 0.008511673151750972 0.012965425531914893
1 0.6346060311284046 0.5910904255319149 0.006566147859922179 0.024601063829787235
1 0.45233463035019456 0.5954122340425532 0.01556420233463035 0.02127659574468085
3 0.6522373540856031 0.596908244680851 0.019941634241245135 0.046210106382978726
2 0.14810311284046693 0.5980718085106383 0.13132295719844359 0.1449468085106383
1 0.7295719844357976 0.5992353723404256 0.017023346303501944 0.008976063829787235
10 0.224829766536965 0.6012300531914894 0.01629377431906615 0.012300531914893617
6 0.3334143968871595 0.6013962765957447 0.016050583657587547 0.021941489361702128
2 0.2813715953307393 0.6022273936170213 0.07344357976653697 0.022273936170212765
10 0.4807879377431907 0.6032247340425532 0.016050583657587547 0.022273936170212765
10 0.49562256809338523 0.6048869680851063 0.00632295719844358 0.022273936170212765
4 0.6025048638132295 0.6050531914893617 0.04353112840466926 0.05518617021276596
1 0.22495136186770429 0.6153590425531915 0.016536964980544747 0.010638297872340425
10 0.7577821011673151 0.6185172872340425 0.007295719844357977 0.022938829787234043
5 0.7300583657587548 0.6241688829787234 0.042801556420233464 0.03889627659574468
2 0.49428501945525294 0.6266622340425532 0.060554474708171206 0.0199468085106383
8 0.6727869649805448 0.6319813829787234 0.06444552529182879 0.07047872340425532
10 0.30678501945525294 0.632313829787234 0.006566147859922179 0.022606382978723406
1 0.32514591439688717 0.6331449468085106 0.005836575875486381 0.022273936170212765
1 0.26726653696498054 0.6334773936170213 0.00632295719844358 0.02360372340425532
10 0.316147859922179 0.6334773936170213 0.006809338521400778 0.02160904255319149
10 0.28720817120622566 0.6336436170212766 0.00632295719844358 0.022606382978723406
1 0.29644941634241245 0.6336436170212766 0.00632295719844358 0.02127659574468085
3 0.536113813229572 0.6336436170212766 0.019698443579766536 0.061170212765957445
10 0.2493920233463035 0.6338098404255319 0.0070525291828793775 0.02360372340425532
10 0.2783317120622568 0.6344747340425532 0.0070525291828793775 0.022273936170212765
10 0.2586332684824903 0.6348071808510638 0.006566147859922179 0.02360372340425532
10 0.22531614785992218 0.6353058510638298 0.01629377431906615 0.011303191489361703
1 0.41999027237354086 0.6373005319148937 0.016050583657587547 0.021941489361702128
1 0.340102140077821 0.6391289893617021 0.006566147859922179 0.024268617021276594
1 0.34970817120622566 0.6391289893617021 0.006809338521400778 0.024268617021276594
1 0.23942120622568094 0.6412898936170213 0.006566147859922179 0.024601063829787235
2 0.49525778210116733 0.6462765957446809 0.05958171206225681 0.0199468085106383
1 0.22543774319066148 0.6477726063829787 0.016536964980544747 0.010305851063829786
10 0.6316877431906615 0.6565824468085106 0.0070525291828793775 0.024601063829787235
10 0.6062743190661478 0.6582446808510638 0.007782101167315175 0.02327127659574468
1 0.3634484435797665 0.6610704787234043 0.016780155642023346 0.00964095744680851
10 0.5724708171206225 0.6624002659574468 0.016050583657587547 0.01163563829787234
2 0.4884484435797665 0.6658909574468085 0.07514591439688716 0.0199468085106383
10 0.4354328793774319 0.6670545212765957 0.01629377431906615 0.01163563829787234
10 0.28732976653696496 0.6673869680851063 0.006566147859922179 0.022938829787234043
1 0.2785749027237354 0.667719414893617 0.0070525291828793775 0.024268617021276594
10 0.32526750972762647 0.667719414893617 0.006566147859922179 0.022938829787234043
10 0.3162694552529183 0.6678856382978723 0.0070525291828793775 0.023936170212765957
1 0.30739299610894943 0.668218085106383 0.006809338521400778 0.024601063829787235
1 0.2501215953307393 0.6683843085106383 0.006566147859922179 0.02360372340425532
10 0.29657101167315175 0.6683843085106383 0.006566147859922179 0.022938829787234043
10 0.26763132295719844 0.668716755319149 0.0070525291828793775 0.022938829787234043
10 0.2589980544747082 0.6688829787234043 0.007295719844357977 0.023936170212765957
10 0.2247081712062257 0.6692154255319149 0.01556420233463035 0.00997340425531915
10 0.742704280155642 0.6707114361702128 0.01556420233463035 0.008976063829787235
10 0.7247081712062257 0.6710438829787234 0.01556420233463035 0.00964095744680851
10 0.7678745136186771 0.6745345744680851 0.0070525291828793775 0.023936170212765957
10 0.5327091439688716 0.6866688829787234 0.016780155642023346 0.010305851063829786
2 0.7846546692607004 0.6941489361702128 0.01872568093385214 0.03590425531914894
2 0.8264834630350194 0.6963098404255319 0.0654182879377432 0.07014627659574468
1 0.19953793774319067 0.6969747340425532 0.016780155642023346 0.01163563829787234
12 0.6185554474708171 0.7002992021276596 0.039153696498054474 0.06216755319148936
7 0.7681177042801557 0.7024601063829787 0.00899805447470817 0.027925531914893616
12 0.5652966926070039 0.7027925531914894 0.03720817120622568 0.06582446808510638
12 0.7392996108949417 0.7034574468085106 0.04717898832684825 0.05319148936170213
5 0.48443579766536965 0.7039561170212766 0.04426070038910506 0.0382313829787234
2 0.3544503891050584 0.7042885638297872 0.044990272373540856 0.022273936170212765
10 0.2709143968871595 0.7084441489361702 0.01556420233463035 0.010638297872340425
10 0.19978112840466927 0.7092752659574468 0.01580739299610895 0.01163563829787234
4 0.41913910505836577 0.7117686170212766 0.04839494163424125 0.08045212765957446
10 0.5119163424124513 0.7129321808510638 0.006809338521400778 0.02360372340425532
4 0.6765564202334631 0.7205784574468085 0.05787937743190662 0.06748670212765957
10 0.2712791828793774 0.7210771276595744 0.01580739299610895 0.010638297872340425
10 0.19990272373540857 0.7220744680851063 0.016050583657587547 0.011303191489361703
2 0.13205252918287938 0.7255651595744681 0.09922178988326848 0.12067819148936171
1 0.48589494163424124 0.7308843085106383 0.016050583657587547 0.010305851063829786
10 0.3858219844357977 0.731216755319149 0.01629377431906615 0.00964095744680851
1 0.19978112840466927 0.7342087765957447 0.01580739299610895 0.010305851063829786
0 0.3207684824902724 0.7362034574468085 0.029669260700389104 0.05418882978723404
2 0.27553501945525294 0.7405252659574468 0.014591439688715954 0.020279255319148936
2 0.24683852140077822 0.7406914893617021 0.014591439688715954 0.02127659574468085
10 0.7947470817120622 0.7430186170212766 0.016050583657587547 0.009308510638297872
10 0.3855787937743191 0.7435172872340425 0.01629377431906615 0.010970744680851064
10 0.7771157587548638 0.7435172872340425 0.01580739299610895 0.008976063829787235
10 0.19990272373540857 0.746343085106383 0.016536964980544747 0.011968085106382979
3 0.6158803501945526 0.7465093085106383 0.044990272373540856 0.026263297872340427
3 0.5651750972762646 0.7475066489361702 0.045233463035019454 0.0269281914893617
10 0.5027966926070039 0.7513297872340425 0.01580739299610895 0.009308510638297872
3 0.7238570038910506 0.7543218085106383 0.044990272373540856 0.02726063829787234
1 0.47446498054474706 0.754654255319149 0.00632295719844358 0.024601063829787235
5 0.4568336575875486 0.7551529255319149 0.026507782101167315 0.048204787234042555
10 0.3855787937743191 0.7558178191489362 0.01532101167315175 0.010970744680851064
2 0.4168287937743191 0.7644614361702128 0.0311284046692607 0.02360372340425532
12 0.20975194552529183 0.7667885638297872 0.01921206225680934 0.024268617021276594
2 0.6752188715953308 0.7752659574468085 0.016780155642023346 0.04321808510638298
2 0.26313229571984437 0.7774268617021277 0.0311284046692607 0.020944148936170214
12 0.7802772373540856 0.7774268617021277 0.06930933852140078 0.0495345744680851
10 0.3115272373540856 0.7790890957446809 0.007295719844357977 0.022938829787234043
12 0.5124027237354085 0.7865691489361702 0.06809338521400778 0.0538563829787234
2 0.4173151750972763 0.788563829787234 0.0311284046692607 0.02327127659574468
2 0.322227626459144 0.7915558510638298 0.01556420233463035 0.06316489361702128
12 0.3632052529182879 0.7920545212765957 0.0620136186770428 0.06083776595744681
10 0.3983463035019455 0.7938829787234043 0.006809338521400778 0.022606382978723406
2 0.26276750972762647 0.7983710106382979 0.030885214007782102 0.02160904255319149
2 0.17473249027237353 0.8028590425531915 0.08681906614785992 0.01928191489361702
10 0.7862354085603113 0.8035239361702128 0.016536964980544747 0.006648936170212766
7 0.7673881322957199 0.804188829787234 0.01921206225680934 0.007978723404255319
10 0.48309824902723736 0.8060172872340425 0.010457198443579766 0.010305851063829786
7 0.6288910505836576 0.8101728723404256 0.020428015564202335 0.012632978723404254
7 0.5789153696498055 0.8115026595744681 0.020184824902723737 0.012632978723404254
1 0.7116974708171206 0.8138297872340425 0.030398832684824902 0.021941489361702128
3 0.6482247081712063 0.8163231382978723 0.007538910505836576 0.022938829787234043
10 0.5991001945525292 0.8176529255319149 0.0070525291828793775 0.02360372340425532
2 0.11053015564202334 0.8201462765957447 0.035749027237354083 0.061170212765957445
10 0.3163910505836576 0.8261303191489362 0.01556420233463035 0.010638297872340425
2 0.6293774319066148 0.8316156914893617 0.027237354085603113 0.0269281914893617
2 0.5785505836575876 0.8336103723404256 0.027237354085603113 0.0269281914893617
2 0.24781128404669261 0.8375997340425532 0.01848249027237354 0.020944148936170214
2 0.27650778210116733 0.8377659574468085 0.017023346303501944 0.02127659574468085
0 0.33754863813229574 0.8608710106382979 0.02821011673151751 0.05352393617021277
2 0.7796692607003891 0.867686170212766 0.07052529182879377 0.12034574468085106
2 0.29936770428015563 0.8728390957446809 0.045233463035019454 0.047539893617021274
2 0.25498540856031127 0.8738364361702128 0.04547665369649805 0.047539893617021274
2 0.21035992217898833 0.8751662234042553 0.04571984435797665 0.048204787234042555
2 0.16549124513618677 0.8753324468085106 0.04401750972762646 0.047872340425531915
2 0.12062256809338522 0.875498670212766 0.045233463035019454 0.048204787234042555
2 0.5249270428015564 0.8804853723404256 0.06882295719844359 0.1180186170212766
2 0.7141293774319066 0.8831449468085106 0.052285992217898834 0.09142287234042554
2 0.45610408560311283 0.883311170212766 0.06882295719844359 0.11835106382978723
2 0.3867947470817121 0.8854720744680851 0.06785019455252918 0.12134308510638298
2 0.633146887159533 0.8886303191489362 0.04888132295719844 0.08577127659574468
2 0.5825632295719845 0.8919547872340425 0.04888132295719844 0.08976063829787234
2 0.7412451361867705 0.10721409574468085 0.07538910505836575 0.03756648936170213
2 0.6083414396887159 0.10904255319148937 0.07757782101167315 0.03922872340425532
2 0.4657101167315175 0.11286569148936171 0.07782101167315175 0.03756648936170213
2 0.3204036964980545 0.11486037234042554 0.07806420233463035 0.03956117021276596
2 0.17436770428015563 0.1163563829787234 0.07538910505836575 0.03856382978723404
4 0.39214494163424124 0.12749335106382978 0.04693579766536965 0.08011968085106383
4 0.5363570038910506 0.1283244680851064 0.05277237354085603 0.0764627659574468
4 0.24793287937743191 0.13331117021276595 0.05179961089494164 0.08045212765957446
2 0.7428258754863813 0.13397606382978725 0.06152723735408561 0.045877659574468085
2 0.6093142023346303 0.13480718085106383 0.05909533073929961 0.04488031914893617
2 0.4654669260700389 0.13680186170212766 0.05982490272373541 0.048204787234042555
2 0.3207684824902724 0.14029255319148937 0.05982490272373541 0.04720744680851064
2 0.17448929961089493 0.14444813829787234 0.060554474708171206 0.046875
10 0.7741974708171206 0.1737034574468085 0.042558365758754865 0.026263297872340427
10 0.71181906614786 0.1745345744680851 0.04328793774319066 0.027925531914893616
10 0.6438472762645915 0.17503324468085107 0.04353112840466926 0.02892287234042553
10 0.5010943579766537 0.17719414893617022 0.04353112840466926 0.025930851063829786
10 0.5684581712062257 0.17736037234042554 0.04304474708171206 0.02759308510638298
10 0.43044747081712065 0.17835771276595744 0.04377431906614786 0.02759308510638298
10 0.35651750972762647 0.17935505319148937 0.04377431906614786 0.028257978723404256
10 0.284897859922179 0.18018617021276595 0.04353112840466926 0.02726063829787234
10 0.2142509727626459 0.18184840425531915 0.04377431906614786 0.026595744680851064
10 0.131079766536965 0.18384308510638298 0.042801556420233464 0.02726063829787234
1 0.4400535019455253 0.20528590425531915 0.01629377431906615 0.022938829787234043
1 0.5834143968871596 0.20528590425531915 0.016536964980544747 0.02360372340425532
1 0.7230058365758755 0.2076130319148936 0.01556420233463035 0.022273936170212765
1 0.29778696498054474 0.20960771276595744 0.016780155642023346 0.02360372340425532
1 0.1507782101167315 0.21193484042553193 0.016050583657587547 0.022273936170212765
2 0.11843385214007782 0.22739361702127658 0.030155642023346304 0.022606382978723406
4 0.6799610894941635 0.2308843085106383 0.05544747081712062 0.08011968085106383
1 0.1291342412451362 0.26063829787234044 0.015077821011673152 0.04188829787234043
5 0.6087062256809338 0.2621343085106383 0.04474708171206226 0.06283244680851063
5 0.7437986381322957 0.2624667553191489 0.044990272373540856 0.0641622340425532
5 0.4664396887159533 0.26429521276595747 0.045233463035019454 0.0625
5 0.3204036964980545 0.26628989361702127 0.044990272373540856 0.06382978723404255
5 0.17509727626459143 0.2674534574468085 0.046206225680933855 0.06615691489361702
1 0.12840466926070038 0.30402260638297873 0.01556420233463035 0.04222074468085106
1 0.5772130350194552 0.30601728723404253 0.016780155642023346 0.01163563829787234
1 0.7180204280155642 0.30618351063829785 0.01629377431906615 0.00997340425531915
1 0.6292558365758755 0.3070146276595745 0.017266536964980546 0.010970744680851064
1 0.7664153696498055 0.3101728723404255 0.01629377431906615 0.008643617021276596
1 0.29535505836575876 0.31399601063829785 0.016780155642023346 0.010970744680851064
1 0.3408317120622568 0.3148271276595745 0.016780155642023346 0.011303191489361703
1 0.48553015564202334 0.3168218085106383 0.017752918287937743 0.010638297872340425
1 0.433852140077821 0.3184840425531915 0.017023346303501944 0.011303191489361703
10 0.6294990272373541 0.3184840425531915 0.01629377431906615 0.00997340425531915
1 0.5772130350194552 0.31865026595744683 0.016780155642023346 0.01163563829787234
1 0.15248054474708173 0.3194813829787234 0.017023346303501944 0.011303191489361703
2 0.10384241245136187 0.31998005319148937 0.025778210116731516 0.15724734042553193
10 0.7666585603112841 0.32180851063829785 0.01580739299610895 0.008643617021276596
1 0.7186284046692607 0.32230718085106386 0.017023346303501944 0.010970744680851064
2 0.4097762645914397 0.3229720744680851 0.017509727626459144 0.06283244680851063
4 0.6647616731517509 0.32430186170212766 0.05277237354085603 0.078125
10 0.19589007782101167 0.324468085106383 0.016780155642023346 0.011303191489361703
1 0.29535505836575876 0.32646276595744683 0.01629377431906615 0.011303191489361703
2 0.36964980544747084 0.32746010638297873 0.013618677042801557 0.07912234042553191
10 0.3411964980544747 0.3306183510638298 0.016050583657587547 0.010305851063829786
10 0.48516536964980544 0.3307845744680851 0.016050583657587547 0.00997340425531915
1 0.4334873540856031 0.33111702127659576 0.01629377431906615 0.011303191489361703
1 0.5772130350194552 0.3314494680851064 0.016780155642023346 0.011303191489361703
1 0.15248054474708173 0.33194813829787234 0.016536964980544747 0.01163563829787234
2 0.5183608949416343 0.332280585106383 0.013375486381322957 0.07878989361702128