2 0.17369791666666667 0.40384615384615385 0.021354166666666667 0.08404558404558404
10 0.6 0.323005698005698 0.017708333333333333 0.013532763532763533
10 0.74375 0.2952279202279202 0.017708333333333333 0.013532763532763533
2 0.6700520833333333 0.31303418803418803 0.022395833333333334 0.08475783475783476
1 0.69453125 0.3091168091168091 0.019270833333333334 0.014245014245014245
8 0.14140625 0.41524216524216523 0.019270833333333334 0.01566951566951567
1 0.246875 0.3952991452991453 0.01875 0.01566951566951567
8 0.44817708333333334 0.3628917378917379 0.019270833333333334 0.014957264957264958
8 0.7450520833333333 0.3055555555555556 0.018229166666666668 0.014245014245014245
1 0.39375 0.37393162393162394 0.01875 0.01566951566951567
1 0.09947916666666666 0.4305555555555556 0.01875 0.014957264957264958
10 0.29583333333333334 0.39316239316239315 0.017708333333333333 0.014245014245014245
8 0.60078125 0.33653846153846156 0.019270833333333334 0.01638176638176638
2 0.5111979166666667 0.353988603988604 0.0234375 0.0868945868945869
1 0.07213541666666666 0.4391025641025641 0.021354166666666667 0.046296296296296294
10 0.14270833333333333 0.4277065527065527 0.017708333333333333 0.013532763532763533
10 0.7458333333333333 0.31837606837606836 0.017708333333333333 0.01282051282051282
10 0.44973958333333336 0.37749287749287747 0.018229166666666668 0.014245014245014245
8 0.29791666666666666 0.40883190883190884 0.01875 0.017094017094017096
10 0.3953125 0.38995726495726496 0.016666666666666666 0.013532763532763533
10 0.60234375 0.35185185185185186 0.018229166666666668 0.014245014245014245
1 0.14479166666666668 0.44052706552706555 0.01875 0.014957264957264958
8 0.27239583333333334 0.42272079772079774 0.014583333333333334 0.023504273504273504
1 0.5502604166666667 0.3693019943019943 0.019270833333333334 0.014957264957264958
10 0.5697916666666667 0.36574074074074076 0.016666666666666666 0.013532763532763533
8 0.228125 0.431980056980057 0.014583333333333334 0.023504273504273504
8 0.24973958333333332 0.42735042735042733 0.015104166666666667 0.022792022792022793
10 0.45026041666666666 0.39173789173789175 0.0171875 0.01282051282051282
10 0.29921875 0.4237891737891738 0.0171875 0.01282051282051282
10 0.14609375 0.45405982905982906 0.018229166666666668 0.013532763532763533
10 0.4518229166666667 0.40562678062678065 0.0171875 0.012108262108262107
10 0.11536458333333334 0.4722222222222222 0.022395833333333334 0.021367521367521368
1 0.084375 0.4821937321937322 0.034375 0.02849002849002849
10 0.45338541666666665 0.41951566951566954 0.0171875 0.014245014245014245
2 0.18854166666666666 0.4707977207977208 0.04895833333333333 0.029914529914529916
8 0.14348958333333334 0.4861111111111111 0.0171875 0.02207977207977208
5 0.4083333333333333 0.43554131054131057 0.04583333333333333 0.06623931623931624
5 0.57734375 0.4091880341880342 0.04635416666666667 0.06908831908831908
3 0.6572916666666667 0.39494301994301995 0.05 0.03632478632478633
1 0.22109375 0.4807692307692308 0.008854166666666666 0.02564102564102564
2 0.190625 0.49216524216524216 0.05 0.02849002849002849
5 0.23619791666666667 0.4878917378917379 0.021354166666666667 0.038461538461538464
1 0.44088541666666664 0.45085470085470086 0.009895833333333333 0.02849002849002849
10 0.5559895833333334 0.42948717948717946 0.009895833333333333 0.02849002849002849
10 0.26197916666666665 0.48753561253561256 0.017708333333333333 0.013532763532763533
2 0.7541666666666667 0.3942307692307692 0.03958333333333333 0.07621082621082621
2 0.51875 0.4458689458689459 0.06041666666666667 0.029914529914529916
10 0.26458333333333334 0.5035612535612536 0.017708333333333333 0.01282051282051282
10 0.16875 0.5249287749287749 0.009375 0.02564102564102564
3 0.66328125 0.43447293447293445 0.05364583333333333 0.038461538461538464
10 0.4393229166666667 0.4797008547008547 0.018229166666666668 0.013532763532763533
7 0.5125 0.46972934472934474 0.022916666666666665 0.017806267806267807
10 0.26640625 0.5170940170940171 0.018229166666666668 0.01282051282051282
10 0.49166666666666664 0.47471509971509973 0.017708333333333333 0.013532763532763533
1 0.39401041666666664 0.49394586894586895 0.019270833333333334 0.026353276353276354
1 0.6247395833333333 0.45227920227920226 0.008854166666666666 0.02564102564102564
1 0.16041666666666668 0.5441595441595442 0.0125 0.02849002849002849
1 0.32447916666666665 0.5124643874643875 0.01875 0.026353276353276354
1 0.190625 0.5402421652421653 0.009375 0.026353276353276354
2 0.09479166666666666 0.5605413105413105 0.11145833333333334 0.14814814814814814
10 0.2677083333333333 0.5299145299145299 0.017708333333333333 0.014245014245014245
2 0.7161458333333334 0.44515669515669515 0.07291666666666667 0.19515669515669515
7 0.5143229166666666 0.48646723646723644 0.022395833333333334 0.017094017094017096
10 0.49505208333333334 0.49074074074074076 0.0171875 0.01566951566951567
2 0.4244791666666667 0.5067663817663818 0.05520833333333333 0.07621082621082621
5 0.22760416666666666 0.5491452991452992 0.034375 0.04700854700854701
1 0.26875 0.5430911680911681 0.01875 0.014957264957264958
2 0.5588541666666667 0.49038461538461536 0.025 0.0876068376068376
7 0.515625 0.5024928774928775 0.021875 0.017806267806267807
10 0.49609375 0.5060541310541311 0.018229166666666668 0.01638176638176638
3 0.6653645833333334 0.4732905982905983 0.0546875 0.03774928774928775
1 0.175 0.5705128205128205 0.009375 0.02564102564102564
10 0.16536458333333334 0.5733618233618234 0.008854166666666666 0.024216524216524215
10 0.15520833333333334 0.5758547008547008 0.009375 0.02492877492877493
1 0.27395833333333336 0.5584045584045584 0.034375 0.02849002849002849
7 0.5171875 0.5185185185185185 0.020833333333333332 0.017094017094017096
10 0.4984375 0.5227920227920227 0.017708333333333333 0.01566951566951567
2 0.48385416666666664 0.5306267806267806 0.020833333333333332 0.08404558404558404
10 0.2721354166666667 0.5754985754985755 0.0171875 0.01282051282051282
1 0.29973958333333334 0.5708689458689459 0.019270833333333334 0.027777777777777776
8 0.78203125 0.4829059829059829 0.06927083333333334 0.12962962962962962
7 0.51953125 0.5338319088319088 0.021354166666666667 0.01638176638176638
10 0.49973958333333335 0.5377492877492878 0.0171875 0.01566951566951567
2 0.7635416666666667 0.4878917378917379 0.042708333333333334 0.07834757834757834
1 0.4466145833333333 0.5491452991452992 0.019270833333333334 0.027065527065527065
10 0.27265625 0.5886752136752137 0.0171875 0.012108262108262107
1 0.2171875 0.6018518518518519 0.009375 0.02564102564102564
10 0.159375 0.6128917378917379 0.017708333333333333 0.013532763532763533
2 0.6002604166666666 0.5288461538461539 0.027604166666666666 0.06623931623931624
10 0.20807291666666666 0.6047008547008547 0.009895833333333333 0.022792022792022793
10 0.22838541666666667 0.6007834757834758 0.0109375 0.026353276353276354
7 0.51953125 0.5477207977207977 0.021354166666666667 0.01566951566951567
10 0.5015625 0.5527065527065527 0.017708333333333333 0.014245014245014245
10 0.24921875 0.6014957264957265 0.018229166666666668 0.013532763532763533
10 0.190625 0.6136039886039886 0.017708333333333333 0.013532763532763533
1 0.5440104166666667 0.5477207977207977 0.018229166666666668 0.014245014245014245
1 0.19192708333333333 0.6282051282051282 0.018229166666666668 0.01282051282051282
5 0.37005208333333334 0.5965099715099715 0.14322916666666666 0.1972934472934473
8 0.3026041666666667 0.6132478632478633 0.009375 0.014245014245014245
12 0.66953125 0.5430911680911681 0.06302083333333333 0.1047008547008547
1 0.23880208333333333 0.6264245014245015 0.0078125 0.026353276353276354
1 0.28958333333333336 0.6232193732193733 0.009375 0.02564102564102564
8 0.3033854166666667 0.6225071225071225 0.009895833333333333 0.014245014245014245
1 0.22630208333333332 0.6392450142450142 0.021354166666666667 0.04772079772079772
1 0.19609375 0.6463675213675214 0.0171875 0.012108262108262107
1 0.2791666666666667 0.6314102564102564 0.020833333333333332 0.04772079772079772
1 0.2674479166666667 0.6392450142450142 0.008854166666666666 0.02492877492877493
1 0.21354166666666666 0.6499287749287749 0.009375 0.026353276353276354
5 0.5427083333333333 0.5868945868945868 0.058333333333333334 0.06695156695156695
8 0.30442708333333335 0.6331908831908832 0.009895833333333333 0.014245014245014245
1 0.5083333333333333 0.5954415954415955 0.020833333333333332 0.045584045584045586
1 0.4908854166666667 0.6007834757834758 0.0203125 0.04772079772079772
8 0.30911458333333336 0.6381766381766382 0.009895833333333333 0.01566951566951567
10 0.19765625 0.6613247863247863 0.0171875 0.014957264957264958
8 0.3138020833333333 0.6424501424501424 0.009895833333333333 0.014245014245014245
10 0.7104166666666667 0.5676638176638177 0.017708333333333333 0.014245014245014245
8 0.31796875 0.6456552706552706 0.009895833333333333 0.014957264957264958
1 0.6322916666666667 0.5943732193732194 0.009375 0.026353276353276354
1 0.44036458333333334 0.6363960113960114 0.018229166666666668 0.02492877492877493
3 0.6513020833333333 0.5968660968660968 0.025520833333333333 0.05270655270655271
2 0.11927083333333334 0.7008547008547008 0.15416666666666667 0.1794871794871795
1 0.73359375 0.5833333333333334 0.018229166666666668 0.01282051282051282
10 0.20078125 0.688034188034188 0.018229166666666668 0.01566951566951567
6 0.3151041666666667 0.665954415954416 0.01875 0.02564102564102564
2 0.26067708333333334 0.6780626780626781 0.0796875 0.038461538461538464
10 0.4713541666666667 0.6378205128205128 0.01875 0.026353276353276354
10 0.4875 0.6374643874643875 0.008333333333333333 0.024216524216524215
4 0.6 0.6153846153846154 0.052083333333333336 0.06695156695156695
1 0.20234375 0.7026353276353277 0.018229166666666668 0.013532763532763533
10 0.7653645833333333 0.5982905982905983 0.009895833333333333 0.02564102564102564
5 0.7369791666666666 0.6096866096866097 0.04895833333333333 0.04985754985754986
2 0.48828125 0.6602564102564102 0.06614583333333333 0.03276353276353276
8 0.6770833333333334 0.6296296296296297 0.075 0.0868945868945869
10 0.2908854166666667 0.7044159544159544 0.008854166666666666 0.024216524216524215
1 0.31015625 0.7015669515669516 0.0078125 0.024216524216524215
1 0.24921875 0.7136752136752137 0.008854166666666666 0.02564102564102564
10 0.30078125 0.7040598290598291 0.008854166666666666 0.023504273504273504
10 0.2703125 0.7101139601139601 0.008333333333333333 0.024216524216524215
1 0.28020833333333334 0.707977207977208 0.008333333333333333 0.022792022792022793
3 0.5328125 0.6595441595441596 0.027083333333333334 0.06837606837606838
10 0.22994791666666667 0.7175925925925926 0.009895833333333333 0.026353276353276354
10 0.2609375 0.7126068376068376 0.009375 0.02492877492877493
10 0.24010416666666667 0.7172364672364673 0.009375 0.02564102564102564
10 0.20494791666666667 0.7236467236467237 0.018229166666666668 0.014245014245014245
1 0.4109375 0.6866096866096866 0.01875 0.02564102564102564
1 0.3265625 0.7047720797720798 0.009375 0.026353276353276354
1 0.33697916666666666 0.7026353276353277 0.009375 0.026353276353276354
1 0.2203125 0.7275641025641025 0.009375 0.026353276353276354
2 0.49140625 0.6809116809116809 0.06510416666666667 0.03276353276353276
1 0.20651041666666667 0.7375356125356125 0.018229166666666668 0.013532763532763533
10 0.6361979166666667 0.6638176638176638 0.009895833333333333 0.027065527065527065
10 0.6098958333333333 0.6709401709401709 0.010416666666666666 0.02564102564102564
1 0.3536458333333333 0.7232905982905983 0.01875 0.013532763532763533
10 0.5744791666666667 0.6819800569800569 0.017708333333333333 0.014957264957264958
2 0.4864583333333333 0.7029914529914529 0.08125 0.03561253561253561
10 0.42994791666666665 0.7147435897435898 0.018229166666666668 0.014957264957264958
10 0.27395833333333336 0.7453703703703703 0.009375 0.02492877492877493
1 0.26484375 0.7478632478632479 0.009895833333333333 0.027065527065527065
10 0.3140625 0.7382478632478633 0.009375 0.02492877492877493
10 0.30442708333333335 0.7396723646723646 0.009895833333333333 0.026353276353276354
1 0.2953125 0.7425213675213675 0.009375 0.026353276353276354
1 0.23489583333333333 0.7542735042735043 0.009375 0.02564102564102564
10 0.2838541666666667 0.7446581196581197 0.009375 0.02492877492877493
10 0.25338541666666664 0.7507122507122507 0.009895833333333333 0.02564102564102564
10 0.24401041666666667 0.7532051282051282 0.009895833333333333 0.026353276353276354
10 0.20807291666666666 0.75997150997151 0.0171875 0.01282051282051282
10 0.75546875 0.6563390313390314 0.0171875 0.012108262108262107
10 0.7361979166666667 0.6602564102564102 0.0171875 0.01282051282051282
10 0.78203125 0.6549145299145299 0.009895833333333333 0.026353276353276354
10 0.5348958333333333 0.7158119658119658 0.01875 0.014245014245014245
2 0.8018229166666667 0.6723646723646723 0.0234375 0.04131054131054131
2 0.8463541666666666 0.6666666666666666 0.07604166666666666 0.0868945868945869
1 0.184375 0.7948717948717948 0.01875 0.01566951566951567
12 0.6270833333333333 0.7133190883190883 0.04791666666666667 0.07336182336182336
7 0.7859375 0.6848290598290598 0.0125 0.030626780626780627
12 0.57109375 0.7257834757834758 0.04635416666666667 0.07692307692307693
12 0.7552083333333334 0.6915954415954416 0.05520833333333333 0.06552706552706553
5 0.4861979166666667 0.7439458689458689 0.050520833333333334 0.049145299145299144
2 0.3484375 0.771011396011396 0.05 0.03205128205128205
10 0.26067708333333334 0.7923789173789174 0.0171875 0.013532763532763533
10 0.1859375 0.8073361823361823 0.017708333333333333 0.014957264957264958
4 0.41796875 0.7653133903133903 0.059895833333333336 0.09472934472934473
10 0.5161458333333333 0.7478632478632479 0.009375 0.02564102564102564
4 0.6908854166666667 0.7222222222222222 0.06822916666666666 0.08262108262108261
10 0.2625 0.8051994301994302 0.017708333333333333 0.013532763532763533
10 0.1875 0.8205128205128205 0.017708333333333333 0.014245014245014245
2 0.11614583333333334 0.8386752136752137 0.11770833333333333 0.14743589743589744
1 0.490625 0.7717236467236467 0.017708333333333333 0.013532763532763533
10 0.38515625 0.7927350427350427 0.018229166666666668 0.01282051282051282
1 0.1890625 0.832977207977208 0.017708333333333333 0.013532763532763533
0 0.31640625 0.8108974358974359 0.03697916666666667 0.0633903133903134
2 0.26953125 0.8247863247863247 0.0171875 0.024216524216524215
2 0.23880208333333333 0.8308404558404558 0.0171875 0.02492877492877493
10 0.81796875 0.7225783475783476 0.0171875 0.012108262108262107
10 0.38567708333333334 0.8055555555555556 0.018229166666666668 0.014245014245014245
10 0.79921875 0.7261396011396012 0.0171875 0.012108262108262107
10 0.19036458333333334 0.8465099715099715 0.018229166666666668 0.014957264957264958
3 0.6294270833333333 0.7624643874643875 0.050520833333333334 0.03632478632478633
3 0.5763020833333333 0.7735042735042735 0.050520833333333334 0.037037037037037035
10 0.5106770833333333 0.7902421652421653 0.0171875 0.012108262108262107
3 0.74453125 0.7485754985754985 0.050520833333333334 0.037037037037037035
1 0.48098958333333336 0.7995014245014245 0.008854166666666666 0.026353276353276354
5 0.4622395833333333 0.8037749287749287 0.0328125 0.05626780626780627
10 0.38723958333333336 0.8190883190883191 0.0171875 0.014245014245014245
2 0.42109375 0.8215811965811965 0.034895833333333334 0.030626780626780627
12 0.20260416666666667 0.8657407407407407 0.022916666666666665 0.0292022792022792
2 0.6950520833333333 0.7806267806267806 0.022395833333333334 0.04843304843304843
2 0.26015625 0.8664529914529915 0.034895833333333334 0.027777777777777776
12 0.8067708333333333 0.761039886039886 0.078125 0.06623931623931624
10 0.31171875 0.8582621082621082 0.009895833333333333 0.02564102564102564
12 0.5247395833333334 0.8258547008547008 0.07760416666666667 0.07051282051282051
2 0.42421875 0.8468660968660968 0.034895833333333334 0.029914529914529916
2 0.32395833333333335 0.8693019943019943 0.022916666666666665 0.06908831908831908
12 0.3671875 0.8618233618233618 0.071875 0.07692307692307693
10 0.4049479166666667 0.8568376068376068 0.008854166666666666 0.024216524216524215
2 0.26223958333333336 0.8888888888888888 0.034895833333333334 0.02849002849002849
2 0.16953125 0.9109686609686609 0.09322916666666667 0.037037037037037035
10 0.815625 0.7877492877492878 0.017708333333333333 0.009971509971509971
7 0.7958333333333333 0.792022792022792 0.020833333333333332 0.011396011396011397
10 0.49557291666666664 0.8518518518518519 0.011979166666666667 0.01282051282051282
7 0.6497395833333334 0.8269230769230769 0.022395833333333334 0.017094017094017096
7 0.59765625 0.8383190883190883 0.022395833333333334 0.017094017094017096
1 0.7380208333333333 0.8141025641025641 0.034375 0.02849002849002849
3 0.6713541666666667 0.8290598290598291 0.010416666666666666 0.02564102564102564
10 0.6190104166666667 0.8408119658119658 0.009895833333333333 0.026353276353276354
2 0.10390625 0.9423076923076923 0.044270833333333336 0.07122507122507123
10 0.3216145833333333 0.907051282051282 0.0171875 0.013532763532763533
2 0.6526041666666667 0.8493589743589743 0.03125 0.03347578347578348
2 0.5994791666666667 0.8614672364672364 0.03125 0.03347578347578348
2 0.25078125 0.9330484330484331 0.021354166666666667 0.02564102564102564
2 0.28125 0.9277065527065527 0.019791666666666666 0.02492877492877493
0 0.34791666666666665 0.9391025641025641 0.035416666666666666 0.06196581196581197
2 0.815625 0.8568376068376068 0.0875 0.14102564102564102
2 0.30911458333333336 0.9597578347578347 0.05260416666666667 0.05911680911680912
2 0.2625 0.9704415954415955 0.053125 0.05911680911680912
2 0.21484375 0.9750712250712251 0.05364583333333333 0.04843304843304843
2 0.16770833333333332 0.9797008547008547 0.052083333333333336 0.03917378917378917
2 0.12083333333333333 0.9839743589743589 0.053125 0.030626780626780627
2 0.5481770833333334 0.9223646723646723 0.08489583333333334 0.13817663817663817
2 0.7481770833333333 0.8867521367521367 0.06510416666666667 0.10683760683760683
2 0.47604166666666664 0.9344729344729344 0.08541666666666667 0.12962962962962962
2 0.40286458333333336 0.9419515669515669 0.08489583333333334 0.11467236467236468
2 0.66328125 0.9091880341880342 0.0609375 0.10042735042735043
2 0.6104166666666667 0.9227207977207977 0.06145833333333333 0.1047008547008547
2 0.6927083333333334 0.060897435897435896 0.08333333333333333 0.054843304843304845
2 0.55234375 0.0900997150997151 0.0859375 0.05626780626780627
2 0.40182291666666664 0.12321937321937322 0.0859375 0.05555555555555555
2 0.24895833333333334 0.15491452991452992 0.08645833333333333 0.057692307692307696
2 0.09479166666666666 0.1858974358974359 0.08333333333333333 0.05555555555555555
4 0.3260416666666667 0.15384615384615385 0.058333333333333334 0.09401709401709402
4 0.4783854166666667 0.12535612535612536 0.0640625 0.09116809116809117
4 0.17395833333333333 0.18874643874643873 0.06354166666666666 0.09544159544159544
2 0.6973958333333333 0.08867521367521368 0.06979166666666667 0.06054131054131054
2 0.5559895833333334 0.11716524216524217 0.0671875 0.05911680911680912
2 0.4044270833333333 0.14814814814814814 0.06822916666666666 0.06267806267806268
2 0.2518229166666667 0.18162393162393162 0.06822916666666666 0.06125356125356125
2 0.09817708333333333 0.21545584045584046 0.06927083333333334 0.06196581196581197
10 0.734375 0.125 0.04791666666666667 0.03632478632478633
10 0.6684895833333333 0.13853276353276353 0.0484375 0.03774928774928775
10 0.596875 0.1527777777777778 0.04895833333333333 0.03917378917378917
10 0.4466145833333333 0.18376068376068377 0.0484375 0.03561253561253561
10 0.51796875 0.17058404558404558 0.0484375 0.03774928774928775
10 0.371875 0.1997863247863248 0.04895833333333333 0.03774928774928775
10 0.2942708333333333 0.2150997150997151 0.04895833333333333 0.038461538461538464
10 0.21822916666666667 0.23076923076923078 0.04895833333333333 0.037037037037037035
10 0.14375 0.2475071225071225 0.04895833333333333 0.03632478632478633
10 0.05625 0.26638176638176636 0.04791666666666667 0.037037037037037035
1 0.38515625 0.2257834757834758 0.019270833333333334 0.027065527065527065
1 0.5364583333333334 0.19693732193732194 0.019791666666666666 0.027777777777777776
1 0.6841145833333333 0.1712962962962963 0.018229166666666668 0.026353276353276354
1 0.23515625 0.25961538461538464 0.0203125 0.027777777777777776
1 0.08020833333333334 0.2916666666666667 0.01875 0.026353276353276354
2 0.04765625 0.31445868945868943 0.033854166666666664 0.0292022792022792
4 0.64140625 0.20405982905982906 0.0671875 0.09615384615384616
1 0.0625 0.3475783475783476 0.019791666666666666 0.04700854700854701
5 0.5690104166666666 0.2514245014245014 0.05364583333333333 0.0754985754985755
5 0.7119791666666667 0.22507122507122507 0.05416666666666667 0.07692307692307693
5 0.4192708333333333 0.2824074074074074 0.05416666666666667 0.07478632478632478
5 0.265625 0.31445868945868943 0.05416666666666667 0.07621082621082621
5 0.11171875 0.3450854700854701 0.05572916666666667 0.07905982905982906
1 0.06640625 0.39351851851851855 0.0203125 0.04772079772079772
1 0.5411458333333333 0.30484330484330485 0.01875 0.01566951566951567
1 0.6893229166666667 0.27635327635327633 0.018229166666666668 0.01282051282051282
1 0.5955729166666667 0.29451566951566954 0.019270833333333334 0.014957264957264958
1 0.7411458333333333 0.2706552706552707 0.017708333333333333 0.011396011396011397
1 0.24375 0.370014245014245 0.01875 0.014957264957264958
1 0.2921875 0.36146723646723644 0.01875 0.014957264957264958
1 0.4453125 0.33475783475783477 0.019791666666666666 0.014245014245014245
1 0.390625 0.3472222222222222 0.01875 0.014957264957264958
10 0.59765625 0.3076923076923077 0.018229166666666668 0.01282051282051282
1 0.5421875 0.3176638176638177 0.01875 0.01566951566951567
1 0.09375 0.4049145299145299 0.01875 0.014957264957264958
2 0.0421875 0.41524216524216523 0.04375 0.17094017094017094
10 0.74296875 0.2827635327635328 0.0171875 0.011396011396011397
1 0.6916666666666667 0.2930911680911681 0.01875 0.014957264957264958
2 0.36614583333333334 0.3561253561253561 0.025 0.0698005698005698
4 0.63515625 0.3059116809116809 0.0640625 0.0933048433048433
10 0.14010416666666667 0.40206552706552706 0.01875 0.014957264957264958
1 0.24505208333333334 0.3839031339031339 0.018229166666666668 0.014245014245014245
2 0.32421875 0.3693019943019943 0.022395833333333334 0.08618233618233619
10 0.2942708333333333 0.3785612535612536 0.017708333333333333 0.013532763532763533
10 0.44635416666666666 0.34971509971509973 0.017708333333333333 0.01282051282051282
1 0.39140625 0.3603988603988604 0.018229166666666668 0.014245014245014245
1 0.54375 0.3315527065527066 0.01875 0.014957264957264958
1 0.09505208333333333 0.4184472934472934 0.018229166666666668 0.014957264957264958
2 0.48151041666666666 0.34437321937321935 0.022395833333333334 0.08618233618233619