2 0.3752648305084746 0.2985507246376812 0.018538135593220338 0.08840579710144927
9 0.7179555084745762 0.34456521739130436 0.045021186440677964 0.042753623188405795
2 0.1374470338983051 0.4018115942028985 0.03336864406779661 0.06159420289855073
2 0.3805614406779661 0.3934782608695652 0.06514830508474577 0.02753623188405797
9 0.1829978813559322 0.4438405797101449 0.05031779661016949 0.17028985507246377
9 0.4856991525423729 0.4318840579710145 0.04978813559322034 0.06956521739130435
9 0.3461334745762712 0.4492753623188406 0.01641949152542373 0.08840579710144927
2 0.4279661016949153 0.4713768115942029 0.01694915254237288 0.0891304347826087
2 0.13903601694915255 0.5014492753623189 0.02913135593220339 0.059420289855072465
2 0.3095868644067797 0.5007246376811594 0.023834745762711863 0.06521739130434782
9 0.8479872881355932 0.5007246376811594 0.015889830508474576 0.04782608695652174
8 0.4417372881355932 0.5481884057971015 0.020127118644067795 0.01956521739130435
9 0.7709216101694916 0.5528985507246377 0.03125 0.10579710144927536
9 0.6747881355932204 0.5597826086956522 0.07944915254237288 0.02681159420289855
9 0.8511652542372882 0.591304347826087 0.015889830508474576 0.04782608695652174
9 0.4409427966101695 0.6130434782608696 0.06408898305084745 0.04492753623188406
9 0.4504766949152542 0.6467391304347826 0.07997881355932203 0.02826086956521739
9 0.828125 0.6340579710144928 0.025953389830508475 0.036231884057971016
9 0.09613347457627118 0.7 0.03125 0.05652173913043478
2 0.12129237288135593 0.7010869565217391 0.023305084745762712 0.041304347826086954
9 0.5979872881355932 0.6782608695652174 0.04766949152542373 0.02753623188405797
9 0.8061440677966102 0.686231884057971 0.02754237288135593 0.04492753623188406
2 0.7028601694915254 0.7115942028985507 0.046610169491525424 0.02463768115942029
9 0.8302436440677966 0.7369565217391304 0.025953389830508475 0.036231884057971016
9 0.5926906779661016 0.758695652173913 0.04766949152542373 0.03333333333333333
9 0.4316737288135593 0.7673913043478261 0.04766949152542373 0.036231884057971016
9 0.13532838983050846 0.7822463768115943 0.048199152542372885 0.03695652173913044
2 0.5320444915254238 0.763768115942029 0.028072033898305086 0.05652173913043478
9 0.23967161016949154 0.7833333333333333 0.03548728813559322 0.03768115942028986
2 0.7025953389830508 0.7644927536231884 0.030190677966101694 0.043478260869565216
2 0.6379766949152542 0.7735507246376812 0.01641949152542373 0.06594202898550725
9 0.800582627118644 0.7735507246376812 0.09375 0.025362318840579712
9 0.8667902542372882 0.7884057971014493 0.017478813559322032 0.06666666666666667
8 0.7913135593220338 0.8032608695652174 0.020127118644067795 0.01956521739130435
8 0.7608580508474576 0.8057971014492754 0.02065677966101695 0.020289855072463767
2 0.7052436440677966 0.8184782608695652 0.047139830508474576 0.02391304347826087
2 0.2989936440677966 0.842391304347826 0.02913135593220339 0.031159420289855074
2 0.3548728813559322 0.8416666666666667 0.029661016949152543 0.03260869565217391
9 0.5699152542372882 0.8489130434782609 0.04978813559322034 0.07318840579710145
9 0.4213453389830508 0.856159420289855 0.0513771186440678 0.07173913043478261
9 0.13585805084745764 0.8706521739130435 0.0513771186440678 0.07173913043478261
9 0.4957627118644068 0.8601449275362318 0.04978813559322034 0.059420289855072465
9 0.763771186440678 0.8525362318840579 0.24364406779661016 0.035507246376811595
9 0.2076271186440678 0.8822463768115942 0.0423728813559322 0.04420289855072464
9 0.357521186440678 0.875 0.03919491525423729 0.041304347826086954
9 0.3013771186440678 0.8778985507246376 0.038135593220338986 0.04565217391304348
2 0.2966101694915254 0.04057971014492753 0.08792372881355932 0.050724637681159424
2 0.1483050847457627 0.04891304347826087 0.08792372881355932 0.04710144927536232
2 0.4533898305084746 0.035507246376811595 0.0858050847457627 0.04927536231884058
2 0.6136122881355932 0.029710144927536233 0.08739406779661017 0.0463768115942029
2 0.7730402542372882 0.02282608695652174 0.08421610169491525 0.04565217391304348
9 0.2979343220338983 0.075 0.06302966101694915 0.035507246376811595
9 0.4547139830508475 0.06884057971014493 0.06302966101694915 0.034782608695652174
9 0.15015889830508475 0.08405797101449275 0.06514830508474577 0.034782608695652174
9 0.6136122881355932 0.06304347826086956 0.06408898305084745 0.034782608695652174
9 0.7740995762711864 0.060144927536231886 0.06302966101694915 0.036231884057971016
9 0.8381885593220338 0.13804347826086957 0.0323093220338983 0.02391304347826087
9 0.8559322033898306 0.2391304347826087 0.024364406779661018 0.17101449275362318
9 0.5230402542372882 0.2634057971014493 0.018538135593220338 0.06884057971014493
2 0.5664724576271186 0.2648550724637681 0.019597457627118644 0.09057971014492754
2 0.7227224576271186 0.2608695652173913 0.018538135593220338 0.08985507246376812
2 0.4028072033898305 0.2818840579710145 0.018538135593220338 0.09130434782608696
2 0.20603813559322035 0.29818840579710143 0.019067796610169493 0.09057971014492754