2 0.23840885142255006 0.319164265129683 0.01422550052687039 0.08357348703170028
10 0.6743940990516333 0.3090778097982709 0.01685985247629083 0.011527377521613832
10 0.8208640674394099 0.3061959654178674 0.01685985247629083 0.011527377521613832
2 0.7452581664910432 0.3112391930835735 0.015279241306638568 0.08357348703170028
1 0.7700210748155953 0.3112391930835735 0.0184404636459431 0.011527377521613832
8 0.20521601685985247 0.3249279538904899 0.0184404636459431 0.012968299711815562
1 0.3129610115911486 0.3227665706051873 0.01791359325605901 0.012968299711815562
8 0.5176501580611169 0.3238472622478386 0.0184404636459431 0.012247838616714697
8 0.821127502634352 0.31664265129682995 0.01738672286617492 0.012247838616714697
1 0.46206533192834565 0.3256484149855908 0.01791359325605901 0.012968299711815562
1 0.16174920969441517 0.33321325648414984 0.01791359325605901 0.012247838616714697
10 0.36195995785036883 0.3288904899135447 0.01685985247629083 0.012247838616714697
8 0.6736037934668072 0.32312680115273773 0.0184404636459431 0.013688760806916427
2 0.5824552160168599 0.3260086455331412 0.016332982086406742 0.08573487031700289
1 0.1332982086406744 0.3371757925072046 0.01791359325605901 0.0446685878962536
10 0.2054794520547945 0.33789625360230546 0.01685985247629083 0.011527377521613832
10 0.8208640674394099 0.3296109510086455 0.01685985247629083 0.010806916426512969
10 0.518177028451001 0.33897694524495675 0.01738672286617492 0.012247838616714697
8 0.3624868282402529 0.3451008645533141 0.01791359325605901 0.01440922190201729
10 0.46206533192834565 0.34221902017291067 0.015806111696522657 0.011527377521613832
10 0.6736037934668072 0.33897694524495675 0.01738672286617492 0.012247838616714697
1 0.2065331928345627 0.3505043227665706 0.01791359325605901 0.012247838616714697
8 0.33587987355110643 0.35446685878962536 0.013171759747102213 0.021613832853025938
1 0.6198630136986302 0.34762247838616717 0.0184404636459431 0.012247838616714697
10 0.6401475237091675 0.3479827089337176 0.015806111696522657 0.011527377521613832
8 0.2905690200210748 0.3559077809798271 0.013171759747102213 0.021613832853025938
8 0.3129610115911486 0.35554755043227665 0.0136986301369863 0.02089337175792507
10 0.5171232876712328 0.3533861671469741 0.016332982086406742 0.010806916426512969
10 0.36275026343519495 0.35987031700288186 0.016332982086406742 0.010806916426512969
10 0.20626975763962066 0.3645533141210375 0.01738672286617492 0.011527377521613832
10 0.517913593256059 0.3681556195965418 0.01685985247629083 0.010086455331412104
10 0.17386722866174922 0.37752161383285304 0.02107481559536354 0.018731988472622477
1 0.14199157007376184 0.3829250720461095 0.033192834562697573 0.02377521613832853
10 0.518177028451001 0.3814841498559078 0.016332982086406742 0.012247838616714697
2 0.24710221285563752 0.38904899135446686 0.04847207586933614 0.023054755043227664
8 0.20126448893572182 0.3962536023054755 0.015806111696522657 0.020172910662824207
5 0.47154899894625923 0.3904899135446686 0.0410958904109589 0.06051873198847262
5 0.6438356164383562 0.3919308357348703 0.04214963119072708 0.06340057636887608
3 0.7249736564805058 0.3915706051873199 0.04847207586933614 0.029538904899135448
1 0.27897787144362485 0.4038184438040346 0.00684931506849315 0.02521613832853026
2 0.24789251844046364 0.41030259365994237 0.04899894625922023 0.02089337175792507
5 0.29425711275026345 0.4139048991354467 0.0184404636459431 0.03674351585014409
1 0.5028977871443625 0.41138328530259366 0.007903055848261328 0.027377521613832854
10 0.6203898840885143 0.4092219020172911 0.007903055848261328 0.027377521613832854
10 0.3198103266596417 0.41786743515850144 0.01685985247629083 0.011527377521613832
2 0.8227081138040042 0.40778097982708933 0.03424657534246575 0.07204610951008646
2 0.5814014752370916 0.41894812680115273 0.059536354056902004 0.02089337175792507
10 0.32086406743940993 0.43479827089337175 0.01685985247629083 0.010806916426512969
10 0.22286617492096944 0.43984149855907784 0.007376185458377239 0.02521613832853026
3 0.7273445732349842 0.4319164265129683 0.052160168598524764 0.030979827089337175
10 0.4981559536354057 0.43948126801152737 0.01738672286617492 0.011527377521613832
7 0.5727081138040042 0.4423631123919308 0.022128556375131718 0.01440922190201729
10 0.32112750263435197 0.4484870317002882 0.01738672286617492 0.010806916426512969
10 0.5516332982086407 0.4438040345821326 0.01685985247629083 0.011527377521613832
1 0.45152792413066384 0.44668587896253603 0.01791359325605901 0.024495677233429394
1 0.6867755532139094 0.444164265129683 0.00684931506849315 0.02521613832853026
1 0.21285563751317177 0.45749279538904897 0.01053740779768177 0.027377521613832854
1 0.38066385669125397 0.4531700288184438 0.01738672286617492 0.024495677233429394
1 0.2434141201264489 0.4589337175792507 0.007376185458377239 0.025936599423631124
2 0.1451527924130664 0.46325648414985593 0.10168598524762908 0.1340057636887608
10 0.321390937829294 0.46145533141210376 0.01685985247629083 0.012247838616714697
2 0.7792413066385669 0.45172910662824206 0.05795574288724974 0.19020172910662825
7 0.5734984193888304 0.45929394812680113 0.02160168598524763 0.013688760806916427
10 0.5534773445732349 0.4607348703170029 0.016332982086406742 0.013688760806916427
2 0.4810326659641728 0.4643371757925072 0.0505795574288725 0.06988472622478387
5 0.27950474183350893 0.47406340057636887 0.03108535300316122 0.043227665706051875
1 0.3219178082191781 0.47514409221902015 0.01791359325605901 0.012247838616714697
2 0.6180189673340358 0.470821325648415 0.01791359325605901 0.08717579250720461
7 0.5732349841938883 0.47514409221902015 0.02107481559536354 0.015129682997118156
10 0.5529504741833509 0.4755043227665706 0.01738672286617492 0.01440922190201729
3 0.726027397260274 0.4715417867435158 0.05374077976817703 0.029538904899135448
1 0.2249736564805058 0.486671469740634 0.007376185458377239 0.02521613832853026
10 0.21496311907270813 0.48739193083573484 0.007376185458377239 0.02377521613832853
10 0.20442571127502634 0.4884726224783862 0.007376185458377239 0.024495677233429394
1 0.3253424657534247 0.49171469740634005 0.033192834562697573 0.02377521613832853
7 0.5732349841938883 0.4920749279538905 0.020021074815595362 0.01440922190201729
10 0.553740779768177 0.4931556195965418 0.01685985247629083 0.013688760806916427
2 0.5384615384615384 0.49855907780979825 0.0136986301369863 0.08357348703170028
10 0.32218124341412013 0.5082853025936599 0.016332982086406742 0.010806916426512969
1 0.3501053740779768 0.5079250720461095 0.01738672286617492 0.025936599423631124
8 0.8419388830347735 0.5007204610951008 0.06006322444678609 0.12247838616714697
7 0.5740252897787145 0.5075648414985591 0.02054794520547945 0.013688760806916427
10 0.554004214963119 0.5082853025936599 0.016332982086406742 0.013688760806916427
2 0.8232349841938883 0.5028818443804035 0.037407797681770286 0.07348703170028818
1 0.5 0.5111671469740634 0.01791359325605901 0.02521613832853026
10 0.321390937829294 0.520893371757925 0.01685985247629083 0.010086455331412104
1 0.2644889357218124 0.5255763688760807 0.007376185458377239 0.02521613832853026
10 0.2054794520547945 0.526657060518732 0.01685985247629083 0.011527377521613832
2 0.6556902002107482 0.5169308357348703 0.022655426765015807 0.06412103746397695
10 0.25500526870389884 0.5259365994236311 0.008429926238145416 0.021613832853025938
10 0.27581664910432035 0.5255763688760807 0.008956796628029505 0.02521613832853026
7 0.5729715489989463 0.521613832853026 0.02054794520547945 0.012968299711815562
10 0.5547945205479452 0.5234149855907781 0.01685985247629083 0.012247838616714697
10 0.2963645943097998 0.5302593659942363 0.01738672286617492 0.011527377521613832
10 0.23656480505795574 0.5324207492795389 0.01685985247629083 0.011527377521613832
1 0.5972075869336143 0.5262968299711815 0.01738672286617492 0.012247838616714697
1 0.23682824025289778 0.5471902017291066 0.01738672286617492 0.010806916426512969
5 0.4185985247629083 0.5453890489913544 0.13013698630136986 0.18011527377521613
8 0.3487881981032666 0.5504322766570605 0.008429926238145416 0.012968299711815562
12 0.7241833508956796 0.542507204610951 0.05532139093782929 0.09798270893371758
1 0.28371970495258164 0.553314121037464 0.005795574288724974 0.025936599423631124
1 0.3356164383561644 0.5587175792507204 0.007376185458377239 0.02521613832853026
8 0.34905163329820865 0.5605187319884726 0.008956796628029505 0.012968299711815562
1 0.2702845100105374 0.5641210374639769 0.01791359325605901 0.04610951008645533
1 0.23919915700737618 0.5662824207492796 0.01685985247629083 0.010086455331412104
1 0.3237618545837724 0.5648414985590778 0.01738672286617492 0.04610951008645533
1 0.31111696522655424 0.5713256484149856 0.00684931506849315 0.024495677233429394
1 0.2565858798735511 0.5727665706051873 0.007376185458377239 0.025936599423631124
5 0.5924657534246576 0.5652017291066282 0.05426765015806112 0.05979827089337176
8 0.34905163329820865 0.5713256484149856 0.008956796628029505 0.012968299711815562
1 0.5571654373024236 0.5680835734870316 0.01738672286617492 0.04394812680115274
1 0.5395152792413066 0.5698847262247838 0.01685985247629083 0.04610951008645533
8 0.3535300316122234 0.5770893371757925 0.008429926238145416 0.01440922190201729
10 0.23946259220231822 0.5814121037463977 0.016332982086406742 0.012968299711815562
8 0.35800842992623816 0.5821325648414986 0.008956796628029505 0.012968299711815562
10 0.7629083245521602 0.5738472622478387 0.01685985247629083 0.012247838616714697
8 0.3616965226554268 0.5860951008645533 0.008956796628029505 0.013688760806916427
1 0.6817702845100105 0.5871757925072046 0.007376185458377239 0.025936599423631124
1 0.4857744994731296 0.5972622478386167 0.01685985247629083 0.023054755043227664
3 0.7010010537407798 0.5936599423631124 0.02160168598524763 0.05043227665706052
2 0.15753424657534246 0.6080691642651297 0.14330874604847207 0.15994236311239193
1 0.7850368809272918 0.5936599423631124 0.01791359325605901 0.010086455331412104
10 0.23998946259220233 0.6084293948126801 0.01738672286617492 0.013688760806916427
6 0.35695468914647 0.6062680115273775 0.01738672286617492 0.02377521613832853
2 0.3011064278187566 0.6087896253602305 0.07955742887249737 0.025936599423631124
10 0.5160695468914647 0.6044668587896254 0.01738672286617492 0.024495677233429394
10 0.5324025289778714 0.6062680115273775 0.00684931506849315 0.02377521613832853
4 0.6475237091675448 0.6030259365994236 0.04741833508956796 0.06051873198847262
1 0.2405163329820864 0.6239193083573487 0.01738672286617492 0.011527377521613832
10 0.815331928345627 0.6138328530259366 0.007903055848261328 0.024495677233429394
5 0.7855637513171759 0.6210374639769453 0.04636459430979979 0.043227665706051875
2 0.5310853530031612 0.6293227665706052 0.06533192834562697 0.0223342939481268
8 0.7236564805057956 0.6300432276657061 0.07007376185458378 0.07708933717579251
10 0.3292939936775553 0.6401296829971181 0.007376185458377239 0.02377521613832853
1 0.3487881981032666 0.640850144092219 0.006322444678609062 0.02377521613832853
1 0.2863540569020021 0.6430115273775217 0.00684931506849315 0.02521613832853026
10 0.339304531085353 0.6419308357348703 0.007376185458377239 0.023054755043227664
10 0.30795574288724975 0.6422910662824207 0.00684931506849315 0.02377521613832853
1 0.3179662802950474 0.6422910662824207 0.00684931506849315 0.0223342939481268
3 0.5763962065331928 0.6361671469740634 0.022128556375131718 0.06628242074927954
10 0.26685985247629085 0.6437319884726225 0.007903055848261328 0.02521613832853026
10 0.29847207586933616 0.6430115273775217 0.007903055848261328 0.02377521613832853
10 0.27713382507903056 0.6444524495677233 0.007376185458377239 0.02521613832853026
10 0.2410432033719705 0.6451729106628242 0.01738672286617492 0.012247838616714697
1 0.4512644889357218 0.6422910662824207 0.01738672286617492 0.02377521613832853
1 0.3651211801896733 0.6469740634005764 0.007376185458377239 0.025936599423631124
1 0.37565858798735513 0.6462536023054755 0.007376185458377239 0.025936599423631124
1 0.2565858798735511 0.6512968299711815 0.007376185458377239 0.025936599423631124
2 0.5326659641728135 0.6509365994236311 0.0642781875658588 0.0223342939481268
1 0.24157007376185458 0.659221902017291 0.01738672286617492 0.011527377521613832
10 0.6799262381454162 0.6577809798270894 0.007903055848261328 0.025936599423631124
10 0.6522655426765016 0.6606628242074928 0.008429926238145416 0.024495677233429394
1 0.3904109589041096 0.6696685878962536 0.01791359325605901 0.010806916426512969
10 0.6159114857744995 0.6657060518731989 0.01685985247629083 0.012968299711815562
2 0.5255532139093783 0.6714697406340058 0.08061116965226554 0.023054755043227664
10 0.46812434141201265 0.6743515850144092 0.01738672286617492 0.012968299711815562
10 0.3087460484720759 0.6786743515850144 0.007376185458377239 0.024495677233429394
1 0.29899894625922024 0.6793948126801153 0.007903055848261328 0.025936599423631124
10 0.3498419388830348 0.6779538904899135 0.007376185458377239 0.024495677233429394
10 0.33956796628029506 0.678314121037464 0.007903055848261328 0.02521613832853026
1 0.3303477344573235 0.6793948126801153 0.007376185458377239 0.025936599423631124
1 0.26870389884088514 0.6804755043227666 0.007376185458377239 0.02521613832853026
10 0.31875658587987354 0.6793948126801153 0.007376185458377239 0.024495677233429394
10 0.28740779768177027 0.6801152737752162 0.007903055848261328 0.024495677233429394
10 0.2779241306638567 0.6811959654178674 0.007903055848261328 0.02521613832853026
10 0.2410432033719705 0.6819164265129684 0.016332982086406742 0.010806916426512969
10 0.8000526870389885 0.670028818443804 0.016332982086406742 0.010086455331412104
10 0.7805584826132771 0.6711095100864554 0.016332982086406742 0.010806916426512969
10 0.8269230769230769 0.6739913544668588 0.007903055848261328 0.02521613832853026
10 0.5732349841938883 0.6930835734870316 0.01791359325605901 0.011527377521613832
2 0.84536354056902 0.6945244956772334 0.02054794520547945 0.03890489913544669
2 0.8906743940990516 0.6963256484149856 0.07112750263435196 0.07708933717579251
1 0.21390937829293993 0.7132564841498559 0.01791359325605901 0.012968299711815562
12 0.6659641728134879 0.7060518731988472 0.04320337197049526 0.06772334293948126
7 0.8279768177028451 0.704250720461095 0.010010537407797681 0.029538904899135448
12 0.6085353003161222 0.7092939481268011 0.0410958904109589 0.07132564841498559
12 0.7968914646996839 0.7056916426512968 0.051106427818756586 0.058357348703170026
5 0.5218651211801897 0.7128962536023055 0.04794520547945205 0.04250720461095101
2 0.38119072708113805 0.7172190201729106 0.04899894625922023 0.02521613832853026
10 0.2910958904109589 0.723342939481268 0.016332982086406742 0.011527377521613832
10 0.21496311907270813 0.7262247838616714 0.01685985247629083 0.012968299711815562
4 0.4512644889357218 0.723342939481268 0.05321390937829294 0.08789625360230548
10 0.5516332982086407 0.7222622478386167 0.007376185458377239 0.02521613832853026
4 0.7291886195995785 0.725864553314121 0.06322444678609063 0.07420749279538905
10 0.291886195995785 0.7370317002881844 0.01685985247629083 0.011527377521613832
10 0.21496311907270813 0.7395533141210374 0.01685985247629083 0.012247838616714697
2 0.1417281348788198 0.7456772334293948 0.10853530031612224 0.13256484149855907
1 0.523709167544784 0.7420749279538905 0.01685985247629083 0.011527377521613832
10 0.4159641728134879 0.7453170028818443 0.01738672286617492 0.010806916426512969
1 0.21496311907270813 0.7528818443804035 0.01685985247629083 0.011527377521613832
0 0.34536354056902 0.7514409221902018 0.0321390937829294 0.059077809798270896
2 0.2966280295047418 0.7582853025936599 0.015806111696522657 0.0223342939481268
2 0.2655426765015806 0.7586455331412104 0.015806111696522657 0.023054755043227664
10 0.8566912539515279 0.7471181556195965 0.01685985247629083 0.010086455331412104
10 0.41543730242360377 0.7582853025936599 0.01738672286617492 0.012247838616714697
10 0.8377239199157007 0.7478386167146974 0.01685985247629083 0.010086455331412104
10 0.21522655426765017 0.7665706051873199 0.01738672286617492 0.012968299711815562
3 0.6641201264488936 0.7554034582132565 0.04899894625922023 0.029538904899135448
3 0.6093256059009484 0.7579250720461095 0.04899894625922023 0.03025936599423631
10 0.5421496311907271 0.7636887608069164 0.01685985247629083 0.010086455331412104
3 0.7805584826132771 0.7615273775216138 0.04899894625922023 0.03025936599423631
1 0.5113277133825079 0.7680115273775217 0.00684931506849315 0.025936599423631124
5 0.4923603793466807 0.7690922190201729 0.02897787144362487 0.05259365994236311
10 0.41543730242360377 0.7719740634005764 0.016332982086406742 0.012247838616714697
2 0.4494204425711275 0.7802593659942363 0.03371970495258166 0.025936599423631124
12 0.22602739726027396 0.7878242074927954 0.02107481559536354 0.026657060518731988
2 0.7283983140147524 0.784942363112392 0.0184404636459431 0.0468299711815562
2 0.2834562697576396 0.797550432276657 0.03371970495258166 0.023054755043227664
12 0.8419388830347735 0.7845821325648416 0.07481559536354057 0.05475504322766571
10 0.3364067439409905 0.7989913544668588 0.007903055848261328 0.024495677233429394
12 0.553213909378293 0.8018731988472623 0.0737618545837724 0.059077809798270896
2 0.4504741833508957 0.805835734870317 0.03371970495258166 0.02521613832853026
2 0.34747102212855635 0.8115994236311239 0.01738672286617492 0.06844380403458213
12 0.3917281348788198 0.8108789625360231 0.06796628029504742 0.0670028818443804
10 0.42992623814541625 0.8123198847262247 0.007376185458377239 0.02377521613832853
2 0.2839831401475237 0.8209654178674352 0.03371970495258166 0.02377521613832853
2 0.18888303477344573 0.827449567723343 0.09325605900948367 0.0223342939481268
10 0.8485247629083246 0.8126801152737753 0.01738672286617492 0.007204610951008645
7 0.8279768177028451 0.8134005763688761 0.02054794520547945 0.008645533141210375
10 0.5218651211801897 0.8231268011527377 0.011064278187565859 0.010806916426512969
7 0.678872497365648 0.8238472622478387 0.02160168598524763 0.013688760806916427
7 0.625131717597471 0.8267291066282421 0.02160168598524763 0.013688760806916427
1 0.7684404636459431 0.8260086455331412 0.033192834562697573 0.02377521613832853
3 0.6996838777660696 0.829971181556196 0.008429926238145416 0.024495677233429394
10 0.6467334035827187 0.832492795389049 0.007903055848261328 0.02521613832853026
2 0.11986301369863013 0.8479827089337176 0.03951527924130664 0.06628242074927954
10 0.3416754478398314 0.8494236311239193 0.016332982086406742 0.011527377521613832
2 0.6796628029504742 0.8469020172910663 0.029504741833508957 0.029538904899135448
2 0.624868282402529 0.8505043227665706 0.029504741833508957 0.029538904899135448
2 0.26817702845100105 0.8631123919308358 0.020021074815595362 0.023054755043227664
2 0.29899894625922024 0.8631123919308358 0.0184404636459431 0.023054755043227664
0 0.3656480505795574 0.885806916426513 0.030558482613277135 0.058357348703170026
2 0.8422023182297155 0.8818443804034583 0.07744994731296101 0.13112391930835735
2 0.32428872497365646 0.9002161383285303 0.04899894625922023 0.05259365994236311
2 0.2766069546891465 0.9023775216138329 0.04952581664910432 0.05259365994236311
2 0.22813487881981032 0.9048991354466859 0.04952581664910432 0.053314121037463975
2 0.17939936775553214 0.9059798270893372 0.04794520547945205 0.05259365994236311
2 0.13198103266596417 0.9077809798270894 0.04899894625922023 0.053314121037463975
2 0.5682297154899895 0.9027377521613833 0.07534246575342465 0.1282420749279539
2 0.7721285563751317 0.9005763688760807 0.05742887249736565 0.0994236311239193
2 0.493940990516333 0.9074207492795389 0.07534246575342465 0.12896253602305474
2 0.4191253951527924 0.9117435158501441 0.07428872497365648 0.13184438040345822
2 0.684404636459431 0.9085014409221902 0.05374077976817703 0.0936599423631124
2 0.6301369863013698 0.9135446685878963 0.05374077976817703 0.09798270893371758
2 0.7905690200210748 0.06231988472622478 0.08166491043203372 0.04250720461095101
2 0.6467334035827187 0.0680835734870317 0.08377239199157008 0.04394812680115274
2 0.4931506849315068 0.07600864553314121 0.08429926238145416 0.04250720461095101
2 0.33667017913593256 0.08213256484149856 0.08429926238145416 0.0446685878962536
2 0.17939936775553214 0.08717579250720461 0.08166491043203372 0.043227665706051875
4 0.41412012644889357 0.0936599423631124 0.051633298208640675 0.08789625360230548
4 0.5695468914646997 0.09077809798270893 0.05795574288724974 0.08357348703170028
4 0.25869336143308747 0.10302593659942363 0.05690200210748156 0.08789625360230548
2 0.7926765015806112 0.09077809798270893 0.06691253951527924 0.05043227665706052
2 0.6480505795574288 0.09546109510086455 0.0642781875658588 0.04971181556195965
2 0.4934141201264489 0.10086455331412104 0.06480505795574289 0.053314121037463975
2 0.3369336143308746 0.10951008645533142 0.06480505795574289 0.05187319884726225
2 0.17939936775553214 0.11743515850144093 0.06585879873551106 0.05187319884726225
10 0.8266596417281349 0.1336455331412104 0.04636459430979979 0.029538904899135448
10 0.7594836670179136 0.13580691642651296 0.04689146469968388 0.030979827089337175
10 0.6865121180189674 0.13868876080691642 0.04741833508956796 0.032420749279538905
10 0.5326659641728135 0.1440922190201729 0.04741833508956796 0.02881844380403458
10 0.6051106427818757 0.14229106628242075 0.04689146469968388 0.030979827089337175
10 0.45626975763962063 0.1473342939481268 0.04741833508956796 0.030979827089337175
10 0.3767123287671233 0.14985590778097982 0.04741833508956796 0.03170028818443804
10 0.2992623814541623 0.15273775216138327 0.04741833508956796 0.03025936599423631
10 0.22286617492096944 0.15670028818443804 0.04741833508956796 0.029538904899135448
10 0.1332982086406744 0.16066282420749278 0.04636459430979979 0.03025936599423631
1 0.46680716543730244 0.1761527377521614 0.01791359325605901 0.02521613832853026
1 0.6211801896733403 0.17219020172910662 0.01791359325605901 0.025936599423631124
1 0.7718651211801897 0.17146974063400577 0.01685985247629083 0.024495677233429394
1 0.3132244467860906 0.1844380403458213 0.0184404636459431 0.025936599423631124
1 0.15463645943097998 0.1909221902017291 0.01738672286617492 0.024495677233429394
2 0.12012644889357219 0.20821325648414984 0.032665964172813484 0.024495677233429394
4 0.7257639620653319 0.19740634005763688 0.06059009483667018 0.08789625360230548
1 0.13198103266596417 0.24387608069164265 0.016332982086406742 0.045389048991354465
5 0.6493677555321391 0.23270893371757925 0.04899894625922023 0.069164265129683
5 0.7955742887249737 0.2298270893371758 0.04952581664910432 0.07060518731988473
5 0.49631190727081137 0.2388328530259366 0.04952581664910432 0.06844380403458213
5 0.33877766069546894 0.2445965417867435 0.04952581664910432 0.06988472622478387
5 0.18177028451001054 0.24963976945244956 0.0505795574288725 0.07276657060518732
1 0.13171759747102213 0.2903458213256484 0.01685985247629083 0.04610951008645533
1 0.6164383561643836 0.28097982708933716 0.01791359325605901 0.012968299711815562
1 0.767913593256059 0.2777377521613833 0.01738672286617492 0.010806916426512969
1 0.6720231822971549 0.28061959654178675 0.0184404636459431 0.012247838616714697
1 0.8206006322444679 0.28061959654178675 0.01738672286617492 0.009365994236311239
1 0.3119072708113804 0.29719020172910665 0.01791359325605901 0.012247838616714697
1 0.36143308746048475 0.2964697406340058 0.01791359325605901 0.012247838616714697
1 0.5173867228661749 0.2953890489913545 0.018967334035827187 0.011527377521613832
1 0.46153846153846156 0.29863112391930835 0.01791359325605901 0.012247838616714697
10 0.6730769230769231 0.2935878962536023 0.01738672286617492 0.010806916426512969
1 0.6164383561643836 0.2946685878962536 0.01791359325605901 0.012968299711815562
1 0.15806111696522657 0.3065561959654179 0.01791359325605901 0.012247838616714697
2 0.1053740779768177 0.30835734870317005 0.029504741833508957 0.17002881844380405
10 0.8208640674394099 0.2935878962536023 0.01685985247629083 0.009365994236311239
1 0.7687038988408852 0.295028818443804 0.01791359325605901 0.012247838616714697
2 0.43598524762908325 0.30367435158501443 0.019494204425711276 0.06844380403458213
4 0.7107481559536354 0.29863112391930835 0.05795574288724974 0.08573487031700289
10 0.2054794520547945 0.31087896253602304 0.01791359325605901 0.012247838616714697
1 0.31217070600632246 0.31087896253602304 0.01738672286617492 0.012247838616714697
2 0.39278187565858796 0.30979827089337175 0.015279241306638568 0.08501440922190202
10 0.36195995785036883 0.31412103746397696 0.01685985247629083 0.011527377521613832
10 0.5173867228661749 0.31015850144092216 0.01685985247629083 0.010806916426512969
1 0.46127502634351947 0.3123198847262248 0.01738672286617492 0.012247838616714697
1 0.6169652265542677 0.30871757925072046 0.01791359325605901 0.012247838616714697
1 0.1583245521601686 0.32060518731988474 0.01738672286617492 0.012968299711815562
2 0.5529504741833509 0.31051873198847263 0.015279241306638568 0.08501440922190202