1 0.6123188405797102 0.21161825726141079 0.024154589371980676 0.024896265560165973
10 0.08393719806763285 0.2800829875518672 0.022946859903381644 0.024896265560165973
10 0.1527777777777778 0.2717842323651452 0.022946859903381644 0.024896265560165973
1 0.23007246376811594 0.262448132780083 0.0640096618357488 0.06846473029045644
1 0.3357487922705314 0.25 0.06280193236714976 0.06846473029045644
3 0.7216183574879227 0.22614107883817428 0.022946859903381644 0.04149377593360996
1 0.09420289855072464 0.3049792531120332 0.021739130434782608 0.024896265560165973
1 0.7041062801932367 0.23236514522821577 0.016908212560386472 0.04564315352697095
1 0.01570048309178744 0.3215767634854772 0.014492753623188406 0.04149377593360996
1 0.4692028985507246 0.26867219917012447 0.025362318840579712 0.026970954356846474
1 0.2717391304347826 0.3112033195020747 0.024154589371980676 0.029045643153526972
1 0.3001207729468599 0.30809128630705396 0.022946859903381644 0.022821576763485476
1 0.07729468599033816 0.33713692946058094 0.014492753623188406 0.03941908713692946
1 0.00785024154589372 0.35477178423236516 0.01570048309178744 0.024896265560165973
1 0.35446859903381644 0.3163900414937759 0.025362318840579712 0.026970954356846474
10 0.009057971014492754 0.38070539419087135 0.018115942028985508 0.026970954356846474
1 0.892512077294686 0.27385892116182575 0.014492753623188406 0.04149377593360996
1 0.26207729468599034 0.3495850622406639 0.014492753623188406 0.043568464730290454
1 0.17270531400966183 0.36099585062240663 0.021739130434782608 0.024896265560165973
1 0.14794685990338163 0.36721991701244816 0.01570048309178744 0.04149377593360996
1 0.8502415458937198 0.2883817427385892 0.024154589371980676 0.024896265560165973
1 0.10507246376811594 0.38070539419087135 0.014492753623188406 0.043568464730290454
8 0.6256038647342995 0.3329875518672199 0.014492753623188406 0.043568464730290454
1 0.16908212560386474 0.39315352697095435 0.024154589371980676 0.022821576763485476
1 0.37016908212560384 0.37136929460580914 0.022946859903381644 0.024896265560165973
1 0.2856280193236715 0.38278008298755184 0.013285024154589372 0.03941908713692946
1 0.1998792270531401 0.3962655601659751 0.013285024154589372 0.04149377593360996
10 0.010265700483091788 0.42946058091286304 0.020531400966183576 0.024896265560165973
1 0.16727053140096618 0.4170124481327801 0.025362318840579712 0.024896265560165973
9 0.8882850241545893 0.32987551867219916 0.049516908212560384 0.07883817427385892
10 0.33997584541062803 0.4087136929460581 0.013285024154589372 0.04149377593360996
1 0.357487922705314 0.4087136929460581 0.024154589371980676 0.024896265560165973
1 0.27717391304347827 0.4263485477178423 0.013285024154589372 0.043568464730290454
4 0.31219806763285024 0.42323651452282157 0.01570048309178744 0.04149377593360996
1 0.29830917874396135 0.4242738589211618 0.014492753623188406 0.043568464730290454
1 0.3774154589371981 0.42012448132780084 0.01570048309178744 0.043568464730290454
1 0.161231884057971 0.45228215767634855 0.025362318840579712 0.024896265560165973
10 0.626207729468599 0.40145228215767637 0.010869565217391304 0.03941908713692946
10 0.6135265700483091 0.4045643153526971 0.012077294685990338 0.04149377593360996
10 0.6382850241545893 0.40352697095435686 0.010869565217391304 0.043568464730290454
10 0.6503623188405797 0.40145228215767637 0.010869565217391304 0.03941908713692946
1 0.26570048309178745 0.4491701244813278 0.014492753623188406 0.03941908713692946
1 0.39794685990338163 0.43983402489626555 0.01570048309178744 0.04564315352697095
1 0.24094202898550723 0.4657676348547718 0.022946859903381644 0.026970954356846474
1 0.21859903381642512 0.46887966804979253 0.021739130434782608 0.024896265560165973
1 0.28442028985507245 0.46265560165975106 0.022946859903381644 0.024896265560165973
10 0.05495169082125604 0.4927385892116183 0.030193236714975844 0.04771784232365145
1 0.33695652173913043 0.4616182572614108 0.014492753623188406 0.03941908713692946
1 0.17270531400966183 0.491701244813278 0.024154589371980676 0.024896265560165973
10 0.6829710144927537 0.43049792531120334 0.013285024154589372 0.043568464730290454
1 0.3810386473429952 0.47199170124481327 0.01570048309178744 0.043568464730290454
1 0.6491545893719807 0.4387966804979253 0.022946859903381644 0.022821576763485476
1 0.26811594202898553 0.48858921161825725 0.014492753623188406 0.043568464730290454
1 0.34359903381642515 0.49066390041493774 0.025362318840579712 0.022821576763485476
1 0.3055555555555556 0.495850622406639 0.024154589371980676 0.024896265560165973
12 0.716183574879227 0.4491701244813278 0.026570048309178744 0.05186721991701245
1 0.6171497584541062 0.46265560165975106 0.024154589371980676 0.024896265560165973
1 0.1721014492753623 0.5280082987551867 0.022946859903381644 0.026970954356846474
1 0.21920289855072464 0.5228215767634855 0.022946859903381644 0.024896265560165973
1 0.24214975845410627 0.520746887966805 0.025362318840579712 0.024896265560165973
1 0.3852657004830918 0.5072614107883817 0.024154589371980676 0.026970954356846474
10 0.5018115942028986 0.49896265560165975 0.013285024154589372 0.043568464730290454
9 0.8538647342995169 0.4553941908713693 0.05314009661835749 0.10995850622406639
10 0.47946859903381644 0.504149377593361 0.012077294685990338 0.04149377593360996
2 0.45169082125603865 0.07572614107883817 0.9033816425120773 0.15145228215767634
1 0.27053140096618356 0.5300829875518672 0.014492753623188406 0.035269709543568464
10 0.6865942028985508 0.48443983402489627 0.027777777777777776 0.05186721991701245
10 0.10205314009661835 0.5560165975103735 0.027777777777777776 0.05394190871369295
10 0.7185990338164251 0.4896265560165975 0.021739130434782608 0.02074688796680498
1 0.29106280193236717 0.549792531120332 0.014492753623188406 0.04149377593360996
10 0.32669082125603865 0.5456431535269709 0.010869565217391304 0.04149377593360996
1 0.23128019323671498 0.5591286307053942 0.025362318840579712 0.026970954356846474
1 0.3743961352657005 0.5425311203319502 0.021739130434782608 0.026970954356846474
1 0.18719806763285024 0.5663900414937759 0.021739130434782608 0.024896265560165973
10 0.6624396135265701 0.5103734439834025 0.013285024154589372 0.04564315352697095
10 0.6485507246376812 0.5134854771784232 0.012077294685990338 0.043568464730290454
1 0.27294685990338163 0.5674273858921162 0.012077294685990338 0.035269709543568464
1 0.6304347826086957 0.533195020746888 0.024154589371980676 0.024896265560165973
10 0.5169082125603864 0.549792531120332 0.024154589371980676 0.024896265560165973
12 0.5458937198067633 0.549792531120332 0.028985507246376812 0.04979253112033195
1 0.178743961352657 0.5995850622406639 0.024154589371980676 0.024896265560165973
1 0.7059178743961353 0.5435684647302904 0.020531400966183576 0.024896265560165973
1 0.6648550724637681 0.5487551867219918 0.022946859903381644 0.022821576763485476
9 0.022946859903381644 0.6317427385892116 0.04589371980676329 0.2717842323651452
1 0.40458937198067635 0.5840248962655602 0.014492753623188406 0.043568464730290454
1 0.2584541062801932 0.6151452282157677 0.024154589371980676 0.026970954356846474
10 0.6400966183574879 0.5695020746887967 0.024154589371980676 0.022821576763485476
10 0.0893719806763285 0.6379668049792531 0.03140096618357488 0.04771784232365145
10 0.5036231884057971 0.5912863070539419 0.024154589371980676 0.02074688796680498
1 0.44806763285024154 0.6037344398340249 0.014492753623188406 0.04149377593360996
1 0.717391304347826 0.578838174273859 0.014492753623188406 0.04564315352697095
1 0.6195652173913043 0.5923236514522822 0.021739130434782608 0.026970954356846474
1 0.16243961352657005 0.6473029045643154 0.01570048309178744 0.04149377593360996
9 0.8985507246376812 0.5663900414937759 0.050724637681159424 0.0954356846473029
10 0.3611111111111111 0.6390041493775933 0.012077294685990338 0.04149377593360996
1 0.27958937198067635 0.6524896265560166 0.025362318840579712 0.026970954356846474
1 0.43417874396135264 0.6348547717842323 0.022946859903381644 0.024896265560165973
1 0.23067632850241546 0.6639004149377593 0.014492753623188406 0.04149377593360996
1 0.6038647342995169 0.6244813278008299 0.014492753623188406 0.04149377593360996
10 0.38164251207729466 0.6576763485477178 0.021739130434782608 0.02074688796680498
1 0.2669082125603865 0.6742738589211619 0.024154589371980676 0.024896265560165973
10 0.7210144927536232 0.6234439834024896 0.00966183574879227 0.035269709543568464
3 0.5102657004830918 0.6566390041493776 0.020531400966183576 0.03112033195020747
1 0.34299516908212563 0.6887966804979253 0.014492753623188406 0.04564315352697095
5 0.6564009661835749 0.6535269709543569 0.09541062801932366 0.1078838174273859
10 0.375 0.6887966804979253 0.010869565217391304 0.04149377593360996
1 0.7071256038647343 0.6493775933609959 0.013285024154589372 0.04149377593360996
1 0.3254830917874396 0.700207468879668 0.022946859903381644 0.026970954356846474
10 0.11231884057971014 0.7427385892116183 0.012077294685990338 0.03734439834024896
10 0.5446859903381642 0.7043568464730291 0.05314009661835749 0.06016597510373444
1 0.5966183574879227 0.7074688796680498 0.014492753623188406 0.04149377593360996
8 0.16666666666666666 0.7728215767634855 0.026570048309178744 0.026970954356846474
10 0.11292270531400966 0.7811203319502075 0.010869565217391304 0.03941908713692946
1 0.2113526570048309 0.7769709543568465 0.014492753623188406 0.043568464730290454
10 0.4915458937198068 0.7448132780082988 0.014492753623188406 0.04979253112033195
10 0.5054347826086957 0.745850622406639 0.013285024154589372 0.04771784232365145
1 0.25 0.7821576763485477 0.06280193236714976 0.07053941908713693
1 0.35507246376811596 0.7676348547717843 0.06280193236714976 0.07468879668049792
1 0.6431159420289855 0.7479253112033195 0.025362318840579712 0.026970954356846474
1 0.6739130434782609 0.7448132780082988 0.021739130434782608 0.024896265560165973
10 0.08031400966183574 0.8174273858921162 0.022946859903381644 0.02074688796680498
2 0.4830917874396135 0.9336099585062241 0.9299516908212561 0.12863070539419086
8 0.677536231884058 0.1607883817427386 0.04106280193236715 0.043568464730290454