1 0.5963350785340314 0.529441117764471 0.014659685863874346 0.020958083832335328
10 0.47853403141361256 0.4805389221556886 0.013612565445026177 0.018962075848303395
10 0.12774869109947645 0.30439121756487025 0.018848167539267015 0.02594810379241517
1 0.48664921465968586 0.49251497005988026 0.01099476439790576 0.03293413173652695
1 0.46596858638743455 0.4820359281437126 0.010471204188481676 0.031936127744510975
10 0.47539267015706804 0.4935129740518962 0.014659685863874346 0.018962075848303395
1 0.4667539267015707 0.5024950099800399 0.015183246073298429 0.018962075848303395
7 0.09842931937172775 0.3153692614770459 0.04502617801047121 0.07784431137724551
1 0.3913612565445026 0.4660678642714571 0.017277486910994764 0.021956087824351298
5 0.7015706806282722 0.6282435129740519 0.2670157068062827 0.5099800399201597
5 0.21858638743455497 0.38323353293413176 0.015183246073298429 0.027944111776447105
5 0.2672774869109948 0.4091816367265469 0.015183246073298429 0.027944111776447105
1 0.4706806282722513 0.5184630738522954 0.016753926701570682 0.020958083832335328
1 0.3900523560209424 0.4815369261477046 0.016753926701570682 0.020958083832335328
1 0.28848167539267017 0.4346307385229541 0.016753926701570682 0.020958083832335328
5 0.4259162303664921 0.5099800399201597 0.0581151832460733 0.11177644710578842
1 0.4630890052356021 0.5289421157684631 0.01832460732984293 0.021956087824351298
1 0.2536649214659686 0.4226546906187625 0.017277486910994764 0.022954091816367265
1 0.22643979057591623 0.4096806387225549 0.015183246073298429 0.020958083832335328
1 0.20287958115183247 0.4041916167664671 0.012041884816753926 0.031936127744510975
10 0.11963350785340314 0.36227544910179643 0.017277486910994764 0.023952095808383235
2 0.8568062827225131 0.7549900199600799 0.11047120418848168 0.4121756487025948
2 0.5212041884816754 0.5858283433133733 0.08952879581151832 0.3992015968063872
7 0.08952879581151832 0.37325349301397204 0.04397905759162304 0.07385229540918163
5 0.29528795811518327 0.48403193612774453 0.015706806282722512 0.029940119760479042
1 0.793717277486911 0.7410179640718563 0.01780104712041885 0.036926147704590816
2 0.9261780104712042 0.8133732534930139 0.1068062827225131 0.17764471057884232
1 0.5910994764397905 0.6462075848303394 0.015706806282722512 0.03093812375249501
5 0.21151832460732983 0.4625748502994012 0.02198952879581152 0.03493013972055888
1 0.7808900523560209 0.7549900199600799 0.020418848167539267 0.038922155688622756
10 0.11099476439790576 0.4226546906187625 0.016753926701570682 0.022954091816367265
10 0.181151832460733 0.46956087824351295 0.016753926701570682 0.022954091816367265
1 0.43115183246073296 0.6012974051896207 0.008900523560209424 0.0249500998003992
1 0.4243455497382199 0.5988023952095808 0.008900523560209424 0.02594810379241517
1 0.7636125654450262 0.7739520958083832 0.020418848167539267 0.038922155688622756
7 0.08298429319371728 0.4311377245508982 0.043455497382198956 0.07584830339321358
1 0.25759162303664923 0.5229540918163673 0.012565445026178011 0.033932135728542916
1 0.21832460732984293 0.5084830339321357 0.010471204188481676 0.03093812375249501
10 0.28534031413612565 0.5449101796407185 0.016753926701570682 0.021956087824351298
8 0.4049738219895288 0.6097804391217565 0.016230366492146597 0.01996007984031936
8 0.4243455497382199 0.6197604790419161 0.015183246073298429 0.01996007984031936
1 0.7515706806282723 0.7879241516966068 0.01832460732984293 0.03493013972055888
10 0.7905759162303665 0.810379241516966 0.018848167539267015 0.02594810379241517
12 0.16544502617801046 0.49550898203592814 0.02931937172774869 0.05289421157684631
8 0.5586387434554974 0.7005988023952096 0.01780104712041885 0.02594810379241517
1 0.36020942408376966 0.6017964071856288 0.011518324607329843 0.031936127744510975
1 0.6206806282722513 0.7405189620758483 0.017277486910994764 0.031936127744510975
1 0.7646596858638743 0.8203592814371258 0.015183246073298429 0.01996007984031936
10 0.31282722513089006 0.593812375249501 0.012041884816753926 0.033932135728542916
1 0.3054973821989529 0.5903193612774451 0.01099476439790576 0.03293413173652695
10 0.27591623036649215 0.5813373253493014 0.010471204188481676 0.028942115768463075
10 0.2916230366492147 0.5888223552894212 0.011518324607329843 0.033932135728542916
1 0.18403141361256545 0.5379241516966068 0.015183246073298429 0.01996007984031936
5 0.1973821989528796 0.5598802395209581 0.016753926701570682 0.03992015968063872
8 0.5397905759162304 0.7355289421157685 0.016753926701570682 0.021956087824351298
10 0.618324607329843 0.7899201596806387 0.015706806282722512 0.022954091816367265
1 0.7510471204188481 0.8582834331337326 0.017277486910994764 0.021956087824351298
5 0.16151832460732984 0.5563872255489022 0.024607329842931937 0.04091816367265469
8 0.5261780104712042 0.7485029940119761 0.011518324607329843 0.029940119760479042
1 0.7028795811518325 0.8393213572854291 0.020418848167539267 0.03992015968063872
1 0.20706806282722512 0.5888223552894212 0.01832460732984293 0.023952095808383235
1 0.6429319371727749 0.8143712574850299 0.014659685863874346 0.029940119760479042
5 0.4075916230366492 0.6946107784431138 0.016230366492146597 0.029940119760479042
1 0.3484293193717278 0.6651696606786427 0.01099476439790576 0.03093812375249501
10 0.5332460732984293 0.7614770459081837 0.01099476439790576 0.029940119760479042
1 0.18298429319371728 0.5843313373253493 0.012041884816753926 0.03293413173652695
10 0.6157068062827226 0.8053892215568862 0.016753926701570682 0.021956087824351298
1 0.362303664921466 0.6801397205588823 0.015706806282722512 0.020958083832335328
1 0.14895287958115183 0.5788423153692615 0.01099476439790576 0.029940119760479042
5 0.29109947643979056 0.6576846307385229 0.05759162303664921 0.11177644710578842
10 0.5227748691099476 0.7764471057884231 0.012041884816753926 0.033932135728542916
5 0.2031413612565445 0.6167664670658682 0.027225130890052355 0.043912175648702596
5 0.3725130890052356 0.7035928143712575 0.015183246073298429 0.029940119760479042
10 0.5620418848167539 0.8018962075848304 0.017277486910994764 0.0249500998003992
1 0.5340314136125655 0.7889221556886228 0.011518324607329843 0.03093812375249501
2 0.6308900523560209 0.841816367265469 0.1099476439790576 0.09081836327345309
5 0.7450261780104712 0.906686626746507 0.07643979057591622 0.11077844311377245
10 0.4892670157068063 0.7764471057884231 0.01832460732984293 0.01996007984031936
5 0.15523560209424084 0.6087824351297405 0.017277486910994764 0.041916167664670656
10 0.4945026178010471 0.7934131736526946 0.017277486910994764 0.021956087824351298
1 0.17015706806282724 0.6307385229540918 0.014659685863874346 0.01996007984031936
1 0.5452879581151833 0.8248502994011976 0.012041884816753926 0.03293413173652695
1 0.6929319371727749 0.9016966067864272 0.01832460732984293 0.0249500998003992
1 0.13926701570680627 0.626746506986028 0.016753926701570682 0.021956087824351298
2 0.05418848167539267 0.5763473053892215 0.10837696335078534 0.18662674650698602
10 0.5609947643979057 0.844311377245509 0.017277486910994764 0.023952095808383235
10 0.5465968586387434 0.8517964071856288 0.01780104712041885 0.02694610778443114
1 0.47774869109947643 0.8203592814371258 0.015183246073298429 0.01996007984031936
5 0.5141361256544502 0.841816367265469 0.04712041884816754 0.08882235528942116
1 0.2628272251308901 0.7170658682634731 0.010471204188481676 0.03093812375249501
1 0.2769633507853403 0.7235528942115769 0.010471204188481676 0.031936127744510975
1 0.17225130890052356 0.6726546906187625 0.015706806282722512 0.021956087824351298
2 0.8835078534031413 0.9735528942115769 0.1261780104712042 0.05089820359281437
1 0.3104712041884817 0.75 0.014659685863874346 0.018962075848303395
12 0.1301047120418848 0.6681636726546906 0.026701570680628273 0.05289421157684631
1 0.3075916230366492 0.7654690618762475 0.014136125654450262 0.017964071856287425
10 0.5387434554973822 0.8842315369261478 0.012565445026178011 0.033932135728542916
10 0.5599476439790576 0.8962075848303394 0.01099476439790576 0.029940119760479042
1 0.4803664921465969 0.8597804391217565 0.012041884816753926 0.03293413173652695
12 0.1712041884816754 0.7035928143712575 0.02617801047120419 0.04790419161676647
2 0.6895287958115183 0.9296407185628742 0.2617801047120419 0.13872255489021956
1 0.456020942408377 0.8547904191616766 0.012565445026178011 0.03293413173652695
5 0.3175392670157068 0.7894211576846307 0.015183246073298429 0.02594810379241517
8 0.5547120418848167 0.9171656686626747 0.017277486910994764 0.023952095808383235
10 0.12643979057591623 0.6981037924151696 0.01832460732984293 0.0249500998003992
1 0.13900523560209424 0.7065868263473054 0.012041884816753926 0.031936127744510975
5 0.35968586387434553 0.8188622754491018 0.015706806282722512 0.028942115768463075
10 0.5089005235602094 0.9086826347305389 0.01780104712041885 0.0249500998003992
8 0.4712041884816754 0.8917165668662674 0.011518324607329843 0.03293413173652695
1 0.17277486910994763 0.7435129740518962 0.011518324607329843 0.033932135728542916
5 0.4850785340314136 0.9076846307385229 0.024607329842931937 0.05688622754491018
10 0.15471204188481674 0.7430139720558883 0.016230366492146597 0.022954091816367265
10 0.5301047120418848 0.937125748502994 0.012041884816753926 0.033932135728542916
8 0.5010471204188481 0.9301397205588823 0.016753926701570682 0.023952095808383235
1 0.6376963350785341 0.12574850299401197 0.012565445026178011 0.033932135728542916
1 0.44293193717277485 0.03243512974051896 0.010471204188481676 0.03293413173652695
2 0.3586387434554974 0.019461077844311378 0.06387434554973823 0.038922155688622756
1 0.8973821989528796 0.26746506986027946 0.028272251308900525 0.03792415169660679
2 0.7575916230366492 0.19560878243512975 0.18219895287958116 0.15768463073852296
1 0.43455497382198954 0.03143712574850299 0.010471204188481676 0.03093812375249501
10 0.9198952879581151 0.3033932135728543 0.016753926701570682 0.021956087824351298
1 0.5416230366492146 0.11277445109780439 0.01099476439790576 0.031936127744510975
1 0.8942408376963351 0.2964071856287425 0.02617801047120419 0.03792415169660679
1 0.40916230366492146 0.04890219560878244 0.01099476439790576 0.029940119760479042
10 0.9431937172774869 0.32285429141716565 0.013089005235602094 0.03493013972055888
10 0.9172774869109948 0.3188622754491018 0.016753926701570682 0.022954091816367265
1 0.4026178010471204 0.07085828343313373 0.016753926701570682 0.021956087824351298
1 0.6785340314136126 0.22854291417165667 0.01780104712041885 0.023952095808383235
10 0.8452879581151832 0.3148702594810379 0.017277486910994764 0.022954091816367265
5 0.8866492146596858 0.33632734530938124 0.032984293193717276 0.06187624750499002
1 0.9083769633507853 0.34830339321357284 0.012565445026178011 0.033932135728542916
10 0.21204188481675393 0.00499001996007984 0.012565445026178011 0.00998003992015968
1 0.481413612565445 0.13073852295409183 0.016230366492146597 0.021956087824351298
1 0.9204188481675393 0.3562874251497006 0.020942408376963352 0.05588822355289421
1 0.3947643979057592 0.08932135728542914 0.016753926701570682 0.020958083832335328
5 0.44162303664921465 0.11526946107784432 0.06858638743455497 0.12874251497005987
2 0.8151832460732984 0.31037924151696605 0.041884816753926704 0.05788423153692615
2 0.7287958115183246 0.2679640718562874 0.041884816753926704 0.05688622754491018
1 0.4793193717277487 0.14570858283433133 0.017277486910994764 0.021956087824351298
1 0.3931937172774869 0.10329341317365269 0.018848167539267015 0.022954091816367265
10 0.6853403141361256 0.27295409181636726 0.014659685863874346 0.020958083832335328
1 0.8819371727748692 0.37974051896207583 0.026701570680628273 0.038922155688622756
1 0.3913612565445026 0.13073852295409183 0.01832460732984293 0.02594810379241517
8 0.9321989528795811 0.4091816367265469 0.029842931937172777 0.03992015968063872
10 0.9065445026178011 0.39820359281437123 0.015183246073298429 0.01996007984031936
10 0.6829842931937172 0.28542914171656686 0.015183246073298429 0.017964071856287425
10 0.1649214659685864 0.03243512974051896 0.016753926701570682 0.020958083832335328
10 0.9044502617801047 0.4111776447105788 0.015183246073298429 0.01996007984031936
10 0.6814136125654451 0.29840319361277445 0.016230366492146597 0.01996007984031936
10 0.7916230366492146 0.35429141716566864 0.01780104712041885 0.023952095808383235
5 0.5903141361256544 0.25399201596806387 0.13769633507853404 0.2624750499001996
2 0.7609947643979058 0.34181636726546905 0.03717277486910995 0.10079840319361277
1 0.5091623036649214 0.21457085828343314 0.017277486910994764 0.023952095808383235
1 0.8764397905759163 0.40768463073852296 0.028272251308900525 0.036926147704590816
7 0.13743455497382198 0.03642714570858283 0.042408376963350786 0.07285429141716566
10 0.6793193717277487 0.31187624750499005 0.016230366492146597 0.018962075848303395
8 0.9264397905759162 0.43862275449101795 0.029842931937172777 0.04091816367265469
1 0.6609947643979057 0.3068862275449102 0.013089005235602094 0.03493013972055888
1 0.40654450261780106 0.18213572854291418 0.009947643979057591 0.028942115768463075
1 0.41387434554973823 0.18662674650698602 0.009947643979057591 0.031936127744510975
1 0.4536649214659686 0.20708582834331338 0.012041884816753926 0.03493013972055888
1 0.43324607329842935 0.19610778443113772 0.01099476439790576 0.03293413173652695
1 0.4256544502617801 0.1936127744510978 0.010471204188481676 0.031936127744510975
1 0.4458115183246073 0.20409181636726548 0.012041884816753926 0.03293413173652695
10 0.6774869109947644 0.32435129740518964 0.016753926701570682 0.01996007984031936
2 0.7089005235602094 0.34331337325349304 0.02931937172774869 0.07984031936127745
10 0.8083769633507853 0.3997005988023952 0.016753926701570682 0.022954091816367265
12 0.3078534031413613 0.1472055888223553 0.02617801047120419 0.05089820359281437
10 0.6759162303664922 0.33682634730538924 0.016753926701570682 0.018962075848303395
10 0.7824607329842932 0.39471057884231536 0.012041884816753926 0.03293413173652695
1 0.28534031413612565 0.14021956087824353 0.012565445026178011 0.03293413173652695
10 0.6738219895287958 0.3502994011976048 0.016753926701570682 0.01996007984031936
10 0.7719895287958115 0.4041916167664671 0.01099476439790576 0.031936127744510975
12 0.8489528795811518 0.4481037924151697 0.025654450261780103 0.0499001996007984
10 0.8049738219895288 0.4276447105788423 0.017277486910994764 0.022954091816367265
10 0.35 0.19860279441117765 0.01099476439790576 0.029940119760479042
10 0.3787958115183246 0.21457085828343314 0.012041884816753926 0.031936127744510975
10 0.3581151832460733 0.2030938123752495 0.011518324607329843 0.03293413173652695
1 0.8782722513089005 0.46956087824351295 0.029842931937172777 0.04091816367265469
10 0.36963350785340315 0.21007984031936128 0.012565445026178011 0.03293413173652695
8 0.40445026178010474 0.22904191616766467 0.012041884816753926 0.03293413173652695
8 0.4133507853403141 0.23353293413173654 0.01099476439790576 0.029940119760479042
8 0.43350785340314135 0.2440119760479042 0.011518324607329843 0.03293413173652695
8 0.424869109947644 0.24151696606786427 0.012041884816753926 0.033932135728542916
10 0.8023560209424084 0.4441117764471058 0.017277486910994764 0.021956087824351298
1 0.7403141361256544 0.4161676646706587 0.016753926701570682 0.031936127744510975
10 0.7073298429319371 0.40169660678642716 0.016753926701570682 0.022954091816367265
8 0.35104712041884817 0.22005988023952097 0.01832460732984293 0.022954091816367265
8 0.37198952879581154 0.2315369261477046 0.017277486910994764 0.01996007984031936
10 0.6649214659685864 0.3842315369261477 0.016753926701570682 0.021956087824351298
8 0.40523560209424087 0.25249500998003993 0.016753926701570682 0.01996007984031936
8 0.4261780104712042 0.2629740518962076 0.01780104712041885 0.020958083832335328
2 0.9280104712041884 0.5219560878243513 0.06753926701570681 0.13373253493013973
10 0.1837696335078534 0.1412175648702595 0.012565445026178011 0.03293413173652695
0 0.12460732984293194 0.11327345309381237 0.0806282722513089 0.13273453093812376
10 0.8382198952879581 0.4805389221556886 0.014659685863874346 0.018962075848303395
1 0.3138743455497382 0.21407185628742514 0.020418848167539267 0.054890219560878244
5 0.8672774869109947 0.5024950099800399 0.024607329842931937 0.038922155688622756
10 0.8039267015706806 0.47155688622754494 0.0193717277486911 0.02694610778443114
10 0.6628272251308901 0.40069860279441116 0.016753926701570682 0.022954091816367265
10 0.3649214659685864 0.24900199600798403 0.011518324607329843 0.03293413173652695
10 0.18979057591623036 0.1601796407185629 0.012041884816753926 0.03493013972055888
10 0.34345549738219894 0.23802395209580837 0.012565445026178011 0.03093812375249501
10 0.3730366492146597 0.25399201596806387 0.012041884816753926 0.03493013972055888
10 0.35235602094240837 0.24451097804391217 0.011518324607329843 0.031936127744510975
10 0.3981675392670157 0.2694610778443114 0.01099476439790576 0.029940119760479042
10 0.42774869109947644 0.2844311377245509 0.011518324607329843 0.029940119760479042
1 0.6897905759162304 0.4186626746506986 0.0193717277486911 0.036926147704590816
10 0.40785340314136126 0.27395209580838326 0.011518324607329843 0.03093812375249501
10 0.8366492146596859 0.4945109780439122 0.014659685863874346 0.018962075848303395
10 0.4193717277486911 0.280938123752495 0.011518324607329843 0.03293413173652695
10 0.6604712041884817 0.4166666666666667 0.017277486910994764 0.020958083832335328
1 0.5178010471204189 0.3502994011976048 0.018848167539267015 0.02594810379241517
2 0.28900523560209423 0.2345309381237525 0.028272251308900525 0.07984031936127745
10 0.6581151832460733 0.43263473053892215 0.016753926701570682 0.022954091816367265
1 0.7761780104712042 0.4940119760479042 0.016230366492146597 0.029940119760479042
1 0.8678010471204188 0.5419161676646707 0.028795811518324606 0.03592814371257485
1 0.5549738219895288 0.38822355289421157 0.015706806282722512 0.021956087824351298
10 0.6206806282722513 0.42664670658682635 0.014136125654450262 0.036926147704590816
10 0.6036649214659686 0.4176646706586826 0.009424083769633508 0.03093812375249501
10 0.5900523560209424 0.4106786427145709 0.011518324607329843 0.03493013972055888
10 0.7803664921465968 0.5084830339321357 0.013089005235602094 0.022954091816367265
10 0.569109947643979 0.40119760479041916 0.010471204188481676 0.031936127744510975
10 0.5832460732984294 0.40818363273453095 0.009424083769633508 0.027944111776447105
10 0.6107329842931937 0.4226546906187625 0.01099476439790576 0.03293413173652695
10 0.5769633507853403 0.405189620758483 0.010471204188481676 0.031936127744510975
10 0.5968586387434555 0.4166666666666667 0.010471204188481676 0.03093812375249501
2 0.3730366492146597 0.31037924151696605 0.16387434554973823 0.15169660678642716
10 0.1424083769633508 0.19610778443113772 0.01780104712041885 0.0249500998003992
10 0.6497382198952879 0.4660678642714571 0.012565445026178011 0.023952095808383235
1 0.7900523560209424 0.5399201596806387 0.015706806282722512 0.027944111776447105
7 0.11413612565445026 0.19560878243512975 0.04607329842931937 0.07584830339321358
10 0.643979057591623 0.4725548902195609 0.012565445026178011 0.0249500998003992
10 0.8371727748691099 0.5723552894211577 0.011518324607329843 0.028942115768463075
1 0.6366492146596858 0.4785429141716567 0.014659685863874346 0.028942115768463075
2 0.912565445026178 0.6207584830339321 0.024083769633507852 0.07984031936127745
5 0.8086387434554974 0.5748502994011976 0.03193717277486911 0.059880239520958084
2 0.5913612565445027 0.47305389221556887 0.042408376963350786 0.05788423153692615
10 0.1356020942408377 0.24550898203592814 0.016753926701570682 0.023952095808383235
7 0.10706806282722513 0.2559880239520958 0.04450261780104712 0.07684630738522955
1 0.45209424083769634 0.4471057884231537 0.009947643979057591 0.031936127744510975
1 0.45890052356020944 0.4505988023952096 0.01099476439790576 0.03293413173652695
1 0.8115183246073299 0.6332335329341318 0.016753926701570682 0.03293413173652695