1 0.6403290129611167 0.7087033747779752 0.006480558325024925 0.017761989342806393
1 0.6640079760717846 0.7126998223801065 0.006979062811565304 0.018650088809946713
1 0.6954137587238285 0.7211367673179396 0.00897308075772682 0.012433392539964476
1 0.2619641076769691 0.6571936056838366 0.009471585244267198 0.012433392539964476
1 0.8581754735792622 0.7508880994671403 0.018444666001994018 0.016873889875666074
1 0.6019441674975075 0.7122557726465364 0.006480558325024925 0.019538188277087035
1 0.7193419740777667 0.7424511545293073 0.009970089730807577 0.012433392539964476
1 0.6178963110667997 0.7269094138543517 0.009471585244267198 0.013321492007104795
1 0.7038883349950149 0.7406749555950266 0.00897308075772682 0.010657193605683837
1 0.8454636091724825 0.7633214920071048 0.005982053838484547 0.018650088809946713
1 0.47557328015952144 0.7078152753108348 0.009970089730807577 0.03197158081705151
1 0.5044865403788634 0.7122557726465364 0.009970089730807577 0.03197158081705151
1 0.4556331006979063 0.7042628774422736 0.009970089730807577 0.03197158081705151
1 0.48504486540378866 0.7087033747779752 0.009970089730807577 0.03197158081705151
1 0.49601196410767695 0.7104795737122558 0.009970089730807577 0.03197158081705151
1 0.21784646061814555 0.6682948490230906 0.006979062811565304 0.016873889875666074
1 0.38584247258225324 0.69449378330373 0.009970089730807577 0.03197158081705151
1 0.39581256231306083 0.6962699822380106 0.009970089730807577 0.03197158081705151
1 0.405284147557328 0.6980461811722913 0.009970089730807577 0.03197158081705151
1 0.4356929212362911 0.7024866785079928 0.009970089730807577 0.03197158081705151
1 0.4456630109670987 0.7042628774422736 0.009970089730807577 0.03197158081705151
1 0.46560319042871384 0.7069271758436945 0.009970089730807577 0.03197158081705151
1 0.22781655034895315 0.6709591474245116 0.005982053838484547 0.018650088809946713
1 0.41625124626121635 0.6998223801065719 0.009970089730807577 0.03197158081705151
1 0.42572283150548357 0.7015985790408525 0.009970089730807577 0.03197158081705151
1 0.235543369890329 0.6762877442273535 0.006480558325024925 0.016873889875666074
10 0.17622133599202394 0.6758436944937833 0.01744765702891326 0.017761989342806393
5 0.2918743768693918 0.7078152753108348 0.028414755732801594 0.05328596802841918
10 0.17572283150548354 0.6936056838365897 0.01744765702891326 0.017761989342806393
10 0.8462113659022931 0.8188277087033747 0.009471585244267198 0.03019538188277087
8 0.9653539381854437 0.8601243339253997 0.03339980059820538 0.10568383658969804
8 0.9327018943170489 0.8552397868561279 0.03290129611166501 0.10301953818827708
8 0.9005483549351944 0.8516873889875666 0.03339980059820538 0.10479573712255773
8 0.1864406779661017 0.7784191829484902 0.031904287138584245 0.07015985790408526
3 0.13160518444666003 0.7695381882770871 0.03290129611166501 0.06660746003552398
1 0.04287138584247258 0.7597690941385435 0.013958125623130608 0.04884547069271759
3 0.07278165503489531 0.7699822380106572 0.03389830508474576 0.06216696269982238
10 0.25124626121635096 0.8268206039076377 0.01794616151545364 0.015985790408525755
8 0.18270189431704886 0.8210479573712256 0.019441674975074777 0.016873889875666074
8 0.1296111665004985 0.8134991119005328 0.020937188434695914 0.019538188277087035
2 0.7362911266201396 0.9147424511545293 0.024925224327018942 0.1261101243339254
8 0.07527417746759721 0.8130550621669627 0.019940179461615155 0.016873889875666074
2 0.49675972083748754 0.8849911190053286 0.4541375872382851 0.19271758436944939
10 0.25099700897308075 0.8472468916518651 0.019441674975074777 0.017761989342806393
1 0.844715852442672 0.94449378330373 0.009471585244267198 0.011545293072824156
1 0.8484546360917248 0.9618117229129662 0.019940179461615155 0.017761989342806393
10 0.16550348953140578 0.8561278863232682 0.009970089730807577 0.03197158081705151
10 0.22108673978065801 0.8663410301953819 0.011465603190428714 0.03285968028419183
10 0.10992023928215354 0.8494671403197158 0.009471585244267198 0.03463587921847247
5 0.2504985044865404 0.8734458259325044 0.015453639082751745 0.02930728241563055
9 0.20463609172482553 0.8703374777975134 0.023429710867397806 0.12433392539964476
9 0.14980059820538386 0.8650088809946714 0.023429710867397806 0.12433392539964476
9 0.0944666001994018 0.8570159857904085 0.023429710867397806 0.12433392539964476
10 0.24850448654037888 0.9005328596802842 0.018444666001994018 0.021314387211367674
1 0.8786141575274178 0.9875666074600356 0.059322033898305086 0.023090586145648313
10 0.93419740777667 0.15230905861456484 0.009970089730807577 0.03285968028419183
10 0.2577268195413759 0.06616341030195382 0.019940179461615155 0.016873889875666074
10 0.19441674975074777 0.056838365896980464 0.00897308075772682 0.035523978685612786
12 0.2218344965104686 0.0608348134991119 0.03290129611166501 0.06660746003552398
2 0.5301595214356929 0.11145648312611012 0.4561316051844467 0.1891651865008881
10 0.2873878364905284 0.0741563055062167 0.029411764705882353 0.06838365896980461
12 0.2554835493519442 0.11012433392539965 0.032402791625124626 0.06571936056838366
1 0.8315054835493519 0.20825932504440497 0.00897308075772682 0.011545293072824156
9 0.19366899302093718 0.12211367673179396 0.02642073778664008 0.0452930728241563
10 0.06405782652043869 0.10124333925399645 0.01744765702891326 0.017761989342806393
9 0.09072781655034895 0.108348134991119 0.027916251246261216 0.056838365896980464
10 0.2766699900299103 0.14031971580817051 0.01794616151545364 0.015985790408525755
1 0.2285643070787637 0.1438721136767318 0.028414755732801594 0.023090586145648313
3 0.1507976071784646 0.1336589698046181 0.03738783649052842 0.06127886323268206
1 0.31530408773678964 0.15896980461811722 0.018444666001994018 0.015985790408525755
1 0.9287138584247259 0.26687388987566607 0.01794616151545364 0.016873889875666074
1 0.9247258225324028 0.2810834813499112 0.00897308075772682 0.009769094138543518
1 0.19740777666999004 0.1736234458259325 0.026919242273180457 0.022202486678507993
9 0.2784147557328016 0.19005328596802842 0.019441674975074777 0.0763765541740675
1 0.1485543369890329 0.17673179396092362 0.00897308075772682 0.008880994671403197
10 0.3275174476570289 0.21225577264653642 0.01794616151545364 0.017761989342806393
10 0.29810568295114653 0.21536412078152753 0.019940179461615155 0.016873889875666074
8 0.06156530408773679 0.1811722912966252 0.010468594217347957 0.03197158081705151
10 0.33424725822532403 0.23090586145648312 0.016450648055832504 0.017761989342806393
8 0.10992023928215354 0.19626998223801065 0.036390827517447655 0.0586145648312611
8 0.03913260219341974 0.2091474245115453 0.009471585244267198 0.03285968028419183
1 0.3185443668993021 0.2557726465364121 0.00897308075772682 0.010657193605683837
12 0.29361914257228316 0.2619893428063943 0.03389830508474576 0.0586145648312611
9 0.23454636091724826 0.2690941385435169 0.05633100697906281 0.24866785079928952
3 0.16724825523429712 0.25932504440497334 0.034396809571286144 0.0674955595026643
9 0.1338484546360917 0.2566607460035524 0.024426719840478565 0.15452930728241562
8 0.06779661016949153 0.25044404973357015 0.045862412761714856 0.08170515097690942
8 0.03788634097706879 0.2468916518650089 0.00897308075772682 0.03197158081705151
1 0.5077268195413759 0.32149200710479575 0.006480558325024925 0.017761989342806393
1 0.7681954137587238 0.369449378330373 0.005982053838484547 0.015985790408525755
9 0.9768195413758723 0.40630550621669625 0.045363908275174475 0.2655417406749556
1 0.6672482552342971 0.35657193605683835 0.006480558325024925 0.016873889875666074
10 0.3270189431704885 0.002220248667850799 0.018943170488534396 0.004440497335701598
1 0.5403788634097707 0.3419182948490231 0.019940179461615155 0.07282415630550622
10 0.7362911266201396 0.3716696269982238 0.00897308075772682 0.03285968028419183
10 0.7457627118644068 0.3747779751332149 0.00897308075772682 0.03197158081705151
10 0.7564805583250249 0.3761101243339254 0.010468594217347957 0.03285968028419183
10 0.7265702891326022 0.37122557726465366 0.009471585244267198 0.03374777975133215
10 0.7166001994017946 0.37122557726465366 0.009471585244267198 0.03197158081705151
10 0.6969092721834497 0.36811722912966255 0.00897308075772682 0.03108348134991119
10 0.7068793619142573 0.36900532859680285 0.00897308075772682 0.03108348134991119
10 0.3327517447657029 0.316607460035524 0.01744765702891326 0.018650088809946713
8 0.11141575274177468 0.2824156305506217 0.020438683948155532 0.07282415630550622
8 0.09521435692921236 0.28507992895204265 0.009970089730807577 0.03197158081705151
8 0.5166999002991027 0.35968028419182946 0.009471585244267198 0.03374777975133215
1 0.49601196410767695 0.35701598579040855 0.00897308075772682 0.03197158081705151
8 0.47632103688933203 0.35346358792184723 0.009471585244267198 0.03374777975133215
1 0.44666001994017945 0.34902309058614567 0.00897308075772682 0.03197158081705151
1 0.4666001994017946 0.35257548845470693 0.00897308075772682 0.03197158081705151
1 0.4860418743768694 0.3552397868561279 0.00897308075772682 0.03197158081705151
1 0.5059820538384845 0.35879218472468916 0.00897308075772682 0.03197158081705151
1 0.5259222333000997 0.3614564831261101 0.00897308075772682 0.03197158081705151
8 0.40702891326021934 0.34369449378330375 0.00847457627118644 0.03197158081705151
8 0.45638085742771684 0.35168738898756663 0.00847457627118644 0.03197158081705151
1 0.39730807577268196 0.3428063943161634 0.00897308075772682 0.03197158081705151
1 0.4172482552342971 0.34547069271758435 0.00897308075772682 0.03197158081705151
1 0.4272183449651047 0.347246891651865 0.00897308075772682 0.03197158081705151
1 0.43668993020937186 0.3481349911190053 0.00897308075772682 0.03197158081705151
1 0.35692921236291125 0.33747779751332146 0.00897308075772682 0.03197158081705151
1 0.3673978065802592 0.3383658969804618 0.00897308075772682 0.03197158081705151
1 0.3773678963110668 0.3401420959147424 0.00897308075772682 0.03197158081705151
1 0.386839481555334 0.3428063943161634 0.00897308075772682 0.03197158081705151
12 0.3018444666001994 0.3299289520426288 0.03838484546360917 0.05950266429840142
10 0.33175473579262216 0.3392539964476021 0.020438683948155532 0.014209591474245116
10 0.9247258225324028 0.4325044404973357 0.009970089730807577 0.03197158081705151
1 0.7350448654037887 0.4049733570159858 0.009471585244267198 0.012433392539964476
1 0.7193419740777667 0.40230905861456484 0.00897308075772682 0.010657193605683837
1 0.672233300099701 0.3956483126110124 0.00847457627118644 0.013321492007104795
1 0.6258723828514456 0.38987566607460034 0.009471585244267198 0.012433392539964476
1 0.6395812562313061 0.4049733570159858 0.004985044865403789 0.015985790408525755
8 0.046610169491525424 0.31527531083481347 0.009471585244267198 0.03197158081705151
1 0.6719840478564307 0.4129662522202487 0.007976071784646061 0.010657193605683837
8 0.0775174476570289 0.3206039076376554 0.043369890329012964 0.04085257548845471
1 0.6560319042871385 0.41341030195381884 0.00897308075772682 0.009769094138543518
9 0.2714356929212363 0.35879218472468916 0.02143569292123629 0.07815275310834814
1 0.19217347956131606 0.3512433392539964 0.02642073778664008 0.023978685612788632
1 0.37113659022931206 0.38010657193605685 0.018444666001994018 0.015985790408525755
10 0.2946161515453639 0.37122557726465366 0.01794616151545364 0.017761989342806393
10 0.46834496510468593 0.3978685612788632 0.00847457627118644 0.03197158081705151
1 0.6430707876370887 0.42761989342806395 0.00897308075772682 0.009769094138543518
1 0.6896809571286141 0.436056838365897 0.010468594217347957 0.012433392539964476
10 0.561814556331007 0.4227353463587922 0.01794616151545364 0.017761989342806393
1 0.06555333998005983 0.34991119005328597 0.009471585244267198 0.012433392539964476
10 0.047108673978065806 0.34680284191829486 0.027417746759720838 0.023978685612788632
1 0.37038883349950147 0.39920071047957373 0.01794616151545364 0.016873889875666074
1 0.6273678963110668 0.43872113676731794 0.009471585244267198 0.010657193605683837
1 0.21759720837487537 0.3894316163410302 0.027417746759720838 0.023978685612788632
1 0.36889332003988035 0.41518650088809944 0.01794616151545364 0.016873889875666074
10 0.46635094715852443 0.43161634103019536 0.009471585244267198 0.03019538188277087
1 0.5603190428713859 0.4515985790408526 0.01794616151545364 0.016873889875666074
10 0.6844466600199401 0.47646536412078155 0.018943170488534396 0.018650088809946713
9 0.0775174476570289 0.3867673179396092 0.027417746759720838 0.050621669626998225
9 0.18020937188434696 0.402753108348135 0.027417746759720838 0.050621669626998225
1 0.36889332003988035 0.43472468916518653 0.01794616151545364 0.016873889875666074
10 0.5598205383848455 0.4706927175843694 0.01794616151545364 0.015985790408525755
1 0.48629112662013957 0.46092362344582594 0.018444666001994018 0.015985790408525755
10 0.8835992023928215 0.5297513321492007 0.018444666001994018 0.016873889875666074
8 0.4646061814556331 0.46625222024866786 0.00897308075772682 0.03197158081705151
1 0.3673978065802592 0.4515985790408526 0.01794616151545364 0.016873889875666074
1 0.4461615154536391 0.46625222024866786 0.01794616151545364 0.017761989342806393
1 0.5588235294117647 0.488898756660746 0.01794616151545364 0.016873889875666074
1 0.6861914257228315 0.5115452930728241 0.010468594217347957 0.010657193605683837
3 0.8317547357926222 0.08703374777975133 0.05732801595214357 0.0674955595026643
1 0.10393818544366899 0.4280639431616341 0.018444666001994018 0.017761989342806393
1 0.3664007976071785 0.46936056838365897 0.01794616151545364 0.016873889875666074
1 0.4952642073778664 0.49023090586145646 0.009471585244267198 0.012433392539964476
1 0.9102691924227319 0.5608348134991119 0.010967098703888335 0.011545293072824156
10 0.557826520438684 0.5057726465364121 0.01794616151545364 0.015097690941385435
1 0.646061814556331 0.5204262877442274 0.006979062811565304 0.017761989342806393
1 0.6308574277168495 0.5190941385435168 0.007477567298105683 0.016873889875666074
1 0.9030408773678963 0.10035523978685613 0.05732801595214357 0.056838365896980464
8 0.4406779661016949 0.4911190053285968 0.009970089730807577 0.03197158081705151
1 0.6712362911266201 0.5279751332149201 0.007477567298105683 0.016873889875666074
8 0.4641076769690927 0.5 0.009970089730807577 0.03197158081705151
1 0.6099202392821536 0.5244227353463587 0.006480558325024925 0.016873889875666074
1 0.3659022931206381 0.48712255772646534 0.01794616151545364 0.016873889875666074
1 0.297357926221336 0.47912966252220246 0.006480558325024925 0.018650088809946713
1 0.5568295114656032 0.5235346358792184 0.01794616151545364 0.016873889875666074
1 0.23205383848454636 0.4733570159857904 0.006480558325024925 0.017761989342806393
1 0.25747756729810567 0.477797513321492 0.005483549351944167 0.015985790408525755
10 0.693419740777667 0.5452930728241563 0.009970089730807577 0.03197158081705151
1 0.22258225324027917 0.47202486678507993 0.006480558325024925 0.016873889875666074
1 0.25174476570289134 0.4769094138543517 0.005982053838484547 0.015985790408525755
1 0.9127617148554337 0.5803730017761989 0.018943170488534396 0.016873889875666074
1 0.31879361914257226 0.49023090586145646 0.019441674975074777 0.07104795737122557
1 0.7046360917248256 0.5506216696269982 0.010468594217347957 0.010657193605683837
1 0.7205882352941176 0.5537300177619894 0.010468594217347957 0.013321492007104795
10 0.1296111665004985 0.4644760213143872 0.018943170488534396 0.015985790408525755
10 0.2028913260219342 0.47602131438721135 0.009970089730807577 0.03197158081705151
10 0.028165503489531406 0.4493783303730018 0.010468594217347957 0.035523978685612786
1 0.5563310069790628 0.5412966252220248 0.01794616151545364 0.016873889875666074
1 0.5309072781655035 0.5377442273534636 0.01794616151545364 0.016873889875666074
1 0.48928215353938187 0.5315275310834814 0.018444666001994018 0.018650088809946713
1 0.5079760717846461 0.5355239786856127 0.01794616151545364 0.017761989342806393
1 0.45862412761714855 0.5279751332149201 0.01794616151545364 0.018650088809946713
1 0.43120638085742774 0.5235346358792184 0.01794616151545364 0.016873889875666074
10 0.268444666001994 0.49822380106571934 0.018444666001994018 0.017761989342806393
1 0.5558325024925225 0.5590586145648313 0.01794616151545364 0.016873889875666074
10 0.8556829511465603 0.6087921847246892 0.009471585244267198 0.03285968028419183
1 0.7270687936191426 0.5919182948490231 0.009471585244267198 0.013321492007104795
1 0.7108673978065803 0.5901420959147424 0.010967098703888335 0.013321492007104795
1 0.19541375872382852 0.511101243339254 0.00897308075772682 0.009769094138543518
1 0.6176470588235294 0.577708703374778 0.009970089730807577 0.011545293072824156
1 0.3634097706879362 0.5404085257548845 0.01794616151545364 0.016873889875666074
1 0.4596211365902293 0.5563943161634103 0.009970089730807577 0.03285968028419183
1 0.43818544366899304 0.5572824156305506 0.009970089730807577 0.03108348134991119
1 0.6311066799601196 0.5932504440497336 0.005982053838484547 0.019538188277087035
1 0.6817048853439681 0.6034635879218473 0.009471585244267198 0.011545293072824156
1 0.6473080757726819 0.5994671403197158 0.010468594217347957 0.012433392539964476
3 0.9758225324027916 0.6527531083481349 0.03838484546360917 0.10124333925399645
1 0.2704386839481555 0.5426287744227354 0.009471585244267198 0.014209591474245116
10 0.19192422731804587 0.5315275310834814 0.01794616151545364 0.016873889875666074
1 0.3629112662013958 0.5581705150976909 0.01794616151545364 0.016873889875666074
1 0.49127617148554337 0.5794849023090586 0.009471585244267198 0.03285968028419183
1 0.6702392821535393 0.6101243339253997 0.010468594217347957 0.010657193605683837
1 0.45862412761714855 0.5879218472468917 0.009970089730807577 0.03197158081705151
1 0.5543369890329013 0.6034635879218473 0.01794616151545364 0.016873889875666074
1 0.6350947158524427 0.6158969804618117 0.009970089730807577 0.013321492007104795
8 0.4768195413758724 0.5919182948490231 0.010468594217347957 0.03285968028419183
1 0.36191425722831505 0.5759325044404974 0.01794616151545364 0.016873889875666074
1 0.193419740777667 0.5506216696269982 0.00897308075772682 0.010657193605683837
1 0.43544366899302095 0.5896980461811723 0.009471585244267198 0.03197158081705151
1 0.4900299102691924 0.6030195381882771 0.007976071784646061 0.010657193605683837
1 0.26545363908275177 0.5692717584369449 0.01744765702891326 0.017761989342806393
1 0.6186440677966102 0.6261101243339254 0.009970089730807577 0.014209591474245116
1 0.5528414755732801 0.6207815275310835 0.01794616151545364 0.017761989342806393
1 0.19292123629112662 0.5657193605683837 0.01794616151545364 0.017761989342806393
1 0.3609172482552343 0.5936944937833037 0.01794616151545364 0.016873889875666074
1 0.49700897308075775 0.6256660746003553 0.00897308075772682 0.03285968028419183
1 0.5518444666001994 0.6394316163410302 0.01794616151545364 0.017761989342806393
1 0.3609172482552343 0.6114564831261101 0.01794616151545364 0.016873889875666074
1 0.25523429710867396 0.6030195381882771 0.009970089730807577 0.014209591474245116
1 0.3594217347956132 0.6292184724689165 0.01794616151545364 0.016873889875666074
1 0.2168494516450648 0.6083481349911191 0.005982053838484547 0.015985790408525755
1 0.23155533399800599 0.61101243339254 0.005483549351944167 0.015985790408525755
10 0.7387836490528414 0.6993783303730018 0.009970089730807577 0.03285968028419183
2 0.08898305084745763 0.6030195381882771 0.16999002991026918 0.28063943161634103
1 0.3589232303090728 0.6469804618117229 0.01794616151545364 0.016873889875666074
1 0.6782153539381854 0.6998223801065719 0.009471585244267198 0.012433392539964476