8 0.06204379562043796 0.7084805653710248 0.08797541298501729 0.2381625441696113
3 0.885900883595851 0.7098939929328622 0.028428736073761045 0.06431095406360424
10 0.8102189781021898 0.7130742049469965 0.00768344218209758 0.03392226148409894
6 0.13734152900499424 0.07173144876325088 0.031886285055704955 0.053003533568904596
1 0.530157510564733 0.7159010600706713 0.005378409527468306 0.015547703180212015
1 0.5218978102189781 0.7190812720848057 0.0072992700729927005 0.03180212014134275
1 0.4911640414905878 0.723321554770318 0.01114099116404149 0.04734982332155477
6 0.5074913561275451 0.7268551236749117 0.013830195927775643 0.06148409893992933
6 0.5418747598924318 0.7289752650176679 0.013446023818670765 0.06289752650176679
5 0.8401844026123704 0.7374558303886926 0.043027276219746446 0.07985865724381626
1 0.6830580099884749 0.7395759717314487 0.008451786400307337 0.01060070671378092
1 0.5666538609296965 0.7416961130742049 0.026123703419131773 0.09823321554770319
1 0.5950825970034576 0.7416961130742049 0.02689204763734153 0.09823321554770319
5 0.7543219362274299 0.7484098939929329 0.05339992316557818 0.0989399293286219
1 0.7988859008835959 0.7484098939929329 0.024971187091817133 0.019787985865724382
6 0.18555512869765656 0.7533568904593639 0.032270457164809835 0.05371024734982332
10 0.15021129466000768 0.7678445229681978 0.00768344218209758 0.03180212014134275
6 0.5249711870918171 0.7749116607773852 0.014214368036880523 0.06431095406360424
5 0.685747214752209 0.7791519434628975 0.013830195927775643 0.024734982332155476
10 0.6540530157510565 0.7823321554770318 0.03726469458317326 0.04946996466431095
8 0.8480599308490203 0.7950530035335689 0.016519400691509797 0.01696113074204947
1 0.3803303880138302 0.7957597173144876 0.008451786400307337 0.03109540636042403
1 0.3722627737226277 0.8007067137809187 0.005378409527468306 0.014134275618374558
8 0.9108720706876681 0.8010600706713781 0.016135228582404917 0.014840989399293287
10 0.13100268920476374 0.8014134275618374 0.00768344218209758 0.03109540636042403
10 0.9327698809066461 0.8127208480565371 0.016903572800614674 0.014134275618374558
1 0.1965040338071456 0.8208480565371025 0.015751056473300037 0.06713780918727916
2 0.7973492124471764 0.08268551236749117 0.16634652324241261 0.12438162544169612
5 0.15981559738762965 0.8363957597173145 0.040722243565117174 0.07561837455830389
10 0.1317710334229735 0.83886925795053 0.00768344218209758 0.03250883392226148
10 0.10122935074913561 0.08586572438162544 0.008067614291202459 0.03180212014134275
2 0.812524010756819 0.8625441696113074 0.026123703419131773 0.045936395759717315
2 0.7598924318094507 0.8650176678445229 0.024587014982712256 0.045229681978798585
2 0.250864387245486 0.8738515901060071 0.01920860545524395 0.12084805653710247
0 0.6346523242412601 0.8784452296819788 0.049942374183634265 0.111660777385159
1 0.13349980791394545 0.8798586572438163 0.017287744909719554 0.015547703180212015
1 0.3764886669227814 0.8812720848056537 0.026123703419131773 0.09752650176678446
10 0.5374567806377257 0.8823321554770318 0.016903572800614674 0.01625441696113074
1 0.176142912024587 0.9017667844522969 0.039569727237802534 0.0353356890459364
8 0.7927391471379178 0.9056537102473499 0.008835958509412217 0.0657243816254417
8 0.8459469842489435 0.9063604240282686 0.009988474836726853 0.06713780918727916
8 0.7387629658086823 0.9067137809187279 0.009220130618517095 0.0636042402826855
1 0.11083365347675758 0.9484098939929329 0.05339992316557818 0.05088339222614841
2 0.8674606223588167 0.9522968197879859 0.024587014982712256 0.040282685512367494
3 0.17595082597003459 0.9540636042402827 0.051479062620053785 0.057950530035335686
10 0.6210142143680368 0.9597173144876325 0.016519400691509797 0.015547703180212015
7 0.6457933154053016 0.9607773851590106 0.021513638109873223 0.019081272084805655
1 0.3720706876680753 0.11448763250883393 0.02727621974644641 0.09752650176678446
0 0.6334998079139454 0.11484098939929328 0.04686899731079524 0.1010600706713781
1 0.30484056857472147 0.11872791519434629 0.02650787552823665 0.09752650176678446
1 0.4001152516327315 0.11978798586572438 0.008835958509412217 0.01060070671378092
10 0.07875528236650019 0.11978798586572438 0.00768344218209758 0.03180212014134275
1 0.14771417595082598 0.13957597173144876 0.014982712255090281 0.0685512367491166
1 0.21628889742604687 0.14275618374558305 0.00768344218209758 0.03109540636042403
10 0.19477525931617365 0.1431095406360424 0.00768344218209758 0.03180212014134275
10 0.20553207837111026 0.1431095406360424 0.00768344218209758 0.0303886925795053
10 0.07875528236650019 0.15653710247349822 0.00768344218209758 0.03180212014134275
5 0.11179408374951978 0.15653710247349822 0.039953899346907414 0.0784452296819788
1 0.08835958509412217 0.19964664310954064 0.016903572800614674 0.01625441696113074
1 0.23626584709950058 0.2021201413427562 0.008451786400307337 0.03250883392226148
1 0.18401844026123704 0.2028268551236749 0.009988474836726853 0.046643109540636045
1 0.22262773722627738 0.2028268551236749 0.011909335382251248 0.0480565371024735
5 0.2028428736073761 0.20318021201413428 0.019976949673453707 0.05441696113074205
10 0.5964271993853246 0.21307420494699647 0.03419131771033423 0.0176678445229682
1 0.12754514022281982 0.21978798586572437 0.039185555128697654 0.03392226148409894
12 0.384172109104879 0.23780918727915196 0.027660391855551286 0.058657243816254416
8 0.430080676142912 0.25724381625441695 0.02650787552823665 0.09752650176678446
1 0.33980023050326547 0.26996466431095406 0.004994237418363427 0.015547703180212015
10 0.2729542835190165 0.27597173144876325 0.008067614291202459 0.0303886925795053
10 0.3113714944295044 0.27597173144876325 0.008067614291202459 0.0303886925795053
10 0.3205916250480215 0.27597173144876325 0.008067614291202459 0.0303886925795053
1 0.33058009988474835 0.27597173144876325 0.0072992700729927005 0.03180212014134275
1 0.20937379946215906 0.2763250883392226 0.0530157510564733 0.0480565371024735
10 0.2541298501728774 0.276678445229682 0.008067614291202459 0.0303886925795053
10 0.2637341529004994 0.276678445229682 0.008067614291202459 0.0303886925795053
10 0.28217441413753364 0.276678445229682 0.008067614291202459 0.0303886925795053
10 0.29216288897426046 0.276678445229682 0.008067614291202459 0.0303886925795053
10 0.30176719170188243 0.276678445229682 0.008067614291202459 0.0303886925795053
10 0.3839800230503265 0.28480565371024735 0.018056089127929314 0.015547703180212015
5 0.6671148674606223 0.29929328621908124 0.058778332693046484 0.1420494699646643
2 0.847867844794468 0.30212014134275617 0.30272762197464465 0.3413427561837456
6 0.1367652708413369 0.31908127208480563 0.07913945447560507 0.14487632508833923
10 0.6198616980407222 0.03250883392226148 0.016519400691509797 0.014134275618374558
7 0.6423357664233577 0.03250883392226148 0.020745293891663467 0.01696113074204947
1 0.4611986169804072 0.32579505300353356 0.02650787552823665 0.09752650176678446
8 0.6073761044948137 0.32720848056537105 0.026123703419131773 0.096113074204947
5 0.49346907414521707 0.3275618374558304 0.024202842873607376 0.045936395759717315
1 0.5217057241644256 0.3275618374558304 0.026123703419131773 0.09681978798586573
1 0.550710718401844 0.32791519434628974 0.025739531310026893 0.09752650176678446
1 0.5791394544756051 0.32826855123674914 0.02650787552823665 0.09681978798586573
1 0.20937379946215906 0.331095406360424 0.0530157510564733 0.04734982332155477
1 0.3401844026123703 0.3371024734982332 0.004994237418363427 0.015547703180212015
2 0.033422973492124475 0.3420494699646643 0.051479062620053785 0.2742049469964664
10 0.33096427199385325 0.3438162544169611 0.0072992700729927005 0.03180212014134275
10 0.2541298501728774 0.34452296819787986 0.0072992700729927005 0.03180212014134275
10 0.2733384556281214 0.34452296819787986 0.0072992700729927005 0.03180212014134275
10 0.30215136381098734 0.34452296819787986 0.0072992700729927005 0.03180212014134275
10 0.3113714944295044 0.34452296819787986 0.0072992700729927005 0.03180212014134275
10 0.3213599692662313 0.34452296819787986 0.0072992700729927005 0.03180212014134275
10 0.2637341529004994 0.3452296819787986 0.0072992700729927005 0.03180212014134275
10 0.2829427583557434 0.3452296819787986 0.0072992700729927005 0.03180212014134275
10 0.29254706108336537 0.3452296819787986 0.0072992700729927005 0.03180212014134275
7 0.0958509412216673 0.0353356890459364 0.02650787552823665 0.025441696113074206
1 0.6267767960046101 0.3600706713780919 0.008067614291202459 0.0303886925795053
10 0.49346907414521707 0.3657243816254417 0.016519400691509797 0.01625441696113074
10 0.09104878985785632 0.37809187279151946 0.008451786400307337 0.03250883392226148
10 0.20341913177103343 0.38480565371024733 0.03495966192854399 0.0176678445229682
1 0.24087591240875914 0.407773851590106 0.01536688436419516 0.06925795053003533
10 0.07913945447560507 0.4109540636042403 0.008451786400307337 0.03180212014134275
10 0.6730695351517479 0.415547703180212 0.016135228582404917 0.014134275618374558
1 0.14905877833269304 0.4303886925795053 0.01536688436419516 0.06925795053003533
10 0.6730695351517479 0.43250883392226147 0.016135228582404917 0.014134275618374558
1 0.3628505570495582 0.04452296819787986 0.016519400691509797 0.015547703180212015
1 0.42585478294275836 0.4462897526501767 0.025739531310026893 0.09823321554770319
5 0.11083365347675758 0.4462897526501767 0.039569727237802534 0.07561837455830389
1 0.629850172877449 0.44840989399293285 0.02650787552823665 0.09681978798586573
10 0.07894736842105263 0.44840989399293285 0.008067614291202459 0.03180212014134275
5 0.32616212063004224 0.44946996466431094 0.13446023818670763 0.16113074204946998
10 0.6730695351517479 0.4501766784452297 0.016135228582404917 0.014134275618374558
6 0.7310795236265847 0.4713780918727915 0.033038801383019595 0.025441696113074206
1 0.7646945831732617 0.47208480565371025 0.024971187091817133 0.019787985865724382
1 0.24126008451786402 0.49187279151943464 0.016135228582404917 0.06925795053003533
1 0.08739915482135997 0.492226148409894 0.017287744909719554 0.014840989399293287
1 0.19227814060699194 0.04982332155477032 0.05416826738378794 0.05017667844522968
1 0.8555512869765655 0.503886925795053 0.03611217825585863 0.029681978798586573
1 0.9074145217057241 0.503886925795053 0.052247406838263545 0.0480565371024735
1 0.6215904725316942 0.5095406360424029 0.016135228582404917 0.015547703180212015
5 0.6878601613522858 0.5106007067137809 0.024202842873607376 0.053003533568904596
1 0.1288897426046869 0.5113074204946997 0.039569727237802534 0.03604240282685512
5 0.5284287360737611 0.5335689045936396 0.16327314636957357 0.29823321554770316
6 0.18574721475220898 0.5438162544169611 0.031886285055704955 0.051590106007067135
10 0.8699577410679985 0.5512367491166078 0.015751056473300037 0.015547703180212015
10 0.6947752593161737 0.5575971731448763 0.008067614291202459 0.03109540636042403
1 0.6215904725316942 0.5600706713780919 0.016135228582404917 0.014840989399293287
10 0.1498271225509028 0.5607773851590107 0.008451786400307337 0.03180212014134275
5 0.747406838263542 0.5784452296819788 0.08106031502112947 0.14911660777385158
10 0.09661928543987706 0.057950530035335686 0.016519400691509797 0.014134275618374558
10 0.12908182865923934 0.5936395759717314 0.00768344218209758 0.03109540636042403
1 0.2416442566269689 0.5950530035335689 0.016903572800614674 0.0706713780918728
1 0.8978102189781022 0.5982332155477031 0.00768344218209758 0.01060070671378092
5 0.8657318478678447 0.611660777385159 0.04494813676527084 0.08409893992932863
1 0.1965040338071456 0.6123674911660777 0.014982712255090281 0.0685512367491166
6 0.6911256242796773 0.6187279151943463 0.013830195927775643 0.06289752650176679
1 0.6294660007683442 0.6190812720848057 0.02650787552823665 0.09752650176678446
1 0.4262389550518632 0.620494699646643 0.025739531310026893 0.09752650176678446
10 0.655589704187476 0.6212014134275619 0.008835958509412217 0.0636042402826855
1 0.8334613907030349 0.6243816254416961 0.008067614291202459 0.01060070671378092
1 0.90472531694199 0.6289752650176679 0.00384172109104879 0.014134275618374558
5 0.16019976949673453 0.6300353356890459 0.040722243565117174 0.07703180212014134
10 0.1304264310411064 0.6303886925795052 0.008067614291202459 0.03109540636042403
5 0.32616212063004224 0.6353356890459364 0.13446023818670763 0.16113074204946998
1 0.8340376488666923 0.6367491166077739 0.00768344218209758 0.008480565371024734
10 0.8267383787936996 0.6512367491166078 0.016135228582404917 0.014840989399293287
1 0.8282750672301191 0.6724381625441697 0.004610065309258548 0.014840989399293287
1 0.8351901651940069 0.6724381625441697 0.005378409527468306 0.01625441696113074
1 0.8163657318478679 0.6731448763250883 0.016903572800614674 0.014840989399293287
1 0.8522858240491741 0.6731448763250883 0.024202842873607376 0.02049469964664311
1 0.24145217057241644 0.67773851590106 0.016519400691509797 0.06925795053003533
10 0.7383787936995774 0.6798586572438162 0.016903572800614674 0.014134275618374558
1 0.13849404533230888 0.6833922261484099 0.016519400691509797 0.015547703180212015
5 0.7126392623895506 0.6886925795053004 0.025355359200922013 0.045936395759717315
1 0.17575873991548213 0.6929328621908127 0.039569727237802534 0.03462897526501767
2 0.9360353438340376 0.7031802120141343 0.06569343065693431 0.17950530035335688