1 0.6135382955771306 0.7168269230769231 0.008090614886731391 0.020192307692307693
1 0.6380798274002157 0.7288461538461538 0.008629989212513484 0.021153846153846155
1 0.6709816612729234 0.7475961538461539 0.010787486515641856 0.016346153846153847
1 0.21359223300970873 0.5480769230769231 0.010787486515641856 0.015384615384615385
1 0.8422330097087378 0.8288461538461539 0.021035598705501618 0.023076923076923078
1 0.5722761596548004 0.7091346153846154 0.008629989212513484 0.022115384615384617
1 0.6949838187702265 0.7769230769230769 0.011326860841423949 0.015384615384615385
1 0.5881877022653722 0.7302884615384615 0.011326860841423949 0.016346153846153847
1 0.6788025889967637 0.770673076923077 0.010248112189859764 0.014423076923076924
1 0.8276699029126213 0.8384615384615385 0.008090614886731391 0.021153846153846155
1 0.43716289104638617 0.6663461538461538 0.01348435814455232 0.03653846153846154
1 0.4684466019417476 0.6807692307692308 0.01348435814455232 0.03653846153846154
1 0.4166666666666667 0.6576923076923077 0.01348435814455232 0.03653846153846154
1 0.44741100323624594 0.6711538461538461 0.01348435814455232 0.03653846153846154
1 0.4587378640776699 0.6759615384615385 0.01348435814455232 0.03653846153846154
1 0.16558791801510248 0.5471153846153847 0.008629989212513484 0.019230769230769232
1 0.34331175836030203 0.6259615384615385 0.01348435814455232 0.03653846153846154
1 0.3535598705501618 0.6307692307692307 0.01348435814455232 0.03653846153846154
1 0.36326860841423947 0.6346153846153846 0.01348435814455232 0.03653846153846154
1 0.39563106796116504 0.6490384615384616 0.01348435814455232 0.03653846153846154
1 0.4058791801510248 0.6538461538461539 0.01348435814455232 0.03653846153846154
1 0.42691477885652646 0.6625 0.01348435814455232 0.03653846153846154
1 0.17664509169363538 0.5528846153846154 0.008090614886731391 0.021153846153846155
1 0.37459546925566345 0.6403846153846153 0.01348435814455232 0.03653846153846154
1 0.3848435814455232 0.6451923076923077 0.01348435814455232 0.03653846153846154
1 0.18419633225458468 0.5605769230769231 0.008090614886731391 0.019230769230769232
10 0.12055016181229773 0.5427884615384615 0.019956850053937433 0.02403846153846154
5 0.24110032362459546 0.6110576923076924 0.034519956850053934 0.06442307692307692
10 0.11839266450916937 0.5610576923076923 0.019956850053937433 0.02403846153846154
10 0.8230852211434736 0.8971153846153846 0.012944983818770227 0.03461538461538462
8 0.9395900755124056 0.958173076923077 0.032362459546925564 0.08173076923076923
8 0.9120819848975189 0.9514423076923076 0.04422869471413161 0.09519230769230769
8 0.8781014023732471 0.9442307692307692 0.045307443365695796 0.10961538461538461
8 0.12135922330097088 0.6548076923076923 0.039913700107874865 0.08269230769230769
3 0.063915857605178 0.6298076923076923 0.040453074433656956 0.07884615384615384
3 0.011057173678532902 0.6110576923076924 0.022114347357065803 0.07596153846153846
10 0.1866235167206041 0.7264423076923077 0.020496224379719527 0.022115384615384617
8 0.11353829557713054 0.6995192307692307 0.022114347357065803 0.02403846153846154
8 0.05771305285868392 0.6754807692307693 0.023732470334412083 0.025961538461538463
2 0.6966019417475728 0.948076923076923 0.038295577130528585 0.10192307692307692
8 0.0056634304207119745 0.6586538461538461 0.011326860841423949 0.025
2 0.44336569579288027 0.8456730769230769 0.49083063646170444 0.30673076923076925
10 0.18419633225458468 0.7480769230769231 0.022114347357065803 0.025
10 0.09196332254584681 0.7317307692307692 0.01348435814455232 0.03653846153846154
10 0.15048543689320387 0.7591346153846154 0.015102481121898598 0.0375
10 0.0337108953613808 0.708173076923077 0.01348435814455232 0.03942307692307692
5 0.1814994606256742 0.7754807692307693 0.018878101402373247 0.035576923076923075
9 0.13241639697950378 0.7591346153846154 0.036138079827400214 0.13557692307692307
9 0.07470334412081985 0.7360576923076924 0.036138079827400214 0.13557692307692307
9 0.017259978425026967 0.7115384615384616 0.034519956850053934 0.13653846153846153
10 0.1761057173678533 0.8043269230769231 0.021035598705501618 0.027884615384615386
10 0.9797734627831716 0.21394230769230768 0.01348435814455232 0.03365384615384615
2 0.5507011866235167 0.1076923076923077 0.48975188781014023 0.2153846153846154
1 0.8654261057173679 0.2403846153846154 0.010248112189859764 0.015384615384615385
10 0.279126213592233 0.0057692307692307696 0.021035598705501618 0.011538461538461539
1 0.31850053937432576 0.03221153846153846 0.021035598705501618 0.022115384615384617
1 0.9638619201725998 0.3317307692307692 0.020496224379719527 0.023076923076923078
1 0.9581984897518878 0.34615384615384615 0.010248112189859764 0.013461538461538462
1 0.1912081984897519 0.014423076923076924 0.030744336569579287 0.028846153846153848
9 0.27642934196332253 0.05432692307692308 0.02750809061488673 0.08557692307692308
1 0.13861920172599784 0.0038461538461538464 0.010787486515641856 0.007692307692307693
10 0.3263214670981661 0.09182692307692308 0.020496224379719527 0.02403846153846154
10 0.29449838187702265 0.08701923076923077 0.022653721682847898 0.02403846153846154
10 0.3319848975188781 0.11442307692307692 0.018878101402373247 0.023076923076923078
8 0.09519956850053937 0.022596153846153846 0.043689320388349516 0.04519230769230769
1 0.3125674217907228 0.1360576923076923 0.010248112189859764 0.014423076923076924
12 0.2853290183387271 0.13557692307692307 0.040992448759439054 0.07115384615384615
9 0.22168284789644013 0.13173076923076923 0.08306364617044229 0.26346153846153847
3 0.15048543689320387 0.09423076923076923 0.042071197411003236 0.08076923076923077
9 0.11488673139158576 0.08317307692307692 0.040992448759439054 0.16634615384615384
8 0.05771305285868392 0.06009615384615385 0.032362459546925564 0.08942307692307692
1 0.5088996763754046 0.26298076923076924 0.008090614886731391 0.020192307692307693
1 0.7823624595469255 0.39278846153846153 0.008090614886731391 0.01826923076923077
9 0.982200647249191 0.4932692307692308 0.034519956850053934 0.2865384615384615
1 0.6755663430420712 0.3490384615384615 0.008090614886731391 0.019230769230769232
1 0.5418015102481122 0.29471153846153847 0.02750809061488673 0.08173076923076923
10 0.7478425026968716 0.3860576923076923 0.012405609492988134 0.0375
10 0.7580906148867314 0.3923076923076923 0.012405609492988134 0.03653846153846154
10 0.7691477885652643 0.39663461538461536 0.014023732470334413 0.0375
10 0.7378640776699029 0.38269230769230766 0.012944983818770227 0.038461538461538464
10 0.727076591154261 0.37884615384615383 0.012944983818770227 0.03653846153846154
10 0.7063106796116505 0.3697115384615385 0.012405609492988134 0.035576923076923075
10 0.7165587918015103 0.37451923076923077 0.012405609492988134 0.035576923076923075
10 0.32173678532901834 0.2048076923076923 0.019956850053937433 0.025
8 0.0889967637540453 0.10240384615384615 0.028047464940668825 0.08173076923076923
8 0.0714670981661273 0.1 0.01348435814455232 0.03653846153846154
8 0.5145631067961165 0.30673076923076925 0.012944983818770227 0.038461538461538464
1 0.49271844660194175 0.2980769230769231 0.012405609492988134 0.03653846153846154
8 0.47195253505933116 0.28846153846153844 0.012944983818770227 0.038461538461538464
1 0.44039913700107874 0.275 0.012405609492988134 0.03653846153846154
1 0.4614347357065804 0.28365384615384615 0.012405609492988134 0.03653846153846154
1 0.482470334412082 0.2932692307692308 0.012405609492988134 0.03653846153846154
1 0.5035059331175836 0.30288461538461536 0.012405609492988134 0.03653846153846154
1 0.5240021574973032 0.31153846153846154 0.012405609492988134 0.03653846153846154
8 0.39913700107874867 0.25721153846153844 0.011866235167206042 0.035576923076923075
8 0.45091693635382957 0.28028846153846154 0.011866235167206042 0.035576923076923075
1 0.38861920172599784 0.2528846153846154 0.012405609492988134 0.03653846153846154
1 0.40965480043149943 0.26153846153846155 0.012405609492988134 0.03653846153846154
1 0.4199029126213592 0.26634615384615384 0.012405609492988134 0.03653846153846154
1 0.430151024811219 0.27115384615384613 0.012405609492988134 0.03653846153846154
1 0.3460086299892125 0.23461538461538461 0.012405609492988134 0.03653846153846154
1 0.3567961165048544 0.23942307692307693 0.012405609492988134 0.03653846153846154
1 0.3675836030204962 0.24423076923076922 0.012405609492988134 0.03653846153846154
1 0.3772923408845739 0.24903846153846154 0.012405609492988134 0.03653846153846154
12 0.2877562028047465 0.2110576923076923 0.04584681769147789 0.07403846153846154
10 0.3187702265372168 0.2298076923076923 0.022653721682847898 0.021153846153846155
10 0.9436353829557713 0.5076923076923077 0.01348435814455232 0.03653846153846154
1 0.743797195253506 0.42115384615384616 0.010787486515641856 0.015384615384615385
1 0.72680690399137 0.41394230769230766 0.010248112189859764 0.014423076923076924
1 0.6777238403451996 0.39278846153846153 0.010248112189859764 0.016346153846153847
1 0.6283710895361381 0.3721153846153846 0.010787486515641856 0.015384615384615385
1 0.6415857605177994 0.39278846153846153 0.007011866235167206 0.01826923076923077
1 0.6755663430420712 0.41057692307692306 0.009169363538295576 0.013461538461538462
8 0.05447680690399137 0.13413461538461538 0.039913700107874865 0.052884615384615384
1 0.6583063646170443 0.40576923076923077 0.010248112189859764 0.013461538461538462
9 0.25269687162891047 0.23125 0.0296655879180151 0.0875
1 0.168554476806904 0.20048076923076924 0.0296655879180151 0.03365384615384615
1 0.3567961165048544 0.28509615384615383 0.021035598705501618 0.022115384615384617
10 0.2761596548004315 0.25240384615384615 0.020496224379719527 0.02403846153846154
10 0.459007551240561 0.3331730769230769 0.011866235167206042 0.035576923076923075
1 0.6432038834951457 0.4182692307692308 0.010248112189859764 0.013461538461538462
1 0.6925566343042071 0.44134615384615383 0.011866235167206042 0.015384615384615385
10 0.5571736785329018 0.38798076923076924 0.020496224379719527 0.02403846153846154
1 0.03532901833872708 0.16153846153846155 0.008090614886731391 0.015384615384615385
1 0.35436893203883496 0.30480769230769234 0.020496224379719527 0.023076923076923078
1 0.6251348435814456 0.425 0.010787486515641856 0.013461538461538462
1 0.19228694714131608 0.24807692307692308 0.030744336569579287 0.032692307692307694
1 0.3511326860841424 0.32211538461538464 0.020496224379719527 0.023076923076923078
10 0.45415318230852214 0.36923076923076925 0.012944983818770227 0.03461538461538462
1 0.5528586839266451 0.4182692307692308 0.020496224379719527 0.023076923076923078
10 0.6828478964401294 0.4826923076923077 0.021574973031283712 0.025
9 0.04261057173678533 0.20384615384615384 0.03344120819848975 0.06153846153846154
9 0.15102481121898598 0.2519230769230769 0.03344120819848975 0.06153846153846154
1 0.34951456310679613 0.34326923076923077 0.020496224379719527 0.023076923076923078
10 0.5501618122977346 0.43798076923076923 0.020496224379719527 0.022115384615384617
1 0.4722222222222222 0.40528846153846154 0.021035598705501618 0.022115384615384617
10 0.8902373247033442 0.5990384615384615 0.021035598705501618 0.023076923076923078
8 0.44902912621359226 0.4048076923076923 0.012405609492988134 0.03653846153846154
1 0.34627831715210355 0.3605769230769231 0.020496224379719527 0.023076923076923078
1 0.42934196332254587 0.3995192307692308 0.020496224379719527 0.02403846153846154
1 0.5474649406688241 0.4576923076923077 0.020496224379719527 0.023076923076923078
1 0.6812297734627831 0.520673076923077 0.011866235167206042 0.014423076923076924
1 0.06715210355987054 0.2552884615384615 0.021035598705501618 0.02403846153846154
1 0.3435814455231931 0.37884615384615383 0.020496224379719527 0.023076923076923078
1 0.47896440129449835 0.4403846153846154 0.010787486515641856 0.015384615384615385
1 0.9161272923408845 0.6403846153846153 0.012405609492988134 0.015384615384615385
10 0.5444983818770227 0.475 0.019956850053937433 0.021153846153846155
1 0.6375404530744336 0.5177884615384616 0.008629989212513484 0.020192307692307693
1 0.6216289104638619 0.5110576923076923 0.009169363538295576 0.020192307692307693
8 0.4204422869471413 0.42403846153846153 0.01348435814455232 0.03653846153846154
1 0.6637001078748651 0.5331730769230769 0.009169363538295576 0.020192307692307693
8 0.4452535059331176 0.44134615384615383 0.01348435814455232 0.03653846153846154
1 0.598435814455232 0.5115384615384615 0.008090614886731391 0.019230769230769232
1 0.3414239482200647 0.39807692307692305 0.020496224379719527 0.023076923076923078
1 0.2691477885652643 0.3682692307692308 0.008629989212513484 0.021153846153846155
1 0.5420711974110033 0.49423076923076925 0.020496224379719527 0.023076923076923078
1 0.19983818770226539 0.34278846153846154 0.008090614886731391 0.020192307692307693
1 0.22653721682847897 0.3543269230769231 0.007551240560949299 0.01826923076923077
10 0.685814455231931 0.5586538461538462 0.01348435814455232 0.03653846153846154
1 0.18959007551240561 0.3384615384615385 0.008090614886731391 0.019230769230769232
1 0.2203344120819849 0.3524038461538462 0.008090614886731391 0.01826923076923077
1 0.9163969795037756 0.6625 0.021574973031283712 0.023076923076923078
1 0.29072276159654803 0.3860576923076923 0.02696871628910464 0.0798076923076923
1 0.6974110032362459 0.5677884615384615 0.011866235167206042 0.014423076923076924
1 0.7144012944983819 0.5754807692307692 0.012405609492988134 0.016346153846153847
10 0.09061488673139159 0.30288461538461536 0.021574973031283712 0.023076923076923078
10 0.168554476806904 0.33653846153846156 0.01348435814455232 0.03653846153846154
1 0.5393743257820928 0.5125 0.020496224379719527 0.023076923076923078
1 0.5129449838187702 0.5019230769230769 0.020496224379719527 0.023076923076923078
1 0.4689859762675297 0.4826923076923077 0.021035598705501618 0.025
1 0.4886731391585761 0.49182692307692305 0.020496224379719527 0.02403846153846154
1 0.4368932038834951 0.46923076923076923 0.020496224379719527 0.025
1 0.4077669902912621 0.4567307692307692 0.020496224379719527 0.023076923076923078
10 0.23597626752966558 0.3802884615384615 0.021035598705501618 0.02403846153846154
1 0.5372168284789643 0.5317307692307692 0.020496224379719527 0.023076923076923078
10 0.8527508090614887 0.6754807692307693 0.012944983818770227 0.0375
1 0.7170981661272924 0.61875 0.011326860841423949 0.016346153846153847
1 0.7001078748651565 0.6115384615384616 0.012944983818770227 0.01730769230769231
1 0.15668824163969794 0.37115384615384617 0.010248112189859764 0.013461538461538462
1 0.6016720604099245 0.5697115384615384 0.011326860841423949 0.014423076923076924
1 0.3338727076591154 0.45384615384615384 0.020496224379719527 0.023076923076923078
1 0.4350053937432578 0.5004807692307692 0.01348435814455232 0.0375
1 0.41181229773462785 0.4947115384615385 0.01348435814455232 0.035576923076923075
1 0.6146170442286947 0.5908653846153846 0.008090614886731391 0.022115384615384617
1 0.6677454153182308 0.6177884615384616 0.010787486515641856 0.014423076923076924
1 0.6316073354908306 0.6028846153846154 0.011866235167206042 0.015384615384615385
3 0.9689859762675297 0.7557692307692307 0.03290183387270766 0.10961538461538461
1 0.23381877022653721 0.4288461538461538 0.011326860841423949 0.01730769230769231
10 0.15102481121898598 0.3923076923076923 0.020496224379719527 0.023076923076923078
1 0.33117583603020495 0.47307692307692306 0.020496224379719527 0.023076923076923078
1 0.4665587918015103 0.5341346153846154 0.012944983818770227 0.0375
1 0.6548004314994607 0.6216346153846154 0.011866235167206042 0.014423076923076924
1 0.4306903991370011 0.5336538461538461 0.01348435814455232 0.03653846153846154
1 0.5312837108953614 0.5788461538461539 0.020496224379719527 0.023076923076923078
1 0.616504854368932 0.6168269230769231 0.011866235167206042 0.016346153846153847
8 0.44983818770226536 0.5427884615384615 0.014023732470334413 0.0375
1 0.3284789644012945 0.4913461538461538 0.020496224379719527 0.023076923076923078
1 0.15075512405609492 0.4129807692307692 0.010248112189859764 0.014423076923076924
1 0.40614886731391586 0.5288461538461539 0.012944983818770227 0.03653846153846154
1 0.46305285868392665 0.5586538461538462 0.009169363538295576 0.013461538461538462
1 0.2262675296655879 0.45528846153846153 0.019956850053937433 0.02403846153846154
1 0.5981661272923409 0.6230769230769231 0.011866235167206042 0.01730769230769231
1 0.5280474649406688 0.5966346153846154 0.020496224379719527 0.02403846153846154
1 0.1494066882416397 0.42932692307692305 0.020496224379719527 0.02403846153846154
1 0.325782092772384 0.5096153846153846 0.020496224379719527 0.023076923076923078
1 0.4684466019417476 0.5850961538461539 0.012405609492988134 0.0375
1 0.5253505933117584 0.6168269230769231 0.020496224379719527 0.02403846153846154
1 0.32416396979503775 0.5288461538461539 0.020496224379719527 0.023076923076923078
1 0.21197411003236247 0.48846153846153845 0.011866235167206042 0.01730769230769231
1 0.3209277238403452 0.5471153846153847 0.020496224379719527 0.023076923076923078
1 0.17071197411003236 0.48221153846153847 0.008090614886731391 0.01826923076923077
1 0.18608414239482202 0.4889423076923077 0.007551240560949299 0.01826923076923077
10 0.7192556634304207 0.7370192307692308 0.01348435814455232 0.0375
2 0.06823085221143474 0.44759615384615387 0.13646170442286948 0.32596153846153847
1 0.3187702265372168 0.5663461538461538 0.020496224379719527 0.023076923076923078
1 0.6548004314994607 0.7192307692307692 0.010787486515641856 0.015384615384615385