10 0.45026750972762647 0.34424867021276595 0.0036478599221789884 0.010305851063829786
10 0.4393239299610895 0.34441489361702127 0.00316147859922179 0.010638297872340425
10 0.4606031128404669 0.34441489361702127 0.0038910505836575876 0.00997340425531915
10 0.4661964980544747 0.34441489361702127 0.003404669260700389 0.010638297872340425
10 0.4073443579766537 0.3445811170212766 0.003404669260700389 0.01163563829787234
10 0.42339494163424124 0.3445811170212766 0.003404669260700389 0.01163563829787234
10 0.4286235408560311 0.3445811170212766 0.00316147859922179 0.01163563829787234
10 0.44479571984435795 0.3445811170212766 0.003404669260700389 0.010970744680851064
10 0.45549610894941633 0.3445811170212766 0.003404669260700389 0.00964095744680851
10 0.41269455252918286 0.3447473404255319 0.0038910505836575876 0.011303191489361703
10 0.4180447470817121 0.3447473404255319 0.0038910505836575876 0.011968085106382979
10 0.4342169260700389 0.3447473404255319 0.00316147859922179 0.011303191489361703
10 0.4714250972762646 0.3447473404255319 0.0036478599221789884 0.011303191489361703
10 0.4766536964980545 0.3447473404255319 0.003404669260700389 0.010638297872340425
10 0.48759727626459143 0.3449135638297872 0.003404669260700389 0.010970744680851064
10 0.0648103112840467 0.3449135638297872 0.0036478599221789884 0.010305851063829786
10 0.49294747081712065 0.34507978723404253 0.003404669260700389 0.011303191489361703
10 0.4982976653696498 0.34507978723404253 0.003404669260700389 0.010638297872340425
10 0.05958171206225681 0.34507978723404253 0.003404669260700389 0.010638297872340425
10 0.10761186770428016 0.34507978723404253 0.0036478599221789884 0.011303191489361703
10 0.07538910505836575 0.34524601063829785 0.003404669260700389 0.010970744680851064
10 0.0966682879377432 0.34524601063829785 0.0036478599221789884 0.010970744680851064
10 0.08061770428015565 0.34541223404255317 0.00316147859922179 0.010638297872340425
10 0.08621108949416342 0.34541223404255317 0.0036478599221789884 0.011303191489361703
10 0.0915612840466926 0.34541223404255317 0.00316147859922179 0.010638297872340425
10 0.10201848249027237 0.34541223404255317 0.0036478599221789884 0.010638297872340425
10 0.11271887159533074 0.34541223404255317 0.0036478599221789884 0.011303191489361703
10 0.12876945525291827 0.34541223404255317 0.0036478599221789884 0.011968085106382979
10 0.07003891050583658 0.3455784574468085 0.003404669260700389 0.010970744680851064
10 0.11806906614785992 0.3455784574468085 0.00316147859922179 0.010970744680851064
10 0.12354085603112841 0.3455784574468085 0.0038910505836575876 0.010970744680851064
10 0.13411964980544747 0.3455784574468085 0.0036478599221789884 0.012300531914893617
10 0.48261186770428016 0.34574468085106386 0.00316147859922179 0.011303191489361703
10 0.13922665369649806 0.34574468085106386 0.00316147859922179 0.011968085106382979
10 0.15004863813229571 0.34574468085106386 0.003404669260700389 0.011968085106382979
10 0.14457684824902725 0.3460771276595745 0.0036478599221789884 0.011303191489361703
10 0.15892509727626458 0.3505651595744681 0.008511673151750972 0.004321808510638298
10 0.3979815175097276 0.35206117021276595 0.008511673151750972 0.004654255319148936
10 0.15916828793774318 0.3575465425531915 0.008511673151750972 0.004321808510638298
10 0.05544747081712062 0.35771276595744683 0.007782101167315175 0.004654255319148936
10 0.3981031128404669 0.3592087765957447 0.008268482490272374 0.004986702127659575
2 0.9225437743190662 0.3595412234042553 0.01532101167315175 0.01961436170212766
10 0.5018239299610895 0.35987367021276595 0.007538910505836576 0.004986702127659575
2 0.8337791828793775 0.36136968085106386 0.012889105058365758 0.017287234042553192
10 0.05544747081712062 0.3646941489361702 0.008268482490272374 0.004654255319148936
10 0.15880350194552528 0.3650265957446808 0.007782101167315175 0.004654255319148936
10 0.3979815175097276 0.36685505319148937 0.008025291828793774 0.004986702127659575
10 0.5021887159533074 0.3670212765957447 0.007782101167315175 0.004654255319148936
10 0.05556906614785992 0.3718417553191489 0.007538910505836576 0.004986702127659575
10 0.15892509727626458 0.3723404255319149 0.008025291828793774 0.003989361702127659
10 0.3978599221789883 0.3741688829787234 0.008268482490272374 0.004986702127659575
10 0.5015807392996109 0.37450132978723405 0.007538910505836576 0.004986702127659575
10 0.05532587548638132 0.379155585106383 0.007538910505836576 0.004321808510638298
10 0.15904669260700388 0.3793218085106383 0.007782101167315175 0.004654255319148936
10 0.3978599221789883 0.38115026595744683 0.008268482490272374 0.004321808510638298
10 0.5017023346303502 0.3816489361702128 0.007782101167315175 0.004654255319148936
10 0.05520428015564202 0.386469414893617 0.007782101167315175 0.004986702127659575
10 0.15892509727626458 0.386968085106383 0.008025291828793774 0.004654255319148936
1 0.028696498054474707 0.3871343085106383 0.01264591439688716 0.005651595744680851
10 0.017509727626459144 0.38763297872340424 0.007782101167315175 0.004654255319148936
10 0.040126459143968875 0.3882978723404255 0.007782101167315175 0.005319148936170213
10 0.3978599221789883 0.3884640957446808 0.008268482490272374 0.004986702127659575
10 0.5240758754863813 0.3884640957446808 0.007295719844357977 0.004986702127659575
8 0.549489299610895 0.3884640957446808 0.008511673151750972 0.004986702127659575
10 0.5020671206225681 0.38896276595744683 0.007538910505836576 0.004654255319148936
10 0.05532587548638132 0.3937832446808511 0.007538910505836576 0.004321808510638298
10 0.15880350194552528 0.3941156914893617 0.007782101167315175 0.004321808510638298
10 0.3981031128404669 0.3961103723404255 0.007782101167315175 0.004986702127659575
10 0.5017023346303502 0.39644281914893614 0.007295719844357977 0.004321808510638298
5 0.27504863813229574 0.3994348404255319 0.1561284046692607 0.21309840425531915
2 0.026872568093385216 0.40043218085106386 0.03477626459143969 0.01695478723404255
2 0.5483949416342413 0.4009308510638298 0.011186770428015564 0.015957446808510637
10 0.05532587548638132 0.4010970744680851 0.008025291828793774 0.004986702127659575
10 0.15868190661478598 0.40142952127659576 0.007538910505836576 0.004986702127659575
5 0.45099708171206226 0.402094414893617 0.07465953307392996 0.09142287234042554
10 0.3979815175097276 0.40325797872340424 0.008025291828793774 0.005319148936170213
10 0.5019455252918288 0.4037566489361702 0.007295719844357977 0.004986702127659575
5 0.10274805447470817 0.4039228723404255 0.07563229571984435 0.09175531914893617
10 0.05520428015564202 0.40824468085106386 0.007782101167315175 0.004654255319148936
10 0.15868190661478598 0.4085771276595745 0.008511673151750972 0.004654255319148936
10 0.397738326848249 0.41023936170212766 0.008025291828793774 0.004654255319148936
10 0.5019455252918288 0.4109042553191489 0.007295719844357977 0.004654255319148936
10 0.054839494163424124 0.4158909574468085 0.007538910505836576 0.004654255319148936
10 0.15892509727626458 0.4158909574468085 0.008025291828793774 0.004654255319148936
1 0.5389105058365758 0.4167220744680851 0.011673151750972763 0.006316489361702127
10 0.5510700389105059 0.4173869680851064 0.007782101167315175 0.004321808510638298
10 0.3976167315175097 0.41788563829787234 0.007782101167315175 0.004654255319148936
8 0.5229815175097277 0.41788563829787234 0.007538910505836576 0.005319148936170213
10 0.018239299610894943 0.41805186170212766 0.007782101167315175 0.0036569148936170214
10 0.04061284046692607 0.418218085106383 0.007782101167315175 0.004654255319148936
10 0.5018239299610895 0.4183843085106383 0.007538910505836576 0.004986702127659575
2 0.6884727626459144 0.42237367021276595 0.019455252918287938 0.032247340425531915
10 0.05508268482490272 0.42253989361702127 0.008025291828793774 0.004654255319148936
10 0.15892509727626458 0.42337101063829785 0.008025291828793774 0.004321808510638298
10 0.3978599221789883 0.42486702127659576 0.007782101167315175 0.004654255319148936
10 0.5019455252918288 0.425531914893617 0.007295719844357977 0.004654255319148936
2 0.5950875486381323 0.42902260638297873 0.01264591439688716 0.018284574468085107
2 0.03830252918287938 0.4298537234042553 0.011916342412451361 0.016622340425531915
2 0.5252918287937743 0.43001994680851063 0.010700389105058366 0.01695478723404255
10 0.05520428015564202 0.43018617021276595 0.007782101167315175 0.005319148936170213
10 0.15880350194552528 0.4308510638297872 0.007782101167315175 0.004654255319148936
10 0.3976167315175097 0.43251329787234044 0.007782101167315175 0.004654255319148936
10 0.5018239299610895 0.43251329787234044 0.008025291828793774 0.004654255319148936
10 0.05508268482490272 0.4376662234042553 0.008025291828793774 0.004986702127659575
10 0.15880350194552528 0.43799867021276595 0.007782101167315175 0.004986702127659575
10 0.3976167315175097 0.4396609042553192 0.008754863813229572 0.004986702127659575
10 0.5018239299610895 0.4401595744680851 0.008025291828793774 0.004654255319148936
10 0.05520428015564202 0.4451462765957447 0.007782101167315175 0.005319148936170213
10 0.15868190661478598 0.4453125 0.007538910505836576 0.004986702127659575
10 0.3973735408560311 0.4471409574468085 0.008268482490272374 0.004654255319148936
10 0.5021887159533074 0.4474734042553192 0.007782101167315175 0.004654255319148936
10 0.15856031128404668 0.45246010638297873 0.008268482490272374 0.004654255319148936
10 0.3974951361867704 0.45445478723404253 0.008511673151750972 0.004654255319148936
10 0.06420233463035019 0.45944148936170215 0.003404669260700389 0.011303191489361703
10 0.06967412451361868 0.45960771276595747 0.00316147859922179 0.010970744680851064
10 0.07514591439688716 0.45960771276595747 0.003404669260700389 0.010970744680851064
10 0.12329766536964981 0.45960771276595747 0.003404669260700389 0.010970744680851064
10 0.13934824902723736 0.45960771276595747 0.003404669260700389 0.010970744680851064
10 0.14457684824902725 0.45960771276595747 0.00316147859922179 0.01163563829787234
10 0.05909533073929961 0.4597739361702128 0.003404669260700389 0.010638297872340425
10 0.0965466926070039 0.4597739361702128 0.003404669260700389 0.011303191489361703
10 0.10165369649805447 0.4597739361702128 0.003404669260700389 0.011303191489361703
10 0.10712548638132295 0.4597739361702128 0.00316147859922179 0.011968085106382979
10 0.11259727626459144 0.4597739361702128 0.003404669260700389 0.011303191489361703
10 0.433852140077821 0.4599401595744681 0.0038910505836575876 0.010970744680851064
10 0.48188229571984437 0.4599401595744681 0.00316147859922179 0.010970744680851064
10 0.11758268482490272 0.4599401595744681 0.0036478599221789884 0.01163563829787234
10 0.12852626459143968 0.4599401595744681 0.0036478599221789884 0.010970744680851064
10 0.13387645914396887 0.4599401595744681 0.00316147859922179 0.010970744680851064
10 0.14968385214007782 0.4599401595744681 0.00316147859922179 0.01163563829787234
10 0.41245136186770426 0.4601063829787234 0.003404669260700389 0.00997340425531915
10 0.4392023346303502 0.4601063829787234 0.003404669260700389 0.011303191489361703
10 0.4659533073929961 0.4601063829787234 0.003404669260700389 0.011303191489361703
10 0.08037451361867705 0.4601063829787234 0.00316147859922179 0.011303191489361703
10 0.08596789883268482 0.4601063829787234 0.00316147859922179 0.011968085106382979
10 0.0910749027237354 0.4601063829787234 0.0036478599221789884 0.011303191489361703
10 0.4073443579766537 0.46027260638297873 0.003404669260700389 0.010305851063829786
10 0.4181663424124514 0.46027260638297873 0.0036478599221789884 0.010970744680851064
10 0.4603599221789883 0.46027260638297873 0.003404669260700389 0.010970744680851064
10 0.4766536964980545 0.46027260638297873 0.003404669260700389 0.010970744680851064
10 0.42315175097276264 0.46043882978723405 0.003404669260700389 0.011968085106382979
10 0.4286235408560311 0.46043882978723405 0.0036478599221789884 0.011968085106382979
10 0.44990272373540857 0.46043882978723405 0.003404669260700389 0.011303191489361703
10 0.471181906614786 0.46043882978723405 0.0036478599221789884 0.010638297872340425
10 0.48723249027237353 0.46043882978723405 0.0036478599221789884 0.011968085106382979
10 0.49246108949416345 0.46043882978723405 0.003404669260700389 0.011303191489361703
10 0.44455252918287935 0.46060505319148937 0.003404669260700389 0.01163563829787234
10 0.45525291828793774 0.46060505319148937 0.0038910505836575876 0.01163563829787234
10 0.4980544747081712 0.46060505319148937 0.003404669260700389 0.010970744680851064
2 0.7518239299610895 0.47523271276595747 0.03526264591439689 0.01695478723404255
2 0.5491245136186771 0.4845412234042553 0.013618677042801557 0.020279255319148936
2 0.14202334630350194 0.48720079787234044 0.014105058365758755 0.018949468085106384
10 0.5840223735408561 0.4895279255319149 0.02748054474708171 0.015625
10 0.6549124513618677 0.4895279255319149 0.02529182879377432 0.015625
5 0.7997324902723736 0.5003324468085106 0.03428988326848249 0.04055851063829787
2 0.40625 0.5093085106382979 0.013861867704280155 0.018617021276595744
12 0.6616001945525292 0.5189494680851063 0.013861867704280155 0.018617021276595744
6 0.26361867704280156 0.5232712765957447 0.007295719844357977 0.0199468085106383
7 0.6423881322957199 0.5255984042553191 0.011429961089494163 0.008643617021276596
10 0.6617217898832685 0.5322473404255319 0.007782101167315175 0.004654255319148936
4 0.5683365758754864 0.550531914893617 0.048638132295719845 0.027925531914893616
4 0.6479815175097277 0.5528590425531915 0.04790856031128405 0.028590425531914893
10 0.06845817120622569 0.5546875 0.008025291828793774 0.004986702127659575
10 0.1297422178988327 0.5573470744680851 0.008025291828793774 0.004986702127659575
1 0.692363813229572 0.5581781914893617 0.014591439688715954 0.00997340425531915
2 0.026264591439688716 0.5623337765957447 0.05252918287937743 0.18783244680851063
1 0.129863813229572 0.5639960106382979 0.01264591439688716 0.006981382978723404
6 0.06663424124513619 0.5646609042553191 0.014105058365758755 0.00964095744680851
10 0.6061527237354085 0.5654920212765957 0.01240272373540856 0.006648936170212766
1 0.6175826848249028 0.566156914893617 0.008025291828793774 0.004654255319148936
5 0.09958657587548637 0.5716422872340425 0.035749027237354083 0.041555851063829786
10 0.617704280155642 0.5719747340425532 0.008268482490272374 0.004986702127659575
1 0.1296206225680934 0.5728058510638298 0.01264591439688716 0.005984042553191489
1 0.6794747081712063 0.5759640957446809 0.014591439688715954 0.00964095744680851
6 0.06651264591439689 0.5761303191489362 0.014834630350194552 0.00997340425531915
1 0.6215953307392996 0.5789561170212766 0.011186770428015564 0.006316489361702127
5 0.7998540856031129 0.5799534574468085 0.03404669260700389 0.041555851063829786
1 0.129863813229572 0.5824468085106383 0.01264591439688716 0.006648936170212766
8 0.6792315175097277 0.5847739361702128 0.008268482490272374 0.007313829787234043
10 0.617704280155642 0.5857712765957447 0.007295719844357977 0.005319148936170213
1 0.06639105058365759 0.5902593085106383 0.012159533073929961 0.006981382978723404
1 0.679353112840467 0.5910904255319149 0.012889105058365758 0.006648936170212766
1 0.1297422178988327 0.5912566489361702 0.01240272373540856 0.006981382978723404
1 0.6212305447470817 0.5927526595744681 0.011429961089494163 0.005984042553191489
10 0.6179474708171206 0.5997340425531915 0.007782101167315175 0.005319148936170213
1 0.6979571984435797 0.6038896276595744 0.006809338521400778 0.020279255319148936
1 0.6209873540856031 0.606216755319149 0.012889105058365758 0.006316489361702127
2 0.7468385214007782 0.6077127659574468 0.023832684824902722 0.13962765957446807
6 0.5717412451361867 0.6123670212765957 0.061770428015564205 0.07779255319148937
5 0.6459143968871596 0.6170212765957447 0.03404669260700389 0.06050531914893617
4 0.6791099221789884 0.629654255319149 0.020671206225680933 0.06515957446808511
1 0.2810068093385214 0.6306515957446809 0.00316147859922179 0.011303191489361703
4 0.2891536964980545 0.6319813829787234 0.010214007782101167 0.03125
1 0.29924610894941633 0.6319813829787234 0.004134241245136187 0.01795212765957447
1 0.6982003891050583 0.6329787234042553 0.007295719844357977 0.020611702127659573
1 0.24671692607003892 0.6331449468085106 0.005107003891050584 0.01761968085106383
4 0.23844844357976655 0.6334773936170213 0.009970817120622567 0.030917553191489363
1 0.23042315175097275 0.6336436170212766 0.00316147859922179 0.010638297872340425
2 0.4891780155642023 0.6343085106382979 0.013375486381322957 0.0199468085106383
2 0.3767023346303502 0.6356382978723404 0.014105058365758755 0.016622340425531915
2 0.1894455252918288 0.635970744680851 0.014105058365758755 0.01795212765957447
10 0.3341439688715953 0.6580784574468085 0.008268482490272374 0.004986702127659575
10 0.2803988326848249 0.6597406914893617 0.007782101167315175 0.004321808510638298
2 0.7969357976653697 0.6658909574468085 0.013132295719844358 0.01928191489361702
1 0.617704280155642 0.676529255319149 0.01264591439688716 0.007313829787234043
10 0.5740515564202334 0.683843085106383 0.031857976653696496 0.025930851063829786
2 0.17181420233463035 0.6979720744680851 0.04061284046692607 0.0555186170212766
2 0.22811284046692606 0.6979720744680851 0.04134241245136187 0.05751329787234043
2 0.6166099221789884 0.698969414893617 0.032830739299610896 0.029587765957446808
10 0.5750243190661478 0.7056183510638298 0.02748054474708171 0.015625
2 0.3557879377431907 0.710438829787234 0.13375486381322957 0.0339095744680851
11 0.042558365758754865 0.7109375 0.08511673151750973 0.06881648936170212
2 0.46279182879377434 0.7111037234042553 0.03356031128404669 0.0339095744680851
10 0.12098735408560311 0.7121010638297872 0.007538910505836576 0.005319148936170213
7 0.10797665369649806 0.7124335106382979 0.010700389105058366 0.008643617021276596
1 0.5763618677042801 0.7195811170212766 0.01264591439688716 0.007646276595744681
2 0.639226653696498 0.7395279255319149 0.012889105058365758 0.01961436170212766
4 0.5745379377431906 0.7396941489361702 0.04790856031128405 0.02925531914893617
2 0.1609922178988327 0.7544880319148937 0.013132295719844358 0.020279255319148936
2 0.39190175097276264 0.7554853723404256 0.013375486381322957 0.018284574468085107
1 0.6146643968871596 0.7576462765957447 0.01240272373540856 0.007313829787234043
1 0.5759970817120622 0.7604720744680851 0.01240272373540856 0.007646276595744681
2 0.7538910505836576 0.7810837765957447 0.01264591439688716 0.13996010638297873
4 0.6017752918287937 0.7970412234042553 0.03720817120622568 0.022938829787234043
4 0.1547908560311284 0.7982047872340425 0.04936770428015564 0.030585106382978722
4 0.3777966926070039 0.7987034574468085 0.036721789883268484 0.022938829787234043
2 0.032101167315175094 0.8091755319148937 0.06420233463035019 0.08643617021276596
2 0.7174124513618677 0.8522273936170213 0.015077821011673152 0.018284574468085107
2 0.5018239299610895 0.8766622340425532 0.013375486381322957 0.017287234042553192
2 0.2782101167315175 0.8783244680851063 0.016050583657587547 0.0199468085106383
2 0.05763618677042802 0.8912898936170213 0.013618677042801557 0.020611702127659573
1 0.1517509727626459 0.9029255319148937 0.014591439688715954 0.009308510638297872
1 0.3719601167315175 0.9039228723404256 0.014834630350194552 0.00997340425531915
1 0.5976410505836576 0.9054188829787234 0.014834630350194552 0.010305851063829786
12 0.6733949416342413 0.9158909574468085 0.014105058365758755 0.0199468085106383
12 0.22799124513618677 0.9170545212765957 0.014348249027237353 0.01961436170212766
12 0.44516050583657585 0.9195478723404256 0.013375486381322957 0.01928191489361702
10 0.26787451361867703 0.09242021276595745 0.0036478599221789884 0.010638297872340425
10 0.3103112840466926 0.09242021276595745 0.0038910505836575876 0.011968085106382979
10 0.24647373540856032 0.09275265957446809 0.0036478599221789884 0.010638297872340425
10 0.25693093385214005 0.09275265957446809 0.0036478599221789884 0.011303191489361703
10 0.26240272373540857 0.09275265957446809 0.0038910505836575876 0.011303191489361703
10 0.2784533073929961 0.0929188829787234 0.0038910505836575876 0.010970744680851064
10 0.2891536964980545 0.0929188829787234 0.0038910505836575876 0.012300531914893617
10 0.29438229571984437 0.0929188829787234 0.0036478599221789884 0.01163563829787234
10 0.30508268482490275 0.0929188829787234 0.00316147859922179 0.01163563829787234
7 0.21048151750972763 0.9285239361702128 0.009970817120622567 0.006648936170212766
4 0.3740272373540856 0.929188829787234 0.04912451361867704 0.02925531914893617
7 0.6572227626459144 0.9298537234042553 0.011429961089494163 0.007313829787234043
4 0.15393968871595332 0.9298537234042553 0.047665369649805445 0.02925531914893617
10 0.6743677042801557 0.9300199468085106 0.007782101167315175 0.004986702127659575
10 0.22896400778210116 0.9305186170212766 0.008025291828793774 0.005319148936170213
4 0.5988570038910506 0.9306848404255319 0.04790856031128405 0.029587765957446808
10 0.2517023346303502 0.09308510638297872 0.0038910505836575876 0.011968085106382979
10 0.2732247081712062 0.09308510638297872 0.0036478599221789884 0.011303191489361703
10 0.2847762645914397 0.09325132978723404 0.003404669260700389 0.010305851063829786
10 0.29973249027237353 0.09325132978723404 0.0036478599221789884 0.012300531914893617
7 0.4272859922178988 0.9308510638297872 0.011673151750972763 0.007313829787234043
10 0.446011673151751 0.9321808510638298 0.008268482490272374 0.005319148936170213
10 0.674489299610895 0.9356715425531915 0.0070525291828793775 0.004321808510638298
10 0.22872081712062256 0.9358377659574468 0.008025291828793774 0.004654255319148936
10 0.4463764591439689 0.9371675531914894 0.008025291828793774 0.004654255319148936
10 0.31930933852140075 0.0962433510638298 0.007782101167315175 0.004986702127659575
10 0.23285505836575876 0.0962433510638298 0.008025291828793774 0.004321808510638298
10 0.31930933852140075 0.1032247340425532 0.007782101167315175 0.004986702127659575
10 0.23261186770428016 0.10355718085106383 0.007538910505836576 0.004321808510638298
10 0.23273346303501946 0.11053856382978723 0.007295719844357977 0.004321808510638298
10 0.31979571984435795 0.11070478723404255 0.008268482490272374 0.004654255319148936
2 0.8312256809338522 0.11585771276595745 0.013132295719844358 0.018284574468085107
10 0.31955252918287935 0.11785239361702128 0.007782101167315175 0.005651595744680851
10 0.23285505836575876 0.11785239361702128 0.008025291828793774 0.004321808510638298
10 0.23285505836575876 0.125 0.007538910505836576 0.004654255319148936
10 0.31979571984435795 0.12533244680851063 0.007782101167315175 0.005319148936170213
10 0.23273346303501946 0.13248005319148937 0.007782101167315175 0.004321808510638298
10 0.31943093385214005 0.13264627659574468 0.008511673151750972 0.005319148936170213
10 0.23261186770428016 0.13962765957446807 0.008025291828793774 0.004654255319148936
10 0.31943093385214005 0.13996010638297873 0.007538910505836576 0.005319148936170213
0 0.029669260700389104 0.1434507978723404 0.03599221789883268 0.04886968085106383
10 0.23249027237354086 0.14694148936170212 0.007782101167315175 0.004654255319148936
10 0.31967412451361865 0.14710771276595744 0.008025291828793774 0.005651595744680851
10 0.3521400778210117 0.14727393617021275 0.008268482490272374 0.004654255319148936
10 0.3771887159533074 0.14744015957446807 0.008268482490272374 0.004986702127659575
12 0.5280885214007782 0.15242686170212766 0.01532101167315175 0.020944148936170214
10 0.31943093385214005 0.1544215425531915 0.008025291828793774 0.005651595744680851
10 0.23249027237354086 0.1544215425531915 0.007782101167315175 0.004986702127659575
5 0.27346789883268485 0.15708111702127658 0.06639105058365759 0.10272606382978723
7 0.5120379377431906 0.15874335106382978 0.011916342412451361 0.008976063829787235
2 0.3633268482490272 0.16040558510638298 0.03453307392996109 0.01961436170212766
0 0.4798151750972763 0.16090425531914893 0.035505836575875485 0.04920212765957447
10 0.23236867704280156 0.16173537234042554 0.008025291828793774 0.004321808510638298
10 0.31943093385214005 0.16190159574468085 0.008025291828793774 0.005319148936170213
10 0.5283317120622568 0.16555851063829788 0.008025291828793774 0.004654255319148936
10 0.23261186770428016 0.16871675531914893 0.008025291828793774 0.004321808510638298
10 0.31930933852140075 0.1690492021276596 0.007782101167315175 0.004986702127659575
10 0.5283317120622568 0.17054521276595744 0.008025291828793774 0.004654255319148936
2 0.8959143968871596 0.17420212765957446 0.023832684824902722 0.12367021276595745
10 0.23249027237354086 0.17586436170212766 0.008268482490272374 0.005319148936170213
10 0.31955252918287935 0.1763630319148936 0.007782101167315175 0.004986702127659575
11 0.10299124513618677 0.17885638297872342 0.04693579766536965 0.06382978723404255
10 0.3520184824902724 0.17918882978723405 0.007538910505836576 0.004654255319148936
1 0.3655155642023346 0.17935505319148937 0.012159533073929961 0.006316489361702127
10 0.3788910505836576 0.17985372340425532 0.007295719844357977 0.005984042553191489
10 0.23236867704280156 0.1831781914893617 0.008025291828793774 0.004654255319148936
10 0.31943093385214005 0.18351063829787234 0.008025291828793774 0.004654255319148936
2 0.15831712062256809 0.1841755319148936 0.014105058365758755 0.01795212765957447
10 0.23236867704280156 0.19065824468085107 0.007538910505836576 0.004321808510638298
10 0.31943093385214005 0.1909906914893617 0.008025291828793774 0.005651595744680851
2 0.36284046692607 0.1926529255319149 0.03453307392996109 0.01695478723404255
2 0.9648589494163424 0.19298537234042554 0.044990272373540856 0.09142287234042554
10 0.23212548638132297 0.19763962765957446 0.007538910505836576 0.004321808510638298
0 0.029669260700389104 0.19780585106382978 0.035505836575875485 0.047872340425531915
10 0.31955252918287935 0.1981382978723404 0.008268482490272374 0.005319148936170213
10 0.31930933852140075 0.20511968085106383 0.007782101167315175 0.005319148936170213
10 0.23249027237354086 0.20528590425531915 0.007782101167315175 0.004986702127659575
10 0.23236867704280156 0.21243351063829788 0.008025291828793774 0.004654255319148936
10 0.31930933852140075 0.2125997340425532 0.008268482490272374 0.004986702127659575
0 0.8465466926070039 0.21509308510638298 0.035505836575875485 0.047872340425531915
2 0.41950389105058367 0.2160904255319149 0.013618677042801557 0.0199468085106383
10 0.23285505836575876 0.21958111702127658 0.0070525291828793775 0.004986702127659575
10 0.31918774319066145 0.22024601063829788 0.008025291828793774 0.005651595744680851
12 0.5282101167315175 0.22789228723404256 0.014105058365758755 0.020279255319148936
7 0.5127675097276264 0.23470744680851063 0.011429961089494163 0.006648936170212766
10 0.24343385214007782 0.2362034574468085 0.003404669260700389 0.01163563829787234
10 0.26471303501945526 0.2362034574468085 0.0036478599221789884 0.010970744680851064
10 0.2592412451361868 0.23636968085106383 0.003404669260700389 0.011303191489361703
10 0.27541342412451364 0.23636968085106383 0.0036478599221789884 0.011303191489361703
10 0.25413424124513617 0.23653590425531915 0.003404669260700389 0.01163563829787234
10 0.270306420233463 0.23653590425531915 0.0036478599221789884 0.01163563829787234
10 0.2489056420233463 0.23670212765957446 0.0036478599221789884 0.011303191489361703
10 0.2807636186770428 0.23670212765957446 0.0036478599221789884 0.011968085106382979
10 0.28623540856031127 0.23670212765957446 0.0038910505836575876 0.011968085106382979
10 0.2913424124513619 0.23670212765957446 0.0029182879377431907 0.011968085106382979
10 0.29669260700389105 0.23670212765957446 0.003404669260700389 0.011968085106382979
10 0.3127431906614786 0.23670212765957446 0.0038910505836575876 0.011968085106382979
10 0.23820525291828792 0.23670212765957446 0.0036478599221789884 0.011968085106382979
10 0.3020428015564202 0.23686835106382978 0.003404669260700389 0.01163563829787234
10 0.30751459143968873 0.2370345744680851 0.0036478599221789884 0.011968085106382979
0 0.479693579766537 0.24019281914893617 0.03526264591439689 0.04886968085106383
10 0.5277237354085603 0.24119015957446807 0.008268482490272374 0.004986702127659575
2 0.6788667315175098 0.24235372340425532 0.23321984435797666 0.28324468085106386
10 0.527602140077821 0.24617686170212766 0.008511673151750972 0.004986702127659575
12 0.11600194552529183 0.2674534574468085 0.014591439688715954 0.01961436170212766
12 0.053623540856031125 0.2679521276595745 0.014834630350194552 0.018617021276595744
7 0.037816147859922176 0.2769281914893617 0.010943579766536964 0.005984042553191489
7 0.09970817120622569 0.27742686170212766 0.012159533073929961 0.007646276595744681
10 0.054596303501945526 0.28058510638297873 0.007538910505836576 0.004654255319148936
10 0.11612354085603113 0.28058510638297873 0.007538910505836576 0.004654255319148936
10 0.054717898832684825 0.28523936170212766 0.008268482490272374 0.004654255319148936
10 0.11612354085603113 0.28523936170212766 0.008025291828793774 0.004654255319148936
7 0.8163910505836576 0.29388297872340424 0.011673151750972763 0.007313829787234043
10 0.8304961089494164 0.29404920212765956 0.008754863813229572 0.005651595744680851
8 0.11636673151750973 0.29637632978723405 0.00899805447470817 0.006316489361702127
2 0.4162208171206226 0.31382978723404253 0.013861867704280155 0.0199468085106383
7 0.8165126459143969 0.316655585106383 0.01240272373540856 0.006316489361702127
10 0.8306177042801557 0.3168218085106383 0.008025291828793774 0.005319148936170213
2 0.04134241245136187 0.31981382978723405 0.013132295719844358 0.01795212765957447