10 0.46040372670807456 0.311614730878187 0.004658385093167702 0.0113314447592068
10 0.44875776397515527 0.3087818696883853 0.004140786749482402 0.0113314447592068
10 0.47127329192546585 0.31409348441926344 0.004658385093167702 0.010623229461756374
10 0.4772256728778468 0.3151558073654391 0.004140786749482402 0.0113314447592068
10 0.41537267080745344 0.3024079320113314 0.004658385093167702 0.012747875354107648
10 0.43245341614906835 0.3059490084985836 0.004658385093167702 0.012747875354107648
10 0.43762939958592134 0.3073654390934844 0.004658385093167702 0.012747875354107648
10 0.45445134575569357 0.31126062322946174 0.004140786749482402 0.012039660056657223
10 0.4658385093167702 0.313385269121813 0.004140786749482402 0.010623229461756374
10 0.42106625258799174 0.30347025495750707 0.004658385093167702 0.012039660056657223
10 0.42701863354037267 0.3052407932011331 0.005175983436853002 0.012747875354107648
10 0.4435817805383023 0.30842776203966005 0.004140786749482402 0.012039660056657223
10 0.48266045548654246 0.31692634560906513 0.004658385093167702 0.012039660056657223
10 0.4880952380952381 0.31798866855524077 0.004140786749482402 0.0113314447592068
10 0.4994824016563147 0.3204674220963173 0.004140786749482402 0.012039660056657223
10 0.056677018633540376 0.2245042492917847 0.004658385093167702 0.0113314447592068
10 0.505175983436853 0.3218838526912181 0.004140786749482402 0.012039660056657223
10 0.5108695652173914 0.32294617563739375 0.004140786749482402 0.0113314447592068
10 0.051759834368530024 0.2237960339943343 0.004140786749482402 0.0113314447592068
10 0.10170807453416149 0.23477337110481586 0.004658385093167702 0.012039660056657223
10 0.06780538302277432 0.22769121813031162 0.004140786749482402 0.012039660056657223
10 0.08980331262939958 0.2326487252124646 0.004658385093167702 0.012039660056657223
10 0.07349896480331262 0.22946175637393768 0.004140786749482402 0.0113314447592068
10 0.07893374741200829 0.23052407932011332 0.004658385093167702 0.012039660056657223
10 0.08488612836438923 0.23158640226628896 0.004140786749482402 0.0113314447592068
10 0.09549689440993789 0.23371104815864022 0.004658385093167702 0.0113314447592068
10 0.1068840579710145 0.2361898016997167 0.004658385093167702 0.012039660056657223
10 0.12370600414078675 0.24008498583569404 0.005175983436853002 0.012747875354107648
10 0.062111801242236024 0.22698300283286119 0.004140786749482402 0.012039660056657223
10 0.11231884057971014 0.23760623229461755 0.004140786749482402 0.012039660056657223
10 0.1182712215320911 0.2390226628895184 0.004658385093167702 0.012039660056657223
10 0.12939958592132506 0.24114730878186968 0.005175983436853002 0.013456090651558074
10 0.4943064182194617 0.3204674220963173 0.004140786749482402 0.012039660056657223
10 0.1348343685300207 0.24220963172804533 0.004658385093167702 0.012747875354107648
10 0.1462215320910973 0.24504249291784702 0.004658385093167702 0.012747875354107648
10 0.140527950310559 0.24468838526912182 0.004658385093167702 0.012039660056657223
10 0.15476190476190477 0.25247875354107646 0.009316770186335404 0.006373937677053824
10 0.40476190476190477 0.30842776203966005 0.009316770186335404 0.006373937677053824
10 0.15372670807453417 0.2595609065155807 0.009316770186335404 0.006373937677053824
10 0.045548654244306416 0.2358356940509915 0.008281573498964804 0.0056657223796034
10 0.40398550724637683 0.3162181303116147 0.008799171842650104 0.006373937677053824
2 0.9531573498964804 0.4351983002832861 0.018115942028985508 0.023371104815864022
10 0.5124223602484472 0.3402974504249292 0.008281573498964804 0.006373937677053824
2 0.8597308488612836 0.41678470254957506 0.015527950310559006 0.020538243626062325
10 0.044772256728778465 0.24362606232294617 0.008799171842650104 0.0056657223796034
10 0.15269151138716355 0.2669971671388102 0.008281573498964804 0.0056657223796034
10 0.4029503105590062 0.323300283286119 0.008799171842650104 0.006373937677053824
10 0.5119047619047619 0.34702549575070823 0.008281573498964804 0.0056657223796034
10 0.043478260869565216 0.25106232294617564 0.008281573498964804 0.006373937677053824
10 0.15191511387163562 0.27514164305949007 0.008799171842650104 0.004957507082152974
10 0.4019151138716356 0.33109065155807366 0.008799171842650104 0.006373937677053824
10 0.510351966873706 0.3551699716713881 0.008281573498964804 0.006373937677053824
10 0.04296066252587992 0.25920679886685555 0.008281573498964804 0.0056657223796034
10 0.15113871635610765 0.28257790368271957 0.008281573498964804 0.0056657223796034
10 0.400879917184265 0.3385269121813031 0.008799171842650104 0.0056657223796034
10 0.5098343685300207 0.3626062322946176 0.008281573498964804 0.0056657223796034
10 0.04192546583850932 0.2659348441926346 0.008281573498964804 0.006373937677053824
10 0.1503623188405797 0.29036827195467424 0.008799171842650104 0.0056657223796034
10 0.025879917184265012 0.2645184135977337 0.008281573498964804 0.006373937677053824
10 0.3998447204968944 0.3459631728045326 0.008799171842650104 0.006373937677053824
10 0.5323498964803313 0.3742917847025496 0.007763975155279503 0.006373937677053824
8 0.5590062111801242 0.3803116147308782 0.009316770186335404 0.007082152974504249
10 0.5093167701863354 0.37039660056657225 0.008281573498964804 0.0056657223796034
10 0.04089026915113872 0.27407932011331443 0.008281573498964804 0.0056657223796034
10 0.14958592132505175 0.2981586402266289 0.008281573498964804 0.0056657223796034
10 0.3995859213250518 0.3544617563739377 0.008281573498964804 0.006373937677053824
10 0.5080227743271222 0.3781869688385269 0.007763975155279503 0.0056657223796034
5 0.27044513457556935 0.3296742209631728 0.18892339544513456 0.2584985835694051
2 0.024327122153209108 0.2776203966005666 0.011387163561076604 0.019830028328611898
2 0.5566770186335404 0.39305949008498586 0.012939958592132506 0.018413597733711047
10 0.04011387163561077 0.2815155807365439 0.008799171842650104 0.006373937677053824
10 0.14803312629399587 0.30559490084985835 0.008281573498964804 0.006373937677053824
5 0.45419254658385094 0.37252124645892354 0.08850931677018634 0.11189801699716714
10 0.39880952380952384 0.36225212464589235 0.008799171842650104 0.006373937677053824
10 0.5069875776397516 0.38562322946175637 0.007763975155279503 0.006373937677053824
5 0.08954451345755693 0.2956798866855524 0.09006211180124224 0.11260623229461757
10 0.039337474120082816 0.28895184135977336 0.008281573498964804 0.0056657223796034
10 0.14699792960662525 0.313385269121813 0.009316770186335404 0.006373937677053824
10 0.3972567287784679 0.3689801699716714 0.008799171842650104 0.0056657223796034
10 0.5064699792960663 0.39305949008498586 0.007763975155279503 0.0056657223796034
10 0.03778467908902691 0.29745042492917845 0.008281573498964804 0.0056657223796034
10 0.14673913043478262 0.32082152974504247 0.008799171842650104 0.0056657223796034
1 0.5445134575569358 0.40793201133144474 0.012422360248447204 0.0084985835694051
10 0.556935817805383 0.4114730878186969 0.008281573498964804 0.0056657223796034
10 0.39648033126293997 0.37747875354107646 0.008281573498964804 0.0056657223796034
8 0.5279503105590062 0.4054532577903683 0.008281573498964804 0.006373937677053824
10 0.022774327122153208 0.29603399433427763 0.008281573498964804 0.0056657223796034
10 0.505175983436853 0.4012039660056657 0.008281573498964804 0.006373937677053824
2 0.7003105590062112 0.4475920679886686 0.023809523809523808 0.03824362606232295
10 0.03700828157349897 0.3045325779036827 0.008799171842650104 0.0056657223796034
10 0.145703933747412 0.3286118980169972 0.008799171842650104 0.0056657223796034
10 0.39544513457556935 0.3845609065155807 0.008281573498964804 0.0056657223796034
10 0.504399585921325 0.4086402266288952 0.007763975155279503 0.0056657223796034
2 0.6017080745341615 0.43307365439093487 0.015010351966873706 0.021954674220963172
2 0.020703933747412008 0.3087818696883853 0.011387163561076604 0.019830028328611898
2 0.5282091097308489 0.4185552407932011 0.012939958592132506 0.019830028328611898
10 0.03674948240165631 0.3119688385269122 0.008281573498964804 0.006373937677053824
10 0.14492753623188406 0.33640226628895187 0.008281573498964804 0.0056657223796034
10 0.39492753623188404 0.3923512747875354 0.008281573498964804 0.0056657223796034
10 0.5038819875776398 0.4157223796033994 0.008799171842650104 0.0056657223796034
10 0.035455486542443064 0.3197592067988669 0.008799171842650104 0.006373937677053824
10 0.14389233954451347 0.3438385269121813 0.008281573498964804 0.006373937677053824
10 0.39389233954451347 0.39943342776203966 0.009316770186335404 0.007082152974504249
10 0.5028467908902692 0.42422096317280455 0.008799171842650104 0.0056657223796034
10 0.03467908902691511 0.32754957507082155 0.008281573498964804 0.006373937677053824
10 0.14285714285714285 0.351628895184136 0.008281573498964804 0.006373937677053824
10 0.3925983436853002 0.40722379603399433 0.008799171842650104 0.0056657223796034
10 0.5020703933747412 0.43201133144475923 0.008281573498964804 0.0056657223796034
10 0.1415631469979296 0.358356940509915 0.008799171842650104 0.0056657223796034
10 0.3918219461697723 0.41536827195467424 0.009316770186335404 0.006373937677053824
10 0.042443064182194616 0.3452549575070821 0.004140786749482402 0.012039660056657223
10 0.047619047619047616 0.3459631728045326 0.004140786749482402 0.012039660056657223
10 0.05331262939958592 0.3473796033994334 0.004140786749482402 0.012039660056657223
10 0.10403726708074534 0.35871104815864024 0.004140786749482402 0.012039660056657223
10 0.12111801242236025 0.36225212464589235 0.004140786749482402 0.012039660056657223
10 0.1265527950310559 0.363314447592068 0.004658385093167702 0.012747875354107648
10 0.037267080745341616 0.34419263456090654 0.004140786749482402 0.0113314447592068
10 0.07608695652173914 0.3523371104815864 0.004140786749482402 0.012039660056657223
10 0.08178053830227744 0.35375354107648727 0.004140786749482402 0.012039660056657223
10 0.08721532091097309 0.3548158640226629 0.004658385093167702 0.012747875354107648
10 0.09265010351966874 0.35587818696883855 0.004140786749482402 0.012039660056657223
10 0.42934782608695654 0.4295325779036827 0.004658385093167702 0.012039660056657223
10 0.47929606625258797 0.4401558073654391 0.004140786749482402 0.012039660056657223
10 0.09782608695652174 0.3576487252124646 0.005175983436853002 0.012747875354107648
10 0.10947204968944099 0.36012747875354106 0.004658385093167702 0.012039660056657223
10 0.11542443064182195 0.36154390934844194 0.004140786749482402 0.012039660056657223
10 0.1317287784679089 0.3654390934844193 0.004658385093167702 0.012747875354107648
10 0.40683229813664595 0.42457507082152973 0.004140786749482402 0.010623229461756374
10 0.43478260869565216 0.4309490084985836 0.004140786749482402 0.012039660056657223
10 0.46273291925465837 0.436614730878187 0.004140786749482402 0.012039660056657223
10 0.059006211180124224 0.3495042492917847 0.004140786749482402 0.012039660056657223
10 0.06495859213250517 0.35056657223796034 0.004658385093167702 0.012747875354107648
10 0.07013457556935818 0.351628895184136 0.004658385093167702 0.012039660056657223
10 0.40165631469979296 0.4235127478753541 0.004140786749482402 0.0113314447592068
10 0.41278467908902694 0.4259915014164306 0.004658385093167702 0.012039660056657223
10 0.45652173913043476 0.43590651558073656 0.004140786749482402 0.012039660056657223
10 0.474120082815735 0.43944759206798867 0.004140786749482402 0.012039660056657223
10 0.41796066252587993 0.42705382436260625 0.004658385093167702 0.012747875354107648
10 0.42339544513457555 0.42847025495750707 0.005175983436853002 0.012747875354107648
10 0.44616977225672877 0.43307365439093487 0.004140786749482402 0.012039660056657223
10 0.46816770186335405 0.4376770538243626 0.004658385093167702 0.0113314447592068
10 0.4849896480331263 0.44192634560906513 0.005175983436853002 0.012747875354107648
10 0.4906832298136646 0.44298866855524077 0.004140786749482402 0.012039660056657223
10 0.44021739130434784 0.43271954674220964 0.004658385093167702 0.012747875354107648
10 0.45134575569358176 0.4348441926345609 0.005175983436853002 0.012747875354107648
10 0.4963768115942029 0.44511331444759206 0.004140786749482402 0.012039660056657223
2 0.7600931677018633 0.5169971671388102 0.03881987577639751 0.025495750708215296
2 0.5468426501035196 0.48087818696883855 0.016045548654244308 0.024079320113314446
2 0.12008281573498965 0.391643059490085 0.016563146997929608 0.0226628895184136
10 0.5830745341614907 0.4946883852691218 0.030538302277432712 0.021954674220963172
10 0.6573498964803313 0.5102691218130312 0.027950310559006212 0.021954674220963172
5 0.8071946169772257 0.5545325779036827 0.04089026915113872 0.049575070821529746
2 0.3944099378881988 0.47485835694050993 0.016563146997929608 0.021954674220963172
12 0.660455486542443 0.5428470254957507 0.016563146997929608 0.021954674220963172
6 0.2432712215320911 0.4564447592067989 0.009316770186335404 0.021954674220963172
7 0.6394927536231884 0.5456798866855525 0.012939958592132506 0.010623229461756374
10 0.6594202898550725 0.556657223796034 0.008281573498964804 0.0056657223796034
4 0.5590062111801242 0.5545325779036827 0.053830227743271224 0.039660056657223795
4 0.6425983436853002 0.5754249291784702 0.05331262939958592 0.04036827195467422
10 0.035455486542443064 0.44582152974504247 0.008799171842650104 0.006373937677053824
10 0.09912008281573499 0.4621104815864023 0.008799171842650104 0.006373937677053824
1 0.6876293995859213 0.5913597733711048 0.016045548654244308 0.012747875354107648
2 0.014751552795031056 0.448300283286119 0.029503105590062112 0.20254957507082152
1 0.09834368530020704 0.4688385269121813 0.013457556935817806 0.009915014164305949
6 0.032091097308488616 0.45538243626062325 0.015527950310559006 0.012747875354107648
10 0.5967908902691511 0.5789660056657224 0.013457556935817806 0.009206798866855524
1 0.6084368530020704 0.5821529745042493 0.008799171842650104 0.0056657223796034
5 0.06521739130434782 0.47060906515580736 0.042443064182194616 0.051699716713881017
10 0.6084368530020704 0.5881728045325779 0.008799171842650104 0.006373937677053824
1 0.09679089026915114 0.47875354107648727 0.013457556935817806 0.0084985835694051
1 0.6721014492753623 0.6062322946175638 0.016045548654244308 0.012747875354107648
6 0.030538302277432712 0.46777620396600567 0.016563146997929608 0.013456090651558074
1 0.6115424430641822 0.5970254957507082 0.011904761904761904 0.0084985835694051
5 0.7981366459627329 0.6381019830028328 0.040372670807453416 0.05099150141643059
1 0.09575569358178054 0.488314447592068 0.013457556935817806 0.009206798866855524
8 0.6710662525879917 0.6161473087818697 0.008799171842650104 0.0084985835694051
10 0.6068840579710145 0.6030453257790368 0.007763975155279503 0.006373937677053824
1 0.02820910973084886 0.48229461756373937 0.012939958592132506 0.009915014164305949
1 0.6705486542443064 0.6221671388101983 0.013975155279503106 0.009206798866855524
1 0.09472049689440994 0.4978753541076487 0.013457556935817806 0.009915014164305949
1 0.6092132505175983 0.6115439093484419 0.012422360248447204 0.007790368271954674
10 0.605072463768116 0.6172096317280453 0.008281573498964804 0.006373937677053824
1 0.6884057971014492 0.6402266288951841 0.009316770186335404 0.0226628895184136
1 0.6074016563146998 0.625 0.013975155279503106 0.009206798866855524
2 0.7391304347826086 0.6550991501416431 0.041407867494824016 0.15155807365439095
6 0.5551242236024845 0.6203966005665722 0.07401656314699794 0.09490084985835694
5 0.6319875776397516 0.6423512747875354 0.042443064182194616 0.0708215297450425
4 0.6653726708074534 0.6628895184135978 0.029503105590062112 0.07223796033994334
1 0.2484472049689441 0.5733002832861189 0.004140786749482402 0.012039660056657223
4 0.25698757763975155 0.5768413597733711 0.013975155279503106 0.034702549575070823
1 0.2670807453416149 0.5789660056657224 0.006211180124223602 0.019121813031161474
1 0.6845238095238095 0.6706798866855525 0.009834368530020704 0.0226628895184136
1 0.2122153209109731 0.568342776203966 0.007246376811594203 0.019121813031161474
4 0.20367494824016563 0.5669263456090652 0.013975155279503106 0.034702549575070823
1 0.19513457556935818 0.5651558073654391 0.004140786749482402 0.0113314447592068
2 0.46557971014492755 0.625 0.016045548654244308 0.023371104815864022
2 0.3480848861283644 0.6005665722379604 0.016045548654244308 0.019830028328611898
2 0.15165631469979296 0.5580736543909348 0.016563146997929608 0.021246458923512748
10 0.30098343685300205 0.6143767705382436 0.008799171842650104 0.006373937677053824
10 0.2443064182194617 0.6041076487252125 0.008281573498964804 0.0056657223796034
2 0.7846790890269151 0.7273371104815864 0.015527950310559006 0.0226628895184136
1 0.5957556935817805 0.6983002832861189 0.013457556935817806 0.009915014164305949
10 0.5486542443064182 0.6954674220963173 0.036231884057971016 0.0339943342776204
2 0.1260351966873706 0.6193342776203966 0.04917184265010352 0.06728045325779036
2 0.18530020703933747 0.6317280453257791 0.049689440993788817 0.06940509915014165
2 0.5913561076604554 0.7216713881019831 0.03778467908902691 0.03824362606232295
10 0.547360248447205 0.7191926345609065 0.030538302277432712 0.021954674220963172
2 0.3170289855072464 0.6742209631728046 0.14337474120082816 0.06515580736543909
11 0.019409937888198756 0.6076487252124646 0.03881987577639751 0.08498583569405099
2 0.42883022774327123 0.6990084985835694 0.03881987577639751 0.042492917847025496
10 0.07091097308488613 0.6221671388101983 0.008281573498964804 0.006373937677053824
7 0.057712215320910976 0.6200424929178471 0.011904761904761904 0.010623229461756374
1 0.5471014492753623 0.7340651558073654 0.013457556935817806 0.010623229461756374
2 0.6107660455486542 0.7687677053824362 0.015527950310559006 0.023371104815864022
4 0.5424430641821946 0.7542492917847026 0.053830227743271224 0.04107648725212465
2 0.10766045548654245 0.6763456090651558 0.015527950310559006 0.024079320113314446
2 0.3496376811594203 0.7291076487252125 0.016045548654244308 0.021954674220963172
1 0.5822981366459627 0.7825779036827195 0.013457556935817806 0.009915014164305949
1 0.5414078674948241 0.7765580736543909 0.013457556935817806 0.010623229461756374
2 0.724896480331263 0.8385269121813032 0.029503105590062112 0.14872521246458922
4 0.5641821946169773 0.8211756373937678 0.041407867494824016 0.03186968838526912
4 0.0965320910973085 0.7202549575070821 0.05538302277432712 0.042492917847025496
4 0.32945134575569357 0.771600566572238 0.04089026915113872 0.03186968838526912
2 0.6785714285714286 0.9047450424929179 0.017598343685300208 0.021954674220963172
2 0.4495341614906832 0.8813739376770539 0.016045548654244308 0.020538243626062325
2 0.2153209109730849 0.8321529745042493 0.018633540372670808 0.024079320113314446
1 0.07996894409937888 0.8289660056657224 0.016045548654244308 0.012039660056657223
1 0.3105590062111801 0.8806657223796034 0.016563146997929608 0.013456090651558074
1 0.546583850931677 0.93342776203966 0.016563146997929608 0.014164305949008499
12 0.6247412008281573 0.9614022662889519 0.016563146997929608 0.023371104815864022
12 0.1581262939958592 0.8615439093484419 0.017080745341614908 0.023371104815864022
12 0.385351966873706 0.9135977337110481 0.016045548654244308 0.0226628895184136
10 0.2999482401656315 0.006373937677053824 0.004658385093167702 0.0113314447592068
10 0.3442028985507246 0.016288951841359773 0.005175983436853002 0.012747875354107648
10 0.2774327122153209 0.003895184135977337 0.005175983436853002 0.007790368271954674
10 0.2888198757763975 0.005311614730878187 0.005175983436853002 0.010623229461756374
10 0.2945134575569358 0.0056657223796034 0.005175983436853002 0.0113314447592068
10 0.3113354037267081 0.009560906515580737 0.004658385093167702 0.012039660056657223
10 0.322463768115942 0.012393767705382436 0.005175983436853002 0.013456090651558074
10 0.327639751552795 0.013456090651558074 0.005175983436853002 0.012747875354107648
10 0.338768115942029 0.015580736543909348 0.004658385093167702 0.012747875354107648
7 0.1384575569358178 0.8696883852691218 0.010869565217391304 0.0084985835694051
4 0.30978260869565216 0.9079320113314447 0.05434782608695652 0.04107648725212465
7 0.6055900621118012 0.9727337110481586 0.012422360248447204 0.009206798866855524
4 0.07945134575569358 0.8583569405099151 0.05331262939958592 0.04107648725212465
10 0.6242236024844721 0.9769830028328612 0.008281573498964804 0.006373937677053824
10 0.15760869565217392 0.8764164305949008 0.008799171842650104 0.006373937677053824
4 0.5450310559006211 0.9599858356940509 0.053830227743271224 0.04178470254957507
10 0.2828674948240166 0.004957507082152974 0.005693581780538302 0.009915014164305949
10 0.3056418219461698 0.008144475920679886 0.004658385093167702 0.012039660056657223
10 0.31780538302277433 0.0113314447592068 0.004140786749482402 0.0113314447592068
10 0.3333333333333333 0.01451841359773371 0.005175983436853002 0.013456090651558074
7 0.36542443064182195 0.9210339943342776 0.012422360248447204 0.009206798866855524
10 0.3848343685300207 0.9266997167138811 0.008799171842650104 0.006373937677053824
10 0.6234472049689441 0.9822946175637394 0.007763975155279503 0.0056657223796034
10 0.15657349896480333 0.8817280453257791 0.008799171842650104 0.0056657223796034
10 0.3843167701863354 0.9327195467422096 0.008799171842650104 0.0056657223796034
10 0.3530020703933747 0.022308781869688384 0.008281573498964804 0.006373937677053824
10 0.26242236024844723 0.0028328611898017 0.009316770186335404 0.0056657223796034
10 0.35248447204968947 0.029390934844192633 0.008281573498964804 0.006373937677053824
10 0.2619047619047619 0.010623229461756374 0.008281573498964804 0.0056657223796034
10 0.261128364389234 0.017705382436260624 0.007763975155279503 0.0056657223796034
10 0.3522256728778468 0.036827195467422094 0.008799171842650104 0.0056657223796034
2 0.8871635610766045 0.15899433427762039 0.015527950310559006 0.021954674220963172
10 0.35093167701863354 0.04461756373937677 0.008281573498964804 0.007082152974504249
10 0.26009316770186336 0.024787535410764873 0.008799171842650104 0.0056657223796034
10 0.2593167701863354 0.032577903682719546 0.008281573498964804 0.0056657223796034
10 0.3504140786749482 0.05276203966005666 0.008281573498964804 0.006373937677053824
10 0.2582815734989648 0.04036827195467422 0.008281573498964804 0.0056657223796034
10 0.34937888198757766 0.06019830028328612 0.009316770186335404 0.007082152974504249
10 0.25750517598343686 0.04815864022662889 0.008799171842650104 0.0056657223796034
10 0.34834368530020704 0.06763456090651558 0.008281573498964804 0.006373937677053824
0 0.056935817805383024 0.018059490084985835 0.018633540372670808 0.03611898016997167
10 0.2567287784679089 0.05594900849858357 0.008281573498964804 0.0056657223796034
10 0.3475672877846791 0.07577903682719547 0.008799171842650104 0.007082152974504249
10 0.3817287784679089 0.08286118980169972 0.008799171842650104 0.0056657223796034
10 0.4076086956521739 0.08888101983002833 0.008799171842650104 0.006373937677053824
12 0.5649585921325052 0.12854107648725213 0.018115942028985508 0.024787535410764873
10 0.3465320910973085 0.08356940509915015 0.008799171842650104 0.007082152974504249
10 0.2556935817805383 0.06338526912181303 0.008281573498964804 0.006373937677053824
5 0.29839544513457555 0.07577903682719547 0.08126293995859213 0.12181303116147309
7 0.5476190476190477 0.13137393767705383 0.013457556935817806 0.012039660056657223
2 0.3918219461697723 0.09985835694050992 0.038302277432712216 0.028328611898016998
0 0.5137163561076604 0.12641643059490085 0.04296066252587992 0.058781869688385266
10 0.25439958592132506 0.0708215297450425 0.008799171842650104 0.0056657223796034
10 0.3454968944099379 0.0910056657223796 0.008799171842650104 0.006373937677053824
10 0.5639233954451346 0.1423512747875354 0.008799171842650104 0.0056657223796034
10 0.25388198757763975 0.07861189801699717 0.008799171842650104 0.0056657223796034
10 0.3442028985507246 0.09879603399433427 0.008281573498964804 0.006373937677053824
10 0.5634057971014492 0.14730878186968838 0.008799171842650104 0.0056657223796034
2 0.9477225672877847 0.23441926345609065 0.039337474120082816 0.13456090651558072
10 0.2528467908902691 0.08604815864022664 0.008799171842650104 0.006373937677053824
10 0.3442028985507246 0.10658640226628895 0.008281573498964804 0.006373937677053824
11 0.11697722567287784 0.059135977337110485 0.056935817805383024 0.07719546742209632
10 0.37732919254658387 0.11614730878186968 0.008281573498964804 0.0056657223796034
1 0.3915631469979296 0.1193342776203966 0.012939958592132506 0.009206798866855524
10 0.4055383022774327 0.12322946175637393 0.007763975155279503 0.007082152974504249
10 0.25181159420289856 0.09348441926345609 0.008799171842650104 0.0056657223796034
10 0.34290890269151136 0.11331444759206799 0.008799171842650104 0.0056657223796034
2 0.17443064182194618 0.07719546742209632 0.016563146997929608 0.021246458923512748
10 0.2505175983436853 0.10127478753541076 0.008281573498964804 0.0056657223796034
10 0.3423913043478261 0.12181303116147309 0.008799171842650104 0.007082152974504249
2 0.38742236024844723 0.13314447592067988 0.03778467908902691 0.025495750708215296
2 0.9937888198757764 0.2698300283286119 0.011387163561076604 0.1048158640226629
10 0.25 0.10906515580736544 0.008281573498964804 0.0056657223796034
0 0.05046583850931677 0.06550991501416431 0.018115942028985508 0.05311614730878187
10 0.3413561076604555 0.12854107648725213 0.008799171842650104 0.006373937677053824
10 0.34006211180124224 0.1363314447592068 0.008281573498964804 0.006373937677053824
10 0.2494824016563147 0.1165014164305949 0.008281573498964804 0.006373937677053824
10 0.24818840579710144 0.12464589235127478 0.008799171842650104 0.0056657223796034
10 0.3392857142857143 0.14412181303116148 0.008799171842650104 0.006373937677053824
0 0.8907867494824017 0.266643059490085 0.042443064182194616 0.05736543909348442
2 0.4438405797101449 0.1703257790368272 0.016045548654244308 0.023371104815864022
10 0.24767080745341616 0.13137393767705383 0.007763975155279503 0.006373937677053824
10 0.3382505175983437 0.15155807365439095 0.008799171842650104 0.007082152974504249
12 0.5559006211180124 0.2075070821529745 0.016563146997929608 0.024079320113314446
7 0.5393374741200828 0.21104815864022664 0.012422360248447204 0.0084985835694051
10 0.25698757763975155 0.15155807365439095 0.004658385093167702 0.012747875354107648
10 0.27924430641821946 0.1561614730878187 0.004658385093167702 0.012039660056657223
10 0.2732919254658385 0.15545325779036828 0.004140786749482402 0.012039660056657223
10 0.29063146997929606 0.15970254957507082 0.004658385093167702 0.012039660056657223
10 0.26837474120082816 0.15439093484419264 0.004658385093167702 0.012747875354107648
10 0.2851966873706004 0.15793201133144477 0.005175983436853002 0.012747875354107648
10 0.26268115942028986 0.153328611898017 0.004658385093167702 0.012039660056657223
10 0.29606625258799174 0.16076487252124647 0.005175983436853002 0.012747875354107648
10 0.30175983436853004 0.16147308781869688 0.005175983436853002 0.012747875354107648
10 0.30693581780538304 0.16288951841359772 0.004140786749482402 0.012747875354107648
10 0.31288819875776397 0.1643059490084986 0.004658385093167702 0.012747875354107648
10 0.32971014492753625 0.1678470254957507 0.005175983436853002 0.012747875354107648
10 0.2510351966873706 0.1508498583569405 0.005175983436853002 0.012747875354107648
10 0.31806418219461696 0.165014164305949 0.004658385093167702 0.012747875354107648
10 0.32401656314699795 0.1671388101983003 0.005175983436853002 0.012747875354107648
0 0.5038819875776398 0.20927762039660056 0.04296066252587992 0.058781869688385266
10 0.5540890269151139 0.2213172804532578 0.008799171842650104 0.006373937677053824
2 0.7119565217391305 0.25743626062322944 0.2779503105590062 0.34915014164305946
10 0.5533126293995859 0.22662889518413598 0.009316770186335404 0.007082152974504249
12 0.11982401656314699 0.15545325779036828 0.017080745341614908 0.023371104815864022
12 0.05434782608695652 0.1419971671388102 0.017598343685300208 0.021954674220963172
7 0.03907867494824017 0.14837110481586402 0.008799171842650104 0.007790368271954674
7 0.10170807453416149 0.1618271954674221 0.012939958592132506 0.010623229461756374
10 0.053830227743271224 0.15509915014164305 0.008281573498964804 0.0056657223796034
10 0.11801242236024845 0.16926345609065155 0.008281573498964804 0.0056657223796034
10 0.05357142857142857 0.16005665722379603 0.008799171842650104 0.0056657223796034
10 0.11775362318840579 0.17422096317280453 0.008799171842650104 0.0056657223796034
7 0.8493788819875776 0.34242209631728043 0.012422360248447204 0.009206798866855524
10 0.8643892339544513 0.3452549575070821 0.009316770186335404 0.007790368271954674
8 0.1167184265010352 0.18626062322946177 0.009834368530020704 0.0084985835694051
2 0.42857142857142855 0.2723087818696884 0.016563146997929608 0.023371104815864022
7 0.8473084886128365 0.36579320113314445 0.013457556935817806 0.009206798866855524
10 0.8620600414078675 0.3693342776203966 0.008799171842650104 0.006373937677053824
2 0.03597308488612837 0.19440509915014165 0.015010351966873706 0.021954674220963172