1 0.6633879781420765 0.3479073243647235 0.007650273224043716 0.00523168908819133
1 0.5237704918032787 0.34491778774289983 0.00819672131147541 0.00523168908819133
10 0.796448087431694 0.35351270553064273 0.00273224043715847 0.01046337817638266
10 0.7688524590163934 0.3542600896860987 0.003278688524590164 0.01046337817638266
4 0.4663934426229508 0.34902840059790735 0.025683060109289616 0.016442451420029897
2 0.4355191256830601 0.35201793721973096 0.014207650273224045 0.01943198804185351
10 0.9333333333333333 0.3639760837070254 0.002185792349726776 0.01046337817638266
10 0.9204918032786885 0.3636023916292975 0.00273224043715847 0.009715994020926755
10 0.9439890710382514 0.36434977578475336 0.00273224043715847 0.009715994020926755
10 0.969672131147541 0.36509715994020925 0.00273224043715847 0.009715994020926755
10 0.4456284153005464 0.3531390134529148 0.003825136612021858 0.011210762331838564
1 0.48415300546448087 0.3542600896860987 0.003278688524590164 0.01195814648729447
1 0.4901639344262295 0.3546337817638266 0.003278688524590164 0.011210762331838564
8 0.9814207650273225 0.3725710014947683 0.003278688524590164 0.011210762331838564
10 0.5202185792349727 0.3658445440956652 0.007650273224043716 0.00523168908819133
5 0.5907103825136611 0.37294469357249627 0.11584699453551912 0.16143497757847533
1 0.5202185792349727 0.3725710014947683 0.007650273224043716 0.00523168908819133
1 0.6609289617486339 0.37929745889387145 0.00819672131147541 0.00523168908819133
10 0.9379781420765028 0.38863976083707025 0.00273224043715847 0.01046337817638266
10 0.5202185792349727 0.37929745889387145 0.007650273224043716 0.00523168908819133
10 0.9628415300546448 0.39162929745889385 0.003278688524590164 0.01046337817638266
7 0.7683060109289618 0.38789237668161436 0.013114754098360656 0.04185351270553064
7 0.7967213114754098 0.3882660687593423 0.013114754098360656 0.04110612855007474
1 0.6601092896174864 0.3860239162929746 0.007650273224043716 0.00523168908819133
10 0.5199453551912568 0.38565022421524664 0.00819672131147541 0.004484304932735426
10 0.423224043715847 0.38490284005979075 0.003825136612021858 0.01046337817638266
1 0.5193989071038252 0.3920029895366218 0.007103825136612022 0.00523168908819133
1 0.6584699453551912 0.40321375186846037 0.007650273224043716 0.00523168908819133
1 0.5202185792349727 0.40059790732436473 0.007650273224043716 0.005979073243647235
2 0.42295081967213116 0.4013452914798206 0.014207650273224045 0.013452914798206279
10 0.49043715846994534 0.40620328849028403 0.00273224043715847 0.011210762331838564
1 0.6683060109289618 0.4155455904334828 0.015300546448087432 0.01046337817638266
1 0.5174863387978142 0.42227204783258593 0.013114754098360656 0.007473841554559043
1 0.6573770491803279 0.43310911808669655 0.007650273224043716 0.0037369207772795215
2 0.8292349726775956 0.43871449925261585 0.01366120218579235 0.01943198804185351
1 0.5472677595628416 0.46263079222720477 0.003825136612021858 0.01046337817638266
9 0.19918032786885245 0.4555306427503737 0.1185792349726776 0.03961136023916293
1 0.5939890710382514 0.4663677130044843 0.003278688524590164 0.01046337817638266
1 0.5885245901639344 0.4693572496263079 0.003278688524590164 0.01195814648729447
10 0.6054644808743169 0.47159940209267565 0.003278688524590164 0.01195814648729447
1 0.580327868852459 0.4712257100149477 0.007650273224043716 0.021674140508221227
8 0.42213114754098363 0.4674887892376682 0.003825136612021858 0.012705530642750373
10 0.9366120218579235 0.48094170403587444 0.003278688524590164 0.011210762331838564
4 0.46256830601092896 0.4730941704035874 0.03333333333333333 0.0687593423019432
1 0.6314207650273224 0.47720478325859494 0.007103825136612022 0.021674140508221227
4 0.5057377049180328 0.47384155455904337 0.03333333333333333 0.0687593423019432
4 0.6729508196721311 0.48878923766816146 0.03442622950819672 0.0687593423019432
10 0.6163934426229508 0.5037369207772795 0.003278688524590164 0.01195814648729447
10 0.6038251366120219 0.5044843049327354 0.003278688524590164 0.01195814648729447
10 0.5792349726775956 0.5037369207772795 0.003278688524590164 0.01195814648729447
10 0.5734972677595629 0.5033632286995515 0.003825136612021858 0.011210762331838564
8 0.23114754098360657 0.4973841554559043 0.007650273224043716 0.00523168908819133
10 0.24371584699453552 0.49887892376681614 0.007650273224043716 0.00523168908819133
10 0.9404371584699454 0.5302690582959642 0.015300546448087432 0.012705530642750373
5 0.8745901639344262 0.5295216741405082 0.020218579234972677 0.021674140508221227
5 0.8991803278688525 0.5298953662182362 0.020218579234972677 0.02092675635276532
10 0.4081967213114754 0.5220478325859492 0.003278688524590164 0.009715994020926755
10 0.4155737704918033 0.522795216741405 0.00273224043715847 0.009715994020926755
8 0.43524590163934423 0.523542600896861 0.00273224043715847 0.012705530642750373
4 0.919672131147541 0.5392376681614349 0.01639344262295082 0.032137518684603884
1 0.1557377049180328 0.522795216741405 0.009836065573770493 0.021674140508221227
1 0.9404371584699454 0.546337817638266 0.012021857923497269 0.01046337817638266
4 0.2587431693989071 0.53101644245142 0.04972677595628415 0.045590433482810166
0 0.012568306010928962 0.5265321375186846 0.025136612021857924 0.045590433482810166
12 0.11912568306010929 0.5291479820627802 0.05901639344262295 0.04633781763826607
1 0.896448087431694 0.5478325859491778 0.010382513661202186 0.008968609865470852
1 0.8718579234972678 0.547085201793722 0.011475409836065573 0.01046337817638266
9 0.9677595628415301 0.5511958146487295 0.025136612021857924 0.053064275037369206
4 0.17486338797814208 0.5440956651718983 0.02622950819672131 0.052316890881913304
1 0.8647540983606558 0.5612855007473841 0.011475409836065573 0.008968609865470852
1 0.5989071038251366 0.5560538116591929 0.003278688524590164 0.01195814648729447
1 0.5931693989071039 0.5571748878923767 0.003825136612021858 0.011210762331838564
1 0.15601092896174865 0.54745889387145 0.011475409836065573 0.009715994020926755
1 0.8956284153005465 0.5646487294469357 0.006557377049180328 0.01569506726457399
1 0.9778688524590164 0.5680119581464873 0.007103825136612022 0.016442451420029897
1 0.9084699453551912 0.5672645739910314 0.009289617486338797 0.02092675635276532
10 0.919672131147541 0.5676382660687593 0.008743169398907104 0.021674140508221227
10 0.9306010928961749 0.5683856502242153 0.008743169398907104 0.020179372197309416
1 0.5868852459016394 0.5612855007473841 0.004371584699453552 0.017937219730941704
1 0.6046448087431694 0.5616591928251121 0.004918032786885246 0.01868460388639761
1 0.5743169398907104 0.5616591928251121 0.007650273224043716 0.021674140508221227
6 0.8833333333333333 0.570254110612855 0.014754098360655738 0.03139013452914798
1 0.6163934426229508 0.5635276532137519 0.006557377049180328 0.02092675635276532
12 0.2103825136612022 0.5553064275037369 0.018579234972677595 0.02242152466367713
2 0.5202185792349727 0.5672645739910314 0.014207650273224045 0.02092675635276532
1 0.19617486338797815 0.5620328849028401 0.006557377049180328 0.016442451420029897
10 0.8617486338797814 0.57847533632287 0.008743169398907104 0.01943198804185351
8 0.4245901639344262 0.569880418535127 0.07650273224043716 0.07100149476831091
1 0.8704918032786885 0.585949177877429 0.007650273224043716 0.007473841554559043
2 0.5478142076502732 0.5803437967115097 0.014754098360655738 0.020179372197309416
5 0.9021857923497267 0.5908071748878924 0.019672131147540985 0.021674140508221227
1 0.8868852459016393 0.5911808669656203 0.007650273224043716 0.007473841554559043
1 0.8707650273224044 0.5956651718983558 0.007103825136612022 0.007473841554559043
4 0.11475409836065574 0.578101644245142 0.02622950819672131 0.0515695067264574
10 0.1551912568306011 0.5810911808669657 0.008743169398907104 0.020179372197309416
10 0.16557377049180327 0.5814648729446936 0.008743169398907104 0.02092675635276532
1 0.13360655737704918 0.5810911808669657 0.009289617486338797 0.021674140508221227
10 0.14426229508196722 0.5814648729446936 0.009836065573770493 0.02092675635276532
6 0.18524590163934426 0.5825859491778774 0.022950819672131147 0.021674140508221227
10 0.2133879781420765 0.5833333333333334 0.009289617486338797 0.020179372197309416
10 0.20355191256830601 0.5825859491778774 0.010382513661202186 0.021674140508221227
10 0.8603825136612022 0.601644245142003 0.009289617486338797 0.02092675635276532
2 0.7549180327868853 0.5990284005979073 0.03879781420765027 0.053064275037369206
2 0.596448087431694 0.6035127055306427 0.015846994535519125 0.021674140508221227
2 0.575136612021858 0.6038863976083707 0.015846994535519125 0.02092675635276532
2 0.6543715846994536 0.6061285500747384 0.014754098360655738 0.02092675635276532
6 0.8841530054644808 0.6117339312406577 0.015300546448087432 0.030642750373692077
2 0.6174863387978142 0.6057548579970105 0.015300546448087432 0.020179372197309416
2 0.6734972677595629 0.6068759342301944 0.014754098360655738 0.02092675635276532
2 0.6352459016393442 0.6061285500747384 0.014754098360655738 0.02242152466367713
4 0.09098360655737706 0.593423019431988 0.016939890710382512 0.03288490284005979
8 0.15628415300546447 0.5979073243647235 0.008743169398907104 0.007473841554559043
1 0.14207650273224043 0.5982810164424515 0.01092896174863388 0.011210762331838564
2 0.30983606557377047 0.6023916292974589 0.03934426229508197 0.05530642750373692
1 0.8950819672131147 0.617339312406577 0.006557377049180328 0.016442451420029897
1 0.8644808743169399 0.6188340807174888 0.01092896174863388 0.008968609865470852
1 0.16557377049180327 0.6027653213751868 0.006557377049180328 0.01569506726457399
10 0.49098360655737705 0.6136023916292974 0.00273224043715847 0.01195814648729447
8 0.13224043715846995 0.6065022421524664 0.006557377049180328 0.01569506726457399
5 0.18770491803278688 0.6083707025411061 0.016939890710382512 0.02391629297458894
1 0.8502732240437159 0.6259342301943199 0.006557377049180328 0.01569506726457399
10 0.14207650273224043 0.6106128550074739 0.01092896174863388 0.008968609865470852
8 0.7207650273224043 0.625186846038864 0.004371584699453552 0.01868460388639761
11 0.010382513661202186 0.6083707025411061 0.020765027322404372 0.08669656203288491
6 0.9210382513661202 0.6304185351270553 0.03224043715846994 0.05455904334828102
10 0.15546448087431694 0.6162182361733931 0.009289617486338797 0.01569506726457399
10 0.1412568306010929 0.6218236173393124 0.010382513661202186 0.008968609865470852
1 0.08196721311475409 0.6199551569506726 0.006557377049180328 0.01569506726457399
1 0.5150273224043715 0.6319133034379671 0.00819672131147541 0.00523168908819133
1 0.09016393442622951 0.6236920777279522 0.00546448087431694 0.011210762331838564
8 0.13169398907103824 0.624439461883408 0.006557377049180328 0.01569506726457399
1 0.1912568306010929 0.6274289985052317 0.012021857923497269 0.011210762331838564
10 0.7213114754098361 0.6420029895366218 0.003278688524590164 0.01046337817638266
10 0.5275956284153005 0.6393871449925261 0.003825136612021858 0.009715994020926755
1 0.8931693989071038 0.647982062780269 0.007103825136612022 0.016442451420029897
10 0.11448087431693989 0.6307922272047832 0.009289617486338797 0.02242152466367713
1 0.1418032786885246 0.6319133034379671 0.011475409836065573 0.009715994020926755
10 0.8248633879781421 0.6494768310911808 0.009289617486338797 0.02092675635276532
6 0.8379781420765028 0.6498505231689088 0.014754098360655738 0.032137518684603884
1 0.5139344262295082 0.6420029895366218 0.00819672131147541 0.004484304932735426
8 0.1557377049180328 0.6337817638266069 0.008743169398907104 0.007473841554559043
10 0.2863387978142076 0.6378923766816144 0.00546448087431694 0.012705530642750373
1 0.048633879781420766 0.632660687593423 0.015300546448087432 0.012705530642750373
1 0.06502732240437159 0.6337817638266069 0.014207650273224045 0.01195814648729447
1 0.1907103825136612 0.6378923766816144 0.012021857923497269 0.009715994020926755
1 0.8502732240437159 0.6550822122571002 0.006557377049180328 0.01569506726457399
4 0.9672131147540983 0.6625560538116592 0.02622950819672131 0.05007473841554559
10 0.8688524590163934 0.6614349775784754 0.008743169398907104 0.01943198804185351
8 0.7204918032786886 0.6599402092675636 0.004918032786885246 0.01943198804185351
1 0.16147540983606556 0.6468609865470852 0.007103825136612022 0.01569506726457399
4 0.5133879781420765 0.6569506726457399 0.025683060109289616 0.016442451420029897
10 0.2855191256830601 0.6524663677130045 0.003825136612021858 0.01195814648729447
4 0.885792349726776 0.6760089686098655 0.01639344262295082 0.032137518684603884
5 0.09289617486338798 0.6674140508221226 0.05573770491803279 0.07623318385650224
2 0.7530054644808744 0.6849775784753364 0.03934426229508197 0.05455904334828102
1 0.12349726775956284 0.6696562032884903 0.00546448087431694 0.01046337817638266
1 0.9256830601092896 0.6902092675635276 0.006557377049180328 0.01569506726457399
4 0.9079234972677596 0.6905829596412556 0.025683060109289616 0.04932735426008968
1 0.13060109289617486 0.6730194319880418 0.006557377049180328 0.0171898355754858
1 0.16065573770491803 0.6741405082212257 0.007650273224043716 0.016442451420029897
1 0.9590163934426229 0.695067264573991 0.014207650273224045 0.013452914798206279
5 0.9404371584699454 0.695067264573991 0.019672131147540985 0.02242152466367713
10 0.5644808743169399 0.6860986547085202 0.007650273224043716 0.004484304932735426
10 0.5363387978142077 0.6868460388639761 0.00819672131147541 0.004484304932735426
10 0.5494535519125683 0.6883408071748879 0.007103825136612022 0.004484304932735426
2 0.2390710382513661 0.6819880418535127 0.01366120218579235 0.020179372197309416
11 0.009836065573770493 0.6778774289985052 0.019672131147540985 0.053811659192825115
10 0.8519125683060109 0.6976831091180867 0.008743169398907104 0.020179372197309416
12 0.8658469945355192 0.6976831091180867 0.018032786885245903 0.023168908819133034
2 0.3092896174863388 0.6887144992526159 0.03934426229508197 0.05455904334828102
10 0.8811475409836066 0.703288490284006 0.009289617486338797 0.02092675635276532
1 0.123224043715847 0.6860986547085202 0.004918032786885246 0.01046337817638266
10 0.5311475409836065 0.6995515695067265 0.007650273224043716 0.004484304932735426
1 0.9587431693989071 0.7103886397608371 0.014754098360655738 0.012705530642750373
2 0.04016393442622951 0.6894618834080718 0.026775956284153007 0.021674140508221227
1 0.13060109289617486 0.6935724962630793 0.006557377049180328 0.016442451420029897
1 0.4822404371584699 0.702914798206278 0.004918032786885246 0.01868460388639761
1 0.5030054644808744 0.7040358744394619 0.007103825136612022 0.02092675635276532
10 0.5270491803278688 0.7111360239162929 0.00819672131147541 0.00523168908819133
10 0.5409836065573771 0.7118834080717489 0.008743169398907104 0.00523168908819133
10 0.5693989071038251 0.7178624813153961 0.007650273224043716 0.0037369207772795215
10 0.555464480874317 0.7201046337817638 0.00819672131147541 0.00523168908819133
8 0.3879781420765027 0.7414050822122571 0.003278688524590164 0.01195814648729447
10 0.5759562841530055 0.750373692077728 0.007650273224043716 0.004484304932735426
10 0.578688524590164 0.765695067264574 0.003278688524590164 0.011210762331838564
8 0.3907103825136612 0.7660687593423019 0.003278688524590164 0.01195814648729447
8 0.4 0.7686846038863976 0.004371584699453552 0.012705530642750373
8 0.38989071038251366 0.7798953662182362 0.003825136612021858 0.012705530642750373
2 0.764207650273224 0.7959641255605381 0.016939890710382512 0.02391629297458894
8 0.37896174863387977 0.7873692077727952 0.003825136612021858 0.012705530642750373
8 0.39344262295081966 0.796711509715994 0.003278688524590164 0.013452914798206279
10 0.5729508196721311 0.8139013452914798 0.00273224043715847 0.01195814648729447
8 0.39371584699453555 0.8120328849028401 0.003825136612021858 0.012705530642750373
8 0.3797814207650273 0.8135276532137519 0.004371584699453552 0.012705530642750373
8 0.39344262295081966 0.8251121076233184 0.003278688524590164 0.01195814648729447
8 0.3800546448087432 0.8295964125560538 0.003825136612021858 0.013452914798206279
5 0.48797814207650275 0.8352017937219731 0.1628415300546448 0.2234678624813154
8 0.39726775956284155 0.8348281016442451 0.003278688524590164 0.01195814648729447
8 0.3907103825136612 0.8370702541106129 0.004371584699453552 0.013452914798206279
8 0.3844262295081967 0.8445440956651719 0.009289617486338797 0.004484304932735426
8 0.39289617486338796 0.850896860986547 0.003278688524590164 0.012705530642750373
8 0.387431693989071 0.8609865470852018 0.004371584699453552 0.013452914798206279
8 0.3948087431693989 0.8692077727952168 0.003825136612021858 0.013452914798206279
8 0.3882513661202186 0.8778026905829597 0.003825136612021858 0.014200298953662182
2 0.8461748633879781 0.875560538116592 0.04316939890710383 0.24738415545590434
2 0.9147540983606557 0.8766816143497758 0.04262295081967213 0.24514200298953662
8 0.3959016393442623 0.8882660687593423 0.003825136612021858 0.014200298953662182
2 0.09180327868852459 0.8643497757847534 0.04371584699453552 0.25186846038863975
2 0.1756830601092896 0.8662182361733931 0.04207650273224044 0.25112107623318386
2 0.30628415300546447 0.8946188340807175 0.03879781420765027 0.053811659192825115
10 0.333879781420765 0.9360986547085202 0.003278688524590164 0.011210762331838564
8 0.32295081967213113 0.9368460388639761 0.014207650273224045 0.0171898355754858
8 0.46174863387978143 0.9514200298953662 0.003278688524590164 0.01195814648729447
1 0.5437158469945356 0.9566517189835575 0.007650273224043716 0.004484304932735426
10 0.5114754098360655 0.9559043348281017 0.007650273224043716 0.004484304932735426
1 0.5540983606557377 0.9573991031390134 0.007650273224043716 0.004484304932735426
1 0.5316939890710383 0.9577727952167414 0.007650273224043716 0.0037369207772795215
1 0.5202185792349727 0.9592675635276532 0.003278688524590164 0.011210762331838564
1 0.5027322404371585 0.9592675635276532 0.003278688524590164 0.011210762331838564
8 0.473224043715847 0.9600149476831091 0.008743169398907104 0.00523168908819133
10 0.5363387978142077 0.9626307922272048 0.007103825136612022 0.004484304932735426
10 0.5592896174863388 0.9652466367713004 0.00819672131147541 0.00523168908819133
10 0.5489071038251366 0.9652466367713004 0.00273224043715847 0.011210762331838564
10 0.5445355191256831 0.9656203288490284 0.00273224043715847 0.01046337817638266
8 0.49480874316939893 0.9648729446935725 0.009289617486338797 0.004484304932735426
10 0.5360655737704918 0.9682361733931241 0.007650273224043716 0.0037369207772795215
10 0.5595628415300546 0.9708520179372198 0.007650273224043716 0.004484304932735426
10 0.44453551912568307 0.9738415545590433 0.00273224043715847 0.01046337817638266
10 0.4516393442622951 0.9745889387144993 0.00273224043715847 0.01046337817638266
8 0.4633879781420765 0.9745889387144993 0.003278688524590164 0.013452914798206279
2 0.30546448087431693 0.9742152466367713 0.040437158469945354 0.042600896860986545
4 0.5122950819672131 0.9872944693572496 0.025683060109289616 0.014947683109118086
2 0.6226775956284153 0.09005979073243647 0.45191256830601095 0.06651718983557549
2 0.9120218579234972 0.21300448430493274 0.003278688524590164 0.01195814648729447
0 0.7800546448087432 0.2350523168908819 0.03879781420765027 0.053064275037369206
4 0.6893442622950819 0.2679372197309417 0.03333333333333333 0.06801195814648729
1 0.5653005464480875 0.27466367713004486 0.003825136612021858 0.0171898355754858
4 0.5314207650273224 0.27466367713004486 0.011475409836065573 0.035127055306427506
1 0.5784153005464481 0.27541106128550075 0.007103825136612022 0.021674140508221227
1 0.642896174863388 0.2787742899850523 0.004918032786885246 0.017937219730941704
1 0.5983606557377049 0.2772795216741405 0.004371584699453552 0.017937219730941704
1 0.6355191256830601 0.2798953662182362 0.003278688524590164 0.011210762331838564
1 0.585792349726776 0.2798953662182362 0.003278688524590164 0.011210762331838564
1 0.5915300546448088 0.2802690582959641 0.00273224043715847 0.01046337817638266
2 0.9573770491803278 0.3094170403587444 0.08415300546448087 0.07473841554559044
10 0.9702185792349727 0.3101644245142003 0.00273224043715847 0.01046337817638266
10 0.9587431693989071 0.3101644245142003 0.00273224043715847 0.01046337817638266
1 0.5240437158469945 0.30754857997010465 0.007650273224043716 0.00523168908819133
10 0.6614754098360656 0.32548579970104635 0.00819672131147541 0.00523168908819133
10 0.5191256830601093 0.32249626307922274 0.008743169398907104 0.00523168908819133
2 0.9393442622950819 0.3381913303437967 0.10163934426229508 0.03961136023916293
1 0.5163934426229508 0.3344544095665172 0.015300546448087432 0.009715994020926755
2 0.04562841530054645 0.32585949177877427 0.08907103825136611 0.2227204783258595