9 0.8845776031434185 0.27818791946308724 0.030451866404715127 0.09060402684563758
2 0.9395874263261297 0.2758389261744966 0.0343811394891945 0.11006711409395974
9 0.555992141453831 0.3345637583892617 0.014734774066797643 0.02080536912751678
2 0.4169941060903733 0.3818791946308725 0.2504911591355599 0.3208053691275168
9 0.0950392927308448 0.46476510067114096 0.03683693516699411 0.06375838926174497
9 0.5717092337917485 0.3976510067114094 0.01669941060903733 0.050335570469798654
9 0.20407662082514735 0.45302013422818793 0.012278978388998035 0.0174496644295302
9 0.7730844793713163 0.4147651006711409 0.10510805500982318 0.04563758389261745
9 0.4904223968565815 0.539261744966443 0.012278978388998035 0.018120805369127517
9 0.4673379174852652 0.5540268456375839 0.012278978388998035 0.016778523489932886
1 0.20653241650294696 0.09295302013422818 0.0054027504911591355 0.016778523489932886
9 0.3985756385068762 0.5842281879194631 0.10265225933202357 0.03154362416107383
1 0.1969548133595285 0.09630872483221477 0.007858546168958742 0.019463087248322148
10 0.9577603143418467 0.511744966442953 0.0137524557956778 0.02214765100671141
1 0.2131630648330059 0.0953020134228188 0.003929273084479371 0.010738255033557046
4 0.46954813359528486 0.6016778523489933 0.03536345776031434 0.06510067114093959
4 0.5068762278978389 0.5969798657718121 0.03339882121807466 0.06510067114093959
10 0.9602161100196464 0.5429530201342282 0.0137524557956778 0.021476510067114093
4 0.4172396856581532 0.6412751677852349 0.04764243614931238 0.046308724832214765
4 0.6316306483300589 0.6204697986577181 0.0481335952848723 0.046308724832214765
1 0.5979862475442044 0.6295302013422819 0.00343811394891945 0.010738255033557046
10 0.444007858546169 0.6523489932885906 0.007858546168958742 0.005369127516778523
9 0.7517190569744597 0.6144295302013423 0.012278978388998035 0.018120805369127517
4 0.7116895874263262 0.6208053691275168 0.0481335952848723 0.04563758389261745
10 0.48035363457760316 0.6573825503355705 0.007858546168958742 0.006040268456375839
10 0.9634086444007859 0.5889261744966443 0.01424361493123772 0.02214765100671141
1 0.4268172888015717 0.6681208053691275 0.007858546168958742 0.006040268456375839
10 0.49754420432220037 0.6597315436241611 0.007858546168958742 0.005369127516778523
1 0.5402750491159135 0.6557046979865772 0.0029469548133595285 0.009395973154362415
10 0.5508349705304518 0.6546979865771813 0.00343811394891945 0.010067114093959731
10 0.5459233791748527 0.6557046979865772 0.00343811394891945 0.010738255033557046
10 0.5319253438113949 0.6597315436241611 0.0068762278978389 0.004026845637583893
1 0.5117878192534381 0.6624161073825503 0.007858546168958742 0.020134228187919462
1 0.5221021611001965 0.6610738255033557 0.007858546168958742 0.020134228187919462
1 0.5790766208251473 0.6536912751677852 0.007858546168958742 0.020134228187919462
1 0.5709724950884086 0.6550335570469799 0.0054027504911591355 0.0174496644295302
10 0.4683202357563851 0.6721476510067114 0.0073673870333988214 0.004697986577181208
10 0.47716110019646363 0.6718120805369128 0.008349705304518664 0.005369127516778523
10 0.4580058939096267 0.6741610738255034 0.008349705304518664 0.006040268456375839
10 0.4911591355599214 0.6697986577181209 0.007858546168958742 0.005369127516778523
1 0.42779960707269155 0.6815436241610738 0.007858546168958742 0.006040268456375839
1 0.4381139489194499 0.6805369127516778 0.005893909626719057 0.0174496644295302
1 0.6308939096267191 0.6567114093959732 0.012278978388998035 0.00738255033557047
8 0.6105108055009824 0.6724832214765101 0.003929273084479371 0.012080536912751677
1 0.6304027504911591 0.6704697986577182 0.0073673870333988214 0.005369127516778523
10 0.44081532416502944 0.7046979865771812 0.008349705304518664 0.005369127516778523
1 0.4678290766208251 0.7043624161073826 0.00343811394891945 0.010067114093959731
1 0.4860019646365422 0.7023489932885906 0.00343811394891945 0.010067114093959731
1 0.49828094302554027 0.702013422818792 0.00343811394891945 0.010738255033557046
4 0.6716601178781926 0.6771812080536913 0.04764243614931238 0.04563758389261745
8 0.6176326129666012 0.688255033557047 0.0044204322200392925 0.011409395973154362
1 0.706532416502947 0.6781879194630872 0.01424361493123772 0.011409395973154362
1 0.4292730844793713 0.7204697986577181 0.007858546168958742 0.006040268456375839
8 0.6137033398821218 0.6963087248322147 0.0044204322200392925 0.011409395973154362
1 0.5717092337917485 0.7033557046979866 0.007858546168958742 0.005369127516778523
1 0.5272593320235757 0.7100671140939597 0.0054027504911591355 0.0174496644295302
1 0.5510805500982319 0.7090604026845637 0.003929273084479371 0.011409395973154362
1 0.7070235756385069 0.6909395973154362 0.012278978388998035 0.00738255033557047
8 0.6137033398821218 0.7083892617449664 0.0044204322200392925 0.011409395973154362
1 0.505648330058939 0.7238255033557047 0.0073673870333988214 0.004697986577181208
1 0.3705795677799607 0.7469798657718121 0.008349705304518664 0.005369127516778523
1 0.5525540275049116 0.7208053691275168 0.003929273084479371 0.010738255033557046
1 0.5395383104125737 0.7231543624161074 0.0044204322200392925 0.011409395973154362
1 0.39120825147347743 0.7442953020134229 0.012278978388998035 0.008053691275167786
1 0.4113457760314342 0.7419463087248322 0.008349705304518664 0.006040268456375839
1 0.5152259332023575 0.728523489932886 0.007858546168958742 0.006040268456375839
8 0.6198428290766208 0.7164429530201343 0.003929273084479371 0.011409395973154362
1 0.5663064833005894 0.7251677852348993 0.003929273084479371 0.011409395973154362
9 0.2836444007858546 0.7671140939597315 0.012278978388998035 0.01879194630872483
1 0.5287328094302554 0.7325503355704698 0.0044204322200392925 0.016778523489932886
8 0.6301571709233792 0.7177852348993289 0.003929273084479371 0.011409395973154362
1 0.4931237721021611 0.7385906040268456 0.007858546168958742 0.006040268456375839
1 0.5776031434184676 0.7265100671140939 0.0068762278978389 0.004697986577181208
1 0.518172888015717 0.7385906040268456 0.003929273084479371 0.011409395973154362
8 0.6149312377210217 0.72751677852349 0.003929273084479371 0.012080536912751677
1 0.5024557956777996 0.7496644295302013 0.007858546168958742 0.005369127516778523
1 0.5432220039292731 0.7446308724832215 0.007858546168958742 0.006040268456375839
1 0.5609037328094303 0.7416107382550335 0.007858546168958742 0.006711409395973154
1 0.5142436149312377 0.7506711409395973 0.003929273084479371 0.011409395973154362
1 0.6905697445972495 0.725503355704698 0.014734774066797643 0.010738255033557046
1 0.550098231827112 0.7459731543624161 0.003929273084479371 0.011409395973154362
8 0.6122298624754421 0.7375838926174496 0.0044204322200392925 0.012080536912751677
1 0.5304518664047151 0.7503355704697987 0.004911591355599214 0.016107382550335572
8 0.6227897838899804 0.7369127516778523 0.003929273084479371 0.012080536912751677
1 0.5609037328094303 0.7473154362416108 0.0068762278978389 0.006040268456375839
1 0.5034381139489195 0.7553691275167785 0.007858546168958742 0.006040268456375839
1 0.5203831041257367 0.7526845637583892 0.008349705304518664 0.006040268456375839
1 0.49263261296660116 0.7600671140939598 0.003929273084479371 0.011409395973154362
1 0.5368369351669942 0.7530201342281879 0.0029469548133595285 0.009395973154362415
1 0.5417485265225933 0.7533557046979866 0.003929273084479371 0.011409395973154362
1 0.5461689587426326 0.7530201342281879 0.003929273084479371 0.010738255033557046
1 0.5100687622789783 0.7580536912751678 0.00343811394891945 0.010067114093959731
1 0.5545186640471512 0.7516778523489933 0.003929273084479371 0.010738255033557046
1 0.5724459724950884 0.7486577181208054 0.00343811394891945 0.010067114093959731
1 0.6593811394891945 0.738255033557047 0.0073673870333988214 0.005369127516778523
8 0.6191060903732809 0.7456375838926175 0.0044204322200392925 0.012080536912751677
1 0.4432711198428291 0.77248322147651 0.012278978388998035 0.006711409395973154
1 0.5149803536345776 0.7634228187919463 0.00343811394891945 0.010067114093959731
1 0.5196463654223968 0.7624161073825504 0.003929273084479371 0.010738255033557046
1 0.5572200392927309 0.7597315436241611 0.0073673870333988214 0.005369127516778523
1 0.537819253438114 0.7661073825503356 0.003929273084479371 0.011409395973154362
1 0.5243123772102161 0.7681208053691275 0.00343811394891945 0.010067114093959731
1 0.531188605108055 0.7677852348993288 0.0054027504911591355 0.0174496644295302
1 0.5422396856581533 0.7661073825503356 0.003929273084479371 0.011409395973154362
8 0.6139489194499018 0.7563758389261745 0.003929273084479371 0.012080536912751677
1 0.5137524557956779 0.77248322147651 0.007858546168958742 0.005369127516778523
1 0.5579567779960707 0.7661073825503356 0.007858546168958742 0.006040268456375839
1 0.5491159135559921 0.7674496644295302 0.007858546168958742 0.006040268456375839
1 0.44523575638506874 0.7828859060402684 0.01424361493123772 0.010067114093959731
1 0.6490667976424361 0.7560402684563758 0.0073673870333988214 0.004697986577181208
1 0.5984774066797642 0.7654362416107383 0.0073673870333988214 0.004697986577181208
8 0.6230353634577603 0.7634228187919463 0.00343811394891945 0.011409395973154362
1 0.675343811394892 0.7570469798657719 0.014734774066797643 0.010738255033557046
1 0.4987721021611002 0.7828859060402684 0.012278978388998035 0.00738255033557047
1 0.5117878192534381 0.7815436241610738 0.011787819253438114 0.00738255033557047
1 0.5245579567779961 0.7791946308724832 0.012770137524557957 0.008053691275167786
1 0.5388015717092338 0.7778523489932886 0.011787819253438114 0.006711409395973154
1 0.5518172888015717 0.7761744966442953 0.012278978388998035 0.00738255033557047
1 0.5645874263261297 0.7748322147651007 0.012278978388998035 0.00738255033557047
8 0.6176326129666012 0.771476510067114 0.0044204322200392925 0.011409395973154362
1 0.44720039292730845 0.797986577181208 0.01424361493123772 0.010738255033557046
1 0.5058939096267191 0.7912751677852349 0.007858546168958742 0.005369127516778523
1 0.5149803536345776 0.7899328859060403 0.0073673870333988214 0.005369127516778523
1 0.5329076620825147 0.7909395973154363 0.004911591355599214 0.016778523489932886
1 0.5257858546168959 0.7919463087248322 0.0044204322200392925 0.010738255033557046
1 0.5395383104125737 0.7906040268456376 0.00343811394891945 0.010738255033557046
1 0.5530451866404715 0.7889261744966443 0.0029469548133595285 0.0087248322147651
1 0.6765717092337917 0.7718120805369127 0.01424361493123772 0.010738255033557046
1 0.5464145383104125 0.7926174496644295 0.0073673870333988214 0.005369127516778523
8 0.6166502946954814 0.7845637583892617 0.0044204322200392925 0.012080536912751677
1 0.44842829076620827 0.8093959731543624 0.011787819253438114 0.008053691275167786
1 0.5221021611001965 0.7996644295302013 0.003929273084479371 0.011409395973154362
1 0.5176817288801572 0.8 0.003929273084479371 0.010738255033557046
1 0.4223968565815324 0.8140939597315436 0.007858546168958742 0.005369127516778523
1 0.5093320235756386 0.8070469798657718 0.003929273084479371 0.011409395973154362
1 0.5267681728880157 0.8046979865771812 0.0044204322200392925 0.010738255033557046
1 0.5761296660117878 0.7973154362416107 0.003929273084479371 0.010738255033557046
1 0.5584479371316307 0.8006711409395973 0.003929273084479371 0.012080536912751677
1 0.5427308447937131 0.8053691275167785 0.0068762278978389 0.004026845637583893
1 0.5648330058939096 0.8023489932885906 0.007858546168958742 0.006040268456375839
1 0.5341355599214146 0.8087248322147651 0.0054027504911591355 0.0174496644295302
1 0.6976915520628684 0.7848993288590604 0.012278978388998035 0.00738255033557047
1 0.5139980353634578 0.8120805369127517 0.00343811394891945 0.010738255033557046
1 0.5547642436149313 0.8067114093959732 0.0044204322200392925 0.010738255033557046
1 0.5496070726915521 0.8073825503355705 0.003929273084479371 0.010738255033557046
1 0.5233300589390962 0.811744966442953 0.0044204322200392925 0.011409395973154362
8 0.6181237721021611 0.8 0.0044204322200392925 0.013422818791946308
8 0.6264734774066798 0.7983221476510067 0.0044204322200392925 0.012751677852348993
1 0.5427308447937131 0.8110738255033557 0.007858546168958742 0.006040268456375839
1 0.5655697445972495 0.8080536912751678 0.0073673870333988214 0.005369127516778523
1 0.5837426326129665 0.811744966442953 0.0073673870333988214 0.004697986577181208
1 0.6638015717092338 0.803020134228188 0.0073673870333988214 0.004697986577181208
1 0.4535854616895874 0.836241610738255 0.00343811394891945 0.010738255033557046
1 0.4960707269155206 0.8335570469798658 0.005893909626719057 0.010738255033557046
1 0.5731827111984283 0.8231543624161074 0.003929273084479371 0.011409395973154362
8 0.6200884086444007 0.8164429530201343 0.0044204322200392925 0.012751677852348993
8 0.6343320235756386 0.8164429530201343 0.0044204322200392925 0.011409395973154362
1 0.5260314341846758 0.8325503355704698 0.005893909626719057 0.003355704697986577
1 0.56286836935167 0.8275167785234899 0.007858546168958742 0.005369127516778523
1 0.5333988212180747 0.8335570469798658 0.007858546168958742 0.010738255033557046
1 0.5918467583497053 0.8261744966442953 0.003929273084479371 0.012080536912751677
1 0.6647838899803536 0.8208053691275168 0.0073673870333988214 0.005369127516778523
1 0.5120333988212181 0.8429530201342282 0.00343811394891945 0.010738255033557046
8 0.6294204322200393 0.8302013422818791 0.0044204322200392925 0.012080536912751677
8 0.6200884086444007 0.8318791946308725 0.0044204322200392925 0.011409395973154362
1 0.5616404715127702 0.8429530201342282 0.00343811394891945 0.010738255033557046
4 0.41159135559921417 0.8681208053691275 0.047151277013752456 0.04496644295302014
1 0.5137524557956779 0.8557046979865772 0.0029469548133595285 0.009395973154362415
1 0.6294204322200393 0.8395973154362416 0.012278978388998035 0.006711409395973154
1 0.5466601178781926 0.8540268456375839 0.003929273084479371 0.011409395973154362
1 0.6574165029469549 0.8395973154362416 0.0073673870333988214 0.005369127516778523
1 0.45162082514734775 0.8721476510067114 0.012278978388998035 0.00738255033557047
1 0.5294695481335953 0.8651006711409396 0.004911591355599214 0.0174496644295302
1 0.6579076620825147 0.8463087248322148 0.0073673870333988214 0.005369127516778523
1 0.6304027504911591 0.8526845637583893 0.01424361493123772 0.011409395973154362
1 0.45211198428290766 0.8838926174496644 0.01424361493123772 0.010738255033557046
1 0.4120825147347741 0.8922818791946309 0.0068762278978389 0.004697986577181208
1 0.43295677799607074 0.8895973154362417 0.0073673870333988214 0.004697986577181208
8 0.6222986247544204 0.8664429530201342 0.003929273084479371 0.012080536912751677
1 0.4548133595284872 0.8919463087248322 0.0068762278978389 0.004026845637583893
1 0.42853634577603145 0.8969798657718121 0.0073673870333988214 0.004697986577181208
1 0.5225933202357563 0.8919463087248322 0.007858546168958742 0.005369127516778523
1 0.45088408644400785 0.9046979865771813 0.0068762278978389 0.005369127516778523
1 0.6721512770137524 0.8728187919463087 0.00343811394891945 0.010067114093959731
1 0.4729862475442043 0.9033557046979865 0.0068762278978389 0.005369127516778523
8 0.6178781925343811 0.8848993288590604 0.008840864440078585 0.006040268456375839
1 0.5442043222003929 0.8973154362416107 0.007858546168958742 0.020134228187919462
4 0.6473477406679764 0.8832214765100671 0.047151277013752456 0.04697986577181208
10 0.5228388998035364 0.9016778523489933 0.00343811394891945 0.010067114093959731
1 0.5616404715127702 0.8959731543624161 0.0054027504911591355 0.0174496644295302
10 0.5265225933202358 0.9010067114093959 0.003929273084479371 0.011409395973154362
1 0.46046168958742634 0.9114093959731544 0.0044204322200392925 0.010738255033557046
1 0.5793222003929273 0.8953020134228188 0.008349705304518664 0.020134228187919462
1 0.6055992141453831 0.8919463087248322 0.007858546168958742 0.020134228187919462
1 0.5982318271119843 0.8932885906040269 0.004911591355599214 0.0174496644295302
1 0.444007858546169 0.9177852348993288 0.014734774066797643 0.010067114093959731
1 0.5066306483300589 0.9157718120805369 0.0073673870333988214 0.004697986577181208
1 0.49778978388998035 0.9177852348993288 0.0073673870333988214 0.004697986577181208
1 0.5201375245579568 0.9144295302013423 0.0068762278978389 0.004697986577181208
1 0.43418467583497056 0.9355704697986578 0.007858546168958742 0.005369127516778523
10 0.4963163064833006 0.926510067114094 0.00343811394891945 0.010067114093959731
10 0.5002455795677799 0.9261744966442953 0.002455795677799607 0.009395973154362415
10 0.5041748526522594 0.9258389261744966 0.00343811394891945 0.010067114093959731
10 0.5088408644400786 0.9251677852348993 0.0029469548133595285 0.0087248322147651
10 0.5198919449901768 0.9238255033557047 0.00343811394891945 0.010067114093959731
1 0.4756876227897839 0.9325503355704698 0.00343811394891945 0.010067114093959731
10 0.543958742632613 0.9228187919463087 0.002455795677799607 0.009395973154362415
10 0.5380648330058939 0.9241610738255034 0.00343811394891945 0.010738255033557046
10 0.5530451866404715 0.924496644295302 0.003929273084479371 0.010067114093959731
10 0.49901768172888017 0.9362416107382551 0.007858546168958742 0.005369127516778523
10 0.5022102161100196 0.9449664429530201 0.00343811394891945 0.009395973154362415
10 0.49778978388998035 0.9459731543624161 0.00343811394891945 0.010067114093959731
9 0.3425834970530452 0.9701342281879195 0.015225933202357564 0.04899328859060403
9 0.4675834970530452 0.9526845637583893 0.012770137524557957 0.03154362416107383
9 0.48821218074656186 0.9496644295302014 0.011787819253438114 0.03087248322147651
1 0.50049115913556 0.9557046979865772 0.007858546168958742 0.005369127516778523
4 0.42730844793713163 0.9765100671140939 0.047151277013752456 0.04563758389261745
9 0.768172888015717 0.9416107382550336 0.011787819253438114 0.016107382550335572
4 0.706286836935167 0.951006711409396 0.047151277013752456 0.049664429530201344
1 0.5326620825147348 0.13926174496644295 0.00343811394891945 0.010067114093959731
1 0.5402750491159135 0.14060402684563758 0.004911591355599214 0.016778523489932886
1 0.2055500982318271 0.18959731543624161 0.0054027504911591355 0.016778523489932886
1 0.21365422396856582 0.18825503355704698 0.003929273084479371 0.011409395973154362
1 0.5483791748526523 0.14093959731543623 0.0073673870333988214 0.020134228187919462
1 0.19670923379174854 0.1912751677852349 0.008349705304518664 0.020134228187919462
9 0.23894891944990176 0.26409395973154365 0.015225933202357564 0.046308724832214765
9 0.09921414538310412 0.37281879194630874 0.09233791748526522 0.0436241610738255
9 0.21389980353634577 0.3704697986577181 0.015225933202357564 0.03355704697986577