2 0.07726487287089608 0.42425514057910196 0.013823747222907924 0.0419639110365086
10 0.3285608491730437 0.42551405791019725 0.007899284127375956 0.006714225765841376
10 0.5486299679091582 0.42719261435165756 0.007652431498395458 0.005874947545111205
10 0.8412737595655394 0.42761225346202264 0.003455936805726981 0.013428451531682753
7 0.1183658355961491 0.43096936634494337 0.012095778820044433 0.047838858581619806
12 0.4266847691927919 0.4341166596726815 0.013576894593927425 0.02643726395300042
10 0.4547025425820785 0.4341166596726815 0.003455936805726981 0.013848090642047839
10 0.6504566773636139 0.43432647922786405 0.006911873611453962 0.005874947545111205
1 0.4609972846210812 0.4347461183382291 0.0032090841767464825 0.015107007973143098
10 0.5712169834608739 0.4395719681074276 0.0029622315477659837 0.013008812421317666
1 0.5778820044433474 0.43978178766261017 0.003455936805726981 0.014267729752412925
8 0.4624784003949642 0.04427192614351658 0.0032090841767464825 0.013848090642047839
10 0.34028634904961735 0.44167016365925305 0.0032090841767464825 0.012169534200587495
10 0.34843248580597386 0.44167016365925305 0.0027153789187854853 0.012169534200587495
1 0.44384102690693655 0.4418799832144356 0.0029622315477659837 0.013428451531682753
1 0.3541100962725253 0.4420898027696181 0.0032090841767464825 0.013848090642047839
1 0.4379165638114046 0.4425094418799832 0.0029622315477659837 0.013008812421317666
1 0.6619353246112071 0.4452370960973563 0.0032090841767464825 0.013428451531682753
1 0.3255986176252777 0.4467058329836341 0.0029622315477659837 0.013848090642047839
1 0.33053567020488767 0.4467058329836341 0.003455936805726981 0.013848090642047839
1 0.10306097259935819 0.4467058329836341 0.00370278943470748 0.013848090642047839
10 0.10738089360651691 0.4469156525388166 0.003455936805726981 0.015107007973143098
10 0.5594914835843001 0.4473352916491817 0.0027153789187854853 0.013428451531682753
10 0.6756356455196247 0.44859420898027697 0.0029622315477659837 0.013428451531682753
1 0.5540607257467292 0.44880402853545953 0.0032090841767464825 0.013848090642047839
10 0.4459392742532708 0.04490138480906421 0.0032090841767464825 0.014267729752412925
10 0.45211058997778325 0.04490138480906421 0.00370278943470748 0.014267729752412925
1 0.5485065415946679 0.44901384809064204 0.0029622315477659837 0.013428451531682753
10 0.4291532954825969 0.4527906000839278 0.00715872624043446 0.005874947545111205
10 0.669834608738583 0.4527906000839278 0.0032090841767464825 0.01258917331095258
10 0.45556652678351023 0.4597146454049517 0.0032090841767464825 0.012169534200587495
2 0.7649962972105653 0.46013428451531685 0.013330041964946927 0.17666806546370123
10 0.12601826709454456 0.4613932018464121 0.0032090841767464825 0.013848090642047839
1 0.134658109108862 0.46160302140159465 0.0032090841767464825 0.013428451531682753
2 0.22944951863737348 0.46810742761225344 0.02493211552703036 0.023919429290809903
10 0.09688965687484571 0.47356273604699956 0.0066650209824734635 0.024758707511540076
10 0.6493458405332017 0.4737725556021821 0.006171315724512466 0.02517834662190516
10 0.4289064428536164 0.47503147293327735 0.006171315724512466 0.02433906840117499
10 0.317329054554431 0.4765002098195552 0.006171315724512466 0.024758707511540076
4 0.2964700074055789 0.4769198489299203 0.01629227351271291 0.06504406210658834
10 0.5409775364107627 0.4771296684851028 0.0066650209824734635 0.02433906840117499
10 0.7823994075536904 0.47733948804028536 0.00715872624043446 0.005455308434746118
7 0.8411503332510492 0.48216533780948384 0.011602073562083436 0.04616030214015946
5 0.44556899530980004 0.483004616030214 0.01431745248086892 0.04699958036088964
4 0.5193779313749691 0.48321443558539656 0.01629227351271291 0.06420478388585817
4 0.627252530239447 0.48342425514057913 0.01629227351271291 0.0629458665547629
10 0.46038015304862995 0.4838438942509442 0.006911873611453962 0.02433906840117499
4 0.411873611453962 0.48489299202685693 0.017032831399654405 0.06420478388585817
4 0.07714144655640583 0.48510281158203944 0.01604542088373241 0.06462442299622324
5 0.33349790175265365 0.48615190935795216 0.01481115773882992 0.04657994125052455
10 0.3468279437176006 0.4867813680234998 0.006911873611453962 0.02349979018044482
5 0.6637867193285608 0.4867813680234998 0.01481115773882992 0.04532102391942929
5 0.11182424092816588 0.4874108266890474 0.01431745248086892 0.045740663029794376
2 0.27425327079733397 0.48762064624422996 0.013823747222907924 0.04280318925723878
10 0.6761293507775857 0.48804028535459504 0.006418168353492965 0.02349979018044482
10 0.5696124413725007 0.49055812001678556 0.006171315724512466 0.02517834662190516
10 0.12490743026413231 0.49055812001678556 0.006418168353492965 0.02517834662190516
5 0.5562823994075536 0.4913973982375157 0.014564305109849419 0.04616030214015946
2 0.49691434213774377 0.4916072177926983 0.013823747222907924 0.04154427192614352
2 0.6076277462354974 0.4930759546789761 0.013083189335966429 0.04112463281577843
2 0.39150826956307083 0.4941250524548888 0.013330041964946927 0.04154427192614352
0 0.9122438903974327 0.49874108266890477 0.060972599358183166 0.10113302559798573
2 0.8062206862503085 0.5046160302140159 0.01283633670698593 0.039026437263953
10 0.09676623056035547 0.5056651279899287 0.006418168353492965 0.02433906840117499
10 0.6495926931621822 0.5067142257658414 0.006171315724512466 0.024758707511540076
10 0.3185633176993335 0.5079731430969366 0.006171315724512466 0.024758707511540076
10 0.5409775364107627 0.5081829626521192 0.005677610466551469 0.02433906840117499
10 0.4291532954825969 0.5083927822073018 0.0066650209824734635 0.025597985732270248
10 0.45482596889656873 0.5102811582039446 0.0032090841767464825 0.01258917331095258
10 0.34250802271044184 0.5127989928661352 0.0032090841767464825 0.013428451531682753
10 0.67329054554431 0.5138480906420478 0.0032090841767464825 0.013008812421317666
10 0.13231300913354727 0.5140579101972303 0.003455936805726981 0.014267729752412925
10 0.5651690940508517 0.514687368862778 0.0032090841767464825 0.013008812421317666
10 0.8407800543075784 0.5186739404112464 0.003949642063687978 0.013428451531682753
8 0.37324117501851395 0.5432228283676038 0.020735620834361885 0.04154427192614352
8 0.1463836089854357 0.5455308434746118 0.02122932609232288 0.04280318925723878
8 0.7010614663046162 0.5459504825849769 0.02122932609232288 0.04280318925723878
8 0.48259688965687486 0.5461603021401594 0.021723031350283882 0.042383550146873686
8 0.588126388546038 0.5472093999160722 0.020488768205381386 0.04112463281577843
2 0.3190570229572945 0.0556021821233739 0.034806220686250305 0.05916911456147713
4 0.5053073315230807 0.056651279899286616 0.024191557640088866 0.017624842635333614
2 0.8450999753147371 0.5667226185480487 0.01258948407800543 0.022240872849349558
1 0.6325598617625278 0.5696600923206043 0.00913354727227845 0.03483004616030214
1 0.6751419402616637 0.5711288292068821 0.009380399901258949 0.03524968527066723
1 0.5180202419155764 0.5715484683172471 0.008146136756356455 0.03524968527066723
1 0.5609725993581831 0.5715484683172471 0.00913354727227845 0.0360889634913974
1 0.45717106887188347 0.5723877465379773 0.009380399901258949 0.03441040704993705
1 0.413848432485806 0.5725975660931599 0.008639842014317452 0.03566932438103231
1 0.07541347815354234 0.5728073856483424 0.008639842014317452 0.03524968527066723
1 0.11848926191063935 0.5728073856483424 0.008886694643297952 0.03524968527066723
1 0.2979511231794619 0.5738564834242551 0.008886694643297952 0.03399076793957197
1 0.34078005430757835 0.5740663029794377 0.008639842014317452 0.03524968527066723
10 0.7006911873611454 0.5887536718422157 0.00715872624043446 0.005874947545111205
10 0.7080967662305604 0.592320604280319 0.0027153789187854853 0.012169534200587495
10 0.3660824487780795 0.5925304238355015 0.006911873611453962 0.005874947545111205
10 0.69303875586275 0.5925304238355015 0.0032090841767464825 0.015107007973143098
10 0.9227351271291039 0.5958875367184222 0.003455936805726981 0.013428451531682753
10 0.9112564798815107 0.5960973562736047 0.0032090841767464825 0.013008812421317666
10 0.8997778326339175 0.5963071758287872 0.003455936805726981 0.013428451531682753
10 0.3743520118489262 0.5965169953839697 0.004196494692668477 0.02140159462861939
1 0.7009380399901259 0.5967268149391524 0.007652431498395458 0.006714225765841376
10 0.35892372253764504 0.5973562736047 0.003455936805726981 0.022240872849349558
10 0.5856578622562331 0.5973562736047 0.006171315724512466 0.00629458665547629
10 0.5789928412737596 0.6005035669324381 0.0032090841767464825 0.01258917331095258
10 0.5924463095531968 0.6007133864876206 0.0029622315477659837 0.012169534200587495
1 0.36595902246358925 0.6009232060428031 0.007652431498395458 0.005035669324381032
10 0.48457171068871885 0.6019723038187159 0.008392989385336953 0.005455308434746118
1 0.5854110096272526 0.6053294167016366 0.007652431498395458 0.00629458665547629
10 0.47630214761787215 0.6057490558120017 0.0032090841767464825 0.013008812421317666
10 0.4939521105899778 0.6059588753671842 0.0029622315477659837 0.01258917331095258
1 0.48481856331769935 0.6095258078052874 0.00740557886941496 0.00629458665547629
5 0.6497161194766724 0.6174989509022241 0.043446062700567764 0.05497272345782627
5 0.5360404838311528 0.6177087704574066 0.04369291532954826 0.054553084347461187
1 0.6763762034065662 0.6177087704574066 0.0054307578375709705 0.021821233738984473
1 0.562823994075537 0.6185480486781368 0.004937052579609973 0.0209819555182543
1 0.45865218464576646 0.6191775073436845 0.0054307578375709705 0.02140159462861939
5 0.09318686744013824 0.6191775073436845 0.04369291532954826 0.05497272345782627
5 0.43149839545791163 0.619387326898867 0.04393976795852876 0.055392362568191356
1 0.12021723031350284 0.619806966009232 0.004937052579609973 0.021821233738984473
1 0.34275487533942234 0.6204364246747797 0.005677610466551469 0.020562316407889216
5 0.315847938780548 0.6208560637851448 0.04418662058750926 0.05497272345782627
10 0.8316465070353 0.6441460344104071 0.00740557886941496 0.005874947545111205
10 0.8235003702789435 0.6479227864036928 0.003455936805726981 0.01258917331095258
10 0.8397926437916564 0.6485522450692405 0.0029622315477659837 0.013848090642047839
1 0.6446556405825722 0.6508602601762484 0.011602073562083436 0.010071338648762064
1 0.5313502838805233 0.6512798992866136 0.012095778820044433 0.010071338648762064
11 0.9131078745988644 0.6521191775073437 0.049370525796099726 0.07889215274863617
1 0.08849666748950877 0.6529584557280739 0.01258948407800543 0.010910616869492237
1 0.4264379165638114 0.6531682752832564 0.01258948407800543 0.01049097775912715
1 0.8317699333497902 0.6533780948384389 0.008146136756356455 0.005035669324381032
1 0.31140459145889904 0.653797733948804 0.012095778820044433 0.010071338648762064
4 0.76734139718588 0.6915652538816618 0.02888175759071834 0.07553503986571548
2 0.7224142187114293 0.6921947125472094 0.012095778820044433 0.038187159043222826
2 0.8525055541841521 0.6963911036508602 0.01258948407800543 0.02308015107007973
4 0.6460133300419649 0.704783885858162 0.049370525796099726 0.03566932438103231
4 0.5325845470254258 0.7052035249685271 0.049617378425080225 0.03650860260176248
10 0.8085657862256233 0.7056231640788921 0.006171315724512466 0.025597985732270248
4 0.4284127375956554 0.7062526227444398 0.04912367316711923 0.0360889634913974
4 0.09195260429523575 0.7064624422996223 0.04912367316711923 0.03566932438103231
5 0.822266107134041 0.7079311791859001 0.01481115773882992 0.04616030214015946
4 0.3127622809182918 0.7081409987410827 0.05035793631202172 0.03650860260176248
1 0.8407800543075784 0.7085606378514477 0.003455936805726981 0.013848090642047839
2 0.5728215255492471 0.7089802769618129 0.013083189335966429 0.04070499370541335
10 0.8344853122685757 0.7089802769618129 0.0032090841767464825 0.014687368862778011
2 0.6836583559614909 0.7104490138480907 0.014070599851888422 0.03944607637431809
7 0.7983214021229326 0.7106588334032732 0.009874105159219946 0.045740663029794376
2 0.4658109108862009 0.7119177507343685 0.013330041964946927 0.04154427192614352
2 0.12848679338434954 0.7129668485102811 0.013576894593927425 0.03944607637431809
2 0.3465810910886201 0.7142257658413764 0.013330041964946927 0.03944607637431809
10 0.20476425573932364 0.7177926982794797 0.006171315724512466 0.024758707511540076
8 0.2184645766477413 0.7177926982794797 0.006418168353492965 0.02643726395300042
10 0.2440138237472229 0.7177926982794797 0.0066650209824734635 0.024758707511540076
10 0.2575907183411503 0.7180025178346622 0.0066650209824734635 0.02517834662190516
10 0.23142433966921747 0.7186319765002098 0.006171315724512466 0.024758707511540076
2 0.17205628239940757 0.7192614351657575 0.01283633670698593 0.03944607637431809
1 0.10577635151814367 0.7326898866974402 0.008146136756356455 0.006714225765841376
2 0.38323870649222413 0.7431808644565674 0.013576894593927425 0.02433906840117499
1 0.7831399654406319 0.7448594208980277 0.00370278943470748 0.013428451531682753
3 0.20278943470747962 0.7532522031053294 0.013083189335966429 0.02517834662190516
3 0.22080967662305603 0.7532522031053294 0.013576894593927425 0.02517834662190516
3 0.2382127869661812 0.753462022660512 0.013330041964946927 0.024758707511540076
1 0.7968402863490496 0.761225346202266 0.004443347321648976 0.021821233738984473
4 0.7489508763268329 0.7656315568610994 0.044927178474450755 0.053294167016365926
10 0.8367069859294002 0.7843054972723458 0.06245371513206616 0.06966009232060429
2 0.09923475685016045 0.7985732270247587 0.01283633670698593 0.02517834662190516
9 0.7886941495926931 0.8002517834662191 0.01481115773882992 0.043642467477968946
7 0.4324858059738336 0.8019303399076794 0.011848926191063935 0.04867813680234998
7 0.36225623302888177 0.8027696181284095 0.01258948407800543 0.047838858581619806
7 0.2937546284867934 0.8033990767939572 0.012342631449024932 0.045740663029794376
7 0.5028388052332757 0.8063365505665128 0.011355220933102938 0.04657994125052455
7 0.5739323623796594 0.807595467897608 0.011848926191063935 0.04657994125052455
7 0.6482350037027894 0.8090642047838859 0.011355220933102938 0.04699958036088964
0 0.9119970377684522 0.8120016785564415 0.06146630461614416 0.10407049937054133
10 0.3505307331523081 0.8170373478808225 0.003949642063687978 0.013428451531682753
1 0.34176746482350034 0.817247167436005 0.0032090841767464825 0.013008812421317666
10 0.3355961490989879 0.8176668065463701 0.0032090841767464825 0.013008812421317666
10 0.42199456924216244 0.8180864456567352 0.0032090841767464825 0.013008812421317666
1 0.416810664033572 0.8185060847671003 0.0032090841767464825 0.013008812421317666
10 0.4052085904714885 0.819555182543013 0.0032090841767464825 0.01258917331095258
10 0.2827696864971612 0.8199748216533781 0.0032090841767464825 0.014267729752412925
1 0.44161935324611207 0.08224926563155686 0.006418168353492965 0.02433906840117499
10 0.49259442113058505 0.8227024758707512 0.0032090841767464825 0.013848090642047839
1 0.4876573685509751 0.8229122954259337 0.0027153789187854853 0.014267729752412925
10 0.4771661318193039 0.8237515736466638 0.003455936805726981 0.013428451531682753
10 0.5636879782769687 0.8237515736466638 0.0032090841767464825 0.015107007973143098
1 0.5585040730683781 0.8243810323122115 0.0032090841767464825 0.013848090642047839
10 0.5472722784497654 0.8248006714225766 0.003455936805726981 0.014687368862778011
10 0.6197235250555418 0.8258497691984893 0.0032090841767464825 0.013428451531682753
1 0.631695877561096 0.8260595887536718 0.0029622315477659837 0.013848090642047839
10 0.6368797827696865 0.8262694083088544 0.003455936805726981 0.013428451531682753
10 0.2756109602567267 0.8300461603021402 0.0027153789187854853 0.013428451531682753
1 0.7895581337941249 0.8396978598405371 0.00715872624043446 0.006714225765841376
5 0.505430757837571 0.0868652958455728 0.012095778820044433 0.02349979018044482
4 0.40533201678597874 0.08728493495593789 0.044927178474450755 0.04951741502308015
2 0.7441372500617132 0.8797733948804028 0.039249568007899284 0.17498950902224086
2 0.7029128610219699 0.8816617708770458 0.039249568007899284 0.1737305916911456
0 0.4339669217477166 0.8963491397398238 0.058257220439397676 0.10071338648762064
0 0.2925203653418909 0.8971884179605539 0.058257220439397676 0.10071338648762064
0 0.5056776104665515 0.8971884179605539 0.058504073068378175 0.10155266470835082
0 0.36423105406072576 0.8980276961812841 0.05801036781041718 0.10155266470835082
0 0.5786225623302889 0.8982375157364666 0.058257220439397676 0.10029374737725556
0 0.6474944458158479 0.8984473352916492 0.058257220439397676 0.10239194292908099
1 0.5164156998272031 0.09064204783885858 0.003455936805726981 0.01258917331095258
1 0.5228338681806961 0.09127150650440621 0.003949642063687978 0.013848090642047839
2 0.5617131572451246 0.09148132605958875 0.014070599851888422 0.0419639110365086
7 0.2199456924216243 0.9164918170373478 0.011355220933102938 0.04699958036088964
7 0.2457417921500864 0.9164918170373478 0.011602073562083436 0.04699958036088964
7 0.1689706245371513 0.9167016365925305 0.012095778820044433 0.04741921947125472
7 0.19489015058010367 0.916911456147713 0.011602073562083436 0.047838858581619806
2 0.7886941495926931 0.9173310952580781 0.04542088373241175 0.12337389844733529
11 0.8547272278449766 0.9527906000839278 0.06739076771167613 0.08350818296265212
1 0.48728708960750433 0.10113302559798573 0.00740557886941496 0.005874947545111205
2 0.6878548506541595 0.11309274024339068 0.012095778820044433 0.019723038187159043
1 0.5087632683288077 0.11456147712966848 0.003455936805726981 0.014267729752412925
6 0.5160454208837324 0.11456147712966848 0.006171315724512466 0.02433906840117499
1 0.502962231547766 0.11477129668485103 0.00370278943470748 0.013848090642047839
1 0.5285114786472476 0.11477129668485103 0.0029622315477659837 0.013008812421317666
1 0.5233275734386571 0.11498111624003357 0.0029622315477659837 0.015107007973143098
4 0.4819797580844236 0.11603021401594629 0.02345099975314737 0.017205203524968526
1 0.5409775364107627 0.11959714645404952 0.01258948407800543 0.010071338648762064
2 0.26166378671932855 0.12673101133025597 0.013823747222907924 0.02517834662190516
1 0.6863737348802764 0.13491397398237515 0.00370278943470748 0.013848090642047839
1 0.35398666995803507 0.13722198908938313 0.0029622315477659837 0.013428451531682753
10 0.4648235003702789 0.1380612673101133 0.0029622315477659837 0.013428451531682753
1 0.5017279684028635 0.15023080151070078 0.0032090841767464825 0.014267729752412925
6 0.5428289311281165 0.15337809483843895 0.006418168353492965 0.023919429290809903
1 0.17674648235003704 0.1590432228283676 0.008886694643297952 0.02433906840117499
1 0.41903233769439646 0.1594628619387327 0.004690199950629474 0.0209819555182543
1 0.40113552209331027 0.16009232060428033 0.003949642063687978 0.02140159462861939
1 0.4352011848926191 0.16177087704574067 0.004443347321648976 0.02140159462861939
1 0.4274253270797334 0.1628199748216534 0.0032090841767464825 0.013428451531682753
1 0.41088620093804 0.16302979437683593 0.0032090841767464825 0.013848090642047839
5 0.365835596149099 0.16323961393201847 0.01283633670698593 0.06126731011330256
1 0.45408541100962724 0.16596726814939153 0.00370278943470748 0.012169534200587495
12 0.1463836089854357 0.16806546370121694 0.04838311528017773 0.05245488879563575
0 0.035053073315230804 0.1686949223667646 0.044927178474450755 0.05035669324381032
1 0.46494692668476917 0.1793957196810743 0.00715872624043446 0.024758707511540076
4 0.19489015058010367 0.1823331934536299 0.02345099975314737 0.05581200167855644
10 0.4170575166625525 0.18359211078472515 0.0032090841767464825 0.013008812421317666
10 0.4256973586768699 0.18359211078472515 0.0032090841767464825 0.014687368862778011
10 0.403974327326586 0.18401174989509023 0.0032090841767464825 0.012169534200587495
10 0.42125401135522095 0.18401174989509023 0.0032090841767464825 0.013008812421317666
10 0.4082942483337448 0.18422156945027277 0.0029622315477659837 0.014267729752412925
10 0.412861021969884 0.18422156945027277 0.0032090841767464825 0.013428451531682753
10 0.4349543322636386 0.18422156945027277 0.0029622315477659837 0.014267729752412925
10 0.43001727968402864 0.18464120856063784 0.0029622315477659837 0.015107007973143098
10 0.45408541100962724 0.18610994544691564 0.0027153789187854853 0.014687368862778011
10 0.4580350530733152 0.18610994544691564 0.00370278943470748 0.013008812421317666
1 0.1768699086645273 0.1873688627780109 0.010120957788200444 0.011330255979857323
8 0.4605035793631202 0.01888375996642887 0.00370278943470748 0.014267729752412925
12 0.22685756603307825 0.19492236676458247 0.01629227351271291 0.023919429290809903
10 0.5581337941249074 0.19869911875786822 0.007899284127375956 0.00629458665547629
1 0.21377437669711183 0.20163659253042385 0.006911873611453962 0.0180444817456987
1 0.8374475438163417 0.20205623164078892 0.00715872624043446 0.01888375996642887
10 0.5507282152554924 0.20268569030633654 0.0029622315477659837 0.013428451531682753
10 0.5662799308812639 0.20268569030633654 0.0029622315477659837 0.01258917331095258
1 0.5583806467538879 0.20667226185480486 0.008392989385336953 0.005455308434746118
2 0.31843989138484324 0.2083508182962652 0.03554677857319181 0.06336550566512798
1 0.015675141940261664 0.21233738984473352 0.005677610466551469 0.018464120856063786
1 0.804986423105406 0.21254720939991606 0.010367810417180942 0.012169534200587495
1 0.8186867440138238 0.21338648762064624 0.010120957788200444 0.011330255979857323
10 0.4672920266600839 0.21716323961393202 0.007899284127375956 0.005455308434746118
10 0.5058010367810417 0.021821233738984473 0.00740557886941496 0.005874947545111205
1 0.5438163416440385 0.021821233738984473 0.00740557886941496 0.005874947545111205
10 0.3899037274746976 0.21842215694502728 0.007652431498395458 0.00629458665547629
1 0.3774376697111824 0.21863197650020982 0.006911873611453962 0.005874947545111205
1 0.53468279437176 0.022240872849349558 0.00740557886941496 0.005874947545111205
4 0.14033571957541346 0.2224087284934956 0.02345099975314737 0.056231640788921525
10 0.4672920266600839 0.22324800671422576 0.00740557886941496 0.005035669324381032
1 0.48160947914095287 0.2234578262694083 0.00740557886941496 0.005455308434746118
10 0.8373241175018514 0.22471674360050356 0.008392989385336953 0.023919429290809903
1 0.15798568254751913 0.2253462022660512 0.008392989385336953 0.02433906840117499
10 0.16748950876326832 0.2253462022660512 0.008639842014317452 0.02433906840117499
10 0.17724018760799803 0.2253462022660512 0.007899284127375956 0.02349979018044482
1 0.8053567020488768 0.22555602182123374 0.01110836830412244 0.011330255979857323
10 0.18736114539619847 0.22576584137641628 0.008886694643297952 0.02433906840117499
6 0.2043939767958529 0.22576584137641628 0.020241915576400888 0.022660511959714646
10 0.22068625030856578 0.22618548048678136 0.007899284127375956 0.02433906840117499
10 0.23006665020982472 0.22618548048678136 0.008886694643297952 0.02517834662190516
10 0.3901505801036781 0.2263953000419639 0.007652431498395458 0.00629458665547629
1 0.5240681313255986 0.022870331514897188 0.006418168353492965 0.00629458665547629
4 0.5112317946186127 0.22765421737305916 0.044927178474450755 0.049937054133445236
5 0.5513453468279437 0.23080151070079732 0.017032831399654405 0.02853545950482585
5 0.43174524808689213 0.2404532102391943 0.058257220439397676 0.07973143096936634
8 0.9289064428536163 0.24108266890474192 0.008392989385336953 0.023919429290809903
10 0.9040977536410763 0.24129248845992446 0.008639842014317452 0.02433906840117499
4 0.11922981979758085 0.2419219471254721 0.01431745248086892 0.03650860260176248
10 0.3901505801036781 0.2429710449013848 0.00715872624043446 0.005874947545111205
5 0.807454949395211 0.24527906000839278 0.015798568254751913 0.027276542173730593
1 0.16551468773142433 0.24569869911875786 0.009627252530239447 0.01049097775912715
2 0.6060232041471242 0.24737725556021822 0.028141199703776845 0.11540075535039866
10 0.8372006911873612 0.24842635333613092 0.008639842014317452 0.02433906840117499
1 0.18723771908170822 0.24884599244649602 0.0066650209824734635 0.017624842635333614
10 0.34078005430757835 0.24947545111204364 0.00370278943470748 0.015526647083508182
1 0.8949642063687978 0.24947545111204364 0.00715872624043446 0.007133864876206463
10 0.9173043692915329 0.24947545111204364 0.013823747222907924 0.013848090642047839
10 0.3903974327326586 0.25052454888795633 0.00715872624043446 0.005874947545111205
2 0.9576647741298445 0.25052454888795633 0.07183411503332511 0.12337389844733529
1 0.5513453468279437 0.251154007553504 0.007652431498395458 0.00629458665547629
1 0.49790175265366576 0.02517834662190516 0.003455936805726981 0.010910616869492237
10 0.4675388792890644 0.2517834662190516 0.00740557886941496 0.006714225765841376
8 0.17761046655146878 0.25199328577423413 0.00913354727227845 0.02308015107007973
1 0.8284374228585535 0.2522031053294167 0.006418168353492965 0.017624842635333614
8 0.1563811404591459 0.25430130088124214 0.00715872624043446 0.019303399076793955
1 0.37805480128363367 0.2547209399916072 0.00715872624043446 0.006714225765841376
5 0.20673907677116762 0.25535039865715486 0.017032831399654405 0.027276542173730593
1 0.5140705998518884 0.025597985732270248 0.0032090841767464825 0.01174989509022241
10 0.16539126141693408 0.2580780528745279 0.010367810417180942 0.010910616869492237
10 0.39052085904714884 0.25870751154007554 0.007899284127375956 0.005455308434746118
10 0.4677857319180449 0.25870751154007554 0.007899284127375956 0.00629458665547629
11 0.033325104912367315 0.26269408308854386 0.04245865218464576 0.09148132605958875
1 0.48333744754381636 0.2633235417540915 0.011848926191063935 0.008812421317666807
10 0.3906442853616391 0.2662610155266471 0.00715872624043446 0.00629458665547629
10 0.3406566279930881 0.2677297524129249 0.003455936805726981 0.01258917331095258
10 0.16514440878795358 0.2710868652958456 0.010367810417180942 0.010910616869492237
2 0.5016045420883732 0.2712966848510281 0.023204147124166873 0.022240872849349558
1 0.11157738829918538 0.2723457826269408 0.0054307578375709705 0.018464120856063786
8 0.4711182424092817 0.027486361728913136 0.008639842014317452 0.00629458665547629
8 0.15601086151567514 0.27444397817876626 0.006911873611453962 0.017624842635333614
1 0.11873611453961985 0.2746537977339488 0.004443347321648976 0.013008812421317666
10 0.7951123179461861 0.2750734368443139 0.008886694643297952 0.023919429290809903
10 0.7856084917304369 0.2752832563994964 0.008639842014317452 0.02433906840117499
6 0.8112811651444087 0.275493075954679 0.01999506294742039 0.022240872849349558
1 0.21031843989138485 0.27570289550986155 0.010861515675141941 0.01258917331095258
8 0.17798074549493953 0.27864036928241714 0.008392989385336953 0.02349979018044482
10 0.1408294248333745 0.2819974821653378 0.008146136756356455 0.02433906840117499
1 0.16514440878795358 0.28325639949643305 0.010367810417180942 0.010910616869492237
1 0.0813379412490743 0.2872429710449014 0.013576894593927425 0.014687368862778011
1 0.09614909898790422 0.28766261015526645 0.013576894593927425 0.013848090642047839
1 0.1967415452974574 0.28850188837599666 0.009874105159219946 0.012169534200587495
1 0.21031843989138485 0.2887117079311792 0.010367810417180942 0.010910616869492237
10 0.5285114786472476 0.029584557280738565 0.00740557886941496 0.007133864876206463
1 0.8501604542088373 0.29479647503147294 0.010861515675141941 0.01049097775912715
1 0.18328807701802025 0.2996223248006714 0.005183905208590471 0.018464120856063786
10 0.42174771661318194 0.299832144355854 0.00370278943470748 0.014687368862778011
10 0.4376697111824241 0.299832144355854 0.0029622315477659837 0.013008812421317666
10 0.45741792150086397 0.299832144355854 0.003455936805726981 0.013008812421317666
1 0.8017773389286595 0.299832144355854 0.006911873611453962 0.01888375996642887
10 0.40162922735127127 0.3000419639110365 0.003949642063687978 0.013428451531682753
10 0.41372500617131575 0.3000419639110365 0.0029622315477659837 0.01258917331095258
10 0.44161935324611207 0.3000419639110365 0.0029622315477659837 0.013428451531682753
10 0.4497654900024685 0.3000419639110365 0.0029622315477659837 0.014267729752412925
10 0.4339669217477166 0.30025178346621906 0.0029622315477659837 0.012169534200587495
10 0.4612441372500617 0.30025178346621906 0.0027153789187854853 0.013848090642047839
10 0.8379412490743027 0.30025178346621906 0.008639842014317452 0.023919429290809903
10 0.4179215008639842 0.30046160302140157 0.0029622315477659837 0.01258917331095258
10 0.4256973586768699 0.30046160302140157 0.0027153789187854853 0.013428451531682753
10 0.4294001481115774 0.30046160302140157 0.0032090841767464825 0.013428451531682753
10 0.44581584793878054 0.30046160302140157 0.0024685262898049864 0.014267729752412925
10 0.45309800049370524 0.30046160302140157 0.0027153789187854853 0.013428451531682753
10 0.409898790422118 0.30067142257658414 0.0032090841767464825 0.013008812421317666
10 0.40594914835843 0.3008812421317667 0.0032090841767464825 0.015107007973143098
12 0.7889410022216736 0.3057070919009652 0.015798568254751913 0.025597985732270248
2 0.3185633176993335 0.30612673101133026 0.034806220686250305 0.0600083927822073
1 0.015675141940261664 0.309903483004616 0.006171315724512466 0.01888375996642887
10 0.5496173784250802 0.031053294167016365 0.007652431498395458 0.005874947545111205
5 0.8527524068131326 0.3155686109945447 0.018020241915576402 0.02349979018044482
4 0.536163910145643 0.3170373478808225 0.02122932609232288 0.08350818296265212
4 0.820784991360158 0.3174569869911876 0.023204147124166873 0.05497272345782627
4 0.8739817329054554 0.3180864456567352 0.023944705011108368 0.056231640788921525
10 0.5156751419402616 0.319555182543013 0.011848926191063935 0.04657994125052455
6 0.4949395211058998 0.32207301720520354 0.020241915576400888 0.05581200167855644
10 0.5394964206368797 0.03231221149811162 0.0032090841767464825 0.01174989509022241
10 0.5360404838311528 0.03252203105329417 0.0032090841767464825 0.012169534200587495
1 0.40718341150333254 0.32333193453629877 0.0032090841767464825 0.013008812421317666
1 0.42298197975808444 0.32375157364666385 0.00370278943470748 0.013008812421317666
1 0.45309800049370524 0.3243810323122115 0.0032090841767464825 0.01258917331095258
1 0.4356948901505801 0.32459085186739406 0.003949642063687978 0.013008812421317666
1 0.4469266847691928 0.32480067142257657 0.00370278943470748 0.013428451531682753
1 0.4609972846210812 0.32480067142257657 0.0032090841767464825 0.01258917331095258
5 0.12083436188595409 0.3254301300881242 0.049617378425080225 0.08602601762484263
1 0.46951370032090844 0.32647922786403694 0.003949642063687978 0.0209819555182543
1 0.14946926684769193 0.32668904741921945 0.004690199950629474 0.013008812421317666
8 0.4904961737842508 0.03294167016365925 0.008886694643297952 0.009651699538396978
1 0.15601086151567514 0.33046579941250526 0.0054307578375709705 0.01888375996642887
1 0.18353492964700074 0.33046579941250526 0.005677610466551469 0.0180444817456987
1 0.41495926931621824 0.3329836340746958 0.006418168353492965 0.025597985732270248
4 0.3789187854850654 0.334242551405791 0.030116020735620835 0.07595467897608058
11 0.03381881017032831 0.3399076793957197 0.04147124166872377 0.056231640788921525
1 0.8426314490249321 0.3434746118338229 0.008639842014317452 0.024758707511540076
1 0.8522587015551716 0.3434746118338229 0.008639842014317452 0.023919429290809903
1 0.14922241421871144 0.3445237096097356 0.004690199950629474 0.01258917331095258
2 0.07590718341150333 0.35228703315148974 0.024438410269069365 0.022240872849349558
1 0.15625771414465564 0.35333613092740246 0.006418168353492965 0.017624842635333614
10 0.5283880523327573 0.03587914393621486 0.007652431498395458 0.005455308434746118
10 0.5499876573685509 0.038187159043222826 0.00740557886941496 0.005035669324381032
2 0.41755122192051347 0.38816617708770457 0.012095778820044433 0.021821233738984473
7 0.8410269069365589 0.3917331095258078 0.011355220933102938 0.04657994125052455
7 0.44556899530980004 0.4030633655056651 0.012342631449024932 0.04741921947125472
7 0.5672673413971859 0.4060008392782207 0.011848926191063935 0.04825849769198489
12 0.3270797333991607 0.4062106588334033 0.013823747222907924 0.026017624842635333
7 0.34460627005677613 0.4062106588334033 0.011848926191063935 0.047838858581619806
12 0.5477659837077264 0.4093579521611414 0.012342631449024932 0.025597985732270248
1 0.4359417427795606 0.412295425933697 0.0029622315477659837 0.013008812421317666
12 0.6534189089113799 0.4131347041544272 0.013823747222907924 0.023919429290809903
7 0.671315724512466 0.4164918170373479 0.012095778820044433 0.04825849769198489