9 0.9470495258166491 0.260806916426513 0.03424657534246575 0.09798270893371758
9 0.59536354056902 0.3296109510086455 0.015806111696522657 0.0223342939481268
2 0.44678609062170704 0.3840057636887608 0.2718651211801897 0.35014409221902015
9 0.10221285563751317 0.4812680115273775 0.040042149631190724 0.069164265129683
9 0.6127502634351949 0.3969740634005764 0.018967334035827187 0.05475504322766571
9 0.2191780821917808 0.4657780979827089 0.0136986301369863 0.019452449567723344
9 0.8292939936775553 0.41102305475504325 0.11275026343519494 0.051152737752161385
9 0.5273972602739726 0.5511527377521613 0.0136986301369863 0.020172910662824207
9 0.5031612223393045 0.5677233429394812 0.0136986301369863 0.018731988472622477
1 0.21707060063224448 0.07961095100864553 0.006322444678609062 0.018011527377521614
9 0.4296628029504742 0.6019452449567724 0.1101159114857745 0.03674351585014409
1 0.20706006322444678 0.08321325648414986 0.008429926238145416 0.02089337175792507
1 0.2244467860906217 0.08213256484149856 0.004214963119072708 0.011527377521613832
4 0.505795574288725 0.6188760806916427 0.03898840885142255 0.07060518731988473
4 0.5463645943097998 0.6131123919308358 0.0368809272918862 0.07060518731988473
4 0.4504741833508957 0.662463976945245 0.051633298208640675 0.051152737752161385
4 0.6804531085353003 0.6343659942363112 0.052160168598524764 0.051152737752161385
1 0.6440990516332982 0.6455331412103746 0.0036880927291886197 0.011527377521613832
10 0.4794520547945205 0.6743515850144092 0.008429926238145416 0.005763688760806916
9 0.80927291886196 0.6253602305475504 0.0136986301369863 0.020172910662824207
4 0.7663329820864068 0.6332853025936599 0.052160168598524764 0.05043227665706052
10 0.5184404636459431 0.678314121037464 0.008429926238145416 0.006484149855907781
1 0.4610115911485774 0.6912824207492796 0.008429926238145416 0.006484149855907781
10 0.5368809272918862 0.680835734870317 0.008429926238145416 0.005763688760806916
1 0.5824552160168599 0.6747118155619597 0.0036880927291886197 0.010806916426512969
10 0.5940463645943098 0.6739913544668588 0.0036880927291886197 0.010806916426512969
10 0.589304531085353 0.6743515850144092 0.0036880927291886197 0.011527377521613832
10 0.5740252897787145 0.6790345821325648 0.007903055848261328 0.005043227665706052
1 0.5521601685985248 0.6829971181556196 0.008429926238145416 0.021613832853025938
1 0.5632244467860906 0.6815561959654178 0.008429926238145416 0.021613832853025938
1 0.6243414120126449 0.6714697406340058 0.008429926238145416 0.021613832853025938
1 0.6156480505795574 0.6736311239193083 0.005795574288724974 0.018731988472622477
10 0.506059009483667 0.694164265129683 0.007903055848261328 0.005043227665706052
10 0.5155426765015806 0.6938040345821326 0.008956796628029505 0.005763688760806916
10 0.49499473129610116 0.6970461095100865 0.008956796628029505 0.006484149855907781
10 0.530031612223393 0.6909221902017291 0.008429926238145416 0.005763688760806916
1 0.46206533192834565 0.7056916426512968 0.008429926238145416 0.006484149855907781
1 0.4731296101159115 0.7046109510086456 0.006322444678609062 0.018731988472622477
1 0.6799262381454162 0.6736311239193083 0.013171759747102213 0.008645533141210375
8 0.6585879873551106 0.69164265129683 0.004214963119072708 0.012968299711815562
1 0.6793993677555321 0.6884005763688761 0.007903055848261328 0.006484149855907781
10 0.47655426765015807 0.7298270893371758 0.008956796628029505 0.005763688760806916
1 0.505795574288725 0.7294668587896254 0.004214963119072708 0.010806916426512969
1 0.5250263435194942 0.7265850144092219 0.0036880927291886197 0.010806916426512969
1 0.5381981032665965 0.7262247838616714 0.0036880927291886197 0.011527377521613832
4 0.7239199157007377 0.6945244956772334 0.051633298208640675 0.05043227665706052
8 0.66622760800843 0.7078530259365994 0.004741833508956797 0.012247838616714697
1 0.7610642781875658 0.6948847262247838 0.015279241306638568 0.012247838616714697
1 0.46469968387776606 0.747478386167147 0.008429926238145416 0.006484149855907781
8 0.6620126448893572 0.7172190201729106 0.004741833508956797 0.012247838616714697
1 0.6169652265542677 0.7255043227665706 0.008429926238145416 0.005763688760806916
1 0.5692834562697576 0.734149855907781 0.005795574288724974 0.018731988472622477
1 0.59536354056902 0.7316282420749279 0.004214963119072708 0.012247838616714697
1 0.762118018967334 0.7089337175792507 0.013171759747102213 0.008645533141210375
8 0.6625395152792413 0.7301873198847262 0.004741833508956797 0.012247838616714697
1 0.5466280295047419 0.7492795389048992 0.007903055848261328 0.005763688760806916
1 0.40173867228661747 0.7773775216138329 0.008956796628029505 0.005763688760806916
1 0.5969441517386723 0.7442363112391931 0.004214963119072708 0.011527377521613832
1 0.582982086406744 0.747478386167147 0.004741833508956797 0.012247838616714697
1 0.4238672286617492 0.774135446685879 0.013171759747102213 0.009365994236311239
1 0.4459957850368809 0.7705331412103746 0.008956796628029505 0.006484149855907781
1 0.5569020021074815 0.7539625360230547 0.008429926238145416 0.006484149855907781
8 0.6691253951527925 0.7381123919308358 0.004214963119072708 0.012247838616714697
1 0.6116965226554267 0.7496397694524496 0.004214963119072708 0.012247838616714697
9 0.3090094836670179 0.8011527377521613 0.013171759747102213 0.020172910662824207
1 0.571654373024236 0.7575648414985591 0.005268703898840885 0.018011527377521614
8 0.6796628029504742 0.7395533141210374 0.004214963119072708 0.012247838616714697
1 0.5337197049525817 0.7654899135446686 0.008429926238145416 0.006484149855907781
1 0.6238145416227608 0.75 0.007376185458377239 0.005763688760806916
1 0.5600632244467861 0.7647694524495677 0.004214963119072708 0.012247838616714697
8 0.6638566912539515 0.75 0.004214963119072708 0.012968299711815562
1 0.5437302423603794 0.776657060518732 0.008429926238145416 0.005763688760806916
1 0.5869336143308747 0.7698126801152738 0.008429926238145416 0.006484149855907781
1 0.6059009483667018 0.7672910662824207 0.008429926238145416 0.007204610951008645
1 0.5563751317175974 0.7777377521613833 0.004214963119072708 0.012247838616714697
1 0.7449947312961012 0.7456772334293948 0.015806111696522657 0.011527377521613832
1 0.5948366701791359 0.7719740634005764 0.004214963119072708 0.012247838616714697
8 0.660958904109589 0.7615273775216138 0.004741833508956797 0.012968299711815562
1 0.5734984193888304 0.776657060518732 0.005795574288724974 0.01729106628242075
8 0.672286617492097 0.7600864553314121 0.004214963119072708 0.012968299711815562
1 0.6064278187565859 0.7730547550432276 0.007376185458377239 0.007204610951008645
1 0.5447839831401475 0.7827809798270894 0.008429926238145416 0.006484149855907781
1 0.5629610115911485 0.7798991354466859 0.008956796628029505 0.006484149855907781
1 0.5326659641728135 0.7878242074927954 0.004214963119072708 0.012247838616714697
1 0.5803477344573235 0.7798991354466859 0.0036880927291886197 0.010806916426512969
1 0.5858798735511064 0.7798991354466859 0.004214963119072708 0.012247838616714697
1 0.5906217070600632 0.7788184438040345 0.004214963119072708 0.011527377521613832
1 0.5516332982086407 0.7856628242074928 0.004214963119072708 0.010806916426512969
1 0.5995785036880927 0.7773775216138329 0.004214963119072708 0.011527377521613832
1 0.618809272918862 0.774135446685879 0.0036880927291886197 0.010806916426512969
1 0.7115384615384616 0.7611671469740634 0.007903055848261328 0.006484149855907781
8 0.6688619599578504 0.7694524495677233 0.004741833508956797 0.012968299711815562
1 0.4807692307692308 0.8022334293948127 0.013171759747102213 0.00792507204610951
1 0.5569020021074815 0.7914265129682997 0.004214963119072708 0.010806916426512969
1 0.5621707060063225 0.7903458213256485 0.004214963119072708 0.011527377521613832
1 0.6024762908324552 0.7863832853025937 0.007903055848261328 0.006484149855907781
1 0.5816649104320337 0.7935878962536023 0.004214963119072708 0.012247838616714697
1 0.5671759747102213 0.795749279538905 0.0036880927291886197 0.010806916426512969
1 0.5745521601685986 0.7953890489913544 0.005795574288724974 0.018731988472622477
1 0.5864067439409906 0.7935878962536023 0.004214963119072708 0.012247838616714697
8 0.6633298208640674 0.7809798270893372 0.004214963119072708 0.012968299711815562
1 0.5558482613277134 0.8004322766570605 0.008429926238145416 0.005763688760806916
1 0.6032665964172813 0.7928674351585014 0.008429926238145416 0.006484149855907781
1 0.5937829293993677 0.795028818443804 0.008429926238145416 0.006484149855907781
1 0.4828767123287671 0.8137608069164265 0.015279241306638568 0.010806916426512969
1 0.7010010537407798 0.7802593659942363 0.007903055848261328 0.005763688760806916
1 0.6467334035827187 0.7910662824207493 0.007903055848261328 0.005763688760806916
8 0.6730769230769231 0.7885446685878963 0.0036880927291886197 0.012247838616714697
1 0.7291886195995785 0.7802593659942363 0.015806111696522657 0.011527377521613832
1 0.5397787144362487 0.8126801152737753 0.013171759747102213 0.008645533141210375
1 0.5542676501580611 0.8105187319884726 0.012644889357218124 0.008645533141210375
1 0.5674394099051633 0.80835734870317 0.0136986301369863 0.008645533141210375
1 0.5827186512118019 0.8065561959654178 0.012644889357218124 0.00792507204610951
1 0.5972075869336143 0.8040345821325648 0.013171759747102213 0.008645533141210375
1 0.6103793466807166 0.8025936599423631 0.013171759747102213 0.008645533141210375
8 0.6672813487881981 0.7971902017291066 0.004741833508956797 0.012247838616714697
1 0.4844573234984194 0.829971181556196 0.015279241306638568 0.011527377521613832
1 0.5474183350895679 0.8220461095100865 0.008429926238145416 0.005763688760806916
1 0.5576923076923077 0.8202449567723343 0.007903055848261328 0.006484149855907781
1 0.5766596417281349 0.8202449567723343 0.005795574288724974 0.018011527377521614
1 0.5692834562697576 0.8220461095100865 0.004741833508956797 0.011527377521613832
1 0.5840358271865121 0.8198847262247838 0.0036880927291886197 0.011527377521613832
1 0.5982613277133825 0.8177233429394812 0.0036880927291886197 0.010086455331412104
1 0.7305057955742887 0.7961095100864554 0.015279241306638568 0.011527377521613832
1 0.5908851422550052 0.821685878962536 0.007903055848261328 0.006484149855907781
8 0.666754478398314 0.8112391930835735 0.004741833508956797 0.012968299711815562
1 0.4863013698630137 0.8418587896253602 0.012644889357218124 0.009365994236311239
1 0.565331928345627 0.8296109510086456 0.004214963119072708 0.012247838616714697
1 0.5605900948366702 0.8306916426512968 0.004214963119072708 0.011527377521613832
1 0.4589041095890411 0.8479827089337176 0.008429926238145416 0.005763688760806916
1 0.5516332982086407 0.8382564841498559 0.004214963119072708 0.012247838616714697
1 0.5703371970495258 0.8350144092219021 0.004741833508956797 0.011527377521613832
1 0.6232876712328768 0.8263688760806917 0.004214963119072708 0.011527377521613832
1 0.6043203371970495 0.8306916426512968 0.004214963119072708 0.012968299711815562
1 0.5877239199157007 0.8353746397694525 0.007903055848261328 0.005043227665706052
1 0.6111696522655427 0.832492795389049 0.008429926238145416 0.006484149855907781
1 0.5782402528977871 0.8393371757925072 0.005795574288724974 0.018731988472622477
1 0.7536880927291886 0.8097982708933718 0.013171759747102213 0.008645533141210375
1 0.5571654373024236 0.8436599423631124 0.0036880927291886197 0.011527377521613832
1 0.6003688092729189 0.8371757925072046 0.004741833508956797 0.011527377521613832
1 0.5948366701791359 0.8378962536023055 0.004214963119072708 0.011527377521613832
1 0.5666491043203372 0.843299711815562 0.004741833508956797 0.012247838616714697
8 0.6683350895679663 0.8278097982708934 0.004741833508956797 0.01440922190201729
8 0.6767650158061117 0.8260086455331412 0.004741833508956797 0.013688760806916427
1 0.5874604847207587 0.8418587896253602 0.008429926238145416 0.006484149855907781
1 0.6119599578503688 0.837536023054755 0.007903055848261328 0.006484149855907781
1 0.6314541622760801 0.8414985590778098 0.007903055848261328 0.005763688760806916
1 0.7173340358271865 0.829971181556196 0.007903055848261328 0.005763688760806916
1 0.4918335089567966 0.8710374639769453 0.0036880927291886197 0.011527377521613832
1 0.5379346680716544 0.8667146974063401 0.006322444678609062 0.011527377521613832
1 0.6206533192834562 0.854106628242075 0.004214963119072708 0.012247838616714697
8 0.6709694415173867 0.8454610951008645 0.004741833508956797 0.013688760806916427
8 0.6862486828240253 0.8447406340057637 0.004741833508956797 0.012247838616714697
1 0.5700737618545838 0.8649135446685879 0.006322444678609062 0.0036023054755043226
1 0.6090621707060063 0.8587896253602305 0.008429926238145416 0.005763688760806916
1 0.577713382507903 0.8663544668587896 0.008956796628029505 0.012247838616714697
1 0.6406743940990516 0.8566282420749279 0.004214963119072708 0.012968299711815562
1 0.7183877766069547 0.8490634005763689 0.007903055848261328 0.006484149855907781
1 0.5550579557428873 0.8768011527377522 0.0036880927291886197 0.011527377521613832
8 0.6804531085353003 0.8602305475504323 0.004741833508956797 0.012968299711815562
8 0.6704425711275026 0.8620317002881844 0.004741833508956797 0.012247838616714697
1 0.6082718651211801 0.8753602305475504 0.0036880927291886197 0.011527377521613832
4 0.4473129610115911 0.9059798270893372 0.0505795574288725 0.04971181556195965
1 0.5571654373024236 0.890850144092219 0.0036880927291886197 0.010806916426512969
1 0.6809799789251844 0.8706772334293948 0.013171759747102213 0.00792507204610951
1 0.5922023182297155 0.8872478386167147 0.004214963119072708 0.012247838616714697
1 0.7110115911485775 0.8692363112391931 0.007903055848261328 0.006484149855907781
1 0.49077976817702845 0.909942363112392 0.013171759747102213 0.008645533141210375
1 0.5742887249736565 0.8998559077809798 0.005268703898840885 0.018731988472622477
1 0.7115384615384616 0.8771613832853026 0.007903055848261328 0.006484149855907781
1 0.6820337197049526 0.8843659942363112 0.015279241306638568 0.012247838616714697
1 0.49130663856691253 0.9221902017291066 0.015279241306638568 0.011527377521613832
1 0.4488935721812434 0.9322766570605188 0.007376185458377239 0.005763688760806916
1 0.4707586933614331 0.9286743515850144 0.007903055848261328 0.005763688760806916
8 0.6733403582718651 0.899135446685879 0.004214963119072708 0.012968299711815562
1 0.4944678609062171 0.9311959654178674 0.007903055848261328 0.005043227665706052
1 0.4660168598524763 0.9369596541786743 0.007903055848261328 0.005043227665706052
1 0.5674394099051633 0.9286743515850144 0.008429926238145416 0.005763688760806916
1 0.48998946259220233 0.9448847262247838 0.007376185458377239 0.006484149855907781
1 0.7268177028451 0.9045389048991355 0.0036880927291886197 0.010806916426512969
1 0.5136986301369864 0.9427233429394812 0.007376185458377239 0.006484149855907781
8 0.6691253951527925 0.9189481268011528 0.009483667017913594 0.006484149855907781
1 0.5900948366701791 0.9344380403458213 0.008429926238145416 0.021613832853025938
4 0.7004741833508957 0.9164265129682997 0.051106427818756586 0.05187319884726225
10 0.5671759747102213 0.9398414985590778 0.0036880927291886197 0.010806916426512969
1 0.6087987355110642 0.9329971181556196 0.005795574288724974 0.018731988472622477
10 0.571127502634352 0.9391210374639769 0.004214963119072708 0.012247838616714697
1 0.5007903055848262 0.9517291066282421 0.004741833508956797 0.011527377521613832
1 0.6277660695468915 0.930835734870317 0.008956796628029505 0.021613832853025938
1 0.6564805057955743 0.9272334293948127 0.008429926238145416 0.021613832853025938
1 0.6480505795574288 0.9279538904899135 0.005268703898840885 0.018731988472622477
1 0.48314014752370915 0.9585734870317003 0.015806111696522657 0.010806916426512969
1 0.5497892518440464 0.9546109510086456 0.007903055848261328 0.005763688760806916
1 0.5408324552160169 0.957492795389049 0.007903055848261328 0.005763688760806916
1 0.5648050579557429 0.9531700288184438 0.007376185458377239 0.005763688760806916
1 0.4731296101159115 0.9776657060518732 0.008429926238145416 0.005763688760806916
10 0.5392518440463646 0.9664985590778098 0.0036880927291886197 0.010806916426512969
10 0.5437302423603794 0.9661383285302594 0.003161222339304531 0.010086455331412104
10 0.54768177028451 0.9664985590778098 0.0036880927291886197 0.010806916426512969
10 0.5524236037934668 0.9654178674351584 0.0036880927291886197 0.010086455331412104
10 0.5648050579557429 0.9636167146974063 0.004214963119072708 0.010806916426512969
1 0.5173867228661749 0.9737031700288185 0.004214963119072708 0.010806916426512969
10 0.5906217070600632 0.9618155619596542 0.003161222339304531 0.010086455331412104
10 0.5840358271865121 0.9632564841498559 0.0036880927291886197 0.011527377521613832
10 0.5998419388830347 0.9628962536023055 0.004741833508956797 0.010806916426512969
10 0.5426765015806112 0.9769452449567724 0.008429926238145416 0.005763688760806916
10 0.5458377239199157 0.9870317002881844 0.004214963119072708 0.010086455331412104
10 0.5413593256059009 0.9873919308357348 0.0036880927291886197 0.010806916426512969
9 0.37434141201264487 0.9949567723342939 0.016332982086406742 0.008645533141210375
9 0.5086933614330874 0.9888328530259366 0.01422550052687039 0.02089337175792507
9 0.5310853530031612 0.9870317002881844 0.012644889357218124 0.023054755043227664
1 0.5677028451001054 0.1206772334293948 0.0036880927291886197 0.010806916426512969
1 0.5756059009483667 0.12211815561959655 0.005795574288724974 0.018011527377521614
1 0.21759747102212856 0.18335734870317003 0.006322444678609062 0.018011527377521614
1 0.22655426765015807 0.1819164265129683 0.004214963119072708 0.012247838616714697
1 0.5845626975763962 0.12247838616714697 0.007903055848261328 0.021613832853025938
1 0.2078503688092729 0.18587896253602307 0.008956796628029505 0.021613832853025938
9 0.25447839831401475 0.26260806916426516 0.01685985247629083 0.04971181556195965
9 0.10590094836670179 0.38256484149855907 0.09905163329820864 0.04899135446685879
9 0.2291886195995785 0.3771613832853026 0.01685985247629083 0.03674351585014409