9 0.8959143968871596 0.33527260638297873 0.024319066147859923 0.08809840425531915
2 0.950510700389105 0.3405917553191489 0.026507782101167315 0.10671542553191489
9 0.5668774319066148 0.34441489361702127 0.013618677042801557 0.01928191489361702
2 0.4255836575875486 0.3715093085106383 0.22811284046692606 0.2888962765957447
9 0.10080252918287938 0.4074135638297872 0.0323443579766537 0.059507978723404256
9 0.5773346303501945 0.4085771276595745 0.013618677042801557 0.04920212765957447
9 0.20987354085603113 0.41123670212765956 0.011673151750972763 0.016622340425531915
9 0.7750486381322957 0.45511968085106386 0.10262645914396887 0.03125
9 0.48625972762645914 0.5374002659574468 0.011429961089494163 0.01695478723404255
9 0.46218385214007784 0.5487034574468085 0.011429961089494163 0.015625
1 0.23966439688715954 0.05585106382978723 0.004620622568093385 0.016622340425531915
9 0.39165856031128404 0.5688164893617021 0.10141050583657588 0.01795212765957447
1 0.22957198443579765 0.057679521276595744 0.006809338521400778 0.018949468085106384
10 0.9502675097276264 0.5772938829787234 0.01240272373540856 0.020944148936170214
1 0.2459873540856031 0.05934175531914894 0.00316147859922179 0.010305851063829786
4 0.4607247081712062 0.5962433510638298 0.030885214007782102 0.06083776595744681
4 0.4981760700389105 0.596908244680851 0.02893968871595331 0.06083776595744681
10 0.9503891050583657 0.6078789893617021 0.01264591439688716 0.020279255319148936
4 0.4060068093385214 0.6279920212765957 0.04450389105058366 0.04055851063829787
4 0.6198929961089494 0.6379654255319149 0.045233463035019454 0.04055851063829787
1 0.5858463035019456 0.6427859042553191 0.0029182879377431907 0.010970744680851064
10 0.43178501945525294 0.6429521276595744 0.007538910505836576 0.004654255319148936
9 0.7388132295719845 0.6492686170212766 0.011673151750972763 0.017287234042553192
4 0.6988083657587548 0.6496010638297872 0.044990272373540856 0.0398936170212766
10 0.4670476653696498 0.6529255319148937 0.007538910505836576 0.005319148936170213
10 0.9499027237354085 0.6539228723404256 0.013132295719844358 0.020611702127659573
1 0.41354571984435795 0.655751329787234 0.007538910505836576 0.004986702127659575
10 0.48431420233463035 0.6577460106382979 0.007538910505836576 0.004321808510638298
1 0.526386186770428 0.659906914893617 0.0026750972762645915 0.00997340425531915
10 0.5372081712062257 0.6602393617021277 0.0029182879377431907 0.010638297872340425
10 0.5327091439688716 0.6607380319148937 0.0026750972762645915 0.010970744680851064
10 0.518239299610895 0.6625664893617021 0.007295719844357977 0.003989361702127659
1 0.497568093385214 0.6627327127659575 0.006809338521400778 0.01961436170212766
1 0.5082684824902723 0.6627327127659575 0.006809338521400778 0.01961436170212766
1 0.5652966926070039 0.6630651595744681 0.006566147859922179 0.01961436170212766
1 0.5569066147859922 0.6640625 0.004377431906614786 0.01695478723404255
10 0.45428015564202334 0.6658909574468085 0.007782101167315175 0.003989361702127659
10 0.46327821011673154 0.6662234042553191 0.008268482490272374 0.004654255319148936
10 0.44394455252918286 0.6663896276595744 0.008025291828793774 0.004986702127659575
10 0.4767752918287938 0.6663896276595744 0.007538910505836576 0.004321808510638298
1 0.41354571984435795 0.6693816489361702 0.007538910505836576 0.004986702127659575
1 0.42351653696498054 0.6700465425531915 0.004620622568093385 0.01695478723404255
1 0.6158803501945526 0.6740359042553191 0.011916342412451361 0.006316489361702127
8 0.594965953307393 0.6868351063829787 0.00316147859922179 0.011968085106382979
1 0.6146643968871596 0.6873337765957447 0.0070525291828793775 0.004986702127659575
10 0.42473249027237353 0.6941489361702128 0.008025291828793774 0.004654255319148936
1 0.45160505836575876 0.6978058510638298 0.003404669260700389 0.00997340425531915
1 0.4693579766536965 0.698470744680851 0.0029182879377431907 0.010638297872340425
1 0.48151750972762647 0.6996343085106383 0.0029182879377431907 0.010970744680851064
4 0.6549124513618677 0.7001329787234043 0.04474708171206226 0.0398936170212766
8 0.601045719844358 0.7034574468085106 0.0036478599221789884 0.011303191489361703
1 0.6894455252918288 0.7056183510638298 0.014105058365758755 0.00964095744680851
1 0.41172178988326846 0.7079454787234043 0.007782101167315175 0.004986702127659575
8 0.5959387159533074 0.7107712765957447 0.0036478599221789884 0.011303191489361703
1 0.5537451361867705 0.7111037234042553 0.007782101167315175 0.004654255319148936
1 0.509362840466926 0.7116023936170213 0.004134241245136187 0.01695478723404255
1 0.533681906614786 0.7137632978723404 0.00316147859922179 0.011303191489361703
1 0.688715953307393 0.7184175531914894 0.012159533073929961 0.006648936170212766
8 0.5956955252918288 0.7222406914893617 0.0036478599221789884 0.010970744680851064
1 0.48723249027237353 0.7227393617021277 0.0070525291828793775 0.004654255319148936
1 0.3517752918287938 0.726063829787234 0.008025291828793774 0.004654255319148936
1 0.5339250972762646 0.726063829787234 0.00316147859922179 0.010638297872340425
1 0.5205496108949417 0.7263962765957447 0.0036478599221789884 0.011303191489361703
1 0.3720817120622568 0.7265625 0.012159533073929961 0.006981382978723404
1 0.39287451361867703 0.7265625 0.008025291828793774 0.004986702127659575
1 0.4962305447470817 0.7288896276595744 0.007538910505836576 0.004986702127659575
8 0.60068093385214 0.7313829787234043 0.003404669260700389 0.011303191489361703
1 0.5473005836575876 0.7323803191489362 0.00316147859922179 0.011303191489361703
9 0.26434824902723736 0.7335438829787234 0.011186770428015564 0.01761968085106383
1 0.5094844357976653 0.7340425531914894 0.0038910505836575876 0.016622340425531915
8 0.6104085603112841 0.7340425531914894 0.003404669260700389 0.011303191489361703
1 0.47373540856031127 0.7350398936170213 0.007782101167315175 0.005319148936170213
1 0.5581225680933852 0.7353723404255319 0.006809338521400778 0.004654255319148936
1 0.4981760700389105 0.7383643617021277 0.00316147859922179 0.011303191489361703
8 0.5952091439688716 0.7410239361702128 0.00316147859922179 0.011968085106382979
1 0.48236867704280156 0.7473404255319149 0.007538910505836576 0.004654255319148936
1 0.5226167315175098 0.7476728723404256 0.007782101167315175 0.005319148936170213
1 0.5404912451361867 0.7476728723404256 0.007538910505836576 0.005984042553191489
1 0.49367704280155644 0.7498337765957447 0.003404669260700389 0.010970744680851064
1 0.6701118677042801 0.75 0.014348249027237353 0.009308510638297872
1 0.5294260700389105 0.750498670212766 0.003404669260700389 0.010970744680851064
8 0.5914396887159533 0.7514960106382979 0.0038910505836575876 0.01163563829787234
1 0.509362840466926 0.7516622340425532 0.004134241245136187 0.015957446808510637
8 0.6016536964980544 0.7521609042553191 0.003404669260700389 0.01163563829787234
1 0.5401264591439688 0.753158244680851 0.006809338521400778 0.005651595744680851
1 0.48249027237354086 0.7533244680851063 0.007782101167315175 0.005319148936170213
1 0.4998784046692607 0.7534906914893617 0.008025291828793774 0.004986702127659575
1 0.4713035019455253 0.7558178191489362 0.003404669260700389 0.010970744680851064
1 0.515807392996109 0.7558178191489362 0.0029182879377431907 0.00964095744680851
1 0.5205496108949417 0.7566489361702128 0.00316147859922179 0.011303191489361703
1 0.5250486381322957 0.7566489361702128 0.003404669260700389 0.010638297872340425
1 0.4891780155642023 0.7568151595744681 0.00316147859922179 0.00964095744680851
1 0.533681906614786 0.7568151595744681 0.00316147859922179 0.010305851063829786
1 0.5514348249027238 0.7568151595744681 0.0026750972762645915 0.010305851063829786
1 0.6378891050583657 0.758311170212766 0.007295719844357977 0.005319148936170213
8 0.5978842412451362 0.7596409574468085 0.0036478599221789884 0.011968085106382979
1 0.42230058365758755 0.760970744680851 0.011916342412451361 0.005984042553191489
1 0.49355544747081714 0.7626329787234043 0.00316147859922179 0.00997340425531915
1 0.4980544747081712 0.7626329787234043 0.003404669260700389 0.010638297872340425
1 0.5356274319066148 0.7654587765957447 0.0070525291828793775 0.004986702127659575
1 0.5159289883268483 0.7682845744680851 0.00316147859922179 0.011303191489361703
1 0.5023103112840467 0.7686170212765957 0.0026750972762645915 0.010638297872340425
1 0.5091196498054474 0.7689494680851063 0.004134241245136187 0.017287234042553192
1 0.5203064202334631 0.7691156914893617 0.00316147859922179 0.010970744680851064
8 0.5921692607003891 0.7701130319148937 0.003404669260700389 0.01163563829787234
1 0.4913667315175097 0.7712765957446809 0.007538910505836576 0.004654255319148936
1 0.5357490272373541 0.7716090425531915 0.007782101167315175 0.005319148936170213
1 0.5269941634241245 0.7717752659574468 0.007782101167315175 0.004986702127659575
1 0.42290856031128404 0.7719414893617021 0.014105058365758755 0.008643617021276596
1 0.6268239299610895 0.7747672872340425 0.0070525291828793775 0.004321808510638298
1 0.5759970817120622 0.7767619680851063 0.0070525291828793775 0.004321808510638298
8 0.6001945525291829 0.778091755319149 0.0029182879377431907 0.01163563829787234
1 0.6523589494163424 0.7794215425531915 0.014348249027237353 0.008976063829787235
1 0.47580252918287935 0.7800864361702128 0.011916342412451361 0.006316489361702127
1 0.4888132295719844 0.7802526595744681 0.011673151750972763 0.006648936170212766
1 0.5015807392996109 0.7802526595744681 0.01240272373540856 0.006648936170212766
1 0.5160505836575876 0.780751329787234 0.011673151750972763 0.005651595744680851
1 0.5289396887159533 0.780751329787234 0.012159533073929961 0.006316489361702127
1 0.541828793774319 0.7810837765957447 0.012159533073929961 0.006316489361702127
8 0.5947227626459144 0.7855718085106383 0.0036478599221789884 0.011303191489361703
1 0.42375972762645914 0.7872340425531915 0.013861867704280155 0.009308510638297872
1 0.48236867704280156 0.789561170212766 0.007538910505836576 0.004654255319148936
1 0.4912451361867704 0.789561170212766 0.007295719844357977 0.005319148936170213
1 0.5091196498054474 0.7925531914893617 0.004134241245136187 0.016622340425531915
1 0.5023103112840467 0.7928856382978723 0.0036478599221789884 0.010638297872340425
1 0.5156857976653697 0.793218085106383 0.0026750972762645915 0.011303191489361703
1 0.5290612840466926 0.793218085106383 0.0026750972762645915 0.009308510638297872
1 0.6524805447470817 0.7942154255319149 0.014105058365758755 0.009308510638297872
1 0.5222519455252919 0.7960438829787234 0.0070525291828793775 0.004986702127659575
8 0.5922908560311284 0.7977061170212766 0.0036478599221789884 0.01163563829787234
1 0.42388132295719844 0.7983710106382979 0.011673151750972763 0.006981382978723404
1 0.4979328793774319 0.7992021276595744 0.00316147859922179 0.011303191489361703
1 0.49355544747081714 0.7995345744680851 0.00316147859922179 0.010638297872340425
1 0.3982247081712062 0.7997007978723404 0.007538910505836576 0.004321808510638298
1 0.48455739299610895 0.8050199468085106 0.00316147859922179 0.010970744680851064
1 0.5023103112840467 0.805186170212766 0.0036478599221789884 0.010638297872340425
1 0.5514348249027238 0.8055186170212766 0.00316147859922179 0.010638297872340425
1 0.5334387159533074 0.8056848404255319 0.00316147859922179 0.01163563829787234
1 0.5178745136186771 0.8081781914893617 0.0070525291828793775 0.003989361702127659
1 0.5398832684824902 0.8086768617021277 0.007782101167315175 0.004986702127659575
1 0.5092412451361867 0.8100066489361702 0.004377431906614786 0.01695478723404255
1 0.6726653696498055 0.8101728723404256 0.012159533073929961 0.006648936170212766
1 0.4888132295719844 0.8106715425531915 0.0029182879377431907 0.010970744680851064
1 0.5293044747081712 0.8113364361702128 0.0036478599221789884 0.010305851063829786
1 0.52431906614786 0.8115026595744681 0.003404669260700389 0.010638297872340425
1 0.4979328793774319 0.8116688829787234 0.0036478599221789884 0.010970744680851064
8 0.5924124513618677 0.8133311170212766 0.0038910505836575876 0.012965425531914893
8 0.601045719844358 0.8134973404255319 0.0036478599221789884 0.012632978723404254
1 0.5173881322957199 0.8143284574468085 0.007538910505836576 0.004986702127659575
1 0.5401264591439688 0.8143284574468085 0.007295719844357977 0.004986702127659575
1 0.5577577821011673 0.8206449468085106 0.0070525291828793775 0.004321808510638298
1 0.6376459143968871 0.8233045212765957 0.007295719844357977 0.004321808510638298
1 0.4269212062256809 0.8257978723404256 0.0026750972762645915 0.011303191489361703
1 0.4696011673151751 0.8296210106382979 0.005350194552529183 0.010305851063829786
1 0.5468142023346303 0.8297872340425532 0.00316147859922179 0.011303191489361703
8 0.5932636186770428 0.8301196808510638 0.0036478599221789884 0.012632978723404254
8 0.6077334630350194 0.8319481382978723 0.0038910505836575876 0.010970744680851064
1 0.4990272373540856 0.8324468085106383 0.00632295719844358 0.003324468085106383
1 0.5357490272373541 0.8326130319148937 0.007782101167315175 0.004321808510638298
1 0.5062013618677043 0.8346077127659575 0.007538910505836576 0.010305851063829786
1 0.5645671206225681 0.8362699468085106 0.00316147859922179 0.01163563829787234
1 0.6369163424124513 0.8409242021276596 0.007295719844357977 0.004986702127659575
1 0.48443579766536965 0.8415890957446809 0.0029182879377431907 0.010970744680851064
8 0.6012889105058365 0.8450797872340425 0.0036478599221789884 0.011968085106382979
8 0.5920476653696498 0.8454122340425532 0.0036478599221789884 0.011303191489361703
1 0.5333171206225681 0.847905585106383 0.0029182879377431907 0.010970744680851064
4 0.3831468871595331 0.8512300531914894 0.04401750972762646 0.03889627659574468
1 0.48492217898832685 0.8542220744680851 0.0029182879377431907 0.00964095744680851
1 0.6009241245136187 0.8543882978723404 0.012159533073929961 0.005984042553191489
1 0.5176313229571985 0.8567154255319149 0.00316147859922179 0.011303191489361703
1 0.6288910505836576 0.8582114361702128 0.007295719844357977 0.004986702127659575
1 0.42242217898832685 0.8617021276595744 0.012159533073929961 0.006648936170212766
1 0.5004863813229572 0.8656914893617021 0.0038910505836575876 0.017287234042553192
1 0.6287694552529183 0.8656914893617021 0.0070525291828793775 0.005319148936170213
1 0.601045719844358 0.867686170212766 0.013861867704280155 0.00997340425531915
1 0.42193579766536965 0.8726728723404256 0.014105058365758755 0.009308510638297872
1 0.38205252918287935 0.875498670212766 0.006809338521400778 0.004321808510638298
1 0.402602140077821 0.8759973404255319 0.0070525291828793775 0.004654255319148936
8 0.5914396887159533 0.8798204787234043 0.003404669260700389 0.01163563829787234
1 0.42388132295719844 0.8813164893617021 0.007295719844357977 0.003989361702127659
1 0.397738326848249 0.8829787234042553 0.007538910505836576 0.003989361702127659
1 0.4912451361867704 0.8909574468085106 0.007782101167315175 0.004654255319148936
1 0.41901750972762647 0.8931183510638298 0.006809338521400778 0.004986702127659575
1 0.6403210116731517 0.8936170212765957 0.0029182879377431907 0.010638297872340425
1 0.441147859922179 0.8954454787234043 0.006809338521400778 0.004986702127659575
8 0.5860894941634242 0.8974401595744681 0.008754863813229572 0.004986702127659575
1 0.511794747081712 0.8996010638297872 0.006566147859922179 0.0199468085106383
4 0.6147859922178989 0.8999335106382979 0.04426070038910506 0.041223404255319146
10 0.490272373540856 0.9005984042553191 0.0029182879377431907 0.010638297872340425
1 0.5295476653696498 0.9007646276595744 0.004134241245136187 0.01695478723404255
10 0.49416342412451364 0.9010970744680851 0.003404669260700389 0.010970744680851064
1 0.4283803501945525 0.901595744680851 0.0036478599221789884 0.010638297872340425
1 0.547057392996109 0.9024268617021277 0.0070525291828793775 0.01961436170212766
1 0.5736867704280155 0.9029255319148937 0.006809338521400778 0.0199468085106383
1 0.5659046692607004 0.903091755319149 0.0038910505836575876 0.01695478723404255
1 0.41135700389105057 0.9052526595744681 0.014348249027237353 0.008643617021276596
1 0.47324902723735407 0.9119015957446809 0.007295719844357977 0.004654255319148936
1 0.4647373540856031 0.9127327127659575 0.007295719844357977 0.004321808510638298
1 0.48686770428015563 0.9130651595744681 0.006809338521400778 0.004321808510638298
1 0.40041342412451364 0.9215425531914894 0.007538910505836576 0.004654255319148936
10 0.46254863813229574 0.9217087765957447 0.0029182879377431907 0.010305851063829786
10 0.4664396887159533 0.9217087765957447 0.0024319066147859923 0.00964095744680851
10 0.4704523346303502 0.921875 0.0026750972762645915 0.010638297872340425
10 0.47482976653696496 0.921875 0.0026750972762645915 0.009308510638297872
10 0.48625972762645914 0.922373670212766 0.00316147859922179 0.00964095744680851
1 0.44175583657587547 0.9242021276595744 0.00316147859922179 0.00997340425531915
10 0.5102140077821011 0.9245345744680851 0.0024319066147859923 0.00997340425531915
10 0.5041342412451362 0.9247007978723404 0.0029182879377431907 0.010970744680851064
10 0.5189688715953308 0.9276928191489362 0.0038910505836575876 0.00964095744680851
10 0.46461575875486383 0.9313497340425532 0.007538910505836576 0.004321808510638298
10 0.4668044747081712 0.9408244680851063 0.00316147859922179 0.009308510638297872
10 0.46267023346303504 0.9409906914893617 0.0026750972762645915 0.010305851063829786
9 0.30727140077821014 0.9428191489361702 0.011916342412451361 0.047872340425531915
9 0.43239299610894943 0.9436502659574468 0.010700389105058366 0.030252659574468085
9 0.45306420233463035 0.9438164893617021 0.010214007782101167 0.02992021276595745
1 0.46449416342412453 0.9507978723404256 0.007782101167315175 0.004654255319148936
4 0.39019941634241245 0.9607712765957447 0.04401750972762646 0.0398936170212766
9 0.7304231517509727 0.9747340425531915 0.010943579766536964 0.015292553191489361
4 0.6681663424124513 0.9762300531914894 0.04353112840466926 0.04488031914893617
1 0.5583657587548638 0.14777260638297873 0.0029182879377431907 0.010305851063829786
1 0.5655398832684825 0.15059840425531915 0.004134241245136187 0.016622340425531915
1 0.23139591439688717 0.1512632978723404 0.004620622568093385 0.016622340425531915
1 0.23954280155642024 0.15142952127659576 0.003404669260700389 0.010970744680851064
1 0.5740515564202334 0.15159574468085107 0.006079766536964981 0.0199468085106383
1 0.22227626459143968 0.15209441489361702 0.007295719844357977 0.01961436170212766
9 0.2586332684824903 0.23021941489361702 0.011916342412451361 0.04488031914893617
9 0.11223249027237354 0.3176529255319149 0.09022373540856031 0.030917553191489363
9 0.22580252918287938 0.3314494680851064 0.012889105058365758 0.032579787234042555