1 0.6715846994535519 0.3486547085201794 0.007650273224043716 0.00523168908819133
1 0.5319672131147541 0.3423019431988042 0.00819672131147541 0.005979073243647235
10 0.8046448087431693 0.3572496263079223 0.00273224043715847 0.01046337817638266
10 0.7765027322404372 0.3572496263079223 0.003278688524590164 0.01046337817638266
4 0.4743169398907104 0.34491778774289983 0.02622950819672131 0.0171898355754858
2 0.44344262295081965 0.34715994020926755 0.014754098360655738 0.020179372197309416
10 0.940983606557377 0.37070254110612855 0.002185792349726776 0.01046337817638266
10 0.9281420765027323 0.3703288490284006 0.00273224043715847 0.009715994020926755
10 0.9516393442622951 0.3710762331838565 0.00273224043715847 0.009715994020926755
10 0.9773224043715847 0.3725710014947683 0.00273224043715847 0.009715994020926755
10 0.453551912568306 0.3486547085201794 0.004371584699453552 0.011210762331838564
1 0.49207650273224046 0.3505231689088191 0.003825136612021858 0.01195814648729447
1 0.49808743169398906 0.3508968609865471 0.003825136612021858 0.011210762331838564
8 0.989344262295082 0.3807922272047833 0.003825136612021858 0.011210762331838564
10 0.5284153005464481 0.36285500747384153 0.007650273224043716 0.00523168908819133
5 0.5986338797814208 0.3718236173393124 0.11748633879781421 0.16367713004484305
1 0.5278688524590164 0.3695814648729447 0.007650273224043716 0.00523168908819133
1 0.6685792349726776 0.3796711509715994 0.00819672131147541 0.005979073243647235
10 0.9456284153005464 0.3961136023916293 0.00273224043715847 0.01046337817638266
10 0.5278688524590164 0.37630792227204785 0.007650273224043716 0.00523168908819133
10 0.9699453551912568 0.3991031390134529 0.003278688524590164 0.01046337817638266
7 0.7756830601092897 0.39050822122571 0.01366120218579235 0.042600896860986545
7 0.8040983606557377 0.3923766816143498 0.01366120218579235 0.04185351270553064
1 0.66775956284153 0.3860239162929746 0.007650273224043716 0.00523168908819133
10 0.5275956284153005 0.38228699551569506 0.00819672131147541 0.00523168908819133
10 0.4308743169398907 0.3796711509715994 0.003825136612021858 0.01046337817638266
1 0.5270491803278688 0.3890134529147982 0.007103825136612022 0.00523168908819133
1 0.6655737704918033 0.40321375186846037 0.007650273224043716 0.00523168908819133
1 0.5273224043715847 0.3976083707025411 0.007650273224043716 0.005979073243647235
2 0.430327868852459 0.3957399103139013 0.014754098360655738 0.014200298953662182
10 0.49781420765027323 0.40321375186846037 0.003278688524590164 0.011210762331838564
1 0.6754098360655738 0.41591928251121074 0.015300546448087432 0.011210762331838564
1 0.5245901639344263 0.4189088191330344 0.013114754098360656 0.008221225710014948
1 0.6644808743169399 0.43310911808669655 0.007650273224043716 0.0037369207772795215
2 0.8360655737704918 0.4428251121076233 0.014207650273224045 0.020179372197309416
1 0.5538251366120218 0.46038863976083705 0.003825136612021858 0.01046337817638266
9 0.20546448087431693 0.44506726457399104 0.11912568306010929 0.042600896860986545
1 0.6005464480874317 0.4656203288490284 0.003278688524590164 0.01046337817638266
1 0.5948087431693989 0.4678624813153961 0.003825136612021858 0.01195814648729447
10 0.6117486338797814 0.4701046337817638 0.003825136612021858 0.01195814648729447
1 0.5868852459016394 0.4697309417040359 0.007650273224043716 0.021674140508221227
8 0.42896174863387976 0.46225710014947685 0.004371584699453552 0.012705530642750373
10 0.942896174863388 0.4876681614349776 0.003825136612021858 0.011210762331838564
4 0.46939890710382515 0.46898355754857995 0.033879781420765025 0.06950672645739911
1 0.6379781420765027 0.47720478325859494 0.007103825136612022 0.021674140508221227
4 0.512568306010929 0.4712257100149477 0.033879781420765025 0.06950672645739911
4 0.6792349726775956 0.4891629297458894 0.034972677595628415 0.06950672645739911
10 0.6226775956284153 0.5029895366218237 0.003825136612021858 0.01195814648729447
10 0.6101092896174863 0.5029895366218237 0.003825136612021858 0.01195814648729447
10 0.5855191256830601 0.5022421524663677 0.003825136612021858 0.01195814648729447
10 0.5792349726775956 0.5018684603886397 0.004371584699453552 0.011210762331838564
8 0.23770491803278687 0.4876681614349776 0.007650273224043716 0.00523168908819133
10 0.24972677595628415 0.4891629297458894 0.007650273224043716 0.00523168908819133
10 0.9461748633879782 0.5373692077727952 0.015846994535519125 0.013452914798206279
5 0.8803278688524591 0.5347533632286996 0.020765027322404372 0.021674140508221227
5 0.9049180327868852 0.5358744394618834 0.020765027322404372 0.02092675635276532
10 0.41366120218579233 0.5160687593423019 0.003278688524590164 0.009715994020926755
10 0.4215846994535519 0.5175635276532138 0.00273224043715847 0.009715994020926755
8 0.44098360655737706 0.5183109118086696 0.003278688524590164 0.012705530642750373
4 0.9256830601092896 0.5455904334828101 0.01639344262295082 0.03288490284005979
1 0.16120218579234974 0.5112107623318386 0.009836065573770493 0.02242152466367713
1 0.9459016393442623 0.5534379671150972 0.012021857923497269 0.011210762331838564
4 0.2644808743169399 0.5216741405082213 0.05027322404371585 0.04633781763826607
0 0.01557377049180328 0.5112107623318386 0.03114754098360656 0.04633781763826607
12 0.12540983606557377 0.5164424514200299 0.059562841530054644 0.04783258594917788
1 0.901912568306011 0.5534379671150972 0.010382513661202186 0.009715994020926755
1 0.8773224043715847 0.5526905829596412 0.011475409836065573 0.011210762331838564
9 0.9734972677595628 0.5590433482810164 0.025683060109289616 0.053811659192825115
4 0.18060109289617488 0.5325112107623319 0.026775956284153007 0.053064275037369206
1 0.8702185792349727 0.5661434977578476 0.011475409836065573 0.009715994020926755
1 0.6040983606557377 0.5553064275037369 0.003825136612021858 0.01195814648729447
1 0.5989071038251366 0.5556801195814649 0.004371584699453552 0.011210762331838564
1 0.16147540983606556 0.5358744394618834 0.011475409836065573 0.01046337817638266
1 0.9008196721311476 0.570627802690583 0.007103825136612022 0.01569506726457399
1 0.9830601092896175 0.5754857997010463 0.007650273224043716 0.016442451420029897
1 0.9136612021857924 0.5736173393124065 0.009836065573770493 0.021674140508221227
10 0.9245901639344263 0.5739910313901345 0.008743169398907104 0.02242152466367713
10 0.9357923497267759 0.5747384155455905 0.009289617486338797 0.02092675635276532
1 0.5920765027322404 0.5597907324364724 0.004918032786885246 0.017937219730941704
1 0.6103825136612022 0.5609118086696562 0.00546448087431694 0.01868460388639761
1 0.5797814207650274 0.5601644245142003 0.007650273224043716 0.021674140508221227
6 0.8887978142076502 0.5758594917787743 0.014754098360655738 0.032137518684603884
1 0.6215846994535519 0.5627802690582959 0.007103825136612022 0.02092675635276532
12 0.21584699453551912 0.5448430493273543 0.018579234972677595 0.02242152466367713
2 0.5254098360655738 0.5639013452914798 0.014754098360655738 0.021674140508221227
1 0.20136612021857925 0.5508221225710015 0.007103825136612022 0.016442451420029897
10 0.8663934426229508 0.5833333333333334 0.009289617486338797 0.020179372197309416
8 0.42978142076502734 0.5650224215246636 0.07704918032786885 0.07324364723467862
1 0.8754098360655738 0.5911808669656203 0.007650273224043716 0.007473841554559043
2 0.5530054644808743 0.57847533632287 0.015300546448087432 0.02092675635276532
5 0.9073770491803279 0.5967862481315396 0.020218579234972677 0.021674140508221227
1 0.8918032786885246 0.5964125560538116 0.007650273224043716 0.007473841554559043
1 0.8751366120218579 0.600896860986547 0.007103825136612022 0.007473841554559043
4 0.11994535519125683 0.5657698056801196 0.026775956284153007 0.052316890881913304
10 0.16038251366120218 0.5695067264573991 0.009289617486338797 0.02092675635276532
10 0.17076502732240437 0.569880418535127 0.009289617486338797 0.021674140508221227
1 0.13852459016393442 0.5687593423019432 0.009289617486338797 0.02242152466367713
10 0.14945355191256832 0.5691330343796711 0.010382513661202186 0.021674140508221227
6 0.19043715846994536 0.5713751868460388 0.023497267759562842 0.021674140508221227
10 0.2185792349726776 0.5724962630792227 0.009836065573770493 0.02092675635276532
10 0.20846994535519126 0.5724962630792227 0.010382513661202186 0.02242152466367713
10 0.8655737704918033 0.6065022421524664 0.009836065573770493 0.021674140508221227
2 0.7595628415300546 0.601644245142003 0.03934426229508197 0.053811659192825115
2 0.6013661202185793 0.6023916292974589 0.015846994535519125 0.02242152466367713
2 0.580327868852459 0.601644245142003 0.01639344262295082 0.02092675635276532
2 0.659016393442623 0.6065022421524664 0.015300546448087432 0.021674140508221227
6 0.8885245901639345 0.617339312406577 0.015300546448087432 0.03139013452914798
2 0.6221311475409836 0.6046337817638266 0.015846994535519125 0.02092675635276532
2 0.6781420765027323 0.6072496263079222 0.015300546448087432 0.021674140508221227
2 0.6401639344262295 0.6057548579970105 0.014754098360655738 0.023168908819133034
4 0.09644808743169399 0.5807174887892377 0.016939890710382512 0.03288490284005979
8 0.16120218579234974 0.5863228699551569 0.008743169398907104 0.008221225710014948
1 0.14672131147540984 0.5866965620328849 0.011475409836065573 0.01195814648729447
2 0.31475409836065577 0.5945440956651719 0.040437158469945354 0.05605381165919283
1 0.8991803278688525 0.6233183856502242 0.007103825136612022 0.016442451420029897
1 0.8688524590163934 0.6236920777279522 0.01092896174863388 0.009715994020926755
1 0.1702185792349727 0.5915545590433483 0.007103825136612022 0.01569506726457399
10 0.49562841530054647 0.6098654708520179 0.003278688524590164 0.01195814648729447
8 0.13688524590163934 0.5945440956651719 0.007103825136612022 0.01569506726457399
5 0.19262295081967212 0.5979073243647235 0.016939890710382512 0.02391629297458894
1 0.8549180327868853 0.6311659192825112 0.007103825136612022 0.01569506726457399
10 0.146448087431694 0.5982810164424515 0.01092896174863388 0.009715994020926755
8 0.7254098360655737 0.6266816143497758 0.004918032786885246 0.01868460388639761
11 0.013114754098360656 0.5930493273542601 0.02622950819672131 0.08744394618834081
6 0.9251366120218579 0.6375186846038864 0.03278688524590164 0.05530642750373692
10 0.16010928961748633 0.6046337817638266 0.009836065573770493 0.016442451420029897
10 0.14562841530054646 0.60949177877429 0.010382513661202186 0.009715994020926755
1 0.0866120218579235 0.6065022421524664 0.007103825136612022 0.01569506726457399
1 0.5193989071038252 0.6292974588938715 0.00819672131147541 0.005979073243647235
1 0.09480874316939891 0.6102391629297459 0.006010928961748634 0.011210762331838564
8 0.13633879781420766 0.6124813153961136 0.007103825136612022 0.01569506726457399
1 0.1959016393442623 0.6165919282511211 0.012568306010928962 0.01195814648729447
10 0.7256830601092896 0.6442451420029895 0.003278688524590164 0.01046337817638266
10 0.5314207650273224 0.6363976083707026 0.003825136612021858 0.009715994020926755
1 0.8978142076502732 0.6539611360239163 0.007650273224043716 0.016442451420029897
10 0.11885245901639344 0.6177130044843049 0.009289617486338797 0.023168908819133034
1 0.14617486338797814 0.6203288490284006 0.011475409836065573 0.01046337817638266
10 0.8289617486338798 0.6535874439461884 0.009836065573770493 0.021674140508221227
6 0.8423497267759563 0.6539611360239163 0.014754098360655738 0.03288490284005979
1 0.5183060109289618 0.6386397608370703 0.00819672131147541 0.00523168908819133
8 0.16010928961748633 0.6221973094170403 0.008743169398907104 0.008221225710014948
10 0.29043715846994533 0.6289237668161435 0.006010928961748634 0.012705530642750373
1 0.05327868852459016 0.6188340807174888 0.015846994535519125 0.013452914798206279
1 0.06967213114754098 0.6199551569506726 0.014754098360655738 0.012705530642750373
1 0.19508196721311474 0.6270553064275037 0.012021857923497269 0.01046337817638266
1 0.8543715846994535 0.6595665171898356 0.007103825136612022 0.01569506726457399
4 0.9707650273224043 0.6696562032884903 0.026775956284153007 0.05082212257100149
10 0.8724043715846994 0.6670403587443946 0.009289617486338797 0.020179372197309416
8 0.7245901639344262 0.6621823617339312 0.00546448087431694 0.01943198804185351
1 0.16612021857923498 0.6356502242152466 0.007650273224043716 0.01569506726457399
4 0.5174863387978142 0.6535874439461884 0.02622950819672131 0.0171898355754858
10 0.2896174863387978 0.6442451420029895 0.004371584699453552 0.01195814648729447
4 0.8896174863387978 0.6816143497757847 0.01639344262295082 0.03288490284005979
5 0.09699453551912568 0.6543348281016442 0.05628415300546448 0.07698056801195814
2 0.7565573770491804 0.6875934230194319 0.03989071038251366 0.05530642750373692
1 0.1273224043715847 0.6576980568011959 0.00546448087431694 0.01046337817638266
1 0.9292349726775956 0.6969357249626308 0.007103825136612022 0.01569506726457399
4 0.9120218579234972 0.6969357249626308 0.02622950819672131 0.05007473841554559
1 0.13469945355191257 0.6610612855007474 0.007103825136612022 0.0171898355754858
1 0.16475409836065574 0.6629297458893871 0.00819672131147541 0.016442451420029897
1 0.9625683060109289 0.7021674140508222 0.014754098360655738 0.014200298953662182
5 0.9437158469945355 0.70254110612855 0.019672131147540985 0.02242152466367713
10 0.5683060109289617 0.6846038863976084 0.007650273224043716 0.004484304932735426
10 0.5401639344262295 0.6842301943198804 0.00819672131147541 0.00523168908819133
10 0.5532786885245902 0.6860986547085202 0.007103825136612022 0.004484304932735426
2 0.24316939890710382 0.672645739910314 0.014207650273224045 0.02092675635276532
11 0.012021857923497269 0.6625560538116592 0.024043715846994537 0.05455904334828102
10 0.8554644808743169 0.70254110612855 0.009289617486338797 0.02092675635276532
12 0.8696721311475409 0.703662182361734 0.018032786885245903 0.023168908819133034
2 0.3128415300546448 0.680119581464873 0.03989071038251366 0.05530642750373692
10 0.8846994535519126 0.7088938714499252 0.009836065573770493 0.021674140508221227
1 0.12704918032786885 0.6741405082212257 0.004918032786885246 0.01046337817638266
10 0.5344262295081967 0.6973094170403588 0.007650273224043716 0.004484304932735426
1 0.9622950819672131 0.7182361733931241 0.015300546448087432 0.013452914798206279
2 0.04426229508196721 0.6748878923766816 0.0273224043715847 0.02242152466367713
1 0.13415300546448086 0.6816143497757847 0.007103825136612022 0.016442451420029897
1 0.48579234972677593 0.6991778774289985 0.00546448087431694 0.01868460388639761
1 0.5065573770491804 0.7010463378176383 0.007650273224043716 0.02092675635276532
10 0.530327868852459 0.7077727952167414 0.00819672131147541 0.005979073243647235
10 0.5448087431693989 0.7092675635276532 0.008743169398907104 0.005979073243647235
10 0.5726775956284152 0.7163677130044843 0.007650273224043716 0.0037369207772795215
10 0.5587431693989071 0.7174887892376681 0.00819672131147541 0.005979073243647235
8 0.3909836065573771 0.7346786248131539 0.003825136612021858 0.01195814648729447
10 0.5792349726775956 0.7481315396113603 0.007650273224043716 0.004484304932735426
10 0.5816939890710382 0.7642002989536621 0.003825136612021858 0.011210762331838564
8 0.39371584699453555 0.7600896860986547 0.003825136612021858 0.01195814648729447
8 0.4024590163934426 0.7627055306427504 0.004918032786885246 0.012705530642750373
8 0.3923497267759563 0.773916292974589 0.004371584699453552 0.012705530642750373
2 0.7663934426229508 0.7989536621823617 0.016939890710382512 0.02391629297458894
8 0.3814207650273224 0.7806427503736921 0.004371584699453552 0.012705530642750373
8 0.3959016393442623 0.7907324364723468 0.003825136612021858 0.013452914798206279
10 0.5754098360655737 0.8116591928251121 0.003278688524590164 0.01195814648729447
8 0.39617486338797814 0.8060538116591929 0.004371584699453552 0.012705530642750373
8 0.38169398907103824 0.8068011958146487 0.004918032786885246 0.012705530642750373
8 0.3953551912568306 0.8191330343796711 0.003825136612021858 0.01195814648729447
8 0.3819672131147541 0.8236173393124065 0.004371584699453552 0.013452914798206279
5 0.48989071038251364 0.8318385650224215 0.16557377049180327 0.22720478325859492
8 0.39918032786885244 0.8288490284005979 0.003825136612021858 0.01195814648729447
8 0.39262295081967213 0.8310911808669657 0.004918032786885246 0.013452914798206279
8 0.3860655737704918 0.8381913303437967 0.009289617486338797 0.00523168908819133
8 0.3948087431693989 0.8449177877428998 0.003825136612021858 0.012705530642750373
8 0.38879781420765025 0.8542600896860987 0.004918032786885246 0.013452914798206279
8 0.39617486338797814 0.8632286995515696 0.004371584699453552 0.013452914798206279
8 0.38961748633879784 0.8718236173393124 0.004371584699453552 0.014200298953662182
2 0.8472677595628415 0.8778026905829597 0.04644808743169399 0.2428998505231689
2 0.9158469945355191 0.8796711509715994 0.04590163934426229 0.23916292974588937
8 0.39672131147540984 0.8822869955156951 0.004371584699453552 0.014200298953662182
2 0.09289617486338798 0.8531390134529148 0.046994535519125684 0.2563527653213752
2 0.17677595628415302 0.8572496263079222 0.0453551912568306 0.2556053811659193
2 0.3076502732240437 0.8867713004484304 0.03934426229508197 0.05455904334828102
10 0.33469945355191255 0.9286248131539612 0.003825136612021858 0.011210762331838564
8 0.3237704918032787 0.9289985052316891 0.014754098360655738 0.017937219730941704
8 0.46202185792349726 0.9469357249626308 0.003825136612021858 0.01195814648729447
1 0.5437158469945356 0.953662182361734 0.007650273224043716 0.004484304932735426
10 0.5114754098360655 0.9521674140508222 0.007650273224043716 0.004484304932735426
1 0.5540983606557377 0.9551569506726457 0.007650273224043716 0.004484304932735426
1 0.5316939890710383 0.9547832585949177 0.007650273224043716 0.0037369207772795215
1 0.5199453551912568 0.9562780269058296 0.003825136612021858 0.011210762331838564
1 0.5024590163934426 0.9555306427503737 0.003825136612021858 0.011210762331838564
8 0.473224043715847 0.9559043348281017 0.008743169398907104 0.005979073243647235
10 0.5363387978142077 0.9603886397608371 0.007103825136612022 0.004484304932735426
10 0.5592896174863388 0.9626307922272048 0.00819672131147541 0.005979073243647235
10 0.5491803278688525 0.9630044843049327 0.003278688524590164 0.011210762331838564
10 0.5445355191256831 0.9626307922272048 0.00273224043715847 0.01046337817638266
8 0.49480874316939893 0.9615097159940209 0.009289617486338797 0.00523168908819133
10 0.5366120218579234 0.9652466367713004 0.007650273224043716 0.0037369207772795215
10 0.5595628415300546 0.968609865470852 0.007650273224043716 0.004484304932735426
10 0.44453551912568307 0.968609865470852 0.00273224043715847 0.01046337817638266
10 0.4516393442622951 0.9701046337817638 0.00273224043715847 0.01046337817638266
8 0.4636612021857924 0.9701046337817638 0.003825136612021858 0.013452914798206279
2 0.3051912568306011 0.9678624813153961 0.040983606557377046 0.04783258594917788
4 0.512568306010929 0.9839312406576981 0.02622950819672131 0.01569506726457399
1 0.44016393442622953 0.9943946188340808 0.007103825136612022 0.00523168908819133
4 0.39918032786885244 0.9887892376681614 0.05081967213114754 0.014947683109118086
2 0.6344262295081967 0.08893871449925261 0.4524590163934426 0.07772795216741404
2 0.9215846994535519 0.21973094170403587 0.003825136612021858 0.01195814648729447
0 0.7896174863387978 0.2384155455904335 0.03934426229508197 0.053811659192825115
4 0.6983606557377049 0.26905829596412556 0.033879781420765025 0.0687593423019432
1 0.5743169398907104 0.27242152466367714 0.004371584699453552 0.0171898355754858
4 0.5404371584699453 0.27204783258594917 0.012021857923497269 0.03587443946188341
1 0.5871584699453551 0.2739162929745889 0.007103825136612022 0.021674140508221227
1 0.651912568306011 0.2787742899850523 0.00546448087431694 0.017937219730941704
1 0.6073770491803279 0.2765321375186846 0.004918032786885246 0.017937219730941704
1 0.6445355191256831 0.2798953662182362 0.003825136612021858 0.011210762331838564
1 0.5948087431693989 0.27914798206278024 0.003825136612021858 0.011210762331838564
1 0.6002732240437159 0.2787742899850523 0.00273224043715847 0.01046337817638266
2 0.9612021857923497 0.3172645739910314 0.07650273224043716 0.07698056801195814
10 0.9789617486338797 0.3183856502242152 0.00273224043715847 0.01046337817638266
10 0.9674863387978142 0.31763826606875933 0.00273224043715847 0.01046337817638266
1 0.5322404371584699 0.30530642750373693 0.007650273224043716 0.00523168908819133
10 0.669672131147541 0.32585949177877427 0.00819672131147541 0.005979073243647235
10 0.5278688524590164 0.31988041853512705 0.008743169398907104 0.005979073243647235
2 0.9472677595628415 0.3452914798206278 0.10218579234972677 0.04185351270553064
1 0.5245901639344263 0.33183856502242154 0.015300546448087432 0.01046337817638266
2 0.051092896174863386 0.31128550074738415 0.09781420765027322 0.2249626307922272