1 0.36472945891783565 0.36235955056179775 0.017034068136272545 0.05377207062600321
1 0.40606212424849697 0.3743980738362761 0.015531062124248497 0.0521669341894061
1 0.3870240480961924 0.36998394863563405 0.016533066132264528 0.052969502407704656
10 0.1968937875751503 0.34630818619582665 0.017034068136272545 0.0521669341894061
7 0.08642284569138277 0.315008025682183 0.04659318637274549 0.04735152487961477
8 0.3063627254509018 0.3776083467094703 0.03657314629258517 0.07624398073836276
10 0.22244488977955912 0.3539325842696629 0.017034068136272545 0.05457463884430177
12 0.2605210420841683 0.3647672552166934 0.04909819639278557 0.06821829855537721
7 0.08166332665330661 0.3527287319422151 0.047094188376753505 0.048956661316211875
0 0.13852705410821645 0.39325842696629215 0.051603206412825654 0.12520064205457465
7 0.07765531062124248 0.391653290529695 0.04609218436873747 0.048154093097913325
2 0.7805611222444889 0.5906902086677368 0.3637274549098196 0.8170144462279294
7 0.07289579158316634 0.42937399678972715 0.04659318637274549 0.048154093097913325
7 0.06988977955911824 0.46669341894060995 0.04659318637274549 0.048956661316211875
10 0.12249498997995992 0.5004012841091493 0.034569138276553106 0.06821829855537721
1 0.48572144288577157 0.60553772070626 0.016533066132264528 0.05377207062600321
5 0.3654809619238477 0.5846709470304976 0.13577154308617234 0.21428571428571427
7 0.06513026052104208 0.5044141252006421 0.04609218436873747 0.048956661316211875
8 0.14904809619238477 0.5774478330658106 0.030561122244488977 0.07624398073836276
8 0.17109218436873747 0.5846709470304976 0.029559118236472944 0.07463884430176565
10 0.12625250501002003 0.5730337078651685 0.01903807615230461 0.056179775280898875
7 0.10345691382765532 0.5718298555377207 0.029559118236472944 0.06821829855537721
10 0.1407815631262525 0.656099518459069 0.01603206412825651 0.05377207062600321
10 0.16182364729458917 0.663322632423756 0.01503006012024048 0.0521669341894061
8 0.2745490981963928 0.6962279293739968 0.03707414829659319 0.07624398073836276
5 0.21718436873747496 0.6813804173354735 0.08967935871743488 0.17174959871589085
10 0.5653807615230461 0.8262439807383628 0.01753507014028056 0.05056179775280899
10 0.593186372745491 0.8350722311396469 0.017034068136272545 0.0521669341894061
2 0.057865731462925854 0.6978330658105939 0.11573146292585171 0.2447833065810594
7 0.16007014028056113 0.7459871589085072 0.028557114228456915 0.07463884430176565
3 0.26978957915831664 0.7837078651685393 0.04659318637274549 0.06340288924558588
10 0.19138276553106212 0.7800963081861958 0.02004008016032064 0.019261637239165328
1 0.12124248496993988 0.7784911717495987 0.014028056112224449 0.04975922953451043
10 0.30410821643286573 0.8310593900481541 0.017034068136272545 0.05377207062600321
0 0.374248496993988 0.8611556982343499 0.125250501002004 0.1476725521669342
0 0.503006012024048 0.901685393258427 0.12625250501002003 0.14686998394863562
10 0.26402805611222446 0.8422953451043339 0.03406813627254509 0.026484751203852328
4 0.2216933867735471 0.8434991974317817 0.02755511022044088 0.09470304975922954
10 0.17109218436873747 0.8374799357945425 0.015531062124248497 0.0521669341894061
10 0.1500501002004008 0.8326645264847512 0.016533066132264528 0.0521669341894061
1 0.19188376753507014 0.8443017656500803 0.01603206412825651 0.05457463884430177
2 0.5716432865731463 0.1637239165329053 0.24849699398797595 0.22953451043338685
2 0.2650300601202405 0.10674157303370786 0.3937875751503006 0.21348314606741572
10 0.21392785571142284 0.19221508828250403 0.017034068136272545 0.05537720706260032
10 0.24248496993987975 0.20104333868378813 0.018036072144288578 0.05537720706260032
10 0.27004008016032066 0.2086677367576244 0.017034068136272545 0.05457463884430177
10 0.29884769539078154 0.21789727126805777 0.016533066132264528 0.0521669341894061
10 0.5786573146292585 0.2965489566613162 0.017034068136272545 0.0521669341894061
10 0.5222945891783567 0.2804975922953451 0.016533066132264528 0.0521669341894061
10 0.5508517034068137 0.2893258426966292 0.01753507014028056 0.0521669341894061
7 0.09418837675350701 0.23796147672552168 0.045090180360721446 0.04735152487961477
10 0.14829659318637275 0.27768860353130015 0.036072144288577156 0.06581059390048154
7 0.08967935871743488 0.2768860353130016 0.045090180360721446 0.04654895666131621