1 0.39509169363538293 0.34067357512953367 0.018878101402373247 0.05785837651122625
1 0.4395900755124056 0.3544905008635579 0.017259978425026967 0.05613126079447323
1 0.41963322545846815 0.34974093264248707 0.018338727076591153 0.05699481865284974
10 0.21494066882416396 0.3182210708117444 0.018878101402373247 0.05613126079447323
7 0.09627831715210355 0.2810880829015544 0.05016181229773463 0.05267702936096719
8 0.33225458468176916 0.35578583765112265 0.039913700107874865 0.08290155440414508
10 0.2429881337648328 0.3281519861830743 0.018878101402373247 0.05872193436960276
12 0.2834412081984897 0.34024179620034545 0.05339805825242718 0.07426597582037997
7 0.09115426105717368 0.3216753022452504 0.05070118662351672 0.054404145077720206
0 0.15129449838187703 0.36701208981001726 0.05663430420711974 0.13471502590673576
7 0.08576051779935275 0.36312607944732295 0.04962243797195254 0.05267702936096719
2 0.8203883495145631 0.5772884283246977 0.3581445523193096 0.8436960276338514
7 0.08063646170442287 0.40414507772020725 0.05016181229773463 0.0535405872193437
7 0.07686084142394822 0.44430051813471505 0.05016181229773463 0.054404145077720206
10 0.1332254584681769 0.48229706390328153 0.037756202804746494 0.07340241796200346
1 0.5226537216828478 0.6057858376511226 0.018338727076591153 0.05785837651122625
5 0.3940129449838188 0.5798791018998273 0.1483279395900755 0.23402417962003455
7 0.07119741100323625 0.4844559585492228 0.04962243797195254 0.0535405872193437
8 0.16073354908306364 0.5651986183074266 0.03344120819848975 0.08203799654576857
8 0.18473570658036678 0.57426597582038 0.03290183387270766 0.08117443868739206
10 0.13619201725997843 0.5604490500863558 0.021035598705501618 0.06044905008635579
7 0.1121898597626753 0.5582901554404145 0.032362459546925564 0.07340241796200346
10 0.15075512405609492 0.6498272884283247 0.01779935275080906 0.05785837651122625
10 0.17340884573894283 0.6575993091537133 0.016720604099244876 0.05613126079447323
8 0.2942286947141316 0.697754749568221 0.040453074433656956 0.08290155440414508
5 0.23300970873786409 0.6787564766839378 0.09816612729234088 0.18652849740932642
10 0.6067961165048543 0.8454231433506045 0.019417475728155338 0.055267702936096716
10 0.6356526429341963 0.8562176165803109 0.018878101402373247 0.05613126079447323
2 0.06202804746494067 0.6917098445595855 0.12405609492988134 0.2659758203799655
7 0.17125134843581447 0.7469775474956822 0.03182308522114347 0.08117443868739206
3 0.2885652642934196 0.7914507772020726 0.05070118662351672 0.06994818652849741
10 0.20496224379719524 0.7845423143350605 0.021574973031283712 0.02158894645941278
1 0.12810140237324702 0.7815198618307426 0.01564185544768069 0.0535405872193437
10 0.3244336569579288 0.8432642487046632 0.018878101402373247 0.05785837651122625
0 0.4002157497303128 0.8773747841105354 0.13592233009708737 0.16234887737478412
0 0.5382955771305286 0.9218480138169257 0.13700107874865156 0.15457685664939552
10 0.2815533980582524 0.8540587219343696 0.036677454153182305 0.02936096718480138
4 0.23597626752966558 0.8540587219343696 0.030744336569579287 0.10189982728842832
10 0.18176914778856526 0.8458549222797928 0.017259978425026967 0.05613126079447323
10 0.15911542610571736 0.8398100172711571 0.018338727076591153 0.05613126079447323
1 0.20307443365695793 0.8540587219343696 0.01779935275080906 0.05872193436960276
2 0.6202804746494067 0.133419689119171 0.2686084142394822 0.25302245250431776
2 0.29153182308522113 0.09153713298791019 0.42448759439050704 0.18307426597582038
10 0.2348975188781014 0.15328151986183075 0.018878101402373247 0.05958549222797927
10 0.2656418554476807 0.16321243523316062 0.019956850053937433 0.06044905008635579
10 0.29584681769147786 0.17357512953367876 0.018878101402373247 0.05872193436960276
10 0.325782092772384 0.18264248704663213 0.018338727076591153 0.05613126079447323
10 0.6259439050701187 0.27677029360967187 0.018878101402373247 0.05613126079447323
10 0.5658036677454154 0.25777202072538863 0.018338727076591153 0.05613126079447323
10 0.5970873786407767 0.26856649395509496 0.019417475728155338 0.05699481865284974
7 0.10517799352750809 0.19861830742659758 0.04854368932038835 0.05181347150259067
10 0.16316073354908306 0.24309153713298792 0.039374325782092774 0.07167530224525043
7 0.1005933117583603 0.24050086355785838 0.04908306364617044 0.05094991364421416