1 0.19353963083604778 0.474609375 0.004885993485342019 0.013020833333333334
10 0.24619978284473398 0.4658203125 0.003800217155266015 0.009765625
1 0.04533116178067318 0.5071614583333334 0.008143322475570033 0.006510416666666667
10 0.8249185667752443 0.361328125 0.009229098805646038 0.005208333333333333
1 0.8650922909880565 0.3548177083333333 0.005971769815418024 0.005208333333333333
1 0.41313789359391967 0.4430338541666667 0.00760043431053203 0.0032552083333333335
1 0.26302931596091206 0.474609375 0.007057546145494028 0.006510416666666667
10 0.9514115092290988 0.34375 0.008143322475570033 0.0078125
1 0.8260043431053203 0.369140625 0.008143322475570033 0.006510416666666667
10 0.8672638436482085 0.3626302083333333 0.007057546145494028 0.005208333333333333
1 0.41286644951140067 0.4485677083333333 0.005971769815418024 0.00390625
10 0.24728555917481 0.4814453125 0.005971769815418024 0.004557291666666667
1 0.11699239956568946 0.5113932291666666 0.016829533116178068 0.018880208333333332
10 0.41340933767643867 0.4554036458333333 0.005971769815418024 0.0032552083333333335
10 0.8268186753528773 0.3766276041666667 0.009771986970684038 0.005859375
1 0.31623235613463624 0.4736328125 0.003800217155266015 0.008463541666666666
1 0.49321389793702497 0.44140625 0.008143322475570033 0.005208333333333333
10 0.8675352877307275 0.37109375 0.006514657980456026 0.005208333333333333
10 0.247828447339848 0.4892578125 0.008143322475570033 0.004557291666666667
1 0.17046688382193267 0.50390625 0.003257328990228013 0.010416666666666666
1 0.1970684039087948 0.5016276041666666 0.0054288816503800215 0.011067708333333334
1 0.41368078175895767 0.4622395833333333 0.006514657980456026 0.00390625
10 0.8281758957654723 0.3860677083333333 0.007057546145494028 0.005208333333333333
10 0.248371335504886 0.49609375 0.007057546145494028 0.00390625
12 0.26465798045602607 0.4954427083333333 0.015743756786102063 0.026041666666666668
10 0.494028230184582 0.453125 0.008686210640608035 0.006510416666666667
10 0.4150380021715527 0.4690755208333333 0.005971769815418024 0.004557291666666667
10 0.251085776330076 0.5022786458333334 0.007057546145494028 0.004557291666666667
10 0.31731813246471224 0.4915364583333333 0.004885993485342019 0.010416666666666666
10 0.11672095548317046 0.5315755208333334 0.003257328990228013 0.009765625
10 0.4166666666666667 0.4742838541666667 0.005971769815418024 0.0032552083333333335
10 0.251085776330076 0.5084635416666666 0.005971769815418024 0.00390625
10 0.9571118349619978 0.3766276041666667 0.008686210640608035 0.007161458333333333
1 0.4809989142236699 0.466796875 0.004343105320304018 0.009114583333333334
10 0.4747557003257329 0.4680989583333333 0.003800217155266015 0.010416666666666666
1 0.050488599348534204 0.5494791666666666 0.008686210640608035 0.00390625
10 0.4172095548317047 0.4807942708333333 0.005971769815418024 0.0032552083333333335
10 0.19163952225841477 0.529296875 0.006514657980456026 0.010416666666666666
10 0.9581976112920738 0.3837890625 0.008686210640608035 0.005859375
1 0.4169381107491857 0.4873046875 0.006514657980456026 0.004557291666666667
1 0.8729641693811075 0.4020182291666667 0.006514657980456026 0.0032552083333333335
1 0.8314332247557004 0.4111328125 0.008143322475570033 0.005859375
1 0.32057546145494026 0.5078125 0.003800217155266015 0.01171875
10 0.11780673181324647 0.5472005208333334 0.0054288816503800215 0.012369791666666666
1 0.26221498371335505 0.5201822916666666 0.010857763300760043 0.0078125
10 0.9587404994571118 0.3896484375 0.00760043431053203 0.004557291666666667
10 0.1788816503800217 0.5397135416666666 0.004885993485342019 0.009114583333333334
10 0.1734527687296417 0.5406901041666666 0.003800217155266015 0.011067708333333334
12 0.4731270358306189 0.4840494791666667 0.008143322475570033 0.013671875
1 0.4188382193268187 0.4954427083333333 0.007057546145494028 0.00390625
1 0.494299674267101 0.4807942708333333 0.003800217155266015 0.011067708333333334
10 0.48859934853420195 0.4827473958333333 0.003257328990228013 0.008463541666666666
10 0.4826275787187839 0.4840494791666667 0.003257328990228013 0.009765625
10 0.9606406080347448 0.396484375 0.008143322475570033 0.005208333333333333
1 0.4188382193268187 0.5013020833333334 0.005971769815418024 0.00390625
1 0.3355048859934853 0.5208333333333334 0.02062975027144408 0.022135416666666668
1 0.3990228013029316 0.509765625 0.019543973941368076 0.0234375
10 0.9619978284473398 0.4026692708333333 0.00760043431053203 0.004557291666666667
10 0.4193811074918567 0.5071614583333334 0.004885993485342019 0.0026041666666666665
1 0.36726384364820847 0.5166015625 0.021172638436482084 0.025390625
10 0.14006514657980457 0.560546875 0.004343105320304018 0.010416666666666666
10 0.1449511400651466 0.5602213541666666 0.003257328990228013 0.008463541666666666
10 0.15092290988056462 0.5592447916666666 0.003257328990228013 0.009114583333333334
1 0.15689467969598261 0.5579427083333334 0.003257328990228013 0.009114583333333334
1 0.27958740499457113 0.5358072916666666 0.01737242128121607 0.01171875
10 0.1780673181324647 0.5553385416666666 0.004343105320304018 0.010416666666666666
10 0.4782844733984799 0.4986979166666667 0.003257328990228013 0.0078125
10 0.4731270358306189 0.5003255208333334 0.005971769815418024 0.009765625
10 0.48425624321389793 0.4986979166666667 0.003257328990228013 0.0078125
10 0.48859934853420195 0.4977213541666667 0.003257328990228013 0.008463541666666666
10 0.9598262757871878 0.41015625 0.00760043431053203 0.005208333333333333
10 0.4204668838219327 0.5143229166666666 0.003800217155266015 0.0026041666666666665
1 0.2934310532030402 0.54296875 0.003800217155266015 0.009114583333333334
10 0.9628121606948968 0.416015625 0.007057546145494028 0.006510416666666667
1 0.30157437567861023 0.5462239583333334 0.005971769815418024 0.015625
10 0.16856677524429967 0.5725911458333334 0.003800217155266015 0.008463541666666666
10 0.14332247557003258 0.5777994791666666 0.0054288816503800215 0.011067708333333334
10 0.18186753528773072 0.5712890625 0.003257328990228013 0.009765625
10 0.9630836047774158 0.4228515625 0.006514657980456026 0.005859375
10 0.1490228013029316 0.5771484375 0.004885993485342019 0.009765625
10 0.16286644951140064 0.5751953125 0.006514657980456026 0.011067708333333334
1 0.2738870792616721 0.5563151041666666 0.008143322475570033 0.004557291666666667
1 0.28583061889250816 0.5550130208333334 0.007057546145494028 0.004557291666666667
10 0.41069489685124866 0.5315755208333334 0.007057546145494028 0.004557291666666667
10 0.9663409337676439 0.4280598958333333 0.00760043431053203 0.005859375
1 0.2757871878393051 0.5634765625 0.004343105320304018 0.0032552083333333335
10 0.41150922909880566 0.5377604166666666 0.006514657980456026 0.00390625
1 0.4771986970684039 0.5257161458333334 0.009771986970684038 0.007161458333333333
1 0.2888165038002172 0.5611979166666666 0.008686210640608035 0.00390625
1 0.4245385450597177 0.5361328125 0.0054288816503800215 0.0032552083333333335
1 0.48859934853420195 0.5244140625 0.00760043431053203 0.004557291666666667
10 0.3007600434310532 0.5631510416666666 0.00760043431053203 0.005208333333333333
1 0.4250814332247557 0.5419921875 0.006514657980456026 0.0032552083333333335
10 0.41313789359391967 0.5452473958333334 0.008686210640608035 0.004557291666666667
10 0.23724212812160694 0.5784505208333334 0.010857763300760043 0.005859375
1 0.48941368078175895 0.5302734375 0.005971769815418024 0.004557291666666667
1 0.4769272529858849 0.5338541666666666 0.005971769815418024 0.00390625
10 0.17019543973941367 0.591796875 0.004885993485342019 0.010416666666666666
10 0.1767100977198697 0.5914713541666666 0.004885993485342019 0.009765625
10 0.247014115092291 0.5804036458333334 0.003257328990228013 0.008463541666666666
1 0.21308360477741586 0.5885416666666666 0.003800217155266015 0.0078125
10 0.4250814332247557 0.5485026041666666 0.006514657980456026 0.0032552083333333335
12 0.36400651465798045 0.560546875 0.03854505971769816 0.041666666666666664
10 0.4144951140065147 0.5504557291666666 0.005971769815418024 0.0032552083333333335
1 0.6726384364820847 0.5055338541666666 0.006514657980456026 0.004557291666666667
1 0.4261672095548317 0.5553385416666666 0.006514657980456026 0.00390625
10 0.4158523344191097 0.5579427083333334 0.006514657980456026 0.00390625
1 0.23941368078175895 0.5950520833333334 0.009771986970684038 0.018229166666666668
1 0.6742671009771987 0.5133463541666666 0.00760043431053203 0.004557291666666667
10 0.255157437567861 0.59375 0.003257328990228013 0.009114583333333334
10 0.26194353963083605 0.5927734375 0.003800217155266015 0.008463541666666666
10 0.1750814332247557 0.6103515625 0.003800217155266015 0.011067708333333334
1 0.4155808903365907 0.5641276041666666 0.007057546145494028 0.004557291666666667
1 0.21444082519001087 0.6025390625 0.003257328990228013 0.011067708333333334
1 0.21986970684039087 0.6022135416666666 0.003257328990228013 0.009114583333333334
10 0.2673724212812161 0.5934244791666666 0.003800217155266015 0.008463541666666666
1 0.248099891422367 0.5966796875 0.004343105320304018 0.012369791666666666
1 0.18105320304017372 0.6103515625 0.003800217155266015 0.011067708333333334
1 0.15988056460369163 0.6149088541666666 0.004885993485342019 0.012369791666666666
10 0.9435396308360477 0.4697265625 0.0054288816503800215 0.009765625
10 0.9324104234527687 0.4720052083333333 0.0027144408251900108 0.010416666666666666
10 0.9522258414766558 0.4684244791666667 0.003257328990228013 0.007161458333333333
10 0.9381107491856677 0.4723307291666667 0.004343105320304018 0.008463541666666666
1 0.48832790445168295 0.5579427083333334 0.007057546145494028 0.013020833333333334
1 0.4801845819761129 0.5602213541666666 0.005971769815418024 0.013671875
1 0.6753528773072747 0.5237630208333334 0.00760043431053203 0.004557291666666667
1 0.3127035830618892 0.5934244791666666 0.0054288816503800215 0.012369791666666666
10 0.2991313789359392 0.5970052083333334 0.004343105320304018 0.010416666666666666
1 0.28637350705754616 0.599609375 0.003800217155266015 0.01171875
1 0.2920738327904452 0.599609375 0.004343105320304018 0.013020833333333334
1 0.30673181324647125 0.59765625 0.003257328990228013 0.010416666666666666
1 0.6750814332247557 0.5286458333333334 0.007057546145494028 0.00390625
10 0.9405537459283387 0.4853515625 0.004885993485342019 0.009765625
10 0.9343105320304017 0.4879557291666667 0.003257328990228013 0.009765625
1 0.3509771986970684 0.6002604166666666 0.008143322475570033 0.015625
1 0.5431596091205212 0.5660807291666666 0.003800217155266015 0.011067708333333334
1 0.5380021715526602 0.5670572916666666 0.003257328990228013 0.010416666666666666
10 0.6256786102062974 0.5511067708333334 0.0027144408251900108 0.009765625
10 0.5757328990228013 0.5608723958333334 0.003800217155266015 0.011067708333333334
1 0.6180781758957655 0.5533854166666666 0.003800217155266015 0.010416666666666666
1 0.15390879478827363 0.6442057291666666 0.003800217155266015 0.009765625
1 0.16558089033659065 0.6461588541666666 0.006514657980456026 0.004557291666666667
10 0.16612377850162866 0.6510416666666666 0.006514657980456026 0.005208333333333333
10 0.5388165038002172 0.5826822916666666 0.003800217155266015 0.009114583333333334
10 0.5453311617806732 0.5813802083333334 0.003800217155266015 0.0078125
1 0.5776330076004343 0.5755208333333334 0.003257328990228013 0.0078125
1 0.6264929424538545 0.5680338541666666 0.004343105320304018 0.009765625
10 0.6213355048859935 0.5690104166666666 0.003800217155266015 0.010416666666666666
10 0.30836047774158526 0.62890625 0.00760043431053203 0.005208333333333333
1 0.4489685124864278 0.6025390625 0.003257328990228013 0.008463541666666666
1 0.44435396308360475 0.603515625 0.003800217155266015 0.010416666666666666
1 0.4755700325732899 0.59765625 0.003257328990228013 0.009114583333333334
1 0.4576547231270358 0.6015625 0.004343105320304018 0.010416666666666666
1 0.46335504885993484 0.6009114583333334 0.0027144408251900108 0.010416666666666666
1 0.498914223669924 0.5940755208333334 0.004343105320304018 0.008463541666666666
1 0.47014115092290987 0.5992838541666666 0.003257328990228013 0.008463541666666666
1 0.48941368078175895 0.5966796875 0.003800217155266015 0.007161458333333333
1 0.4834419109663409 0.59765625 0.003800217155266015 0.009114583333333334
1 0.49457111834962 0.5960286458333334 0.003257328990228013 0.008463541666666666
10 0.16720955483170466 0.6588541666666666 0.006514657980456026 0.00390625
10 0.30917480998914226 0.6357421875 0.007057546145494028 0.004557291666666667
1 0.16748099891422366 0.6692708333333334 0.009229098805646038 0.006510416666666667
1 0.2988599348534202 0.6487630208333334 0.007057546145494028 0.005859375
1 0.31107491856677527 0.6471354166666666 0.00760043431053203 0.005208333333333333
10 0.32138979370249726 0.6455078125 0.009771986970684038 0.008463541666666666
10 0.17046688382193267 0.6783854166666666 0.008686210640608035 0.005208333333333333
1 0.497014115092291 0.6158854166666666 0.007057546145494028 0.014322916666666666
10 0.32138979370249726 0.6536458333333334 0.00760043431053203 0.005208333333333333
1 0.3007600434310532 0.6624348958333334 0.00760043431053203 0.005859375
10 0.2999457111834962 0.6689453125 0.007057546145494028 0.0032552083333333335
1 0.31487513572204123 0.6666666666666666 0.008686210640608035 0.005208333333333333
1 0.3322475570032573 0.6656901041666666 0.01520086862106406 0.009765625
1 0.46634093376764385 0.6442057291666666 0.006514657980456026 0.014973958333333334
1 0.31568946796959824 0.6731770833333334 0.008143322475570033 0.00390625
1 0.4780130293159609 0.6422526041666666 0.007057546145494028 0.014973958333333334
1 0.48887079261672095 0.6399739583333334 0.008143322475570033 0.015625
10 0.3007600434310532 0.6764322916666666 0.0054288816503800215 0.00390625
1 0.4562975027144408 0.6471354166666666 0.007057546145494028 0.016927083333333332
12 0.3941368078175896 0.6637369791666666 0.029315960912052116 0.031901041666666664
1 0.31433224755700323 0.6796875 0.006514657980456026 0.00390625
10 0.30347448425624324 0.6829427083333334 0.009771986970684038 0.00390625
10 0.30266015200868623 0.6891276041666666 0.009229098805646038 0.004557291666666667
1 0.3327904451682953 0.6868489583333334 0.010857763300760043 0.0078125
1 0.30347448425624324 0.6953125 0.006514657980456026 0.00390625
1 0.31704668838219324 0.6930338541666666 0.006514657980456026 0.0032552083333333335
1 0.30428881650380024 0.7024739583333334 0.007057546145494028 0.005208333333333333
1 0.1742671009771987 0.7301432291666666 0.00760043431053203 0.004557291666666667
1 0.15798045602605862 0.7330729166666666 0.009771986970684038 0.0078125
1 0.3352334419109663 0.7005208333333334 0.014657980456026058 0.010416666666666666
1 0.30456026058631924 0.7080078125 0.00760043431053203 0.004557291666666667
1 0.38192182410423453 0.6956380208333334 0.013572204125950055 0.009765625
10 0.3995656894679696 0.6936848958333334 0.00760043431053203 0.005859375
10 0.15933767643865362 0.7425130208333334 0.009229098805646038 0.004557291666666667
1 0.30591748099891425 0.7145182291666666 0.008143322475570033 0.004557291666666667
10 0.1739956568946797 0.7399088541666666 0.007057546145494028 0.005859375
1 0.33767643865363733 0.7119140625 0.011943539630836048 0.008463541666666666
10 0.3984799131378936 0.7014973958333334 0.006514657980456026 0.004557291666666667
10 0.3732356134636265 0.7076822916666666 0.005971769815418024 0.00390625
10 0.15988056460369163 0.7496744791666666 0.008143322475570033 0.004557291666666667
1 0.30673181324647125 0.7213541666666666 0.006514657980456026 0.00390625
10 0.1758957654723127 0.7470703125 0.006514657980456026 0.0032552083333333335
10 0.4020086862106406 0.7076822916666666 0.007057546145494028 0.0026041666666666665
10 0.3754071661237785 0.7135416666666666 0.005971769815418024 0.00390625
1 0.1764386536373507 0.751953125 0.008686210640608035 0.005208333333333333
10 0.16069489685124863 0.7555338541666666 0.008686210640608035 0.004557291666666667
1 0.5423452768729642 0.6845703125 0.004343105320304018 0.011067708333333334
10 0.4025515743756786 0.7122395833333334 0.005971769815418024 0.00390625
1 0.7166123778501629 0.6536458333333334 0.0054288816503800215 0.015625
1 0.6020629750271445 0.6751302083333334 0.004343105320304018 0.01171875
1 0.6764386536373507 0.6617838541666666 0.0054288816503800215 0.011067708333333334
10 0.740499457111835 0.6494140625 0.003257328990228013 0.007161458333333333
10 0.746471226927253 0.6490885416666666 0.004343105320304018 0.009114583333333334
10 0.7347991313789359 0.6510416666666666 0.004885993485342019 0.010416666666666666
5 0.4229098805646037 0.7112630208333334 0.018458197611292075 0.030598958333333332
10 0.1775244299674267 0.7578125 0.00760043431053203 0.00390625
1 0.15906623235613462 0.76171875 0.00760043431053203 0.005208333333333333
10 0.751628664495114 0.6500651041666666 0.003800217155266015 0.008463541666666666
1 0.8203040173724213 0.6373697916666666 0.004343105320304018 0.010416666666666666
1 0.7722584147665581 0.6461588541666666 0.004885993485342019 0.009765625
10 0.32356134636264927 0.7314453125 0.00760043431053203 0.004557291666666667
1 0.8688925081433225 0.6276041666666666 0.004885993485342019 0.009114583333333334
10 0.33767643865363733 0.7288411458333334 0.008686210640608035 0.004557291666666667
10 0.3759500542888165 0.7223307291666666 0.007057546145494028 0.005859375
1 0.9641693811074918 0.6126302083333334 0.003257328990228013 0.0078125
1 0.9831704668838219 0.609375 0.003257328990228013 0.0078125
1 0.9771986970684039 0.6103515625 0.004343105320304018 0.011067708333333334
1 0.9714983713355049 0.611328125 0.003800217155266015 0.0078125
1 0.4025515743756786 0.7194010416666666 0.009229098805646038 0.005208333333333333
1 0.989413680781759 0.6090494791666666 0.003800217155266015 0.007161458333333333
1 0.996199782844734 0.6083984375 0.002171552660152009 0.005859375
10 0.16205211726384364 0.7672526041666666 0.009229098805646038 0.005859375
10 0.32003257328990226 0.028971354166666668 0.009229098805646038 0.0032552083333333335
10 0.1788816503800217 0.7652994791666666 0.007057546145494028 0.005859375
10 0.3238327904451683 0.7386067708333334 0.005971769815418024 0.004557291666666667
10 0.33821932681867534 0.7373046875 0.00760043431053203 0.004557291666666667
10 0.4522258414766558 0.7177734375 0.00760043431053203 0.004557291666666667
10 0.46715526601520085 0.7151692708333334 0.007057546145494028 0.0032552083333333335
10 0.4036373507057546 0.7275390625 0.007057546145494028 0.004557291666666667
10 0.3243756786102063 0.7444661458333334 0.008143322475570033 0.004557291666666667
10 0.3770358306188925 0.7350260416666666 0.005971769815418024 0.00390625
10 0.33849077090119434 0.7421875 0.004885993485342019 0.0026041666666666665
10 0.16205211726384364 0.7760416666666666 0.005971769815418024 0.005208333333333333
10 0.40526601520086863 0.7330729166666666 0.007057546145494028 0.00390625
1 0.1775244299674267 0.7766927083333334 0.004343105320304018 0.01171875
10 0.4533116178067318 0.7242838541666666 0.00760043431053203 0.004557291666666667
1 0.17209554831704668 0.7779947916666666 0.002171552660152009 0.009114583333333334
10 0.46661237785016285 0.7223307291666666 0.005971769815418024 0.004557291666666667
10 0.249728555917481 0.763671875 0.004343105320304018 0.010416666666666666
1 0.1984256243213898 0.7734375 0.0027144408251900108 0.009114583333333334
10 0.18295331161780673 0.7763671875 0.003257328990228013 0.011067708333333334
10 0.3254614549402823 0.7496744791666666 0.005971769815418024 0.0032552083333333335
1 0.20304017372421282 0.7727864583333334 0.004343105320304018 0.010416666666666666
10 0.24538545059717698 0.765625 0.002171552660152009 0.010416666666666666
1 0.19218241042345277 0.7757161458333334 0.003257328990228013 0.012369791666666666
10 0.33930510314875134 0.748046875 0.00760043431053203 0.00390625
1 0.21661237785016288 0.7718098958333334 0.004343105320304018 0.011067708333333334
10 0.2733441910966341 0.7607421875 0.003800217155266015 0.007161458333333333
10 0.26140065146579805 0.7630208333333334 0.003800217155266015 0.009114583333333334
10 0.2681867535287731 0.76171875 0.004343105320304018 0.009114583333333334
1 0.23832790445168295 0.7679036458333334 0.00760043431053203 0.017578125
1 0.25705754614549403 0.7646484375 0.003800217155266015 0.011067708333333334
10 0.2776872964169381 0.7607421875 0.003800217155266015 0.008463541666666666
10 0.3781216069489685 0.7434895833333334 0.008143322475570033 0.005208333333333333
10 0.1786102062975027 0.056640625 0.010857763300760043 0.005208333333333333
1 0.3260043431053203 0.7571614583333334 0.005971769815418024 0.0026041666666666665
10 0.34093376764386535 0.7561848958333334 0.006514657980456026 0.0032552083333333335
10 0.4381107491856677 0.7392578125 0.008686210640608035 0.004557291666666667
1 0.42671009771986973 0.7428385416666666 0.00760043431053203 0.00390625
10 0.34229098805646035 0.7607421875 0.007057546145494028 0.004557291666666667
1 0.3276330076004343 0.7649739583333334 0.007057546145494028 0.00390625
10 0.44001085776330073 0.7483723958333334 0.008143322475570033 0.004557291666666667
1 0.3287187839305103 0.7705078125 0.007057546145494028 0.004557291666666667
10 0.34310532030401736 0.7682291666666666 0.006514657980456026 0.005208333333333333
10 0.26411509229098806 0.7877604166666666 0.0027144408251900108 0.006510416666666667
10 0.18838219326818675 0.8017578125 0.004343105320304018 0.011067708333333334
10 0.1769815418023887 0.8040364583333334 0.003257328990228013 0.009114583333333334
10 0.2698154180238871 0.7874348958333334 0.003257328990228013 0.007161458333333333
1 0.25950054288816504 0.7893880208333334 0.003257328990228013 0.007161458333333333
10 0.17263843648208468 0.8056640625 0.004343105320304018 0.012369791666666666
10 0.247014115092291 0.7916666666666666 0.003257328990228013 0.009114583333333334
10 0.18241042345276873 0.8040364583333334 0.003257328990228013 0.009114583333333334
1 0.23941368078175895 0.0458984375 0.006514657980456026 0.004557291666666667
10 0.253800217155266 0.7906901041666666 0.003800217155266015 0.009765625
1 0.24267100977198697 0.79296875 0.003257328990228013 0.0078125
10 0.28203040173724214 0.7854817708333334 0.003800217155266015 0.008463541666666666
1 0.3289902280130293 0.7770182291666666 0.0054288816503800215 0.0032552083333333335
10 0.2763300760043431 0.787109375 0.003257328990228013 0.009114583333333334
1 0.3292616720955483 0.7838541666666666 0.005971769815418024 0.00390625
1 0.13246471226927253 0.06770833333333333 0.010857763300760043 0.006510416666666667
1 0.12079261672095548 0.06966145833333333 0.01248642779587405 0.006510416666666667
10 0.30646036916395225 0.035807291666666664 0.009229098805646038 0.006510416666666667
10 0.31813246471226925 0.033528645833333336 0.006514657980456026 0.004557291666666667
5 0.21036916395222585 0.061848958333333336 0.03637350705754615 0.03125
1 0.7296416938110749 0.7516276041666666 0.004343105320304018 0.007161458333333333
10 0.5407166123778502 0.7884114583333334 0.003257328990228013 0.0078125
10 0.5347448425624322 0.7893880208333334 0.004343105320304018 0.009765625
1 0.6582519001085776 0.7666015625 0.008143322475570033 0.005859375
10 0.5564603691639523 0.7867838541666666 0.004343105320304018 0.009765625
1 0.6026058631921825 0.779296875 0.004343105320304018 0.010416666666666666
1 0.5800760043431054 0.7835286458333334 0.003800217155266015 0.011067708333333334
1 0.6202497285559175 0.7757161458333334 0.004885993485342019 0.011067708333333334
10 0.6395222584147665 0.7724609375 0.0054288816503800215 0.011067708333333334
10 0.6460369163952225 0.7718098958333334 0.004343105320304018 0.009765625
1 0.6772529858849077 0.7659505208333334 0.003800217155266015 0.011067708333333334
1 0.6900108577633007 0.7639973958333334 0.004343105320304018 0.009765625
1 0.048859934853420196 0.8863932291666666 0.008686210640608035 0.007161458333333333
1 0.7114549402823018 0.7604166666666666 0.003800217155266015 0.010416666666666666
1 0.7206840390879479 0.7587890625 0.009229098805646038 0.016276041666666668
1 0.8211183496199783 0.7412109375 0.004885993485342019 0.009765625
1 0.8572204125950055 0.7340494791666666 0.004343105320304018 0.011067708333333334
1 0.8821932681867535 0.73046875 0.0054288816503800215 0.01171875
1 0.23968512486427795 0.0517578125 0.005971769815418024 0.0032552083333333335
10 0.1783387622149837 0.06380208333333333 0.005971769815418024 0.00390625
1 0.9408251900108577 0.7210286458333334 0.006514657980456026 0.012369791666666666
1 0.9771986970684039 0.7145182291666666 0.003257328990228013 0.008463541666666666
1 0.9831704668838219 0.7138671875 0.003257328990228013 0.008463541666666666
1 0.9714983713355049 0.7158203125 0.004885993485342019 0.011067708333333334
10 0.989685124864278 0.7122395833333334 0.003257328990228013 0.0078125
1 0.998371335504886 0.7112630208333334 0.002171552660152009 0.009765625
1 0.99457111834962 0.7125651041666666 0.003257328990228013 0.009765625
1 0.06867535287730728 0.08626302083333333 0.005971769815418024 0.013671875
1 0.05456026058631922 0.09016927083333333 0.004885993485342019 0.014973958333333334
10 0.36346362649294245 0.8616536458333334 0.005971769815418024 0.013671875
10 0.24538545059717698 0.8850911458333334 0.0054288816503800215 0.0032552083333333335
1 0.25841476655808904 0.8831380208333334 0.0054288816503800215 0.0032552083333333335
10 0.2709011943539631 0.8811848958333334 0.00760043431053203 0.0032552083333333335
10 0.46199782844733983 0.8509114583333334 0.006514657980456026 0.01171875
1 0.24457111834961998 0.8929036458333334 0.005971769815418024 0.004557291666666667
10 0.2714440825190011 0.8873697916666666 0.006514657980456026 0.00390625
1 0.25814332247557004 0.890625 0.005971769815418024 0.00390625
10 0.15173724212812162 0.912109375 0.009229098805646038 0.006510416666666667
10 0.2722584147665581 0.89453125 0.005971769815418024 0.00390625
10 0.25922909880564604 0.8971354166666666 0.005971769815418024 0.00390625
1 0.24592833876221498 0.9007161458333334 0.00760043431053203 0.0032552083333333335
10 0.15282301845819762 0.9212239583333334 0.008143322475570033 0.005208333333333333
1 0.247014115092291 0.9052734375 0.004343105320304018 0.001953125
10 0.2728013029315961 0.9007161458333334 0.004885993485342019 0.0032552083333333335
10 0.26004343105320304 0.9039713541666666 0.004343105320304018 0.0032552083333333335
1 0.247828447339848 0.912109375 0.004885993485342019 0.0026041666666666665
10 0.2738870792616721 0.9069010416666666 0.004885993485342019 0.00390625
10 0.26140065146579805 0.91015625 0.004885993485342019 0.0026041666666666665
5 0.011400651465798045 0.10384114583333333 0.02280130293159609 0.038411458333333336
10 0.30781758957654726 0.044921875 0.006514657980456026 0.00390625
1 0.23995656894679696 0.058268229166666664 0.0054288816503800215 0.0032552083333333335
10 0.26167209554831705 0.9150390625 0.004343105320304018 0.0032552083333333335
1 0.25 0.9182942708333334 0.005971769815418024 0.004557291666666667
10 0.2738870792616721 0.9137369791666666 0.005971769815418024 0.0032552083333333335
10 0.26221498371335505 0.9225260416666666 0.004343105320304018 0.0026041666666666665
10 0.2755157437567861 0.9205729166666666 0.004885993485342019 0.0026041666666666665
1 0.249728555917481 0.9254557291666666 0.006514657980456026 0.0032552083333333335
1 0.1791530944625407 0.07096354166666667 0.006514657980456026 0.00390625
10 0.32328990228013027 0.044270833333333336 0.008143322475570033 0.005208333333333333
1 0.2722584147665581 0.053385416666666664 0.005971769815418024 0.00390625
10 0.251357220412595 0.9329427083333334 0.006514657980456026 0.00390625
10 0.26384364820846906 0.9309895833333334 0.0054288816503800215 0.00390625
10 0.2766015200868621 0.9290364583333334 0.004885993485342019 0.0026041666666666665
5 0.20249728555917482 0.9440104166666666 0.06840390879478828 0.10807291666666667
10 0.05808903365906623 0.9716796875 0.004343105320304018 0.004557291666666667
1 0.250814332247557 0.9404296875 0.006514657980456026 0.004557291666666667
10 0.2771444082519001 0.9358723958333334 0.005971769815418024 0.004557291666666667
10 0.26465798045602607 0.9397786458333334 0.004885993485342019 0.0032552083333333335
1 0.058903365906623234 0.9798177083333334 0.003800217155266015 0.005208333333333333
10 0.058903365906623234 0.984375 0.0027144408251900108 0.00390625
1 0.26601520086862107 0.947265625 0.006514657980456026 0.005208333333333333
1 0.7014115092290988 0.8697916666666666 0.003257328990228013 0.009114583333333334
1 0.5526601520086862 0.8981119791666666 0.0054288816503800215 0.012369791666666666
1 0.06053203040173724 0.9921875 0.003800217155266015 0.005208333333333333
1 0.7918023887079262 0.8538411458333334 0.003800217155266015 0.011067708333333334
1 0.8127035830618893 0.8502604166666666 0.0054288816503800215 0.009114583333333334
1 0.8352334419109664 0.8463541666666666 0.003800217155266015 0.010416666666666666
1 0.8010314875135722 0.8528645833333334 0.003800217155266015 0.0078125
1 0.8686210640608035 0.841796875 0.0054288816503800215 0.010416666666666666
10 0.2662866449511401 0.9563802083333334 0.005971769815418024 0.00390625
5 0.254343105320304 0.9645182291666666 0.009229098805646038 0.013671875
1 0.2671009771986971 0.9638671875 0.006514657980456026 0.004557291666666667
1 0.16042345276872963 0.9886067708333334 0.009229098805646038 0.005859375
1 0.2684581976112921 0.970703125 0.008143322475570033 0.005208333333333333
1 0.6137350705754615 0.9065755208333334 0.003800217155266015 0.009765625
1 0.5659609120521173 0.916015625 0.004885993485342019 0.009114583333333334
1 0.5781758957654723 0.9137369791666666 0.004343105320304018 0.011067708333333334
1 0.5990770901194354 0.9108072916666666 0.003800217155266015 0.010416666666666666
10 0.6066775244299675 0.9088541666666666 0.004885993485342019 0.009114583333333334
1 0.5898479913137894 0.9127604166666666 0.004885993485342019 0.01171875
1 0.6487513572204126 0.9016927083333334 0.006514657980456026 0.01171875
1 0.6254071661237784 0.9069010416666666 0.004343105320304018 0.010416666666666666
1 0.6818675352877307 0.8961588541666666 0.0054288816503800215 0.011067708333333334
1 0.6590662323561346 0.9007161458333334 0.00760043431053203 0.012369791666666666
1 0.6720955483170467 0.8981119791666666 0.0054288816503800215 0.012369791666666666
1 0.6362649294245385 0.9052734375 0.0054288816503800215 0.009765625
1 0.757328990228013 0.8828125 0.004343105320304018 0.009114583333333334
1 0.739413680781759 0.8863932291666666 0.004343105320304018 0.011067708333333334
1 0.6929967426710097 0.8951822916666666 0.004885993485342019 0.013020833333333334
1 0.7850162866449512 0.8776041666666666 0.004343105320304018 0.0078125
1 0.7928881650380022 0.8763020833333334 0.004885993485342019 0.009114583333333334
1 0.7041259500542888 0.8938802083333334 0.0054288816503800215 0.010416666666666666
1 0.748099891422367 0.8857421875 0.0054288816503800215 0.008463541666666666
1 0.7171552660152009 0.8912760416666666 0.004343105320304018 0.010416666666666666
1 0.8406623235613464 0.8688151041666666 0.004885993485342019 0.008463541666666666
1 0.7662866449511401 0.8824869791666666 0.003800217155266015 0.007161458333333333
1 0.8507057546145494 0.8668619791666666 0.003257328990228013 0.008463541666666666
1 0.8903365906623235 0.8600260416666666 0.004343105320304018 0.0078125
1 0.8800217155266015 0.8623046875 0.002171552660152009 0.007161458333333333
1 0.8726927252985885 0.8636067708333334 0.003800217155266015 0.009765625
1 0.9606406080347448 0.8470052083333334 0.004885993485342019 0.009114583333333334
1 0.8143322475570033 0.8746744791666666 0.004343105320304018 0.001953125
1 0.9172095548317046 0.85546875 0.003800217155266015 0.009114583333333334
1 0.8623778501628665 0.8655598958333334 0.003800217155266015 0.008463541666666666
1 0.7749728555917481 0.8821614583333334 0.003800217155266015 0.0078125
1 0.7271986970684039 0.8916015625 0.005971769815418024 0.014973958333333334
1 0.8984799131378935 0.859375 0.004343105320304018 0.0078125
1 0.23832790445168295 0.0654296875 0.006514657980456026 0.004557291666666667
1 0.9264386536373507 0.8541666666666666 0.0027144408251900108 0.009114583333333334
1 0.9508686210640608 0.8492838541666666 0.003800217155266015 0.009765625
10 0.8287187839305103 0.8733723958333334 0.004885993485342019 0.0032552083333333335
1 0.8151465798045603 0.8818359375 0.007057546145494028 0.004557291666666667
10 0.8287187839305103 0.8802083333333334 0.007057546145494028 0.005208333333333333
1 0.9218241042345277 0.8675130208333334 0.0054288816503800215 0.0032552083333333335
10 0.8289902280130294 0.8860677083333334 0.006514657980456026 0.005208333333333333
10 0.9087947882736156 0.87109375 0.0054288816503800215 0.00390625
10 0.5906623235613464 0.9309895833333334 0.004343105320304018 0.009114583333333334
10 0.6327361563517915 0.9228515625 0.004885993485342019 0.008463541666666666
10 0.6273072747014115 0.9248046875 0.003800217155266015 0.009765625
10 0.5988056460369164 0.9309895833333334 0.004343105320304018 0.0078125
1 0.8151465798045603 0.8902994791666666 0.007057546145494028 0.004557291666666667
10 0.34473398479913137 0.9833984375 0.008686210640608035 0.005859375
1 0.9231813246471227 0.8740234375 0.004885993485342019 0.0032552083333333335
1 0.9077090119435396 0.8779296875 0.008686210640608035 0.0032552083333333335
10 0.8306188925081434 0.8935546875 0.0054288816503800215 0.004557291666666667
1 0.8156894679695983 0.896484375 0.008143322475570033 0.005208333333333333
1 0.8490770901194354 0.892578125 0.008686210640608035 0.005208333333333333
5 0.6134636264929425 0.9381510416666666 0.019543973941368076 0.0234375
1 0.30781758957654726 0.054036458333333336 0.00760043431053203 0.0078125
1 0.9389250814332247 0.8785807291666666 0.005971769815418024 0.004557291666666667
1 0.9085233441910966 0.8844401041666666 0.005971769815418024 0.004557291666666667
10 0.8322475570032574 0.8990885416666666 0.0054288816503800215 0.00390625
1 0.8159609120521173 0.9026692708333334 0.00760043431053203 0.004557291666666667
10 0.9237242128121607 0.8831380208333334 0.004885993485342019 0.0032552083333333335
1 0.2747014115092291 0.0615234375 0.008686210640608035 0.004557291666666667
10 0.32356134636264927 0.052408854166666664 0.00760043431053203 0.005859375
1 0.6292073832790445 0.9417317708333334 0.0054288816503800215 0.013671875
12 0.6568946796959826 0.9361979166666666 0.026058631921824105 0.045572916666666664
1 0.8156894679695983 0.9078776041666666 0.004885993485342019 0.0032552083333333335
12 0.5716612377850163 0.9547526041666666 0.02280130293159609 0.043619791666666664
1 0.9389250814332247 0.884765625 0.004885993485342019 0.0026041666666666665
10 0.8314332247557004 0.9055989583333334 0.003800217155266015 0.0026041666666666665
10 0.9245385450597177 0.8883463541666666 0.003257328990228013 0.001953125
10 0.3699782844733985 0.9964192708333334 0.008143322475570033 0.005859375
10 0.9258957654723127 0.8942057291666666 0.004885993485342019 0.0032552083333333335
1 0.9090662323561346 0.8981119791666666 0.009229098805646038 0.005859375
10 0.8322475570032574 0.912109375 0.004343105320304018 0.00390625
1 0.8170466883821933 0.9156901041666666 0.00760043431053203 0.005859375
1 0.9413680781758957 0.8929036458333334 0.0054288816503800215 0.004557291666666667
1 0.8501628664495114 0.91015625 0.008686210640608035 0.006510416666666667
1 0.8154180238870793 0.9208984375 0.0054288816503800215 0.0032552083333333335
10 0.9258957654723127 0.9007161458333334 0.003800217155266015 0.001953125
1 0.9405537459283387 0.8987630208333334 0.004885993485342019 0.0032552083333333335
10 0.8355048859934854 0.919921875 0.006514657980456026 0.005208333333333333
5 0.8802931596091205 0.9059244791666666 0.03637350705754615 0.059244791666666664
10 0.9269815418023887 0.9069010416666666 0.004885993485342019 0.0013020833333333333
10 0.6072204125950055 0.9674479166666666 0.0027144408251900108 0.006510416666666667
1 0.8192182410423453 0.9280598958333334 0.008686210640608035 0.005859375
10 0.6137350705754615 0.9671223958333334 0.003800217155266015 0.007161458333333333
10 0.8355048859934854 0.9254557291666666 0.0054288816503800215 0.0032552083333333335
1 0.9424538545059717 0.9052734375 0.00760043431053203 0.004557291666666667
10 0.6205211726384365 0.9664713541666666 0.003257328990228013 0.007161458333333333
1 0.6243213897937026 0.9658203125 0.0054288816503800215 0.009765625
10 0.6026058631921825 0.9703776041666666 0.0054288816503800215 0.009765625
1 0.8509771986970684 0.9235026041666666 0.008143322475570033 0.004557291666666667
10 0.6316503800217155 0.96484375 0.004885993485342019 0.010416666666666666
1 0.9123235613463626 0.916015625 0.005971769815418024 0.00390625
12 0.991042345276873 0.8938802083333334 0.016829533116178068 0.0390625
10 0.9280673181324647 0.9140625 0.003800217155266015 0.0026041666666666665
1 0.8194896851248643 0.935546875 0.007057546145494028 0.00390625
10 0.8346905537459284 0.9322916666666666 0.007057546145494028 0.00390625
1 0.9429967426710097 0.9130859375 0.00760043431053203 0.004557291666666667
1 0.9275244299674267 0.9205729166666666 0.005971769815418024 0.00390625
10 0.8376764386536374 0.9378255208333334 0.006514657980456026 0.0032552083333333335
1 0.8194896851248643 0.9420572916666666 0.009229098805646038 0.0026041666666666665
1 0.9153094462540716 0.9254557291666666 0.00760043431053203 0.004557291666666667
10 0.06243213897937025 0.10514322916666667 0.006514657980456026 0.005859375
10 0.7633007600434311 0.9544270833333334 0.009771986970684038 0.00390625
1 0.2730727470141151 0.0673828125 0.0054288816503800215 0.0032552083333333335
1 0.24022801302931596 0.07356770833333333 0.005971769815418024 0.00390625
10 0.32301845819761127 0.060872395833333336 0.008686210640608035 0.005859375
1 0.30971769815418027 0.06315104166666667 0.008143322475570033 0.005208333333333333
10 0.12839305103148752 0.0986328125 0.007057546145494028 0.005859375
1 0.06541802388707926 0.1142578125 0.008143322475570033 0.005859375
1 0.24267100977198697 0.08235677083333333 0.00760043431053203 0.004557291666666667
10 0.32356134636264927 0.06673177083333333 0.006514657980456026 0.004557291666666667
1 0.31080347448425627 0.07096354166666667 0.005971769815418024 0.00390625
1 0.20656894679695983 0.09147135416666667 0.003800217155266015 0.011067708333333334
1 0.22312703583061888 0.08854166666666667 0.003257328990228013 0.0078125
1 0.18783930510314875 0.09602864583333333 0.0054288816503800215 0.011067708333333334
1 0.2288273615635179 0.0888671875 0.004885993485342019 0.012369791666666666
1 0.21254071661237786 0.09212239583333333 0.003800217155266015 0.011067708333333334
1 0.2185124864277959 0.09114583333333333 0.0027144408251900108 0.01171875
1 0.20249728555917482 0.09440104166666667 0.0054288816503800215 0.01171875
1 0.4592833876221498 0.047200520833333336 0.003257328990228013 0.007161458333333333
1 0.12947882736156352 0.11002604166666667 0.01031487513572204 0.00390625
10 0.06704668838219327 0.1220703125 0.009229098805646038 0.004557291666666667
10 0.5149294245385451 0.037434895833333336 0.003800217155266015 0.007161458333333333
10 0.3262757871878393 0.0732421875 0.006514657980456026 0.004557291666666667
10 0.4723127035830619 0.046223958333333336 0.004343105320304018 0.009114583333333334
10 0.4820846905537459 0.0439453125 0.003257328990228013 0.007161458333333333
10 0.505971769815418 0.039713541666666664 0.002171552660152009 0.009114583333333334
10 0.46688382193268185 0.046875 0.004343105320304018 0.01171875
1 0.4492399565689468 0.05078125 0.004885993485342019 0.01171875
1 0.498914223669924 0.0419921875 0.003257328990228013 0.007161458333333333
10 0.48887079261672095 0.0439453125 0.003800217155266015 0.007161458333333333
1 0.4543973941368078 0.05078125 0.004343105320304018 0.01171875
1 0.509771986970684 0.040364583333333336 0.003257328990228013 0.0078125
1 0.5230727470141151 0.037760416666666664 0.003800217155266015 0.010416666666666666
1 0.24212812160694897 0.09114583333333333 0.003257328990228013 0.00390625
1 0.495385450597177 0.043619791666666664 0.003800217155266015 0.009114583333333334
1 0.3260043431053203 0.07975260416666667 0.005971769815418024 0.004557291666666667
10 0.20955483170466885 0.107421875 0.003257328990228013 0.010416666666666666
10 0.20412595005428882 0.10872395833333333 0.003257328990228013 0.009114583333333334
10 0.21552660152008687 0.1064453125 0.0054288816503800215 0.009765625
10 0.22095548317046687 0.10579427083333333 0.002171552660152009 0.008463541666666666
10 0.23181324647122692 0.10416666666666667 0.003257328990228013 0.009114583333333334
10 0.2266558089033659 0.10611979166666667 0.004885993485342019 0.010416666666666666
1 0.48507057546145493 0.057942708333333336 0.003800217155266015 0.010416666666666666
1 0.4752985884907709 0.060546875 0.003800217155266015 0.009114583333333334
1 0.46851248642779586 0.061848958333333336 0.0054288816503800215 0.009114583333333334
1 0.48941368078175895 0.05859375 0.003800217155266015 0.0078125
10 0.4807274701411509 0.061197916666666664 0.003800217155266015 0.010416666666666666
10 0.06867535287730728 0.1396484375 0.008143322475570033 0.004557291666666667
1 0.13192182410423453 0.12955729166666666 0.00760043431053203 0.00390625
1 0.25814332247557004 0.107421875 0.003800217155266015 0.010416666666666666
1 0.25732899022801303 0.10904947916666667 0.003257328990228013 0.009765625
10 0.20521172638436483 0.12337239583333333 0.002171552660152009 0.008463541666666666
10 0.13165038002171553 0.13704427083333334 0.007057546145494028 0.004557291666666667
10 0.21145494028230186 0.123046875 0.003800217155266015 0.009114583333333334
1 0.8303474484256244 0.005859375 0.004885993485342019 0.01171875
10 0.22394136807817588 0.12141927083333333 0.003800217155266015 0.008463541666666666
10 0.21769815418023888 0.12272135416666667 0.0054288816503800215 0.011067708333333334
1 0.06976112920738328 0.1533203125 0.008143322475570033 0.005859375
10 0.13409337676438654 0.14388020833333334 0.009771986970684038 0.006510416666666667
5 0.015472312703583062 0.17122395833333334 0.030944625407166124 0.041666666666666664
10 0.0982627578718784 0.15950520833333334 0.0054288816503800215 0.01171875
10 0.8585776330076005 0.015299479166666666 0.005971769815418024 0.004557291666666667
10 0.8181324647122693 0.028971354166666668 0.003257328990228013 0.007161458333333333
1 0.8080890336590663 0.03125 0.004885993485342019 0.010416666666666666
10 0.8137893593919653 0.030598958333333332 0.003257328990228013 0.010416666666666666
10 0.8604777415852335 0.0224609375 0.004343105320304018 0.001953125
1 0.8249185667752443 0.029947916666666668 0.004885993485342019 0.013020833333333334
10 0.9142236699239956 0.016276041666666668 0.004343105320304018 0.009114583333333334
10 0.9286102062975027 0.013346354166666666 0.0016286644951140066 0.005859375
10 0.9367535287730727 0.012369791666666666 0.004885993485342019 0.0078125
10 0.9212812160694897 0.015625 0.003257328990228013 0.0078125
10 0.8626492942453855 0.028645833333333332 0.006514657980456026 0.005208333333333333
10 0.4571118349619978 0.10807291666666667 0.0054288816503800215 0.00390625
10 0.36373507057546145 0.1279296875 0.00760043431053203 0.005859375
10 0.3526058631921824 0.13151041666666666 0.008143322475570033 0.005208333333333333
10 0.8629207383279045 0.035481770833333336 0.01031487513572204 0.005859375
12 0.47068403908794787 0.111328125 0.010857763300760043 0.014322916666666666
10 0.4581976112920738 0.11458333333333333 0.004343105320304018 0.0026041666666666665
1 0.007057546145494028 0.20149739583333334 0.00760043431053203 0.005859375
10 0.3534201954397394 0.13802083333333334 0.00760043431053203 0.005208333333333333
10 0.43105320304017375 0.12337239583333333 0.00760043431053203 0.004557291666666667
10 0.36563517915309446 0.13671875 0.005971769815418024 0.00390625
10 0.9245385450597177 0.031575520833333336 0.003257328990228013 0.007161458333333333
10 0.4576547231270358 0.12141927083333333 0.0054288816503800215 0.0032552083333333335
10 0.48534201954397393 0.11686197916666667 0.008686210640608035 0.004557291666666667
10 0.9180238870792616 0.034830729166666664 0.002171552660152009 0.008463541666666666
10 0.3542345276872964 0.1455078125 0.005971769815418024 0.004557291666666667
10 0.36536373507057546 0.1435546875 0.0054288816503800215 0.0032552083333333335
10 0.4584690553745928 0.12630208333333334 0.007057546145494028 0.005208333333333333
10 0.43241042345276876 0.13216145833333334 0.005971769815418024 0.00390625
10 0.44435396308360475 0.1298828125 0.005971769815418024 0.004557291666666667
10 0.48507057546145493 0.123046875 0.008143322475570033 0.006510416666666667
12 0.4736699239956569 0.126953125 0.008143322475570033 0.01171875
12 0.5 0.12272135416666667 0.010857763300760043 0.017578125
10 0.36536373507057546 0.1494140625 0.004343105320304018 0.001953125
10 0.3542345276872964 0.1513671875 0.005971769815418024 0.004557291666666667
1 0.1498371335504886 0.19108072916666666 0.016286644951140065 0.018880208333333332
1 0.4207383279044517 0.13997395833333334 0.004343105320304018 0.009114583333333334
12 0.6946254071661238 0.087890625 0.03528773072747014 0.04296875
10 0.43349619978284476 0.13997395833333334 0.005971769815418024 0.00390625
1 0.38816503800217156 0.1484375 0.009771986970684038 0.0078125
12 0.7869163952225842 0.07291666666666667 0.030944625407166124 0.041666666666666664
1 0.41123778501628666 0.14420572916666666 0.007057546145494028 0.007161458333333333
10 0.44598262757871876 0.13834635416666666 0.005971769815418024 0.004557291666666667
1 0.4014657980456026 0.146484375 0.005971769815418024 0.005208333333333333
10 0.9448968512486428 0.0439453125 0.0027144408251900108 0.009765625
12 0.6091205211726385 0.10872395833333333 0.03040173724212812 0.0390625
1 0.9394679695982627 0.045247395833333336 0.004885993485342019 0.012369791666666666
10 0.3550488599348534 0.15787760416666666 0.006514657980456026 0.004557291666666667
12 0.46172638436482083 0.13736979166666666 0.008143322475570033 0.010416666666666666
1 0.36807817589576547 0.15592447916666666 0.009771986970684038 0.004557291666666667
1 0.8648208469055375 0.0625 0.00760043431053203 0.005208333333333333
10 0.43512486427795877 0.14615885416666666 0.007057546145494028 0.004557291666666667
10 0.4489685124864278 0.14420572916666666 0.009771986970684038 0.005859375
10 0.4728555917480999 0.1416015625 0.006514657980456026 0.007161458333333333
1 0.8637350705754615 0.068359375 0.00760043431053203 0.005208333333333333
12 0.48778501628664495 0.14029947916666666 0.005971769815418024 0.011067708333333334
10 0.36807817589576547 0.16276041666666666 0.006514657980456026 0.00390625
12 0.501900108577633 0.138671875 0.005971769815418024 0.009114583333333334
1 0.3566775244299674 0.1669921875 0.0054288816503800215 0.0032552083333333335
10 0.43512486427795877 0.15299479166666666 0.005971769815418024 0.00390625
10 0.44761129207383277 0.15104166666666666 0.005971769815418024 0.00390625
10 0.4742128121606949 0.146484375 0.005971769815418024 0.00390625
12 0.7369706840390879 0.09635416666666667 0.030944625407166124 0.032552083333333336
12 0.8306188925081434 0.08138020833333333 0.03257328990228013 0.03515625
10 0.36862106406080347 0.16927083333333334 0.00760043431053203 0.00390625
10 0.8678067318132465 0.07454427083333333 0.008143322475570033 0.007161458333333333
1 0.3555917480998914 0.17220052083333334 0.004343105320304018 0.001953125
12 0.46145494028230183 0.15364583333333334 0.00760043431053203 0.0078125
10 0.9470684039087948 0.061197916666666664 0.0027144408251900108 0.0078125
1 0.9372964169381107 0.06315104166666667 0.003800217155266015 0.010416666666666666
10 0.9429967426710097 0.06282552083333333 0.003257328990228013 0.009765625
10 0.44625407166123776 0.15690104166666666 0.004343105320304018 0.00390625
10 0.43566775244299677 0.15983072916666666 0.005971769815418024 0.004557291666666667
10 0.48941368078175895 0.14973958333333334 0.007057546145494028 0.005208333333333333
1 0.22041259500542887 0.201171875 0.004343105320304018 0.009114583333333334
10 0.5499457111834962 0.138671875 0.0054288816503800215 0.010416666666666666
10 0.5447882736156352 0.13997395833333334 0.004885993485342019 0.009114583333333334
12 0.6536373507057546 0.11979166666666667 0.02714440825190011 0.037760416666666664
10 0.5382736156351792 0.14225260416666666 0.003800217155266015 0.011067708333333334
1 0.15472312703583063 0.21647135416666666 0.013029315960912053 0.014973958333333334
1 0.5290445168295331 0.14518229166666666 0.003800217155266015 0.009114583333333334
10 0.3697068403908795 0.17610677083333334 0.00760043431053203 0.004557291666666667
10 0.8653637350705755 0.0830078125 0.00760043431053203 0.007161458333333333
1 0.3561346362649294 0.17936197916666666 0.006514657980456026 0.004557291666666667
10 0.498099891422367 0.15592447916666666 0.008143322475570033 0.004557291666666667
10 0.35966340933767643 0.18424479166666666 0.005971769815418024 0.00390625
10 0.46498371335504884 0.16471354166666666 0.007057546145494028 0.005208333333333333
1 0.3699782844733985 0.18294270833333334 0.007057546145494028 0.005208333333333333
10 0.8680781758957655 0.08951822916666667 0.00760043431053203 0.004557291666666667
1 0.43539630836047777 0.1728515625 0.006514657980456026 0.004557291666666667
1 0.7024972855591748 0.12272135416666667 0.006514657980456026 0.017578125
10 0.498914223669924 0.16243489583333334 0.006514657980456026 0.004557291666666667
1 0.6129207383279045 0.1416015625 0.003257328990228013 0.012369791666666666
10 0.7179695982627579 0.12174479166666667 0.004885993485342019 0.01171875
10 0.8051031487513572 0.10546875 0.004343105320304018 0.01171875
1 0.7890879478827362 0.1083984375 0.003800217155266015 0.011067708333333334
10 0.36047774158523344 0.19140625 0.006514657980456026 0.00390625
1 0.9223669923995657 0.08430989583333333 0.003257328990228013 0.009765625
10 0.6302931596091205 0.13997395833333334 0.004343105320304018 0.013020833333333334
1 0.3729641693811075 0.189453125 0.006514657980456026 0.005208333333333333
1 0.8694353963083605 0.09602864583333333 0.008143322475570033 0.007161458333333333
12 0.9337676438653637 0.08463541666666667 0.006514657980456026 0.01171875
1 0.4497828447339848 0.17708333333333334 0.008143322475570033 0.00390625
1 0.014115092290988056 0.259765625 0.00760043431053203 0.00390625
10 0.501357220412595 0.16764322916666666 0.008143322475570033 0.004557291666666667
5 0.4036373507057546 0.18684895833333334 0.03637350705754615 0.07421875
1 0.46498371335504884 0.17545572916666666 0.007057546145494028 0.004557291666666667
1 0.08740499457111835 0.248046875 0.008686210640608035 0.005208333333333333
10 0.3724212812160695 0.1962890625 0.008686210640608035 0.005859375
1 0.36020629750271443 0.19986979166666666 0.007057546145494028 0.005208333333333333
1 0.016286644951140065 0.2652994791666667 0.006514657980456026 0.0032552083333333335
1 0.46579804560260585 0.1806640625 0.00760043431053203 0.0032552083333333335
1 0.4519543973941368 0.18359375 0.008143322475570033 0.005208333333333333
1 0.06596091205211727 0.2571614583333333 0.004885993485342019 0.01171875
1 0.22366992399565688 0.228515625 0.004343105320304018 0.009114583333333334
10 0.43621064060803477 0.18782552083333334 0.008143322475570033 0.004557291666666667
1 0.21254071661237786 0.2314453125 0.003800217155266015 0.011067708333333334
1 0.08821932681867535 0.2552083333333333 0.007057546145494028 0.00390625
10 0.36102062975027144 0.20475260416666666 0.0054288816503800215 0.0032552083333333335
10 0.3735070575461455 0.20377604166666666 0.006514657980456026 0.00390625
1 0.016558089033659067 0.2721354166666667 0.007057546145494028 0.005208333333333333
1 0.08930510314875136 0.2626953125 0.005971769815418024 0.004557291666666667
10 0.3743213897937025 0.20930989583333334 0.007057546145494028 0.0032552083333333335
1 0.36156351791530944 0.21126302083333334 0.0054288816503800215 0.0032552083333333335
1 0.9465255157437568 0.1005859375 0.003800217155266015 0.009765625
10 0.4370249728555918 0.19759114583333334 0.004343105320304018 0.001953125
1 0.8889793702497285 0.11197916666666667 0.004885993485342019 0.009114583333333334
1 0.23914223669923995 0.2353515625 0.005971769815418024 0.012369791666666666
1 0.9028230184581976 0.10970052083333333 0.002171552660152009 0.007161458333333333
10 0.9169381107491856 0.10709635416666667 0.004343105320304018 0.007161458333333333
10 0.8960369163952225 0.111328125 0.004885993485342019 0.010416666666666666
1 0.9245385450597177 0.10546875 0.0054288816503800215 0.01171875
1 0.9413680781758957 0.103515625 0.003257328990228013 0.0078125
10 0.9093376764386536 0.10970052083333333 0.004343105320304018 0.007161458333333333
10 0.9291530944625407 0.10579427083333333 0.004885993485342019 0.008463541666666666
10 0.9527687296416938 0.10091145833333333 0.002171552660152009 0.009114583333333334
10 0.9364820846905537 0.10481770833333333 0.004343105320304018 0.0078125
10 0.3756786102062975 0.21516927083333334 0.008686210640608035 0.004557291666666667
1 0.36237785016286644 0.21809895833333334 0.008143322475570033 0.005208333333333333
10 0.3762214983713355 0.220703125 0.00760043431053203 0.006510416666666667
1 0.36237785016286644 0.224609375 0.005971769815418024 0.00390625
10 0.44163952225841474 0.21061197916666666 0.008143322475570033 0.004557291666666667
10 0.8854505971769815 0.12955729166666666 0.004343105320304018 0.010416666666666666
1 0.24185667752442996 0.2522786458333333 0.004885993485342019 0.012369791666666666
1 0.36264929424538545 0.232421875 0.004343105320304018 0.00390625
1 0.3756786102062975 0.23046875 0.006514657980456026 0.005208333333333333
10 0.09690553745928339 0.283203125 0.004885993485342019 0.01171875
10 0.3968512486427796 0.22981770833333334 0.003257328990228013 0.0078125
1 0.38979370249728557 0.23209635416666666 0.003257328990228013 0.008463541666666666
10 0.40689467969598264 0.2294921875 0.0027144408251900108 0.008463541666666666
10 0.4182953311617807 0.2275390625 0.0016286644951140066 0.008463541666666666
1 0.4006514657980456 0.23111979166666666 0.003257328990228013 0.0078125
1 0.41340933767643867 0.22916666666666666 0.0027144408251900108 0.009114583333333334
10 0.42752442996742673 0.2265625 0.0027144408251900108 0.0078125
1 0.4237242128121607 0.22721354166666666 0.0027144408251900108 0.009114583333333334
10 0.16910966340933767 0.275390625 0.003800217155266015 0.01171875
1 0.4565689467969598 0.22102864583333334 0.003257328990228013 0.007161458333333333
10 0.44571118349619976 0.22395833333333334 0.002171552660152009 0.010416666666666666
1 0.43539630836047777 0.2265625 0.003257328990228013 0.009114583333333334
1 0.4505971769815418 0.22330729166666666 0.003257328990228013 0.009114583333333334
10 0.8876221498371335 0.14322916666666666 0.004343105320304018 0.006510416666666667
10 0.24484256243213898 0.2692057291666667 0.0054288816503800215 0.011067708333333334
1 0.07138979370249729 0.3017578125 0.003800217155266015 0.011067708333333334
1 0.003257328990228013 0.3154296875 0.006514657980456026 0.005859375
10 0.021986970684039087 0.3125 0.008143322475570033 0.006510416666666667
1 0.0985342019543974 0.3001302083333333 0.003800217155266015 0.010416666666666666
1 0.502442996742671 0.23046875 0.0027144408251900108 0.009114583333333334
1 0.17100977198697068 0.2945963541666667 0.003257328990228013 0.014973958333333334
1 0.50814332247557 0.23079427083333334 0.003257328990228013 0.009765625
1 0.44245385450597174 0.24544270833333334 0.006514657980456026 0.005208333333333333
10 0.24565689467969598 0.2838541666666667 0.003800217155266015 0.010416666666666666
1 0.23534201954397393 0.2864583333333333 0.007057546145494028 0.00390625
1 0.0743756786102063 0.3199869791666667 0.0054288816503800215 0.009765625
1 0.38762214983713356 0.26171875 0.003257328990228013 0.0078125
10 0.3938653637350706 0.2604166666666667 0.003800217155266015 0.01171875
10 0.23778501628664495 0.2932942708333333 0.006514657980456026 0.004557291666666667
1 0.44381107491856675 0.2548828125 0.005971769815418024 0.004557291666666667
10 0.509500542888165 0.24446614583333334 0.003800217155266015 0.008463541666666666
10 0.503528773072747 0.24576822916666666 0.003800217155266015 0.011067708333333334
1 0.1734527687296417 0.3125 0.005971769815418024 0.01171875
10 0.23778501628664495 0.30078125 0.00760043431053203 0.005208333333333333
10 0.9557546145494028 0.16666666666666666 0.003800217155266015 0.010416666666666666
10 0.9503257328990228 0.16796875 0.003800217155266015 0.009114583333333334
10 0.9438110749185668 0.16927083333333334 0.0027144408251900108 0.010416666666666666
1 0.9600977198697068 0.16634114583333334 0.003800217155266015 0.009765625
1 0.10260586319218241 0.3323567708333333 0.0054288816503800215 0.012369791666666666
1 0.006243213897937025 0.3525390625 0.008143322475570033 0.005859375
10 0.3925081433224756 0.2799479166666667 0.006514657980456026 0.00390625
1 0.6178067318132465 0.23795572916666666 0.003257328990228013 0.009765625
1 0.026330076004343107 0.3499348958333333 0.004885993485342019 0.005859375
1 0.6121064060803475 0.23990885416666666 0.003800217155266015 0.011067708333333334
10 0.3767643865363735 0.2858072916666667 0.00760043431053203 0.005208333333333333
1 0.512486427795874 0.2630208333333333 0.002171552660152009 0.009114583333333334
10 0.3922366992399566 0.2864583333333333 0.008143322475570033 0.00390625
1 0.49728555917481 0.2666015625 0.004343105320304018 0.009765625
1 0.504885993485342 0.2652994791666667 0.003257328990228013 0.009765625
10 0.007057546145494028 0.3639322916666667 0.00760043431053203 0.005208333333333333
10 0.02768729641693811 0.3603515625 0.008686210640608035 0.004557291666666667
10 0.9530401737242128 0.18619791666666666 0.003800217155266015 0.0078125
10 0.9630836047774158 0.18489583333333334 0.003257328990228013 0.0078125
10 0.9568403908794788 0.18587239583333334 0.0027144408251900108 0.008463541666666666
10 0.1775244299674267 0.3343098958333333 0.004343105320304018 0.012369791666666666
10 0.10233441910966341 0.3483072916666667 0.004885993485342019 0.010416666666666666
10 0.9356677524429967 0.19075520833333334 0.0027144408251900108 0.006510416666666667
10 0.9408251900108577 0.18977864583333334 0.003257328990228013 0.007161458333333333
10 0.9465255157437568 0.18880208333333334 0.003800217155266015 0.0078125
12 0.23507057546145493 0.3235677083333333 0.02280130293159609 0.03515625
10 0.3938653637350706 0.2939453125 0.009229098805646038 0.004557291666666667
1 0.0781758957654723 0.3544921875 0.006514657980456026 0.011067708333333334
1 0.44815418023887077 0.2884114583333333 0.009229098805646038 0.006510416666666667
10 0.252442996742671 0.3268229166666667 0.004343105320304018 0.01171875
10 0.3805646036916395 0.3040364583333333 0.00760043431053203 0.00390625
1 0.3941368078175896 0.3020833333333333 0.006514657980456026 0.00390625
2 0.1976112920738328 0.3411458333333333 0.07057546145494029 0.3567708333333333
2 0.04804560260586319 0.37109375 0.06677524429967427 0.3580729166666667
2 0.009771986970684038 0.3828125 0.019543973941368076 0.3619791666666667
1 0.44842562432138977 0.2991536458333333 0.00760043431053203 0.004557291666666667
2 0.1262214983713355 0.3636067708333333 0.06351791530944625 0.3587239583333333
2 0.2730727470141151 0.3362630208333333 0.06731813246471227 0.3548177083333333
10 0.3327904451682953 0.3258463541666667 0.003257328990228013 0.008463541666666666
10 0.34337676438653636 0.32421875 0.003800217155266015 0.010416666666666666
1 0.3273615635179153 0.3274739583333333 0.004343105320304018 0.010416666666666666
10 0.36590662323561346 0.3199869791666667 0.003257328990228013 0.009765625
1 0.3716069489685125 0.3190104166666667 0.0027144408251900108 0.009114583333333334
1 0.33821932681867534 0.3251953125 0.003257328990228013 0.008463541666666666
1 0.3558631921824104 0.3225911458333333 0.003800217155266015 0.009765625
10 0.3498914223669924 0.3238932291666667 0.004885993485342019 0.012369791666666666
10 0.36047774158523344 0.322265625 0.004343105320304018 0.01171875
1 0.4500542888165038 0.306640625 0.00760043431053203 0.00390625
1 0.255700325732899 0.345703125 0.0054288816503800215 0.01171875
1 0.01248642779587405 0.3935546875 0.009771986970684038 0.008463541666666666
10 0.5252442996742671 0.2975260416666667 0.0027144408251900108 0.0078125
1 0.5179153094462541 0.2994791666666667 0.004343105320304018 0.009114583333333334
1 0.503528773072747 0.3020833333333333 0.005971769815418024 0.01171875
1 0.48832790445168295 0.3059895833333333 0.003800217155266015 0.010416666666666666
10 0.497014115092291 0.3043619791666667 0.003800217155266015 0.011067708333333334
10 0.511400651465798 0.3014322916666667 0.003257328990228013 0.0078125
1 0.3292616720955483 0.3434244791666667 0.003800217155266015 0.011067708333333334
10 0.3349619978284473 0.3427734375 0.003257328990228013 0.009765625
1 0.34011943539630834 0.3421223958333333 0.003800217155266015 0.009765625
10 0.4500542888165038 0.3209635416666667 0.00760043431053203 0.005208333333333333
10 0.36780673181324647 0.3372395833333333 0.0027144408251900108 0.0078125
10 0.3572204125950054 0.3395182291666667 0.003257328990228013 0.008463541666666666
10 0.3523344191096634 0.3411458333333333 0.003257328990228013 0.010416666666666666
10 0.4514115092290988 0.3277994791666667 0.007057546145494028 0.004557291666666667
1 0.03257328990228013 0.4075520833333333 0.006514657980456026 0.005208333333333333
1 0.18322475570032573 0.384765625 0.004885993485342019 0.01171875
1 0.10966340933767643 0.3990885416666667 0.004343105320304018 0.009114583333333334
10 0.4524972855591748 0.3343098958333333 0.007057546145494028 0.004557291666666667
1 0.30347448425624324 0.3636067708333333 0.009771986970684038 0.005859375
1 0.25678610206297503 0.3740234375 0.0054288816503800215 0.012369791666666666
1 0.5426167209554832 0.3199869791666667 0.003800217155266015 0.011067708333333334
10 0.3751357220412595 0.3518880208333333 0.006514657980456026 0.0032552083333333335
1 0.5700325732899023 0.3154296875 0.002171552660152009 0.008463541666666666
1 0.5488599348534202 0.3193359375 0.003257328990228013 0.009765625
1 0.5382736156351792 0.3212890625 0.003800217155266015 0.008463541666666666
1 0.5542888165038002 0.3186848958333333 0.003257328990228013 0.008463541666666666
1 0.5659609120521173 0.31640625 0.003800217155266015 0.010416666666666666
1 0.5762757871878393 0.3151041666666667 0.004885993485342019 0.009114583333333334
1 0.5857763300760044 0.3134765625 0.003257328990228013 0.008463541666666666
1 0.5605320304017373 0.3186848958333333 0.004885993485342019 0.009765625
1 0.5817046688382194 0.314453125 0.003800217155266015 0.0078125
10 0.3756786102062975 0.3583984375 0.006514657980456026 0.004557291666666667
1 0.38816503800217156 0.3564453125 0.009771986970684038 0.005859375
1 0.08849077090119435 0.4134114583333333 0.00760043431053203 0.005208333333333333
1 0.01520086862106406 0.4287109375 0.006514657980456026 0.0032552083333333335
1 0.5135722041259501 0.3356119791666667 0.004343105320304018 0.009765625
1 0.5133007600434311 0.3372395833333333 0.003800217155266015 0.010416666666666666
1 0.5184581976112921 0.3365885416666667 0.003257328990228013 0.009114583333333334
1 0.38789359391965256 0.3655598958333333 0.007057546145494028 0.004557291666666667
10 0.3773072747014115 0.3681640625 0.0054288816503800215 0.0032552083333333335
10 0.5559174809989142 0.3356119791666667 0.004343105320304018 0.009765625
10 0.5502171552660152 0.3362630208333333 0.003800217155266015 0.008463541666666666
1 0.5670466883821933 0.3336588541666667 0.003800217155266015 0.009765625
10 0.5445168295331162 0.337890625 0.003257328990228013 0.009114583333333334
1 0.5396308360477742 0.3388671875 0.004343105320304018 0.008463541666666666
1 0.5613463626492943 0.3352864583333333 0.003257328990228013 0.010416666666666666
10 0.5865906623235614 0.3307291666666667 0.0027144408251900108 0.010416666666666666
10 0.6047774158523345 0.3271484375 0.004343105320304018 0.011067708333333334
10 0.6093919652551575 0.326171875 0.0027144408251900108 0.010416666666666666
10 0.5757328990228013 0.3336588541666667 0.003800217155266015 0.011067708333333334
1 0.5925624321389794 0.3304036458333333 0.0027144408251900108 0.009765625
1 0.5971769815418024 0.3294270833333333 0.002171552660152009 0.009114583333333334
10 0.3786644951140065 0.3736979166666667 0.005971769815418024 0.00390625
1 0.38762214983713356 0.3720703125 0.006514657980456026 0.004557291666666667
10 0.4028230184581976 0.3697916666666667 0.00760043431053203 0.005208333333333333
10 0.9310532030401737 0.2701822916666667 0.003257328990228013 0.010416666666666666
10 0.9337676438653637 0.26953125 0.0054288816503800215 0.009114583333333334
5 0.34256243213897936 0.3837890625 0.04560260586319218 0.059244791666666664
1 0.30700325732899025 0.3909505208333333 0.007057546145494028 0.004557291666666667
10 0.76085776330076 0.3076171875 0.005971769815418024 0.004557291666666667
10 0.3792073832790445 0.3802083333333333 0.005971769815418024 0.00390625
1 0.39033659066232357 0.3785807291666667 0.008686210640608035 0.005859375
10 0.9424538545059717 0.2744140625 0.008686210640608035 0.004557291666666667
1 0.4036373507057546 0.3766276041666667 0.008143322475570033 0.004557291666666667
1 0.507600434310532 0.3616536458333333 0.004343105320304018 0.008463541666666666
1 0.5228013029315961 0.3590494791666667 0.003257328990228013 0.008463541666666666
10 0.9451682953311618 0.2783203125 0.006514657980456026 0.004557291666666667
10 0.5765472312703583 0.3489583333333333 0.003257328990228013 0.0078125
10 0.3789359391965255 0.38671875 0.004343105320304018 0.00390625
10 0.5708469055374593 0.3499348958333333 0.0027144408251900108 0.009765625
10 0.5423452768729642 0.3557942708333333 0.003257328990228013 0.008463541666666666
10 0.5523887079261672 0.3538411458333333 0.0027144408251900108 0.007161458333333333
1 0.5298588490770901 0.3580729166666667 0.0054288816503800215 0.01171875
10 0.5480456026058632 0.35546875 0.0027144408251900108 0.009114583333333334
1 0.5298588490770901 0.3587239583333333 0.004343105320304018 0.010416666666666666
10 0.6053203040173725 0.3444010416666667 0.003257328990228013 0.009114583333333334
10 0.7646579804560261 0.3141276041666667 0.005971769815418024 0.004557291666666667
10 0.5890336590662324 0.3473307291666667 0.003257328990228013 0.009765625
10 0.750814332247557 0.3177083333333333 0.00760043431053203 0.005208333333333333
1 0.4036373507057546 0.3834635416666667 0.007057546145494028 0.00390625
1 0.5950054288816504 0.34765625 0.003257328990228013 0.009114583333333334
1 0.6007057546145494 0.3463541666666667 0.0027144408251900108 0.009114583333333334
10 0.6118349619978285 0.3444010416666667 0.003257328990228013 0.009114583333333334
10 0.30917480998914226 0.4059244791666667 0.008143322475570033 0.004557291666666667
10 0.9457111834961998 0.2864583333333333 0.006514657980456026 0.00390625
10 0.38137893593919653 0.39453125 0.005971769815418024 0.00390625
1 0.39115092290988057 0.392578125 0.007057546145494028 0.005208333333333333
1 0.40553745928338764 0.3896484375 0.00760043431053203 0.0032552083333333335
1 0.09256243213897937 0.4498697916666667 0.005971769815418024 0.00390625
10 0.7641150922909881 0.3235677083333333 0.008143322475570033 0.00390625
10 0.750814332247557 0.326171875 0.004343105320304018 0.0026041666666666665
1 0.48534201954397393 0.3779296875 0.00760043431053203 0.004557291666666667
10 0.30917480998914226 0.4127604166666667 0.009229098805646038 0.005208333333333333
1 0.40580890336590664 0.3951822916666667 0.008143322475570033 0.00390625
10 0.3802931596091205 0.4010416666666667 0.005971769815418024 0.00390625
1 0.3919652551574376 0.3987630208333333 0.008686210640608035 0.004557291666666667
10 0.9454397394136808 0.2942708333333333 0.005971769815418024 0.00390625
10 0.7660152008686211 0.3297526041666667 0.00760043431053203 0.005859375
10 0.751628664495114 0.3330078125 0.004885993485342019 0.0032552083333333335
10 0.4603691639522258 0.388671875 0.008686210640608035 0.005208333333333333
5 0.249457111834962 0.4300130208333333 0.016829533116178068 0.017578125
10 0.31026058631921827 0.4189453125 0.009229098805646038 0.004557291666666667
1 0.40743756786102064 0.4013671875 0.008143322475570033 0.004557291666666667
10 0.38192182410423453 0.4072265625 0.005971769815418024 0.004557291666666667
10 0.9476112920738328 0.30078125 0.008143322475570033 0.005208333333333333
10 0.4603691639522258 0.3958333333333333 0.00760043431053203 0.005208333333333333
1 0.3938653637350706 0.4108072916666667 0.004885993485342019 0.0026041666666666665
10 0.38246471226927253 0.4137369791666667 0.005971769815418024 0.004557291666666667
1 0.40852334419109665 0.4088541666666667 0.005971769815418024 0.00390625
1 0.30998914223669927 0.4303385416666667 0.003257328990228013 0.009114583333333334
10 0.9470684039087948 0.3089192708333333 0.005971769815418024 0.004557291666666667
10 0.3260043431053203 0.4274088541666667 0.003800217155266015 0.009765625
10 0.34337676438653636 0.4241536458333333 0.0027144408251900108 0.008463541666666666
10 0.33740499457111833 0.4254557291666667 0.003800217155266015 0.008463541666666666
10 0.3322475570032573 0.4267578125 0.003257328990228013 0.008463541666666666
1 0.4611834961997828 0.40234375 0.007057546145494028 0.00390625
1 0.3482627578718784 0.4235026041666667 0.003800217155266015 0.009765625
1 0.31921824104234525 0.4319661458333333 0.006514657980456026 0.016276041666666668
1 0.38327904451682954 0.4212239583333333 0.004343105320304018 0.0026041666666666665
1 0.3935939196525516 0.4195963541666667 0.0054288816503800215 0.0032552083333333335
1 0.41313789359391967 0.4182942708333333 0.003257328990228013 0.007161458333333333
1 0.16693811074918566 0.4736328125 0.007057546145494028 0.012369791666666666
10 0.33957654723127034 0.4420572916666667 0.004885993485342019 0.01171875
10 0.3287187839305103 0.4446614583333333 0.003800217155266015 0.010416666666666666
10 0.34473398479913137 0.4410807291666667 0.003257328990228013 0.008463541666666666
1 0.12024972855591748 0.4847005208333333 0.004885993485342019 0.011067708333333334
10 0.3341476655808903 0.4436848958333333 0.003800217155266015 0.011067708333333334
10 0.3504343105320304 0.4407552083333333 0.003800217155266015 0.010416666666666666
1 0.49131378935939196 0.4153645833333333 0.010857763300760043 0.0078125
1 0.8650922909880565 0.3453776041666667 0.008143322475570033 0.004557291666666667
1 0.4142236699239957 0.431640625 0.003257328990228013 0.0078125
1 0.8222041259500543 0.3538411458333333 0.009229098805646038 0.005859375