10 0.263573543928924 0.06841831425598335 0.01579466929911155 0.007804370447450572
5 0.7692497532082923 0.5104058272632674 0.05972359328726555 0.061394380853277836
5 0.8304540967423495 0.5059833506763788 0.057749259624876606 0.058792924037460975
1 0.5999506416584403 0.5241935483870968 0.009378084896347482 0.019250780437044746
1 0.6658440276406713 0.5197710718002081 0.007897334649555774 0.01664932362122789
10 0.6853405725567621 0.5187304890738814 0.007403751233958539 0.014568158168574402
1 0.6300592300098716 0.5234131113423517 0.00839091806515301 0.01768990634755463
10 0.6549851924975321 0.5213319458896982 0.008884501480750246 0.01664932362122789
1 0.5306021717670286 0.5309573361082206 0.008884501480750246 0.016129032258064516
1 0.5202369200394866 0.5317377731529657 0.005923000987166831 0.015608740894901144
10 0.675715695952616 0.5200312174817898 0.008884501480750246 0.02029136316337149
1 0.5918065153010859 0.5270551508844953 0.006910167818361303 0.01664932362122789
1 0.5417077986179665 0.5309573361082206 0.006416584402764067 0.016129032258064516
10 0.49950641658440276 0.5340790842872009 0.005923000987166831 0.01716961498439126
1 0.5653998025666338 0.5291363163371487 0.007403751233958539 0.01664932362122789
1 0.5747778874629812 0.5288761706555671 0.009378084896347482 0.019250780437044746
1 0.4642152023692004 0.5369406867845994 0.005429417571569595 0.015608740894901144
10 0.5078973346495558 0.5340790842872009 0.007897334649555774 0.018210197710718003
1 0.6409180651530109 0.5241935483870968 0.010365251727541954 0.01716961498439126
1 0.47482724580454094 0.536420395421436 0.008884501480750246 0.018730489073881373
10 0.5143139190523198 0.5345993756503642 0.007897334649555774 0.018210197710718003
10 0.21396841066140176 0.5681581685744017 0.007403751233958539 0.013527575442247659
10 0.2292694965449161 0.5673777315296566 0.006416584402764067 0.013007284079084287
10 0.24407699901283317 0.5660770031217481 0.00839091806515301 0.013527575442247659
10 0.2596248766041461 0.5647762747138397 0.008884501480750246 0.015088449531737774
10 0.2675222112537019 0.5642559833506764 0.008884501480750246 0.01404786680541103
10 0.2211253701875617 0.5681581685744017 0.007897334649555774 0.013527575442247659
10 0.2361796643632774 0.5671175858480749 0.007403751233958539 0.014568158168574402
10 0.10241855873642645 0.5772632674297606 0.01826258637709773 0.007804370447450572
10 0.25222112537018754 0.5663371488033299 0.008884501480750246 0.015088449531737774
1 0.1031589338598223 0.5887096774193549 0.01579466929911155 0.008844953173777315
1 0.9684106614017769 0.5247138397502601 0.013820335636722606 0.007804370447450572
2 0.5752714708785784 0.5561914672216441 0.324284304047384 0.05827263267429761
10 0.2702369200394867 0.5790842872008325 0.005429417571569595 0.012486992715920915
10 0.23543928923988153 0.5822060353798127 0.004935834155972359 0.012486992715920915
10 0.2433366238894373 0.5814255983350677 0.009871668311944718 0.009885535900104058
10 0.26456071076011844 0.5806451612903226 0.005923000987166831 0.011446409989594173
10 0.25049358341559724 0.581945889698231 0.004442250740375123 0.01404786680541103
10 0.2295162882527147 0.5835067637877211 0.006910167818361303 0.011966701352757543
10 0.25888450148075026 0.5814255983350677 0.007403751233958539 0.010926118626430802
10 0.2539486673247779 0.5822060353798127 0.004442250740375123 0.012486992715920915
10 0.21668311944718657 0.5853277835587929 0.006910167818361303 0.012486992715920915
10 0.2235932872655479 0.5848074921956296 0.005923000987166831 0.011446409989594173
1 0.10365251727541955 0.5991155046826223 0.013820335636722606 0.007804370447450572
10 0.17892398815399801 0.08090530697190426 0.006416584402764067 0.018210197710718003
10 0.19274432379072062 0.07960457856399583 0.007403751233958539 0.01664932362122789
1 0.18632773938795658 0.08064516129032258 0.007403751233958539 0.015608740894901144
1 0.2058242843040474 0.07960457856399583 0.008884501480750246 0.015608740894901144
10 0.2154491609081935 0.0785639958376691 0.007403751233958539 0.015608740894901144
10 0.1991609081934847 0.08012486992715921 0.005429417571569595 0.01664932362122789
10 0.15918065153010857 0.6259105098855359 0.00839091806515301 0.01664932362122789
5 0.23272458045409675 0.6220083246618107 0.07156959526159921 0.05567117585848075
5 0.08810463968410662 0.6503642039542143 0.051826258637709774 0.09157127991675339
2 0.7115004935834156 0.6087408949011447 0.2611056268509378 0.060353798126951096
1 0.2746791707798618 0.6488033298647242 0.017275419545903257 0.008324661810613945
1 0.5552813425468904 0.6313735691987513 0.006910167818361303 0.015088449531737774
10 0.542694965449161 0.6329344432882414 0.007403751233958539 0.016129032258064516
1 0.5483711747285291 0.6326742976066597 0.005923000987166831 0.015608740894901144
10 0.12462981243830207 0.673777315296566 0.01332675222112537 0.006243496357960458
10 0.2058242843040474 0.6683142559833507 0.004935834155972359 0.013007284079084287
10 0.24111549851924977 0.6654526534859522 0.005429417571569595 0.015608740894901144
10 0.5140671273445212 0.6454214360041624 0.006416584402764067 0.015088449531737774
1 0.5212240868706811 0.644901144640999 0.006910167818361303 0.015088449531737774
10 0.25468904244817375 0.6649323621227887 0.005923000987166831 0.012486992715920915
10 0.23593287265547877 0.6662330905306972 0.006910167818361303 0.015088449531737774
10 0.5273938795656465 0.6454214360041624 0.005429417571569595 0.015088449531737774
10 0.2115004935834156 0.6683142559833507 0.005429417571569595 0.01404786680541103
10 0.22384007897334648 0.6677939646201873 0.006416584402764067 0.01404786680541103
10 0.22976307996051332 0.6670135275754423 0.006416584402764067 0.013527575442247659
10 0.24876604146100692 0.6657127991675338 0.005923000987166831 0.013007284079084287
1 0.5343040473840079 0.644901144640999 0.006416584402764067 0.016129032258064516
10 0.2731984205330701 0.6641519250780437 0.006416584402764067 0.013007284079084287
10 0.2611056268509378 0.6651925078043704 0.005923000987166831 0.015088449531737774
10 0.2665350444225074 0.6651925078043704 0.004935834155972359 0.013007284079084287
10 0.2169299111549852 0.6685744016649323 0.005429417571569595 0.013527575442247659
10 0.5249259624876604 0.6586888657648283 0.006416584402764067 0.015608740894901144
10 0.22729516288252716 0.6818418314255983 0.006416584402764067 0.015088449531737774
10 0.24234945705824285 0.6808012486992716 0.006910167818361303 0.01404786680541103
10 0.26850937808489633 0.6792403746097815 0.005923000987166831 0.015088449531737774
10 0.1961994076999013 0.6847034339229969 0.007403751233958539 0.013527575442247659
10 0.2559230009871668 0.6808012486992716 0.006416584402764067 0.011966701352757543
10 0.21915103652517276 0.6836628511966701 0.007897334649555774 0.014568158168574402
10 0.2746791707798618 0.6795005202913632 0.00839091806515301 0.014568158168574402
10 0.21174728529121423 0.6841831425598335 0.005923000987166831 0.01664932362122789
10 0.2502467917077986 0.681321540062435 0.005923000987166831 0.01404786680541103
10 0.2623395853899309 0.6805411030176899 0.007403751233958539 0.013527575442247659
10 0.20409674234945707 0.6852237252861603 0.007403751233958539 0.015608740894901144
10 0.2349457058242843 0.6831425598335068 0.008884501480750246 0.015608740894901144
2 0.7154491609081934 0.6542663891779397 0.253208292201382 0.06503642039542143
1 0.971618953603159 0.6355359001040582 0.016288252714708785 0.009885535900104058
10 0.5789733464955578 0.6727367325702394 0.01678183613030602 0.008324661810613945
1 0.5483711747285291 0.6758584807492196 0.012833168805528134 0.007284079084287201
1 0.5614511352418559 0.6750780437044746 0.012339585389930898 0.006763787721123829
5 0.42003948667324775 0.6925078043704475 0.16683119447186576 0.17065556711758584
1 0.9501480750246791 0.6620707596253902 0.013820335636722606 0.007804370447450572
2 0.9163376110562685 0.6646722164412071 0.06367226061204344 0.23881373569198752
10 0.9654491609081934 0.6618106139438086 0.013820335636722606 0.007284079084287201
1 0.10686080947680159 0.72840790842872 0.009378084896347482 0.015608740894901144
10 0.6256169792694966 0.691207075962539 0.01332675222112537 0.005723204994797087
10 0.9521224086870681 0.6703954214360042 0.013820335636722606 0.005723204994797087
1 0.9671767028627838 0.6693548387096774 0.015301085883514315 0.007804370447450572
10 0.6251233958538993 0.6969302809573361 0.01332675222112537 0.006763787721123829
1 0.3314412635735439 0.7245057232049948 0.01332675222112537 0.006763787721123829
1 0.049358341559723594 0.10353798126951093 0.027640671273445213 0.03329864724245578
1 0.6256169792694966 0.7055150884495317 0.016288252714708785 0.008324661810613945
2 0.7317374136229022 0.700312174817898 0.19693978282329713 0.054110301768990635
2 0.8672260612043435 0.690426638917794 0.05725567620927937 0.18834547346514047
10 0.6061204343534057 0.7133194588969823 0.007897334649555774 0.01664932362122789
1 0.6140177690029615 0.7125390218522373 0.005923000987166831 0.015088449531737774
1 0.5987166831194471 0.714360041623309 0.006910167818361303 0.015608740894901144
1 0.5175222112537019 0.7213839750260146 0.014313919052319843 0.008844953173777315
10 0.7053307008884502 0.05593132154006244 0.006910167818361303 0.01404786680541103
1 0.17127344521224086 0.7481789802289281 0.007897334649555774 0.015608740894901144
1 0.01209279368213228 0.1077003121748179 0.02418558736426456 0.029136316337148804
10 0.7161895360315893 0.05619146722164412 0.005923000987166831 0.014568158168574402
10 0.7295162882527148 0.055150884495317375 0.004935834155972359 0.014568158168574402
1 0.6031589338598223 0.7265868886576483 0.014807502467917079 0.007804370447450572
10 0.7413622902270484 0.055411030176899065 0.005923000987166831 0.016129032258064516
10 0.7534550839091807 0.05489073881373569 0.007403751233958539 0.01716961498439126
1 0.07601184600197433 0.7817377731529657 0.013820335636722606 0.008844953173777315
1 0.1732477788746298 0.7775754422476587 0.007897334649555774 0.015088449531737774
1 0.3341559723593287 0.7765348595213319 0.01678183613030602 0.009885535900104058
5 0.12487660414610069 0.7929240374609782 0.08489634748272458 0.11654526534859522
2 0.7282823297137216 0.7604058272632674 0.2226061204343534 0.0712799167533819
5 0.5207305034550839 0.07492195629552549 0.04343534057255676 0.03954214360041623
1 0.07847976307996052 0.8119146722164412 0.014807502467917079 0.008844953173777315
1 0.5081441263573544 0.7835587929240374 0.016288252714708785 0.009365244536940686
10 0.4244817374136229 0.7929240374609782 0.006910167818361303 0.01768990634755463
1 0.626604146100691 0.06997918834547347 0.010365251727541954 0.013007284079084287
10 0.6870681145113524 0.06607700312174818 0.005923000987166831 0.01768990634755463
1 0.593040473840079 0.07284079084287201 0.00839091806515301 0.01664932362122789
1 0.6051332675222113 0.07258064516129033 0.007897334649555774 0.016129032258064516
1 0.0851431391905232 0.8449531737773153 0.007403751233958539 0.015608740894901144
1 0.6152517275419546 0.07206035379812695 0.009378084896347482 0.015088449531737774
10 0.6581934846989141 0.06867845993756504 0.007403751233958539 0.014568158168574402
10 0.6697926949654491 0.06789802289281997 0.007897334649555774 0.018210197710718003
1 0.6374629812438302 0.07075962539021852 0.007403751233958539 0.014568158168574402
10 0.4615004935834156 0.08402705515088449 0.006910167818361303 0.01404786680541103
10 0.5592300098716683 0.07700312174817898 0.006910167818361303 0.01664932362122789
1 0.5760118460019743 0.07570239334027055 0.005923000987166831 0.016129032258064516
10 0.5688548864758144 0.0764828303850156 0.007403751233958539 0.01768990634755463
10 0.3751233958538993 0.09053069719042664 0.007897334649555774 0.01768990634755463
10 0.30231984205330703 0.09599375650364204 0.007403751233958539 0.016129032258064516
10 0.3654985192497532 0.09157127991675339 0.009378084896347482 0.015608740894901144
10 0.3980750246791708 0.08896982310093653 0.007403751233958539 0.015608740894901144
10 0.4146100691016782 0.08792924037460978 0.005923000987166831 0.015608740894901144
10 0.43163869693978285 0.08688865764828303 0.007403751233958539 0.014568158168574402
10 0.4494076999012833 0.08532778355879292 0.00839091806515301 0.014568158168574402
1 0.162142152023692 0.854318418314256 0.014313919052319843 0.008324661810613945
10 0.4726061204343534 0.08402705515088449 0.007403751233958539 0.01404786680541103
10 0.4846989141164857 0.08272632674297607 0.008884501480750246 0.014568158168574402
10 0.38277393879565647 0.09053069719042664 0.007403751233958539 0.014568158168574402
10 0.40399802566633763 0.08896982310093653 0.006416584402764067 0.01664932362122789
10 0.3904244817374136 0.09001040582726327 0.008884501480750246 0.015608740894901144
10 0.3526653504442251 0.09287200832466182 0.007403751233958539 0.01716961498439126
10 0.4412635735439289 0.08662851196670135 0.007897334649555774 0.015088449531737774
1 0.11451135241855874 0.86420395421436 0.007897334649555774 0.01664932362122789
10 0.12314906219151037 0.863423517169615 0.006416584402764067 0.015088449531737774
10 0.12882527147087858 0.8631633714880333 0.004935834155972359 0.013527575442247659
10 0.10612043435340572 0.8647242455775234 0.006910167818361303 0.014568158168574402
10 0.14881539980256664 0.8618626430801248 0.007403751233958539 0.016129032258064516
10 0.09871668311944719 0.8657648283038502 0.005923000987166831 0.015608740894901144
10 0.09254689042448173 0.8662851196670135 0.007403751233958539 0.014568158168574402
10 0.1359822309970385 0.86420395421436 0.00839091806515301 0.015608740894901144
10 0.30848963474827246 0.09651404786680541 0.005923000987166831 0.016129032258064516
1 0.06095755182625864 0.8712278876170656 0.026159921026653505 0.027575442247658687
5 0.8990621915103653 0.8124349635796045 0.057749259624876606 0.057752341311134235
10 0.3309476801579467 0.09599375650364204 0.007403751233958539 0.018210197710718003
2 0.5557749259624877 0.8506763787721123 0.6090819348469891 0.08428720083246619
10 0.9343534057255676 0.826222684703434 0.007897334649555774 0.01664932362122789
1 0.9415103652517275 0.8257023933402705 0.007403751233958539 0.01664932362122789
10 0.857847976307996 0.05801248699271592 0.007897334649555774 0.015088449531737774
2 0.9735932872655478 0.8277835587929241 0.051826258637709774 0.09157127991675339
10 0.7302566633761106 0.0691987513007284 0.006416584402764067 0.014568158168574402
10 0.7179170779861797 0.07049947970863683 0.004442250740375123 0.013007284079084287
10 0.7065646594274433 0.0712799167533819 0.006416584402764067 0.011446409989594173
10 0.8341559723593287 0.06191467221644121 0.005923000987166831 0.01664932362122789
10 0.7421026653504442 0.06971904266389178 0.004442250740375123 0.011446409989594173
10 0.7541954590325765 0.06867845993756504 0.004935834155972359 0.011446409989594173
1 0.07502467917077986 0.922996878251821 0.035538005923000986 0.04058272632674298
2 0.5612043435340572 0.8909989594172737 0.6169792694965449 0.08688865764828303
1 0.19151036525172754 0.9190946930280958 0.040473840078973346 0.04526534859521332
5 0.937314906219151 0.8665452653485952 0.007897334649555774 0.01716961498439126
10 0.9447186574531096 0.867585848074922 0.007897334649555774 0.015088449531737774
5 0.9032576505429417 0.8787721123829344 0.059230009871668314 0.05931321540062435
1 0.020236920039486673 0.12695109261186263 0.007897334649555774 0.015608740894901144
10 0.24062191510365252 0.9523933402705516 0.006416584402764067 0.015088449531737774
10 0.8521717670286278 0.909729448491155 0.014313919052319843 0.007804370447450572
10 0.22778874629812437 0.9630593132154006 0.004442250740375123 0.014568158168574402
10 0.8519249753208292 0.9175338189386056 0.013820335636722606 0.007804370447450572
1 0.22161895360315895 0.963579604578564 0.007897334649555774 0.014568158168574402
1 0.23420533070088845 0.963579604578564 0.00839091806515301 0.015608740894901144
2 0.5078973346495558 0.9438085327783559 0.5034550839091807 0.07492195629552549
1 0.23025666337611056 0.11316337148803329 0.006416584402764067 0.01404786680541103
10 0.8205824284304047 0.9255983350676379 0.006416584402764067 0.013527575442247659
10 0.8265054294175715 0.9250780437044746 0.005429417571569595 0.013527575442247659
10 0.9109081934846989 0.9193548387096774 0.007403751233958539 0.013527575442247659
10 0.8136722606120435 0.926378772112383 0.007403751233958539 0.01716961498439126
10 0.839832181638697 0.9248178980228928 0.007403751233958539 0.015088449531737774
10 0.8334155972359328 0.9253381893860562 0.007403751233958539 0.015088449531737774
1 0.9202862783810464 0.918834547346514 0.007403751233958539 0.015608740894901144
10 0.8857354392892399 0.9219562955254943 0.007403751233958539 0.014568158168574402
1 0.9027640671273445 0.9206555671175859 0.006910167818361303 0.015088449531737774
1 0.21865745310957552 0.9846514047866806 0.040473840078973346 0.029656607700312174
2 0.5088845014807503 0.9732049947970863 0.5044422507403751 0.05254942767950052
1 0.041954590325765054 0.14906347554630592 0.04244817374136229 0.04214360041623309
10 0.20853899308983218 0.1389177939646202 0.009378084896347482 0.015608740894901144
10 0.23099703849950642 0.13735691987513007 0.006910167818361303 0.015608740894901144
10 0.23914116485686082 0.1368366285119667 0.007403751233958539 0.014568158168574402
10 0.24555774925962487 0.13631633714880334 0.007403751233958539 0.01768990634755463
10 0.21915103652517276 0.13813735691987514 0.006910167818361303 0.015088449531737774
10 0.19817374136229024 0.1404786680541103 0.006416584402764067 0.014568158168574402
1 0.18484698914116485 0.1425598335067638 0.006416584402764067 0.01768990634755463
2 0.5811944718657454 0.11420395421436004 0.6056268509378084 0.0858480749219563
10 0.19126357354392892 0.14308012486992716 0.00839091806515301 0.018730489073881373
1 0.1895360315893386 0.16155046826222685 0.034550839091806514 0.04214360041623309
1 0.14733464955577494 0.16571279916753381 0.033070088845014806 0.03694068678459938
5 0.9318854886475815 0.11290322580645161 0.0562685093780849 0.062434963579604576
5 0.24506416584402765 0.18262226847034338 0.043928923988154 0.04266389177939646
1 0.2724580454096742 0.1896462018730489 0.006910167818361303 0.016129032258064516
1 0.0631786771964462 0.2099375650364204 0.04343534057255676 0.04422476586888657
1 0.14387956564659427 0.20499479708636836 0.03603158933859822 0.047866805411030174
1 0.184106614017769 0.20343392299687826 0.040473840078973346 0.043704474505723206
2 0.6280848963474828 0.1755983350676379 0.37956564659427444 0.07440166493236212
10 0.033070088845014806 0.22008324661810613 0.006910167818361303 0.01664932362122789
10 0.02171767028627838 0.2211238293444329 0.005923000987166831 0.014568158168574402
10 0.22704837117472854 0.21227887617065558 0.006910167818361303 0.014568158168574402
10 0.21915103652517276 0.2133194588969823 0.006910167818361303 0.014568158168574402
1 0.2613524185587364 0.2211238293444329 0.00839091806515301 0.018730489073881373
10 0.2773938795656466 0.22034339229968783 0.007897334649555774 0.018210197710718003
10 0.2694965449160908 0.22164412070759626 0.006910167818361303 0.019771071800208116
10 0.09254689042448173 0.24765868886576484 0.007403751233958539 0.015608740894901144
1 0.9550839091806516 0.18522372528616024 0.014807502467917079 0.009365244536940686
10 0.10019743336623889 0.24895941727367327 0.007897334649555774 0.01716961498439126
10 0.31836130306021715 0.23699271592091573 0.008884501480750246 0.013007284079084287
10 0.32576505429417574 0.23673257023933403 0.008884501480750246 0.015608740894901144
10 0.3423000987166831 0.2356919875130073 0.00839091806515301 0.015608740894901144
10 0.33316880552813427 0.23647242455775233 0.005923000987166831 0.01404786680541103
10 0.7045903257650543 0.2099375650364204 0.00839091806515301 0.016129032258064516
10 0.7694965449160909 0.2060353798126951 0.006910167818361303 0.01768990634755463
10 0.7788746298124383 0.20551508844953173 0.01085883514313919 0.02081165452653486
10 0.3353899308983218 0.25026014568158167 0.007403751233958539 0.013527575442247659
10 0.34180651530108586 0.2497398543184183 0.00839091806515301 0.013527575442247659
10 0.35389930898321814 0.2505202913631634 0.006910167818361303 0.01716961498439126
10 0.3203356367226061 0.2533818938605619 0.007897334649555774 0.014568158168574402
10 0.32773938795656465 0.25286160249739853 0.007897334649555774 0.013527575442247659
10 0.3600691016781836 0.25104058272632673 0.00839091806515301 0.015088449531737774
10 0.18731490621915103 0.04630593132154006 0.014313919052319843 0.008324661810613945
10 0.7070582428430404 0.2297086368366285 0.00839091806515301 0.015088449531737774
5 0.8615498519249754 0.22684703433922998 0.08933859822309971 0.1987513007284079
5 0.9383020730503455 0.222684703433923 0.05725567620927937 0.062434963579604576
10 0.4062191510365252 0.2695109261186264 0.008884501480750246 0.018730489073881373
1 0.30824284304047384 0.2885015608740895 0.007403751233958539 0.01716961498439126
1 0.2946692991115499 0.2934443288241415 0.005923000987166831 0.011446409989594173
2 0.6372161895360315 0.27055150884495316 0.3741362290227048 0.07075962539021852
1 0.4220138203356367 0.28902185223725285 0.014807502467917079 0.008844953173777315
10 0.4422507403751234 0.2879812695109261 0.014807502467917079 0.008844953173777315
2 0.5737907206317868 0.03303850156087409 0.6095755182625864 0.06607700312174818
10 0.4437314906219151 0.2957856399583767 0.01678183613030602 0.007804370447450572
10 0.4442250740375123 0.3035900104058273 0.01579466929911155 0.006763787721123829
10 0.26184600197433366 0.04630593132154006 0.014313919052319843 0.008324661810613945
10 0.4461994076999013 0.3082726326742976 0.017769002961500493 0.004682622268470343
2 0.12561697926949655 0.05697190426638918 0.11204343534057255 0.032778355879292405
10 0.4449654491609082 0.31399583766909467 0.015301085883514315 0.008844953173777315
10 0.48000987166831194 0.3142559833506764 0.0192497532082922 0.01040582726326743
10 0.44570582428430405 0.32232049947970864 0.013820335636722606 0.007804370447450572
10 0.7892398815399803 0.2976066597294485 0.007897334649555774 0.014568158168574402
10 0.48025666337611056 0.3225806451612903 0.014807502467917079 0.007284079084287201
10 0.461253701875617 0.3285639958376691 0.0192497532082922 0.007804370447450572
1 0.09304047384007898 0.3582206035379813 0.005429417571569595 0.01404786680541103
1 0.06934846989141165 0.35978147762747137 0.006416584402764067 0.01404786680541103
1 0.16855873642645608 0.3524973985431842 0.006416584402764067 0.013007284079084287
1 0.1029121421520237 0.3577003121748179 0.005429417571569595 0.013007284079084287
1 0.08168805528134254 0.3595213319458897 0.007403751233958539 0.01664932362122789
1 0.1428923988153998 0.3553590010405827 0.007403751233958539 0.011446409989594173
1 0.12117472852912142 0.35665972944849117 0.005429417571569595 0.013007284079084287
1 0.15350444225074036 0.35457856399583765 0.006910167818361303 0.013007284079084287
1 0.13030602171767028 0.35665972944849117 0.006910167818361303 0.013007284079084287
10 0.06194471865745311 0.3618626430801249 0.007403751233958539 0.011966701352757543
1 0.18163869693978282 0.35796045785639957 0.012833168805528134 0.008324661810613945
10 0.461253701875617 0.3376690946930281 0.01826258637709773 0.008324661810613945
10 0.7119940769990128 0.3207596253902185 0.00839091806515301 0.016129032258064516
1 0.7909674234945706 0.3155567117585848 0.009378084896347482 0.016129032258064516
10 0.065893385982231 0.06425598335067638 0.006416584402764067 0.01716961498439126
1 0.05898321816386969 0.06503642039542143 0.007403751233958539 0.015608740894901144
1 0.1813919052319842 0.36758584807492195 0.014313919052319843 0.007804370447450572
1 0.06688055281342548 0.38423517169614985 0.014313919052319843 0.006763787721123829
1 0.43879565646594276 0.3600416233090531 0.007897334649555774 0.01768990634755463
1 0.06934846989141165 0.39334027055150883 0.015301085883514315 0.008324661810613945
1 0.9296643632773939 0.3345473465140479 0.007403751233958539 0.014568158168574402
5 0.359822309970385 0.3779916753381894 0.15695952615992104 0.16805411030176898
1 0.18484698914116485 0.39203954214360043 0.012339585389930898 0.005723204994797087
2 0.6419052319842053 0.36628511966701355 0.3706811451135242 0.06347554630593132
10 0.18460019743336623 0.4006243496357961 0.012833168805528134 0.007284079084287201
1 0.06959526159921027 0.41155046826222685 0.013820335636722606 0.007284079084287201
1 0.18435340572556763 0.4107700312174818 0.014313919052319843 0.007804370447450572
5 0.029861796643632775 0.07284079084287201 0.047877591312931886 0.04162330905306972
1 0.07107601184600197 0.4237773152965661 0.014807502467917079 0.008844953173777315
10 0.44151036525172754 0.40036420395421435 0.007403751233958539 0.01716961498439126
1 0.07132280355380059 0.43600416233090533 0.014313919052319843 0.006243496357960458
1 0.18731490621915103 0.4274193548387097 0.012339585389930898 0.006763787721123829
1 0.1870681145113524 0.4375650364203954 0.012833168805528134 0.007284079084287201
1 0.07354392892398816 0.4482310093652445 0.014807502467917079 0.008844953173777315
10 0.9721125370187562 0.38423517169614985 0.00839091806515301 0.01716961498439126
10 0.7778874629812438 0.40036420395421435 0.007897334649555774 0.016129032258064516
1 0.1885488647581441 0.4482310093652445 0.01085883514313919 0.005723204994797087
10 0.26307996051332677 0.059053069719042665 0.014807502467917079 0.008844953173777315
5 0.9076999012833169 0.39672216441207075 0.12537018756169793 0.11082206035379813
10 0.07206317867719644 0.4596774193548387 0.013820335636722606 0.007804370447450572
10 0.7181638696939783 0.41389177939646205 0.007897334649555774 0.01404786680541103
1 0.18830207305034552 0.4596774193548387 0.01332675222112537 0.006763787721123829
1 0.07453109575518263 0.4695629552549428 0.014807502467917079 0.007804370447450572
1 0.1717670286278381 0.4695629552549428 0.006910167818361303 0.01404786680541103
1 0.15029615004935834 0.47164412070759626 0.006416584402764067 0.01404786680541103
1 0.11920039486673248 0.4737252861602497 0.007403751233958539 0.015088449531737774
1 0.19027640671273446 0.4690426638917794 0.012339585389930898 0.005723204994797087
1 0.16090819348469892 0.4708636836628512 0.005923000987166831 0.013527575442247659
1 0.1414116485686081 0.47294484911550466 0.005429417571569595 0.013527575442247659
1 0.09304047384007898 0.47658688865764826 0.007403751233958539 0.014568158168574402
1 0.13153998025666339 0.47398543184183145 0.006416584402764067 0.015608740894901144
1 0.10636722606120434 0.4760665972944849 0.005429417571569595 0.013527575442247659
10 0.07428430404738401 0.4804890738813736 0.015301085883514315 0.007804370447450572
1 0.40029615004935837 0.4630593132154006 0.007897334649555774 0.01664932362122789
1 0.3763573543928924 0.46982310093652446 0.00839091806515301 0.01664932362122789
2 0.648568608094768 0.45525494276795003 0.3790720631786772 0.06555671175858481
10 0.9753208292201382 0.440426638917794 0.009871668311944718 0.016129032258064516
1 0.9703849950641659 0.459417273673257 0.005923000987166831 0.013527575442247659