1 0.85 0.816044776119403 0.00962962962962963 0.017164179104477612
2 0.9070370370370371 0.8343283582089552 0.05555555555555555 0.11194029850746269
1 0.8477777777777777 0.8343283582089552 0.00962962962962963 0.016417910447761194
1 0.8577777777777778 0.8522388059701492 0.016296296296296295 0.023880597014925373
1 0.8414814814814815 0.8641791044776119 0.014814814814814815 0.01791044776119403
10 0.044814814814814814 0.7302238805970149 0.022962962962962963 0.012686567164179104
1 0.10962962962962963 0.7470149253731343 0.10074074074074074 0.05970149253731343
10 0.43851851851851853 0.8235074626865672 0.011851851851851851 0.02164179104477612
10 0.42444444444444446 0.8223880597014925 0.013333333333333334 0.019402985074626865
1 0.08925925925925926 0.015298507462686567 0.028888888888888888 0.030597014925373135
10 0.48 0.8429104477611941 0.011851851851851851 0.020149253731343283
10 0.4922222222222222 0.844776119402985 0.011111111111111112 0.020895522388059702
1 0.3088888888888889 0.8149253731343283 0.01925925925925926 0.010447761194029851
12 0.34814814814814815 0.8272388059701492 0.025185185185185185 0.030597014925373135
1 0.5062962962962962 0.8555970149253731 0.014074074074074074 0.02164179104477612
1 0.5355555555555556 0.8611940298507462 0.013333333333333334 0.022388059701492536
10 0.11370370370370371 0.7895522388059701 0.012592592592592593 0.019402985074626865
10 0.2037037037037037 0.8052238805970149 0.023703703703703703 0.016417910447761194
10 0.39037037037037037 0.8399253731343284 0.017777777777777778 0.011194029850746268
1 0.40925925925925927 0.8466417910447761 0.014074074074074074 0.02164179104477612
1 0.44814814814814813 0.857089552238806 0.017777777777777778 0.027611940298507463
10 0.39111111111111113 0.8488805970149254 0.017777777777777778 0.011194029850746268
10 0.1988888888888889 0.8171641791044776 0.02 0.011940298507462687
10 0.23074074074074075 0.8227611940298507 0.018518518518518517 0.012686567164179104
1 0.4603703703703704 0.8634328358208955 0.014074074074074074 0.019402985074626865
10 0.23555555555555555 0.03395522388059701 0.011851851851851851 0.018656716417910446
1 0.6022222222222222 0.8970149253731343 0.08296296296296296 0.07761194029850746
2 0.012962962962962963 0.7690298507462686 0.025925925925925925 0.2902985074626866
1 0.4014814814814815 0.8634328358208955 0.01925925925925926 0.014925373134328358
1 0.17074074074074075 0.8223880597014925 0.00962962962962963 0.016417910447761194
10 0.12296296296296297 0.014925373134328358 0.01037037037037037 0.01791044776119403
10 0.4174074074074074 0.06791044776119402 0.018518518518518517 0.010447761194029851
12 0.21222222222222223 0.03171641791044776 0.02148148148148148 0.024626865671641792
1 0.22592592592592592 0.8492537313432836 0.017777777777777778 0.014925373134328358
1 0.5355555555555556 0.9055970149253731 0.013333333333333334 0.023134328358208955
1 0.5637037037037037 0.9171641791044776 0.02074074074074074 0.014925373134328358
5 0.1922222222222222 0.8522388059701492 0.042222222222222223 0.05522388059701493
5 0.4981481481481482 0.9100746268656716 0.05851851851851852 0.06044776119402985
10 0.9044444444444445 0.15671641791044777 0.01037037037037037 0.019402985074626865
10 0.07296296296296297 0.8417910447761194 0.02 0.013432835820895522
1 0.5644444444444444 0.9305970149253732 0.025185185185185185 0.016417910447761194
1 0.39222222222222225 0.9070895522388059 0.02 0.015671641791044775
10 0.42814814814814817 0.9175373134328358 0.017777777777777778 0.011194029850746268
1 0.53 0.9361940298507463 0.014074074074074074 0.023134328358208955
10 0.06555555555555556 0.8548507462686568 0.027407407407407408 0.015671641791044775
1 0.6874074074074074 0.966044776119403 0.08296296296296296 0.0664179104477612
10 0.37703703703703706 0.9197761194029851 0.017777777777777778 0.011194029850746268
10 0.4262962962962963 0.9294776119402985 0.018518518518518517 0.011194029850746268
10 0.21925925925925926 0.8947761194029851 0.01925925925925926 0.011940298507462687
1 0.292962962962963 0.9082089552238806 0.02148148148148148 0.014925373134328358
1 0.39444444444444443 0.926865671641791 0.015555555555555555 0.022388059701492536
10 0.1774074074074074 0.8888059701492538 0.02 0.011940298507462687
10 0.37407407407407406 0.9287313432835821 0.017777777777777778 0.011194029850746268
12 0.3340740740740741 0.9227611940298508 0.028148148148148148 0.03208955223880597
10 0.4225925925925926 0.9425373134328359 0.02 0.011940298507462687
10 0.17629629629629628 0.8985074626865671 0.023703703703703703 0.013432835820895522
1 0.6003703703703703 0.9671641791044776 0.08074074074074074 0.06417910447761194
1 0.2162962962962963 0.9104477611940298 0.017777777777777778 0.011940298507462687
1 0.512962962962963 0.9701492537313433 0.017037037037037038 0.023880597014925373
1 0.4725925925925926 0.9634328358208956 0.013333333333333334 0.023880597014925373
1 0.4848148148148148 0.966044776119403 0.015555555555555555 0.024626865671641792
1 0.4577777777777778 0.9615671641791045 0.016296296296296295 0.024626865671641792
10 0.44074074074074077 0.9731343283582089 0.017777777777777778 0.011940298507462687
10 0.3725925925925926 0.06902985074626866 0.017777777777777778 0.009701492537313432
10 0.3925925925925926 0.07276119402985075 0.01925925925925926 0.011194029850746268
10 0.23222222222222222 0.9384328358208955 0.017037037037037038 0.011194029850746268
10 0.3622222222222222 0.9615671641791045 0.02074074074074074 0.012686567164179104
10 0.2537037037037037 0.9425373134328359 0.018518518518518517 0.011940298507462687
1 0.3074074074074074 0.9559701492537314 0.008888888888888889 0.01791044776119403
12 0.2877777777777778 0.9552238805970149 0.03037037037037037 0.029850746268656716
10 0.19740740740740742 0.9485074626865672 0.00962962962962963 0.010447761194029851
1 0.20925925925925926 0.9507462686567164 0.00962962962962963 0.010447761194029851
12 0.22740740740740742 0.9522388059701492 0.023703703703703703 0.016417910447761194
12 0.15222222222222223 0.058208955223880594 0.022962962962962963 0.025373134328358207
1 0.6262962962962964 0.1783582089552239 0.07481481481481482 0.07611940298507462
10 0.8655555555555555 0.24477611940298508 0.02148148148148148 0.011940298507462687
1 0.2625925925925926 0.15335820895522387 0.07037037037037037 0.08283582089552238
1 0.6685185185185185 0.24813432835820895 0.052592592592592594 0.057462686567164176
1 0.7311111111111112 0.2652985074626866 0.06814814814814815 0.06343283582089553
1 0.5507407407407408 0.23470149253731343 0.06592592592592593 0.06791044776119402
1 0.4955555555555556 0.225 0.03111111111111111 0.05895522388059701
1 0.29518518518518516 0.21567164179104478 0.07629629629629629 0.07761194029850746
1 0.1474074074074074 0.2 0.13333333333333333 0.08208955223880597
1 0.3685185185185185 0.24029850746268658 0.03925925925925926 0.06119402985074627
1 0.8133333333333334 0.38544776119402985 0.0637037037037037 0.04552238805970149
1 0.8607407407407407 0.40932835820895525 0.056296296296296296 0.07985074626865672
10 0.5462962962962963 0.3541044776119403 0.011111111111111112 0.020149253731343283
1 0.14444444444444443 0.31156716417910446 0.06814814814814815 0.08432835820895522
10 0.33 0.34701492537313433 0.011111111111111112 0.01791044776119403
10 0.3762962962962963 0.3623134328358209 0.01925925925925926 0.012686567164179104
1 0.21851851851851853 0.33805970149253733 0.09185185185185185 0.04626865671641791
10 0.3540740740740741 0.3776119402985075 0.014814814814814815 0.020895522388059702
10 0.34 0.3761194029850746 0.014814814814814815 0.019402985074626865
10 0.49 0.40373134328358207 0.017037037037037038 0.010447761194029851
1 0.8385185185185186 0.46567164179104475 0.034074074074074076 0.020895522388059702
10 0.4040740740740741 0.39925373134328357 0.018518518518518517 0.013432835820895522
1 0.30518518518518517 0.39477611940298507 0.011851851851851851 0.020895522388059702
2 0.9629629629629629 0.5186567164179104 0.04888888888888889 0.09402985074626866
10 0.3811111111111111 0.42276119402985074 0.012592592592592593 0.02164179104477612
10 0.34185185185185185 0.4164179104477612 0.017037037037037038 0.023880597014925373
10 0.5214814814814814 0.4507462686567164 0.017777777777777778 0.010447761194029851
1 0.7751851851851852 0.49701492537313435 0.06888888888888889 0.08955223880597014
10 0.31851851851851853 0.41940298507462687 0.01925925925925926 0.011940298507462687
10 0.2414814814814815 0.40634328358208954 0.02074074074074074 0.012686567164179104
2 0.04555555555555556 0.3798507462686567 0.07777777777777778 0.1044776119402985
10 0.2985185185185185 0.42574626865671644 0.01037037037037037 0.015671641791044775
10 0.2388888888888889 0.41902985074626864 0.02 0.012686567164179104
10 0.3718518518518519 0.44328358208955226 0.022222222222222223 0.014925373134328358
10 0.45666666666666667 0.4634328358208955 0.008148148148148147 0.016417910447761194
10 0.44481481481481483 0.4615671641791045 0.011111111111111112 0.017164179104477612
10 0.542962962962963 0.48208955223880595 0.016296296296296295 0.010447761194029851
1 0.8966666666666666 0.564179104477612 0.06 0.07761194029850746
10 0.44 0.04664179104477612 0.013333333333333334 0.020149253731343283
10 0.21666666666666667 0.008208955223880597 0.018518518518518517 0.013432835820895522
12 0.42 0.044402985074626866 0.025185185185185185 0.026119402985074626
12 0.39296296296296296 0.04141791044776119 0.022962962962962963 0.026119402985074626
1 0.8555555555555555 0.7861940298507463 0.01037037037037037 0.018656716417910446
1 0.8662962962962963 0.8033582089552239 0.012592592592592593 0.020149253731343283