10 0.39671886651752425 0.044906166219839144 0.007457121551081283 0.004021447721179625
1 0.24347501864280388 0.44682752457551383 0.002982848620432513 0.01161751563896336
10 0.2912005965697241 0.44794459338695264 0.002982848620432513 0.008489722966934763
1 0.10831469052945562 0.45107238605898126 0.0070842654735272185 0.004915102770330653
1 0.3117076808351976 0.0451295799821269 0.0022371364653243847 0.00804289544235925
10 0.302386278896346 0.045576407506702415 0.0022371364653243847 0.0071492403932082215
10 0.8176733780760627 0.45263628239499554 0.00820283370618941 0.0035746201966041107
1 0.8543997017151379 0.4542001787310098 0.004847129008202834 0.004021447721179625
1 0.44220730797912006 0.45554066130473636 0.006711409395973154 0.002234137622877569
1 0.3186055182699478 0.04579982126899017 0.002609992542878449 0.007596067917783735
1 0.4077181208053691 0.045576407506702415 0.004847129008202834 0.0035746201966041107
10 0.2912005965697241 0.04579982126899017 0.0022371364653243847 0.007596067917783735
1 0.3055555555555556 0.45822162645218945 0.00633855331841909 0.004915102770330653
10 0.9323266219239373 0.45822162645218945 0.0070842654735272185 0.00580875781948168
1 0.8178598061148397 0.459562109025916 0.0070842654735272185 0.004915102770330653
10 0.30648769574944074 0.04579982126899017 0.0022371364653243847 0.006702412868632708
10 0.8553318419090231 0.4606791778373548 0.005965697240865026 0.0035746201966041107
1 0.44164802386278895 0.46112600536193027 0.005592841163310962 0.002680965147453083
10 0.29008202833706187 0.46201966041108133 0.005219985085756898 0.0035746201966041107
10 0.29642058165548096 0.04624664879356569 0.0037285607755406414 0.010277033065236819
1 0.3238255033557047 0.04691689008042895 0.002609992542878449 0.008936550491510277
1 0.17114093959731544 0.46671134941912423 0.013422818791946308 0.014745308310991957
10 0.4412751677852349 0.46671134941912423 0.005592841163310962 0.002234137622877569
10 0.8174869500372856 0.46671134941912423 0.008575689783743476 0.004021447721179625
1 0.35253542132736765 0.4671581769436997 0.002609992542878449 0.007596067917783735
1 0.5132363907531693 0.467828418230563 0.0070842654735272185 0.0035746201966041107
10 0.8540268456375839 0.4682752457551385 0.005592841163310962 0.0035746201966041107
10 0.29008202833706187 0.4689454870420018 0.006711409395973154 0.003127792672028597
1 0.21961222967934377 0.4693923145665773 0.0022371364653243847 0.00938337801608579
1 0.24328859060402686 0.47140303842716713 0.004101416853094705 0.009830205540661306
1 0.44090231170768085 0.4729669347631814 0.00633855331841909 0.002234137622877569
10 0.8176733780760627 0.4749776586237712 0.005965697240865026 0.0035746201966041107
10 0.2898956002982849 0.4749776586237712 0.00633855331841909 0.002680965147453083
12 0.3042505592841163 0.4772117962466488 0.011185682326621925 0.022341376228775692
10 0.5130499627143923 0.4783288650580876 0.007457121551081283 0.004915102770330653
10 0.44108873974645785 0.4787756925826631 0.005219985085756898 0.003127792672028597
10 0.2910141685309471 0.48056300268096513 0.00633855331841909 0.003127792672028597
10 0.3516032811334825 0.4823503127792672 0.0037285607755406414 0.00938337801608579
10 0.168530947054437 0.4839142091152815 0.0022371364653243847 0.008936550491510277
10 0.44164802386278895 0.48458445040214476 0.005592841163310962 0.002234137622877569
10 0.2910141685309471 0.4865951742627346 0.004847129008202834 0.002680965147453083
10 0.9332587621178225 0.48815907059874886 0.007457121551081283 0.00580875781948168
1 0.49962714392244595 0.48815907059874886 0.002982848620432513 0.007596067917783735
10 0.49440715883668906 0.48838248436103665 0.002982848620432513 0.008936550491510277
1 0.10756897837434751 0.4886058981233244 0.007829977628635347 0.002234137622877569
10 0.44146159582401195 0.49039320822162646 0.005965697240865026 0.002234137622877569
1 0.03970917225950783 0.49106344950848974 0.00633855331841909 0.005361930294906166
1 0.27815063385533184 0.048927613941018765 0.007457121551081283 0.004021447721179625
10 0.2354586129753915 0.49463806970509383 0.004847129008202834 0.008936550491510277
10 0.9334451901565995 0.49463806970509383 0.007829977628635347 0.004468275245755138
1 0.4405294556301268 0.4962019660411081 0.005592841163310962 0.003127792672028597
1 0.8555182699478001 0.4970956210902592 0.00633855331841909 0.002234137622877569
1 0.8178598061148397 0.49776586237712245 0.0070842654735272185 0.004468275245755138
1 0.3523489932885906 0.49776586237712245 0.0022371364653243847 0.010723860589812333
10 0.16778523489932887 0.4982126899016979 0.0037285607755406414 0.010723860589812333
1 0.2988441461595824 0.4988829311885612 0.009321401938851604 0.00580875781948168
1 0.3348247576435496 0.050044682752457555 0.005965697240865026 0.0035746201966041107
10 0.9332587621178225 0.5006702412868632 0.006711409395973154 0.003127792672028597
10 0.22296793437733034 0.5013404825737265 0.0037285607755406414 0.00804289544235925
10 0.21793437733035048 0.501787310098302 0.002609992542878449 0.009830205540661306
12 0.4912378821774795 0.5022341376228776 0.00633855331841909 0.01161751563896336
1 0.44146159582401195 0.5029043789097408 0.006711409395973154 0.002234137622877569
1 0.5098806860551827 0.5033512064343163 0.002609992542878449 0.00938337801608579
10 0.5044742729306487 0.5037980339588919 0.0022371364653243847 0.007596067917783735
10 0.4992542878448919 0.5040214477211796 0.0022371364653243847 0.008936550491510277
10 0.9341909023117076 0.506478999106345 0.0070842654735272185 0.004021447721179625
1 0.4407158836689038 0.5080428954423593 0.005219985085756898 0.002680965147453083
1 0.3640939597315436 0.5116175156389634 0.016778523489932886 0.016979445933869526
1 0.42188665175242357 0.5122877569258266 0.015287099179716629 0.019213583556747096
10 0.9347501864280388 0.5122877569258266 0.006711409395973154 0.003127792672028597
10 0.4399701715137957 0.5134048257372654 0.0044742729306487695 0.0017873100983020554
1 0.3926174496644295 0.5136282394995532 0.01715137956748695 0.020107238605898123
10 0.18586875466070096 0.5138516532618409 0.003355704697986577 0.008936550491510277
10 0.19052945563012677 0.5142984807864165 0.0022371364653243847 0.00804289544235925
10 0.19574944071588368 0.5145218945487042 0.0022371364653243847 0.008489722966934763
1 0.20134228187919462 0.5149687220732797 0.0022371364653243847 0.008489722966934763
1 0.31282624906785983 0.5151921358355674 0.014914243102162566 0.00804289544235925
10 0.2203579418344519 0.515638963360143 0.002982848620432513 0.008936550491510277
10 0.49403430275913496 0.5160857908847185 0.0022371364653243847 0.0071492403932082215
10 0.4893736017897092 0.5167560321715817 0.004847129008202834 0.008489722966934763
10 0.4992542878448919 0.5169794459338696 0.0022371364653243847 0.0071492403932082215
10 0.5031692766592095 0.5169794459338696 0.0018642803877703207 0.00804289544235925
10 0.9321401938851603 0.5189901697944593 0.006711409395973154 0.004021447721179625
10 0.4407158836689038 0.5203306523681859 0.0037285607755406414 0.002234137622877569
1 0.3245712155108128 0.5243521000893655 0.002609992542878449 0.007596067917783735
10 0.9336316181953765 0.5243521000893655 0.005965697240865026 0.004915102770330653
1 0.331282624906786 0.5288203753351206 0.004101416853094705 0.01385165326184093
10 0.2099179716629381 0.5297140303842717 0.002982848620432513 0.007596067917783735
10 0.18698732289336317 0.5297140303842717 0.004101416853094705 0.00938337801608579
10 0.22184936614466816 0.5303842716711349 0.0022371364653243847 0.008936550491510277
10 0.9334451901565995 0.5306076854334227 0.005592841163310962 0.004021447721179625
10 0.19239373601789708 0.5306076854334227 0.0037285607755406414 0.008489722966934763
10 0.20451155853840416 0.5306076854334227 0.004847129008202834 0.00938337801608579
1 0.40678598061148397 0.053395889186773904 0.0044742729306487695 0.0013404825737265416
1 0.3055555555555556 0.5328418230563002 0.0070842654735272185 0.003127792672028597
1 0.31655480984340045 0.5335120643431636 0.005965697240865026 0.0035746201966041107
10 0.430089485458613 0.5341823056300268 0.00633855331841909 0.003127792672028597
10 0.9353094705443699 0.5355227882037533 0.00633855331841909 0.004021447721179625
1 0.30648769574944074 0.5388739946380697 0.0037285607755406414 0.002680965147453083
10 0.4299030574198359 0.5397676496872207 0.005965697240865026 0.002680965147453083
1 0.48974645786726323 0.5399910634495085 0.008575689783743476 0.004915102770330653
1 0.3182326621923937 0.5402144772117963 0.007829977628635347 0.002680965147453083
1 0.44164802386278895 0.5402144772117963 0.004847129008202834 0.002680965147453083
1 0.49962714392244595 0.540437890974084 0.006711409395973154 0.003127792672028597
10 0.39504101416853094 0.054289544235924934 0.003355704697986577 0.004021447721179625
10 0.3284862043251305 0.5435656836461126 0.006711409395973154 0.004021447721179625
1 0.4412751677852349 0.5460232350312779 0.00633855331841909 0.0017873100983020554
10 0.43027591349739003 0.5462466487935657 0.007457121551081283 0.003127792672028597
10 0.2701342281879195 0.5460232350312779 0.009321401938851604 0.0035746201966041107
1 0.49962714392244595 0.5464700625558534 0.005219985085756898 0.0035746201966041107
1 0.4888143176733781 0.546916890080429 0.005219985085756898 0.002680965147453083
10 0.209358687546607 0.5473637176050045 0.003355704697986577 0.008936550491510277
10 0.21532438478747204 0.5473637176050045 0.003355704697986577 0.00804289544235925
10 0.2783370618941089 0.5498212689901698 0.0018642803877703207 0.007596067917783735
1 0.2477628635346756 0.5509383378016086 0.002609992542878449 0.0071492403932082215
10 0.44034302759134974 0.5516085790884718 0.005965697240865026 0.002234137622877569
12 0.3849739000745712 0.5516085790884718 0.030947054436987323 0.03261840929401251
10 0.4308351976137211 0.5518319928507596 0.005592841163310962 0.0017873100983020554
1 0.6657345264727815 0.5547363717605005 0.005592841163310962 0.003127792672028597
1 0.44034302759134974 0.5576407506702413 0.005965697240865026 0.002680965147453083
10 0.43102162565249813 0.5576407506702413 0.005965697240865026 0.002680965147453083
1 0.33501118568232663 0.05563002680965148 0.00633855331841909 0.003127792672028597
1 0.2701342281879195 0.5612153708668454 0.0070842654735272185 0.01519213583556747
1 0.6664802386278896 0.5618856121537087 0.00633855331841909 0.003127792672028597
10 0.2843027591349739 0.5627792672028596 0.0018642803877703207 0.008489722966934763
1 0.27982848620432516 0.05630026809651475 0.005592841163310962 0.0035746201966041107
10 0.2898956002982849 0.5630026809651475 0.002609992542878449 0.0071492403932082215
10 0.2110365398956003 0.563449508489723 0.002982848620432513 0.009830205540661306
1 0.430462341536167 0.5641197497765862 0.00633855331841909 0.003127792672028597
1 0.24720357941834453 0.5641197497765862 0.0014914243102162564 0.010277033065236819
1 0.2524235645041014 0.564343163538874 0.0022371364653243847 0.008936550491510277
10 0.29511558538404176 0.564343163538874 0.002609992542878449 0.0071492403932082215
1 0.2777777777777778 0.5647899910634495 0.002982848620432513 0.010723860589812333
1 0.21700223713646533 0.565236818588025 0.002982848620432513 0.009830205540661306
1 0.1970544369873229 0.5656836461126006 0.003355704697986577 0.010723860589812333
10 0.9108873974645787 0.5690348525469169 0.0044742729306487695 0.008489722966934763
10 0.8998881431767338 0.5692582663092046 0.0018642803877703207 0.009830205540661306
10 0.9179716629381058 0.5694816800714924 0.0022371364653243847 0.006702412868632708
10 0.9056674123788218 0.5697050938337802 0.002982848620432513 0.0071492403932082215
1 0.49571215510812827 0.5703753351206434 0.004847129008202834 0.011170688114387846
1 0.48825503355704697 0.5708221626452189 0.004101416853094705 0.012064343163538873
1 0.6659209545115585 0.5712689901697945 0.006711409395973154 0.003127792672028597
1 0.3359433258762118 0.572609472743521 0.0037285607755406414 0.011170688114387846
10 0.3227069351230425 0.5730563002680965 0.003355704697986577 0.00938337801608579
1 0.31133482475764357 0.5732797140303842 0.0022371364653243847 0.010723860589812333
1 0.3169276659209545 0.5739499553172476 0.002982848620432513 0.011170688114387846
1 0.32997762863534674 0.5746201966041108 0.0022371364653243847 0.009830205540661306
1 0.6649888143176734 0.5764075067024129 0.00633855331841909 0.002680965147453083
10 0.03337061894108874 0.5784182305630027 0.010067114093959731 0.004021447721179625
10 0.9060402684563759 0.5819928507596068 0.0037285607755406414 0.008489722966934763
10 0.9000745712155108 0.5833333333333334 0.0022371364653243847 0.00938337801608579
10 0.03262490678598061 0.5837801608579088 0.00633855331841909 0.003127792672028597
1 0.3687546607009694 0.5846738159070599 0.005965697240865026 0.012957998212689902
1 0.5438105891126025 0.5866845397676497 0.002609992542878449 0.009830205540661306
1 0.5385906040268457 0.5864611260053619 0.0018642803877703207 0.00938337801608579
10 0.6183818046234154 0.587354781054513 0.0018642803877703207 0.00938337801608579
10 0.5728933631618195 0.5878016085790885 0.002609992542878449 0.00938337801608579
1 0.6116703952274422 0.5884718498659517 0.002609992542878449 0.008936550491510277
1 0.032252050708426544 0.5895889186773905 0.008575689783743476 0.003127792672028597
1 0.1884787472035794 0.590929401251117 0.002609992542878449 0.008489722966934763
1 0.19854586129753915 0.5940571939231457 0.005592841163310962 0.003127792672028597
10 0.19873228933631618 0.599195710455764 0.005219985085756898 0.0035746201966041107
10 0.5378448918717376 0.6005361930294906 0.002609992542878449 0.00804289544235925
10 0.5434377330350485 0.6007596067917784 0.002609992542878449 0.006702412868632708
1 0.5732662192393736 0.6014298480786416 0.0018642803877703207 0.0071492403932082215
1 0.6172632363907532 0.6025469168900804 0.003355704697986577 0.008489722966934763
10 0.6127889634601044 0.6025469168900804 0.002609992542878449 0.00938337801608579
10 0.32736763609246833 0.6029937444146559 0.006711409395973154 0.004021447721179625
1 0.45544369873228935 0.6036639857015192 0.002609992542878449 0.00804289544235925
1 0.4513422818791946 0.6036639857015192 0.002609992542878449 0.008936550491510277
1 0.48005219985085756 0.603887399463807 0.002609992542878449 0.008489722966934763
1 0.4632736763609247 0.6043342269883825 0.003355704697986577 0.00938337801608579
1 0.4684936614466816 0.6041108132260947 0.0018642803877703207 0.009830205540661306
1 0.5007457121551081 0.6041108132260947 0.002982848620432513 0.0071492403932082215
1 0.4748322147651007 0.6043342269883825 0.0018642803877703207 0.007596067917783735
1 0.49198359433258765 0.6043342269883825 0.003355704697986577 0.00580875781948168
1 0.4867636092468307 0.6045576407506702 0.002609992542878449 0.00804289544235925
1 0.4966442953020134 0.6054512957998213 0.0022371364653243847 0.00804289544235925
10 0.19873228933631618 0.6058981233243967 0.005965697240865026 0.002680965147453083
10 0.27870991797166295 0.06099195710455764 0.0070842654735272185 0.003127792672028597
10 0.3269947800149142 0.6092493297587132 0.005965697240865026 0.003127792672028597
1 0.197613721103654 0.6150580875781948 0.00820283370618941 0.004915102770330653
1 0.40734526472781507 0.06188561215370867 0.005592841163310962 0.003127792672028597
1 0.3333333333333333 0.06188561215370867 0.007457121551081283 0.003127792672028597
1 0.3167412378821775 0.618632707774799 0.00633855331841909 0.004021447721179625
1 0.3277404921700224 0.6197497765862378 0.006711409395973154 0.0035746201966041107
10 0.337248322147651 0.6197497765862378 0.008575689783743476 0.006255585344057194
10 0.39448173005219983 0.06188561215370867 0.005965697240865026 0.004021447721179625
10 0.19910514541387025 0.6233243967828418 0.007457121551081283 0.0035746201966041107
1 0.4960850111856823 0.6235478105451295 0.004847129008202834 0.012957998212689902
10 0.33631618195376584 0.6271224307417337 0.006711409395973154 0.004021447721179625
1 0.01640566741237882 0.6284629133154602 0.013422818791946308 0.011170688114387846
1 0.3167412378821775 0.6315907059874888 0.00633855331841909 0.004021447721179625
10 0.31524981357196125 0.6371760500446828 0.00633855331841909 0.0017873100983020554
1 0.3290454884414616 0.6376228775692583 0.007829977628635347 0.0035746201966041107
1 0.34451901565995524 0.6400804289544236 0.013422818791946308 0.006702412868632708
1 0.4658836689038031 0.6432082216264522 0.004847129008202834 0.012957998212689902
1 0.3288590604026846 0.6434316353887399 0.007457121551081283 0.002680965147453083
1 0.47688292319164804 0.6436550491510277 0.005219985085756898 0.012957998212689902
1 0.4867636092468307 0.6436550491510277 0.00633855331841909 0.012957998212689902
10 0.31543624161073824 0.6441018766756033 0.0044742729306487695 0.003127792672028597
1 0.4565622669649515 0.6441018766756033 0.004847129008202834 0.014745308310991957
12 0.3995152870991797 0.6490169794459338 0.02348993288590604 0.024575513851653262
1 0.3269947800149142 0.6492403932082216 0.005965697240865026 0.002680965147453083
10 0.31655480984340045 0.6503574620196604 0.008948545861297539 0.002234137622877569
10 0.31543624161073824 0.6557193923145666 0.00820283370618941 0.003127792672028597
10 0.025540641312453392 0.6579535299374442 0.007829977628635347 0.004021447721179625
1 0.3422818791946309 0.6586237712243074 0.009694258016405667 0.005361930294906166
1 0.3150633855331842 0.6615281501340483 0.005965697240865026 0.003127792672028597
1 0.3277404921700224 0.6619749776586238 0.005965697240865026 0.002234137622877569
1 0.279082774049217 0.06680071492403931 0.00633855331841909 0.003127792672028597
1 0.024235645041014168 0.6671134941912422 0.007457121551081283 0.002680965147453083
1 0.3150633855331842 0.6675603217158177 0.005965697240865026 0.0035746201966041107
1 0.19649515287099178 0.6702412868632708 0.006711409395973154 0.0035746201966041107
1 0.1813944817300522 0.6702412868632708 0.008575689783743476 0.005361930294906166
1 0.343027591349739 0.6711349419124218 0.01267710663683818 0.0071492403932082215
1 0.3145041014168531 0.6729222520107239 0.00633855331841909 0.0035746201966041107
1 0.024608501118568233 0.6733690795352993 0.006711409395973154 0.0035746201966041107
1 0.38534675615212527 0.6744861483467381 0.012304250559284116 0.006702412868632708
1 0.33296047725577926 0.06769436997319035 0.0037285607755406414 0.0013404825737265416
10 0.4006338553318419 0.6760500446827524 0.00633855331841909 0.004468275245755138
10 0.18158090976882924 0.6785075960679178 0.00820283370618941 0.003127792672028597
1 0.31524981357196125 0.6787310098302055 0.0070842654735272185 0.0035746201966041107
10 0.19500372856077555 0.6785075960679178 0.005965697240865026 0.004021447721179625
1 0.34433258762117824 0.6814119749776586 0.01081282624906786 0.006255585344057194
1 0.026659209545115584 0.6820822162645219 0.010067114093959731 0.004021447721179625
10 0.3995152870991797 0.6825290437890974 0.005592841163310962 0.003127792672028597
10 0.3754660700969426 0.6834226988382485 0.005219985085756898 0.003127792672028597
10 0.1813944817300522 0.6849865951742627 0.0070842654735272185 0.0035746201966041107
1 0.3150633855331842 0.6852100089365505 0.005965697240865026 0.003127792672028597
10 0.1959358687546607 0.6852100089365505 0.00633855331841909 0.002234137622877569
10 0.4015659955257271 0.6890080428954424 0.006711409395973154 0.0017873100983020554
10 0.37714392244593586 0.6896782841823056 0.005592841163310962 0.003127792672028597
1 0.19612229679343773 0.6901251117068812 0.007457121551081283 0.004021447721179625
10 0.18120805369127516 0.6907953529937444 0.007457121551081283 0.0035746201966041107
1 0.5283370618941089 0.6921358355674709 0.002982848620432513 0.009830205540661306
10 0.395413870246085 0.06970509383378017 0.005592841163310962 0.0035746201966041107
10 0.40119313944817303 0.693029490616622 0.005219985085756898 0.002680965147453083
1 0.6873601789709173 0.6932529043789097 0.003355704697986577 0.01385165326184093
1 0.5825876211782252 0.6936997319034852 0.002609992542878449 0.010277033065236819
1 0.6504474272930649 0.6943699731903485 0.004101416853094705 0.009830205540661306
10 0.7084265473527218 0.6941465594280608 0.0022371364653243847 0.00580875781948168
10 0.7142058165548099 0.6945933869526363 0.003355704697986577 0.007596067917783735
10 0.703579418344519 0.694816800714924 0.0037285607755406414 0.008936550491510277
5 0.4196495152870992 0.6954870420017873 0.013795674869500374 0.02546916890080429
10 0.1959358687546607 0.6957104557640751 0.0070842654735272185 0.002680965147453083
1 0.17971662938105892 0.6961572832886506 0.006711409395973154 0.0035746201966041107
10 0.7188665175242357 0.696604110813226 0.002982848620432513 0.0071492403932082215
1 0.7816927665920954 0.6963806970509383 0.003355704697986577 0.00938337801608579
1 0.7373228933631618 0.6968275245755139 0.003355704697986577 0.008489722966934763
10 0.3288590604026846 0.6968275245755139 0.006711409395973154 0.003127792672028597
1 0.8253169276659209 0.6970509383378016 0.003355704697986577 0.00804289544235925
10 0.3419090231170768 0.6970509383378016 0.007457121551081283 0.0035746201966041107
10 0.3767710663683818 0.6974977658623771 0.005965697240865026 0.004468275245755138
1 0.9116331096196868 0.6992850759606791 0.0022371364653243847 0.0071492403932082215
1 0.9291573452647278 0.699508489722967 0.0022371364653243847 0.007596067917783735
1 0.9237509321401939 0.6990616621983914 0.003355704697986577 0.00938337801608579
1 0.9185309470544369 0.699508489722967 0.002609992542878449 0.006702412868632708
1 0.4006338553318419 0.6997319034852547 0.007829977628635347 0.0035746201966041107
1 0.9351230425055929 0.7001787310098302 0.002982848620432513 0.006255585344057194
1 0.9412751677852349 0.7006255585344057 0.0018642803877703207 0.005361930294906166
10 0.03467561521252797 0.7006255585344057 0.005965697240865026 0.0035746201966041107
10 0.1813944817300522 0.7010723860589813 0.007829977628635347 0.004468275245755138
10 0.4077181208053691 0.07015192135835567 0.007829977628635347 0.0035746201966041107
10 0.04492915734526473 0.7021894548704201 0.005592841163310962 0.003127792672028597
10 0.19649515287099178 0.7026362823949955 0.005965697240865026 0.004021447721179625
10 0.32811334824757643 0.703083109919571 0.005219985085756898 0.004021447721179625
10 0.3407904548844146 0.7044235924932976 0.006711409395973154 0.003127792672028597
10 0.4448173005219985 0.7059874888293118 0.006711409395973154 0.0035746201966041107
10 0.45842654735272187 0.7062109025915997 0.00633855331841909 0.002234137622877569
10 0.4004474272930649 0.7066577301161752 0.005965697240865026 0.003127792672028597
10 0.3282997762863535 0.7084450402144772 0.0070842654735272185 0.003127792672028597
10 0.3762117822520507 0.7091152815013405 0.005219985085756898 0.002680965147453083
10 0.34116331096196867 0.7091152815013405 0.0044742729306487695 0.0017873100983020554
10 0.18008948545861297 0.7091152815013405 0.005219985085756898 0.004468275245755138
10 0.04791200596569724 0.7106791778373548 0.0070842654735272185 0.004021447721179625
10 0.40119313944817303 0.7120196604110813 0.006711409395973154 0.002234137622877569
1 0.19444444444444445 0.7120196604110813 0.002609992542878449 0.010277033065236819
10 0.4450037285607755 0.7120196604110813 0.00633855331841909 0.003127792672028597
1 0.18866517524235646 0.7120196604110813 0.0014914243102162564 0.008489722966934763
10 0.4574944071588367 0.7124664879356568 0.005219985085756898 0.003127792672028597
10 0.25913497390007456 0.7126899016979446 0.002982848620432513 0.008936550491510277
1 0.21252796420581654 0.7126899016979446 0.0014914243102162564 0.00804289544235925
10 0.19873228933631618 0.7129133154602324 0.0014914243102162564 0.010277033065236819
10 0.3282997762863535 0.7133601429848079 0.005592841163310962 0.002234137622877569
1 0.21700223713646533 0.7131367292225201 0.002982848620432513 0.008936550491510277
10 0.25540641312453394 0.7135835567470956 0.0014914243102162564 0.009830205540661306
1 0.20712155108128263 0.7135835567470956 0.0018642803877703207 0.01161751563896336
10 0.34116331096196867 0.7140303842716711 0.006711409395973154 0.002680965147453083
1 0.22930648769574943 0.7140303842716711 0.002982848620432513 0.009830205540661306
10 0.2809470544369873 0.7144772117962467 0.002609992542878449 0.006255585344057194
10 0.2703206562266965 0.7142537980339589 0.002982848620432513 0.007596067917783735
10 0.2760999254287845 0.7142537980339589 0.003355704697986577 0.007596067917783735
1 0.24888143176733782 0.7144772117962467 0.004847129008202834 0.01519213583556747
1 0.2658463832960477 0.7149240393208222 0.0022371364653243847 0.010723860589812333
10 0.284675615212528 0.7147006255585344 0.002609992542878449 0.007596067917783735
10 0.3762117822520507 0.7167113494191242 0.006711409395973154 0.0035746201966041107
10 0.04604772557792692 0.718722073279714 0.0070842654735272185 0.004915102770330653
10 0.27889634601043994 0.07216264521894548 0.008948545861297539 0.004021447721179625
1 0.3275540641312453 0.7202859696157283 0.005592841163310962 0.0017873100983020554
10 0.34116331096196867 0.7216264521894549 0.005965697240865026 0.0017873100983020554
10 0.4299030574198359 0.7227435210008937 0.007457121551081283 0.003127792672028597
1 0.4190902311707681 0.724307417336908 0.007457121551081283 0.002680965147453083
10 0.3420954511558538 0.7258713136729222 0.00633855331841909 0.003127792672028597
1 0.3288590604026846 0.726988382484361 0.006711409395973154 0.002680965147453083
10 0.430089485458613 0.7312332439678284 0.0070842654735272185 0.003127792672028597
1 0.3290454884414616 0.7321268990169795 0.00633855331841909 0.003127792672028597
10 0.3419090231170768 0.7323503127792672 0.005965697240865026 0.0035746201966041107
10 0.2695749440715884 0.7359249329758714 0.0022371364653243847 0.005361930294906166
10 0.20078299776286354 0.7363717605004468 0.003355704697986577 0.009830205540661306
10 0.19015659955257272 0.7361483467381591 0.0022371364653243847 0.008489722966934763
10 0.27479492915734527 0.7365951742627346 0.0022371364653243847 0.006702412868632708
1 0.26528709917971666 0.7365951742627346 0.0018642803877703207 0.006702412868632708
10 0.18624161073825504 0.73704200178731 0.002609992542878449 0.011170688114387846
10 0.25428784489187173 0.7368185880250223 0.0022371364653243847 0.00804289544235925
10 0.19500372856077555 0.73704200178731 0.0022371364653243847 0.008489722966934763
1 0.3346383296047726 0.07394995531724755 0.005592841163310962 0.003127792672028597
10 0.2600671140939597 0.7374888293118856 0.002609992542878449 0.008489722966934763
1 0.24981357196122297 0.7377122430741734 0.0022371364653243847 0.0071492403932082215
10 0.28579418344519014 0.7377122430741734 0.002609992542878449 0.0071492403932082215
1 0.3282997762863535 0.7381590705987489 0.004847129008202834 0.002680965147453083
10 0.2802013422818792 0.7383824843610366 0.0018642803877703207 0.008489722966934763
1 0.32811334824757643 0.7444146559428061 0.005219985085756898 0.002680965147453083
1 0.23695003728560776 0.07506702412868632 0.009321401938851604 0.004468275245755138
1 0.22632363907531694 0.07506702412868632 0.011185682326621925 0.004468275245755138
10 0.395227442207308 0.07663092046470063 0.00820283370618941 0.004915102770330653
10 0.4058538404175988 0.07663092046470063 0.005592841163310962 0.003127792672028597
5 0.3070469798657718 0.0773011617515639 0.030201342281879196 0.03485254691689008
1 0.6868008948545862 0.7832886505808758 0.0037285607755406414 0.006255585344057194
10 0.5152870991797166 0.783958891867739 0.0022371364653243847 0.007596067917783735
10 0.5096942580164057 0.783958891867739 0.002982848620432513 0.008489722966934763
1 0.622110365398956 0.7844057193923145 0.0070842654735272185 0.004021447721179625
10 0.5296420581655481 0.7852993744414656 0.003355704697986577 0.008489722966934763
1 0.5710290827740492 0.7859696157283289 0.003355704697986577 0.008936550491510277
10 0.05275913497390008 0.7859696157283289 0.009321401938851604 0.006255585344057194
1 0.5505219985085756 0.7861930294906166 0.002609992542878449 0.00938337801608579
1 0.587248322147651 0.7861930294906166 0.0037285607755406414 0.00938337801608579
10 0.604586129753915 0.7864164432529044 0.004101416853094705 0.009830205540661306
10 0.6105518269947801 0.7866398570151921 0.003355704697986577 0.008489722966934763
1 0.639261744966443 0.7868632707774799 0.002609992542878449 0.009830205540661306
1 0.6508202833706189 0.7870866845397676 0.003355704697986577 0.008489722966934763
1 0.06599552572706935 0.7873100983020554 0.008948545861297539 0.005361930294906166
1 0.6702087994034303 0.7877569258266309 0.002609992542878449 0.008936550491510277
1 0.6787844891871737 0.7882037533512064 0.0070842654735272185 0.013404825737265416
1 0.7697613721103654 0.7888739946380697 0.003355704697986577 0.008489722966934763
1 0.802013422818792 0.789544235924933 0.002982848620432513 0.009830205540661306
1 0.825503355704698 0.7902144772117963 0.0037285607755406414 0.010277033065236819
1 0.33426547352721847 0.07931188561215372 0.005592841163310962 0.002234137622877569
10 0.2783370618941089 0.07931188561215372 0.005592841163310962 0.002234137622877569
1 0.8788217747949292 0.7913315460232351 0.0044742729306487695 0.010723860589812333
1 0.9112602535421327 0.7917783735478106 0.0022371364653243847 0.00804289544235925
1 0.9168530947054437 0.7917783735478106 0.0022371364653243847 0.00804289544235925
1 0.9064131245339299 0.7920017873100983 0.0037285607755406414 0.00938337801608579
10 0.9231916480238628 0.792225201072386 0.0022371364653243847 0.0071492403932082215
1 0.9317673378076062 0.7926720285969616 0.002982848620432513 0.00804289544235925
1 0.9272930648769575 0.7928954423592494 0.0022371364653243847 0.00938337801608579
1 0.05145413870246085 0.7942359249329759 0.007457121551081283 0.002234137622877569
10 0.05145413870246085 0.8002680965147453 0.005965697240865026 0.0035746201966041107
1 0.1780387770320656 0.08087578194816801 0.004101416853094705 0.01161751563896336
1 0.1651752423564504 0.08199285075960679 0.002982848620432513 0.012957998212689902
10 0.3491797166293811 0.8188114387846291 0.004101416853094705 0.012064343163538873
10 0.24142431021625652 0.819928507596068 0.004847129008202834 0.0017873100983020554
1 0.2529828486204325 0.8203753351206434 0.004847129008202834 0.002680965147453083
10 0.2645413870246085 0.8210455764075067 0.0070842654735272185 0.002234137622877569
10 0.43791946308724833 0.8259606791778373 0.004847129008202834 0.010277033065236819
1 0.2401193139448173 0.8264075067024129 0.005219985085756898 0.003127792672028597
10 0.26435495898583145 0.8268543342269884 0.005965697240865026 0.002234137622877569
1 0.25205070842654737 0.8270777479892761 0.005219985085756898 0.002680965147453083
10 0.15492170022371365 0.8281948168007149 0.007829977628635347 0.004915102770330653
10 0.2645413870246085 0.8324396782841823 0.004847129008202834 0.002680965147453083
10 0.25205070842654737 0.8328865058087578 0.005219985085756898 0.002680965147453083
1 0.2401193139448173 0.8335567470956211 0.006711409395973154 0.002234137622877569
10 0.15492170022371365 0.8366845397676497 0.0070842654735272185 0.004021447721179625
1 0.24049217002237136 0.8384718498659517 0.0044742729306487695 0.0013404825737265416
10 0.2637956748695004 0.8384718498659517 0.004101416853094705 0.002234137622877569
10 0.25205070842654737 0.839142091152815 0.0037285607755406414 0.002680965147453083
1 0.24067859806114839 0.8442806076854334 0.004847129008202834 0.002234137622877569
10 0.26435495898583145 0.8440571939231457 0.0044742729306487695 0.0035746201966041107
10 0.2524235645041014 0.8445040214477212 0.0044742729306487695 0.0017873100983020554
5 0.11465324384787472 0.08467381590705987 0.038404175988068605 0.028150134048257374
10 0.395413870246085 0.08489722966934764 0.00633855331841909 0.002680965147453083
1 0.3337061894108874 0.08489722966934764 0.0044742729306487695 0.002680965147453083
10 0.25205070842654737 0.8494191242180519 0.0037285607755406414 0.002680965147453083
1 0.24142431021625652 0.8498659517426274 0.004847129008202834 0.0035746201966041107
10 0.2634228187919463 0.8500893655049151 0.005592841163310962 0.002234137622877569
10 0.25223713646532436 0.8558981233243967 0.004101416853094705 0.002234137622877569
10 0.26360924683072334 0.8563449508489723 0.0044742729306487695 0.002234137622877569
1 0.2401193139448173 0.8561215370866846 0.005965697240865026 0.0017873100983020554
1 0.2783370618941089 0.08579088471849866 0.00633855331841909 0.002680965147453083
10 0.4092095451155854 0.08623771224307418 0.0070842654735272185 0.0035746201966041107
1 0.3629753914988814 0.08668453976764968 0.005592841163310962 0.002680965147453083
10 0.24086502609992544 0.8632707774798928 0.005965697240865026 0.002680965147453083
10 0.2524235645041014 0.863941018766756 0.0044742729306487695 0.003127792672028597
10 0.26360924683072334 0.8637176050044683 0.0044742729306487695 0.0017873100983020554
5 0.19686800894854586 0.8650580875781948 0.05070842654735272 0.08936550491510277
10 0.06263982102908278 0.8655049151027703 0.007457121551081283 0.0035746201966041107
1 0.23993288590604026 0.8701966041108132 0.005592841163310962 0.003127792672028597
10 0.26360924683072334 0.870420017873101 0.005219985085756898 0.0035746201966041107
10 0.25223713646532436 0.8715370866845398 0.004101416853094705 0.002234137622877569
1 0.06319910514541387 0.8717605004468275 0.005592841163310962 0.0035746201966041107
10 0.06226696495152871 0.8762287756925826 0.005219985085756898 0.002680965147453083
1 0.25260999254287847 0.8784629133154602 0.005592841163310962 0.0035746201966041107
1 0.6483967188665175 0.8831546023235032 0.0022371364653243847 0.008489722966934763
1 0.5130499627143923 0.8833780160857909 0.0037285607755406414 0.010723860589812333
1 0.0633855331841909 0.8836014298480787 0.005219985085756898 0.004021447721179625
1 0.04604772557792692 0.8838248436103664 0.0070842654735272185 0.002680965147453083
1 0.7307979120059657 0.8842716711349419 0.002982848620432513 0.009830205540661306
1 0.75 0.8842716711349419 0.004101416853094705 0.00804289544235925
1 0.7697613721103654 0.8847184986595175 0.002609992542878449 0.008936550491510277
1 0.7388143176733781 0.8849419124218052 0.002609992542878449 0.006702412868632708
1 0.8001491424310216 0.8865058087578195 0.0044742729306487695 0.008936550491510277
10 0.2516778523489933 0.886952636282395 0.005219985085756898 0.002680965147453083
5 0.23974645786726323 0.8916443252904379 0.006711409395973154 0.011170688114387846
1 0.2518642803877703 0.8934316353887399 0.005592841163310962 0.003127792672028597
10 0.8411633109619687 0.08958891867739052 0.0037285607755406414 0.008489722966934763
10 0.046420581655480984 0.894325290437891 0.005592841163310962 0.004021447721179625
10 0.06413124533929904 0.894325290437891 0.009694258016405667 0.004915102770330653
10 0.9448173005219985 0.8958891867739053 0.006711409395973154 0.0017873100983020554
12 0.9560029828486204 0.8965594280607685 0.00820283370618941 0.012957998212689902
1 0.15436241610738255 0.8976764968722073 0.00820283370618941 0.004468275245755138
10 0.04586129753914989 0.8985701519213584 0.00820283370618941 0.0035746201966041107
1 0.2516778523489933 0.8999106344950849 0.006711409395973154 0.0035746201966041107
10 0.0633855331841909 0.9005808757819481 0.00820283370618941 0.004021447721179625
1 0.5663683818046235 0.9010277033065237 0.002982848620432513 0.008489722966934763
1 0.522744220730798 0.9014745308310992 0.0037285607755406414 0.007596067917783735
1 0.5341163310961968 0.9016979445933869 0.003355704697986577 0.009830205540661306
1 0.5523862788963461 0.9021447721179625 0.002609992542878449 0.008936550491510277
10 0.5596569724086503 0.9021447721179625 0.0037285607755406414 0.00804289544235925
10 0.9450037285607755 0.9023681858802503 0.003355704697986577 0.0013404825737265416
10 0.8529082774049217 0.09048257372654156 0.002609992542878449 0.006702412868632708
1 0.5439970171513796 0.9028150134048257 0.002982848620432513 0.010277033065236819
1 0.5978747203579419 0.9028150134048257 0.004847129008202834 0.010277033065236819
1 0.5762490678598061 0.9028150134048257 0.003355704697986577 0.00938337801608579
1 0.6284489187173751 0.9028150134048257 0.004101416853094705 0.00938337801608579
1 0.6071961222967934 0.903485254691689 0.005592841163310962 0.010723860589812333
1 0.6185682326621924 0.903485254691689 0.0037285607755406414 0.010723860589812333
1 0.5859433258762118 0.9039320822162645 0.004101416853094705 0.008936550491510277
1 0.6964951528709918 0.9039320822162645 0.002982848620432513 0.00804289544235925
1 0.6799030574198359 0.9046023235031277 0.003355704697986577 0.00938337801608579
1 0.6379567486950037 0.90437890974084 0.002982848620432513 0.01161751563896336
1 0.7220357941834452 0.9046023235031277 0.003355704697986577 0.006702412868632708
1 0.7287472035794184 0.9046023235031277 0.003355704697986577 0.007596067917783735
1 0.6482102908277405 0.90437890974084 0.004101416853094705 0.008936550491510277
1 0.6884787472035794 0.9048257372654156 0.004101416853094705 0.0071492403932082215
1 0.6595824011931395 0.9048257372654156 0.002982848620432513 0.008936550491510277
1 0.7721849366144669 0.9054959785522788 0.0037285607755406414 0.007596067917783735
1 0.7041387024608501 0.9052725647899911 0.002609992542878449 0.006255585344057194
1 0.7815063385533184 0.9054959785522788 0.0022371364653243847 0.007596067917783735
1 0.8169276659209546 0.9063896336014299 0.002982848620432513 0.006702412868632708
1 0.807979120059657 0.9063896336014299 0.0014914243102162564 0.006702412868632708
1 0.8007084265473527 0.9063896336014299 0.002609992542878449 0.008489722966934763
1 0.8812453392990306 0.9066130473637176 0.003355704697986577 0.00804289544235925
1 0.7485085756897838 0.9066130473637176 0.004101416853094705 0.0017873100983020554
1 0.8415361670395227 0.9066130473637176 0.002982848620432513 0.00804289544235925
1 0.7919463087248322 0.9068364611260054 0.002982848620432513 0.007596067917783735
1 0.7123415361670395 0.9068364611260054 0.002609992542878449 0.006702412868632708
1 0.668903803131991 0.9068364611260054 0.0044742729306487695 0.012957998212689902
1 0.8243847874720358 0.9068364611260054 0.002982848620432513 0.006702412868632708
10 0.8461968680089486 0.09092940125111706 0.003355704697986577 0.008489722966934763
1 0.33109619686800895 0.09115281501340483 0.005219985085756898 0.0035746201966041107
10 0.1284489187173751 0.9072832886505808 0.0070842654735272185 0.004021447721179625
1 0.8502982848620433 0.9072832886505808 0.0018642803877703207 0.008489722966934763
1 0.8719239373601789 0.9077301161751564 0.002609992542878449 0.008489722966934763
10 0.7608128262490679 0.9075067024128687 0.004101416853094705 0.002680965147453083
10 0.9550708426547353 0.9095174262734584 0.00633855331841909 0.004021447721179625
10 0.9450037285607755 0.9097408400357462 0.003355704697986577 0.002680965147453083
1 0.04604772557792692 0.9101876675603218 0.005592841163310962 0.002680965147453083
1 0.8653989560029829 0.09137622877569258 0.0022371364653243847 0.008489722966934763
1 0.7475764354958986 0.9130920464700626 0.005965697240865026 0.003127792672028597
10 0.7606263982102909 0.9137622877569258 0.005965697240865026 0.0035746201966041107
10 0.11316181953765847 0.9153261840929401 0.00633855331841909 0.003127792672028597
1 0.12695749440715884 0.91733690795353 0.0070842654735272185 0.0035746201966041107
1 0.8445190156599552 0.9182305630026809 0.0044742729306487695 0.002680965147453083
10 0.7600671140939598 0.9189008042895442 0.005592841163310962 0.004021447721179625
10 0.8322147651006712 0.9189008042895442 0.0044742729306487695 0.003127792672028597
10 0.5430648769574944 0.9189008042895442 0.003355704697986577 0.007596067917783735
10 0.581282624906786 0.919124218051832 0.0037285607755406414 0.0071492403932082215
10 0.575876211782252 0.9193476318141197 0.002609992542878449 0.008489722966934763
10 0.5497762863534675 0.9197944593386953 0.003355704697986577 0.006702412868632708
1 0.7468307233407905 0.920911528150134 0.005965697240865026 0.0035746201966041107
1 0.04530201342281879 0.9215817694369973 0.009321401938851604 0.00580875781948168
5 0.9519015659955258 0.9233690795352993 0.009694258016405667 0.015638963360142984
10 0.3180462341536167 0.9235924932975871 0.007457121551081283 0.004468275245755138
1 0.8450782997762863 0.9244861483467381 0.004101416853094705 0.002680965147453083
1 0.831096196868009 0.9249329758713136 0.00820283370618941 0.0017873100983020554
10 0.7606263982102909 0.9258266309204647 0.0044742729306487695 0.0035746201966041107
1 0.7466442953020134 0.9260500446827524 0.0070842654735272185 0.004021447721179625
1 0.7772184936614467 0.92828418230563 0.007829977628635347 0.004021447721179625
5 0.5622669649515287 0.9291778373547811 0.015659955257270694 0.01831992850759607
1 0.3939224459358688 0.09271671134941913 0.00633855331841909 0.00580875781948168
1 0.8579418344519015 0.9307417336907954 0.005219985085756898 0.0035746201966041107
1 0.830909768829232 0.9311885612153709 0.004847129008202834 0.0035746201966041107
10 0.21756152125279643 0.9311885612153709 0.003355704697986577 0.008936550491510277
10 0.7611856823266219 0.9314119749776586 0.004847129008202834 0.003127792672028597
1 0.7464578672632364 0.9316353887399463 0.006711409395973154 0.0035746201966041107
10 0.09284116331096197 0.9320822162645219 0.0022371364653243847 0.00804289544235925
10 0.07587621178225205 0.9320822162645219 0.002609992542878449 0.00804289544235925
10 0.8447054436987322 0.9325290437890974 0.004101416853094705 0.002680965147453083
10 0.08109619686800895 0.9325290437890974 0.0018642803877703207 0.0071492403932082215
10 0.14429530201342283 0.9327524575513851 0.0022371364653243847 0.006702412868632708
10 0.1070096942580164 0.9329758713136729 0.0022371364653243847 0.006255585344057194
10 0.08743475018642805 0.9329758713136729 0.002609992542878449 0.009830205540661306
10 0.09787472035794184 0.9331992850759607 0.0018642803877703207 0.007596067917783735
10 0.10216256524981357 0.9331992850759607 0.0022371364653243847 0.00580875781948168
10 0.12714392244593586 0.9331992850759607 0.0022371364653243847 0.006702412868632708
10 0.13926174496644295 0.9336461126005362 0.0018642803877703207 0.006702412868632708
1 0.13180462341536167 0.9338695263628239 0.002609992542878449 0.006255585344057194
1 0.3640939597315436 0.0938337801608579 0.007829977628635347 0.0035746201966041107
10 0.4086502609992543 0.0938337801608579 0.006711409395973154 0.004468275245755138
1 0.5760626398210291 0.9345397676496873 0.0037285607755406414 0.012064343163538873
12 0.6010439970171514 0.9349865951742627 0.018642803877703208 0.03798033958891868
1 0.7457121551081283 0.9361036639857016 0.0044742729306487695 0.002680965147453083
12 0.5234899328859061 0.9363270777479893 0.01640566741237882 0.03708668453976765
1 0.8577554064131245 0.9367739052725648 0.004847129008202834 0.002234137622877569
10 0.7596942580164057 0.9372207327971404 0.003355704697986577 0.002234137622877569
10 0.8441461595824012 0.9374441465594281 0.002982848620432513 0.0017873100983020554
10 0.9405294556301268 0.9390080428954424 0.0070842654735272185 0.004021447721179625
10 0.33929903057419836 0.9405719392314567 0.006711409395973154 0.005361930294906166
10 0.8450782997762863 0.9425826630920465 0.004101416853094705 0.003127792672028597
1 0.8296047725577927 0.9428060768543343 0.00820283370618941 0.004468275245755138
10 0.7593214019388516 0.943029490616622 0.003355704697986577 0.003127792672028597
1 0.7457121551081283 0.9432529043789097 0.006711409395973154 0.004468275245755138
1 0.8586875466070097 0.9439231456657731 0.0044742729306487695 0.004021447721179625
1 0.7759134973900075 0.9443699731903485 0.007457121551081283 0.004915102770330653
10 0.9407158836689038 0.9461572832886506 0.007457121551081283 0.002234137622877569
1 0.744220730797912 0.9477211796246648 0.0044742729306487695 0.002680965147453083
10 0.8441461595824012 0.9479445933869526 0.0037285607755406414 0.0013404825737265416
1 0.8573825503355704 0.9492850759606791 0.004101416853094705 0.002234137622877569
10 0.761558538404176 0.9499553172475425 0.005592841163310962 0.0035746201966041107
5 0.802945563012677 0.951295799821269 0.02647278150633855 0.05987488829311886
1 0.9403430275913497 0.9537533512064343 0.00820283370618941 0.004021447721179625
10 0.8447054436987322 0.9539767649687221 0.004847129008202834 0.0008936550491510277
10 0.5533184190902312 0.9542001787310098 0.0022371364653243847 0.00580875781948168
1 0.7462714392244594 0.9544235924932976 0.007829977628635347 0.004468275245755138
1 0.21588366890380314 0.9546470062555853 0.006711409395973154 0.003127792672028597
10 0.5590976882923192 0.9544235924932976 0.002609992542878449 0.006255585344057194
10 0.7609992542878449 0.9550938337801609 0.0044742729306487695 0.002234137622877569
1 0.8577554064131245 0.9550938337801609 0.00633855331841909 0.003127792672028597
10 0.5648769574944071 0.9553172475424486 0.0022371364653243847 0.006255585344057194
1 0.5684190902311708 0.9550938337801609 0.004101416853094705 0.008489722966934763
10 0.5486577181208053 0.9555406613047364 0.004101416853094705 0.008489722966934763
1 0.7749813571961223 0.9559874888293118 0.0070842654735272185 0.003127792672028597
10 0.5751304996271439 0.9562109025915997 0.003355704697986577 0.008936550491510277
1 0.8307233407904548 0.9597855227882037 0.005965697240865026 0.002680965147453083
12 0.9123788217747949 0.9597855227882037 0.02982848620432513 0.03842716711349419
10 0.8445190156599552 0.960455764075067 0.0037285607755406414 0.002234137622877569
1 0.7451528709917972 0.9611260053619303 0.00633855331841909 0.002680965147453083
10 0.7593214019388516 0.961349419124218 0.00633855331841909 0.002234137622877569
1 0.8581282624906786 0.9622430741733691 0.00633855331841909 0.003127792672028597
10 0.32736763609246833 0.9622430741733691 0.007457121551081283 0.003127792672028597
1 0.8435868754660701 0.9664879356568364 0.005592841163310962 0.002680965147453083
10 0.7611856823266219 0.9667113494191242 0.00633855331841909 0.002234137622877569
1 0.7447800149142431 0.9671581769436998 0.008575689783743476 0.0013404825737265416
1 0.8322147651006712 0.9684986595174263 0.006711409395973154 0.003127792672028597
10 0.1703952274422073 0.0969615728328865 0.005219985085756898 0.004468275245755138
10 0.6935123042505593 0.9702859696157283 0.00820283370618941 0.004021447721179625
10 0.32662192393736017 0.9711796246648794 0.008575689783743476 0.004021447721179625
1 0.7764727815063386 0.9716264521894549 0.009321401938851604 0.004021447721179625
10 0.8437733035048471 0.9714030384271671 0.005219985085756898 0.002680965147453083
1 0.8575689783743475 0.9716264521894549 0.0044742729306487695 0.002234137622877569
10 0.7608128262490679 0.9722966934763181 0.0070842654735272185 0.0035746201966041107
1 0.7462714392244594 0.9729669347631814 0.00633855331841909 0.003127792672028597
12 0.7080536912751678 0.9754244861483468 0.005965697240865026 0.010723860589812333
10 0.7755406413124534 0.9758713136729222 0.005965697240865026 0.0035746201966041107
10 0.843027591349739 0.9774352100089365 0.0037285607755406414 0.003127792672028597
1 0.8581282624906786 0.9781054512957998 0.005592841163310962 0.002680965147453083
1 0.831841909023117 0.9781054512957998 0.007457121551081283 0.004468275245755138
1 0.3622296793437733 0.0985254691689008 0.004847129008202834 0.002234137622877569
1 0.3320283370618941 0.09874888293118857 0.005592841163310962 0.002680965147453083
10 0.40678598061148397 0.10120643431635389 0.007457121551081283 0.004021447721179625
1 0.395413870246085 0.10098302055406613 0.0070842654735272185 0.0035746201966041107
10 0.22930648769574943 0.10210008936550491 0.005965697240865026 0.004021447721179625
1 0.8409768829231916 0.10388739946380697 0.0018642803877703207 0.00938337801608579
1 0.8525354213273676 0.10388739946380697 0.0018642803877703207 0.00938337801608579
1 0.8473154362416108 0.10433422698838249 0.004101416853094705 0.010277033065236819
1 0.1720730797912006 0.10545129579982127 0.0070842654735272185 0.004468275245755138
1 0.3331469052945563 0.10679177837354781 0.00633855331841909 0.0035746201966041107
10 0.40678598061148397 0.10656836461126006 0.005219985085756898 0.003127792672028597
1 0.8626025354213274 0.10679177837354781 0.002609992542878449 0.00804289544235925
1 0.39560029828486204 0.10768543342269883 0.005219985085756898 0.002680965147453083
1 0.2999627143922446 0.10857908847184987 0.002609992542878449 0.009830205540661306
1 0.31524981357196125 0.10902591599642537 0.0018642803877703207 0.0071492403932082215
1 0.2831841909023117 0.10969615728328865 0.004101416853094705 0.00938337801608579
1 0.319910514541387 0.11036639857015192 0.002982848620432513 0.010723860589812333
1 0.3049962714392245 0.11014298480786416 0.0022371364653243847 0.010277033065236819
1 0.31077554064131246 0.11036639857015192 0.0011185682326621924 0.010723860589812333
1 0.2960477255779269 0.11126005361930295 0.0037285607755406414 0.010723860589812333
1 0.5302013422818792 0.11193029490616623 0.0022371364653243847 0.006702412868632708
1 0.22893363161819538 0.11170688114387846 0.009694258016405667 0.0017873100983020554
10 0.1726323639075317 0.11237712243074173 0.00820283370618941 0.003127792672028597
10 0.5805369127516778 0.113047363717605 0.002982848620432513 0.006255585344057194
10 0.4080909768829232 0.11282394995531725 0.005592841163310962 0.003127792672028597
10 0.5417598806860552 0.113047363717605 0.002982848620432513 0.00804289544235925
10 0.5505219985085756 0.113047363717605 0.0018642803877703207 0.006255585344057194
10 0.5719612229679344 0.113047363717605 0.0014914243102162564 0.00804289544235925
10 0.5363534675615212 0.11327077747989277 0.002609992542878449 0.010277033065236819
1 0.5201342281879194 0.11371760500446827 0.002982848620432513 0.010277033065236819
1 0.5656226696495152 0.11416443252904379 0.0022371364653243847 0.006702412868632708
10 0.5563012677106637 0.11394101876675604 0.002982848620432513 0.006255585344057194
1 0.5253542132736764 0.11416443252904379 0.002982848620432513 0.010277033065236819
1 0.575689783743475 0.1146112600536193 0.0022371364653243847 0.007596067917783735
1 0.5876211782252051 0.11438784629133154 0.002982848620432513 0.008936550491510277
1 0.331469052945563 0.11483467381590706 0.002982848620432513 0.0035746201966041107
1 0.5624533929903057 0.11483467381590706 0.002609992542878449 0.00804289544235925
1 0.8329604772557793 0.11595174262734584 0.0014914243102162564 0.008489722966934763
10 0.8273676360924683 0.11662198391420911 0.002982848620432513 0.008936550491510277
1 0.81972408650261 0.11662198391420911 0.0018642803877703207 0.008936550491510277
10 0.8234526472781506 0.11706881143878463 0.0018642803877703207 0.0071492403932082215
1 0.4077181208053691 0.11863270777479892 0.004847129008202834 0.003127792672028597
10 0.3012677106636838 0.12332439678284182 0.0022371364653243847 0.009830205540661306
10 0.2953020134228188 0.12354781054512957 0.0022371364653243847 0.008489722966934763
10 0.30667412378821773 0.12354781054512957 0.004101416853094705 0.008489722966934763
10 0.3111483967188665 0.1239946380697051 0.0011185682326621924 0.007596067917783735
10 0.32102908277404923 0.12421805183199285 0.0022371364653243847 0.00804289544235925
10 0.31599552572706935 0.12466487935656836 0.003355704697986577 0.008936550491510277
1 0.5516405667412378 0.1264521894548704 0.002609992542878449 0.008936550491510277
1 0.5423191648023863 0.12689901697944594 0.002609992542878449 0.00804289544235925
1 0.5363534675615212 0.12667560321715818 0.004101416853094705 0.007596067917783735
1 0.5553691275167785 0.12712243074173368 0.002609992542878449 0.006702412868632708
10 0.5471662938105891 0.1282394995531725 0.002609992542878449 0.008936550491510277
10 0.17225950782997762 0.1282394995531725 0.007457121551081283 0.0035746201966041107
1 0.22893363161819538 0.12980339588918677 0.006711409395973154 0.002234137622877569
1 0.3441461595824012 0.13136729222520108 0.002982848620432513 0.008936550491510277
1 0.343027591349739 0.13360142984807863 0.0022371364653243847 0.008936550491510277
10 0.2947427293064877 0.13672922252010725 0.0011185682326621924 0.00804289544235925
10 0.22818791946308725 0.13695263628239498 0.005965697240865026 0.003127792672028597
10 0.3005219985085757 0.1380697050938338 0.002982848620432513 0.00804289544235925
1 0.8644668158090977 0.1380697050938338 0.002609992542878449 0.009830205540661306
10 0.3118941088739746 0.1385165326184093 0.002609992542878449 0.0071492403932082215
10 0.30667412378821773 0.13873994638069706 0.004101416853094705 0.00938337801608579
1 0.1715137956748695 0.14119749776586238 0.007457121551081283 0.004468275245755138
10 0.2296793437733035 0.1432082216264522 0.00820283370618941 0.004021447721179625
5 0.11502609992542878 0.14611260053619302 0.03616703952274422 0.03038427167113494
10 0.19574944071588368 0.15058087578194818 0.0037285607755406414 0.009830205540661306
10 0.8887024608501118 0.15102770330652368 0.004847129008202834 0.0035746201966041107
10 0.8508575689783744 0.15638963360142985 0.0022371364653243847 0.006255585344057194
1 0.8415361670395227 0.15683646112600536 0.0037285607755406414 0.008936550491510277
10 0.8463832960477256 0.15683646112600536 0.0022371364653243847 0.009830205540661306
10 0.8888888888888888 0.15750670241286863 0.0044742729306487695 0.0013404825737265416
1 0.8570096942580164 0.15795352993744416 0.003355704697986577 0.011170688114387846
10 0.9377330350484713 0.16108132260947275 0.002982848620432513 0.007596067917783735
10 0.9505965697240865 0.16152815013404825 0.0011185682326621924 0.00580875781948168
10 0.9582401193139448 0.16197497765862376 0.0037285607755406414 0.006702412868632708
10 0.9438851603281133 0.16219839142091153 0.0018642803877703207 0.0071492403932082215
10 0.8901938851603282 0.16309204647006256 0.005592841163310962 0.0035746201966041107
10 0.5210663683818046 0.1659964253798034 0.004847129008202834 0.003127792672028597
10 0.43512304250559286 0.1680071492403932 0.006711409395973154 0.004468275245755138
10 0.4248695003728561 0.16867739052725647 0.0070842654735272185 0.004021447721179625
10 0.890007457121551 0.16979445933869527 0.008948545861297539 0.0035746201966041107
12 0.5328113348247576 0.17091152815013405 0.008948545861297539 0.012064343163538873
10 0.5206935123042505 0.1718051831992851 0.004101416853094705 0.002234137622877569
1 0.10999254287844892 0.17292225201072386 0.006711409395973154 0.004468275245755138
10 0.4248695003728561 0.17448614834673815 0.00633855331841909 0.004021447721179625
10 0.49571215510812827 0.17448614834673815 0.00633855331841909 0.003127792672028597
10 0.436241610738255 0.17605004468275245 0.005965697240865026 0.002680965147453083
10 0.9446308724832215 0.17672028596961573 0.0018642803877703207 0.00580875781948168
10 0.5201342281879194 0.17806076854334227 0.005219985085756898 0.002234137622877569
10 0.5447427293064877 0.1778373547810545 0.007457121551081283 0.0035746201966041107
10 0.9388516032811335 0.17828418230563003 0.0014914243102162564 0.00804289544235925
10 0.4250559284116331 0.18141197497765862 0.005219985085756898 0.0035746201966041107
10 0.4349366144668158 0.1816353887399464 0.004847129008202834 0.002234137622877569
10 0.5197613721103654 0.1825290437890974 0.005965697240865026 0.004021447721179625
10 0.49589858314690527 0.18275245755138517 0.005219985085756898 0.002680965147453083
10 0.5074571215510812 0.18319928507596067 0.005219985085756898 0.0035746201966041107
10 0.5438105891126025 0.1840929401251117 0.0070842654735272185 0.005361930294906166
12 0.5333706189410887 0.18498659517426275 0.00633855331841909 0.009830205540661306
12 0.5570469798657718 0.18588025022341376 0.00820283370618941 0.01519213583556747
10 0.43475018642803875 0.18655049151027703 0.0044742729306487695 0.0013404825737265416
10 0.424310216256525 0.1867739052725648 0.005219985085756898 0.0035746201966041107
1 0.23806860551826994 0.1876675603217158 0.013049962714392245 0.01519213583556747
1 0.48452647278150635 0.18789097408400357 0.003355704697986577 0.007596067917783735
12 0.7339671886651753 0.18811438784629134 0.02796420581655481 0.03395889186773905
10 0.49589858314690527 0.18945487042001788 0.005219985085756898 0.002680965147453083
1 0.4550708426547353 0.18967828418230562 0.008575689783743476 0.00580875781948168
12 0.8178598061148397 0.18967828418230562 0.024235645041014168 0.03351206434316354
1 0.4761372110365399 0.18990169794459338 0.005965697240865026 0.005361930294906166
10 0.5074571215510812 0.1903485254691689 0.005219985085756898 0.0035746201966041107
1 0.4668158090976883 0.1903485254691689 0.005219985085756898 0.004468275245755138
10 0.9625279642058165 0.19079535299374442 0.004101416853094705 0.008936550491510277
12 0.6552945563012678 0.19124218051831993 0.02348993288590604 0.03127792672028597
1 0.9571215510812826 0.19168900804289543 0.002982848620432513 0.010723860589812333
10 0.42412378821774793 0.19280607685433424 0.005592841163310962 0.003127792672028597
12 0.5214392244593586 0.19325290437890974 0.00633855331841909 0.008489722966934763
1 0.43586875466070096 0.1934763181411975 0.008948545861297539 0.002680965147453083
1 0.8885160328113348 0.193923145665773 0.006711409395973154 0.0035746201966041107
10 0.4968307233407905 0.19593386952636282 0.00633855331841909 0.003127792672028597
10 0.5091349739000746 0.19638069705093833 0.008575689783743476 0.004021447721179625
10 0.5311334824757643 0.19794459338695264 0.005592841163310962 0.005361930294906166
1 0.8866517524235645 0.19883824843610368 0.006711409395973154 0.0035746201966041107
12 0.5445563012677107 0.19928507596067918 0.004847129008202834 0.009830205540661306
10 0.43530947054436986 0.19928507596067918 0.00633855331841909 0.002680965147453083
12 0.5566741237882178 0.20062555853440572 0.0044742729306487695 0.00804289544235925
12 0.9739000745712155 0.201295799821269 0.013422818791946308 0.01966041108132261
1 0.42468307233407904 0.201295799821269 0.005219985085756898 0.002234137622877569
10 0.49571215510812827 0.20196604110813227 0.005592841163310962 0.002680965147453083
10 0.5068978374347501 0.20241286863270777 0.004847129008202834 0.002680965147453083
10 0.5313199105145414 0.20285969615728328 0.005219985085756898 0.002680965147453083
12 0.7705070842654735 0.20285969615728328 0.024981357196122298 0.025915996425379804
1 0.04399701715137957 0.20397676496872208 0.005219985085756898 0.006702412868632708
12 0.8560775540641312 0.20509383378016086 0.02609992542878449 0.02680965147453083
10 0.4349366144668158 0.20554066130473636 0.0070842654735272185 0.002680965147453083
10 0.8894481730052199 0.20531724754244862 0.0070842654735272185 0.00580875781948168
1 0.4230052199850858 0.2059874888293119 0.004101416853094705 0.0017873100983020554
10 0.9862043251304996 0.20554066130473636 0.0022371364653243847 0.009830205540661306
12 0.5193885160328113 0.2068811438784629 0.006711409395973154 0.006255585344057194
10 0.9623415361670395 0.20710455764075067 0.002982848620432513 0.006702412868632708
1 0.9526472781506339 0.20710455764075067 0.002982848620432513 0.00938337801608579
10 0.9578672632363907 0.20732797140303844 0.0022371364653243847 0.008936550491510277
10 0.5052199850857569 0.20755138516532617 0.0037285607755406414 0.003127792672028597
10 0.4953392990305742 0.2079982126899017 0.004847129008202834 0.003127792672028597
10 0.5447427293064877 0.2079982126899017 0.005965697240865026 0.004021447721179625
1 0.29977628635346754 0.20866845397676498 0.002982848620432513 0.00804289544235925
10 0.5989932885906041 0.20866845397676498 0.004101416853094705 0.008936550491510277
10 0.5947054436987322 0.20866845397676498 0.0037285607755406414 0.00804289544235925
12 0.6940715883668904 0.20889186773905272 0.020507084265473527 0.030831099195710455
10 0.5885533184190902 0.21000893655049152 0.002609992542878449 0.009830205540661306
1 0.23937360178970918 0.21045576407506703 0.010439970171513796 0.01161751563896336
1 0.5803504847129008 0.21045576407506703 0.002609992542878449 0.00804289544235925
10 0.4349366144668158 0.21134941912421806 0.00633855331841909 0.0035746201966041107
10 0.8866517524235645 0.21224307417336907 0.006711409395973154 0.005361930294906166
1 0.42263236390753167 0.21224307417336907 0.005592841163310962 0.0035746201966041107
10 0.5516405667412378 0.21514745308310992 0.0070842654735272185 0.003127792672028597
10 0.4248695003728561 0.2167113494191242 0.004847129008202834 0.002680965147453083
10 0.5210663683818046 0.21715817694369974 0.00633855331841909 0.0035746201966041107
1 0.4343773303504847 0.21738159070598748 0.005965697240865026 0.004021447721179625
10 0.8881431767337807 0.21827524575513851 0.006711409395973154 0.003127792672028597
1 0.49384787472035796 0.21961572832886506 0.005592841163310962 0.003127792672028597
1 0.7373228933631618 0.2205093833780161 0.004101416853094705 0.015638963360142984
10 0.5516405667412378 0.22073279714030383 0.005592841163310962 0.0035746201966041107
1 0.6549217002237137 0.2214030384271671 0.0018642803877703207 0.011170688114387846
10 0.7507457121551081 0.22184986595174264 0.003355704697986577 0.010277033065236819
10 0.8303504847129008 0.22184986595174264 0.002982848620432513 0.010277033065236819
1 0.8158090976882924 0.22207327971403037 0.002982848620432513 0.009830205540661306
10 0.4250559284116331 0.2229669347631814 0.005965697240865026 0.002680965147453083
1 0.9369873228933632 0.22319034852546918 0.0022371364653243847 0.00938337801608579
10 0.6709545115585384 0.22341376228775692 0.002609992542878449 0.01161751563896336
1 0.436241610738255 0.22386058981233245 0.005219985085756898 0.0035746201966041107
1 0.8881431767337807 0.22430741733690795 0.006711409395973154 0.005361930294906166
1 0.09153616703952275 0.22453083109919572 0.00633855331841909 0.003127792672028597
12 0.9835943325876212 0.22475424486148346 0.005219985085756898 0.010723860589812333
12 0.9472408650260999 0.22542448614834673 0.004847129008202834 0.010277033065236819
1 0.505965697240865 0.2256478999106345 0.007457121551081283 0.002680965147453083
1 0.10980611483967188 0.22542448614834673 0.0070842654735272185 0.002234137622877569
12 0.9729679343773303 0.22587131367292226 0.003355704697986577 0.010277033065236819
10 0.552945563012677 0.22609472743521 0.007457121551081283 0.0035746201966041107
5 0.4640193885160328 0.22676496872207327 0.024981357196122298 0.06300268096514745
1 0.5199478001491424 0.2272117962466488 0.00633855331841909 0.003127792672028597
1 0.17598806860551827 0.22810545129579982 0.007457121551081283 0.004021447721179625
1 0.0436241610738255 0.22899910634495085 0.005965697240865026 0.003127792672028597
10 0.43512304250559286 0.22966934763181412 0.007457121551081283 0.004468275245755138
1 0.42412378821774793 0.23056300268096513 0.00633855331841909 0.0035746201966041107
1 0.11036539895600299 0.2307864164432529 0.005965697240865026 0.002234137622877569
1 0.5195749440715883 0.23145665773011617 0.0070842654735272185 0.0017873100983020554
1 0.5068978374347501 0.23190348525469168 0.0070842654735272185 0.0035746201966041107
1 0.1558538404175988 0.23212689901697944 0.002982848620432513 0.010277033065236819
1 0.29903057419835943 0.23279714030384271 0.002982848620432513 0.00804289544235925
10 0.4929157345264728 0.23302055406613048 0.007457121551081283 0.003127792672028597
1 0.28877703206562266 0.23369079535299375 0.002609992542878449 0.009830205540661306
1 0.1756152125279642 0.23458445040214476 0.006711409395973154 0.002680965147453083
10 0.424310216256525 0.2350312779267203 0.005219985085756898 0.0017873100983020554
1 0.0436241610738255 0.2359249329758713 0.005965697240865026 0.0035746201966041107
10 0.43512304250559286 0.23637176050044684 0.005965697240865026 0.002680965147453083
1 0.11017897091722595 0.23726541554959785 0.00633855331841909 0.0035746201966041107
1 0.17580164056674125 0.24084003574620197 0.004847129008202834 0.0035746201966041107
10 0.4354958985831469 0.24106344950848974 0.006711409395973154 0.002234137622877569
1 0.4237509321401939 0.24128686327077747 0.004847129008202834 0.002680965147453083
1 0.9561894108873975 0.24151027703306524 0.002609992542878449 0.008489722966934763
10 0.4923564504101417 0.241733690795353 0.004101416853094705 0.0017873100983020554
1 0.9038031319910514 0.24195710455764075 0.0037285607755406414 0.007596067917783735
1 0.3118941088739746 0.24240393208221628 0.004101416853094705 0.011170688114387846
10 0.9793064876957495 0.24240393208221628 0.002609992542878449 0.007596067917783735
1 0.9735272184936614 0.2421805183199285 0.002982848620432513 0.0071492403932082215
1 0.9164802386278896 0.24240393208221628 0.0014914243102162564 0.006702412868632708
10 0.9295302013422819 0.24262734584450402 0.0037285607755406414 0.006255585344057194
1 0.9862043251304996 0.24262734584450402 0.0037285607755406414 0.009830205540661306
10 0.9103281133482476 0.24262734584450402 0.003355704697986577 0.008936550491510277
1 0.936055182699478 0.24240393208221628 0.003355704697986577 0.010277033065236819
10 0.9684936614466816 0.24307417336907952 0.002609992542878449 0.0071492403932082215
1 0.9515287099179717 0.24307417336907952 0.0022371364653243847 0.0071492403932082215
10 0.9220730797912006 0.24307417336907952 0.0037285607755406414 0.006255585344057194
10 0.9401565995525727 0.2432975871313673 0.003355704697986577 0.007596067917783735
10 0.9623415361670395 0.2432975871313673 0.0022371364653243847 0.007596067917783735
10 0.9468680089485458 0.2437444146559428 0.003355704697986577 0.006702412868632708
10 0.4354958985831469 0.2468722073279714 0.007457121551081283 0.003127792672028597
1 0.4237509321401939 0.24731903485254692 0.0070842654735272185 0.004021447721179625
10 0.43586875466070096 0.2520107238605898 0.006711409395973154 0.005361930294906166
1 0.4231916480238628 0.2529043789097408 0.005219985085756898 0.002680965147453083
10 0.4949664429530201 0.25446827524575516 0.0070842654735272185 0.003127792672028597
10 0.8985831469052945 0.25714924039320824 0.002982848620432513 0.00938337801608579
1 0.31282624906785983 0.2578194816800715 0.002982848620432513 0.010723860589812333
1 0.4220730797912006 0.25983020554066133 0.0037285607755406414 0.003127792672028597
1 0.4338180462341536 0.2609472743521001 0.005592841163310962 0.0035746201966041107
10 0.17971662938105892 0.2609472743521001 0.002982848620432513 0.009830205540661306
10 0.45302013422818793 0.26362823949955316 0.0022371364653243847 0.0071492403932082215
1 0.44668158090976884 0.2645218945487042 0.0022371364653243847 0.00804289544235925
10 0.4615958240119314 0.2649687220732797 0.0014914243102162564 0.00804289544235925
10 0.47240865026099926 0.26519213583556744 0.0007457121551081282 0.007596067917783735
1 0.4563758389261745 0.2649687220732797 0.0022371364653243847 0.0071492403932082215
1 0.4673750932140194 0.265638963360143 0.0018642803877703207 0.008489722966934763
10 0.4807979120059657 0.2660857908847185 0.0018642803877703207 0.007596067917783735
1 0.47706935123042504 0.2660857908847185 0.0018642803877703207 0.008489722966934763
10 0.24552572706935122 0.2658623771224307 0.0018642803877703207 0.010723860589812333
1 0.5070842654735273 0.2660857908847185 0.0022371364653243847 0.006702412868632708
10 0.4968307233407905 0.2667560321715818 0.0011185682326621924 0.009830205540661306
1 0.4873228933631618 0.2667560321715818 0.0022371364653243847 0.008936550491510277
1 0.5011185682326622 0.2669794459338695 0.0022371364653243847 0.008489722966934763
5 0.9796793437733035 0.2680965147453083 0.010067114093959731 0.01519213583556747
10 0.8991424310216256 0.26943699731903487 0.003355704697986577 0.005361930294906166
10 0.04343773303504847 0.27211796246648795 0.004101416853094705 0.0035746201966041107
10 0.3130126771066368 0.27301161751563896 0.004101416853094705 0.009830205540661306
1 0.15566741237882178 0.2727882037533512 0.002609992542878449 0.00938337801608579
1 0.09209545115585384 0.27301161751563896 0.007457121551081283 0.0035746201966041107
10 0.11017897091722595 0.2732350312779267 0.0070842654735272185 0.004915102770330653
1 0.17934377330350484 0.27569258266309205 0.002982848620432513 0.008936550491510277
1 0.04231916480238628 0.2790437890974084 0.004101416853094705 0.003127792672028597
1 0.546793437733035 0.2826184092940125 0.0018642803877703207 0.008489722966934763
1 0.24496644295302014 0.2828418230563003 0.0014914243102162564 0.013404825737265416
1 0.5512677106636839 0.28328865058087577 0.0018642803877703207 0.008936550491510277
1 0.49161073825503354 0.2855227882037534 0.005592841163310962 0.0035746201966041107
10 0.3122669649515287 0.2866398570151921 0.002609992542878449 0.00938337801608579
1 0.30275913497390006 0.28708668453976766 0.006711409395973154 0.003127792672028597
1 0.15604026845637584 0.289544235924933 0.004101416853094705 0.008936550491510277
1 0.4412751677852349 0.290437890974084 0.002609992542878449 0.0071492403932082215
10 0.4463087248322148 0.290437890974084 0.0022371364653243847 0.010723860589812333
10 0.3040641312453393 0.2931188561215371 0.005592841163310962 0.0035746201966041107
1 0.49142431021625654 0.29378909740840037 0.005219985085756898 0.004021447721179625
10 0.5508948545861297 0.2960232350312779 0.002609992542878449 0.007596067917783735
10 0.5454884414615958 0.2960232350312779 0.0022371364653243847 0.010277033065236819
1 0.24478001491424312 0.299597855227882 0.004101416853094705 0.010277033065236819
10 0.30331841909023116 0.30004468275245755 0.00633855331841909 0.004021447721179625
10 0.9569351230425056 0.30205540661304736 0.002609992542878449 0.008936550491510277
10 0.9517151379567487 0.30205540661304736 0.002609992542878449 0.00804289544235925
10 0.9461222967934377 0.3022788203753351 0.0018642803877703207 0.00938337801608579
1 0.9614093959731543 0.3025022341376229 0.003355704697986577 0.00804289544235925
10 0.9664429530201343 0.30272564789991063 0.0022371364653243847 0.008489722966934763
10 0.9703579418344519 0.30294906166219837 0.0018642803877703207 0.0071492403932082215
10 0.9800521998508576 0.30361930294906164 0.0018642803877703207 0.006702412868632708
10 0.9759507829977628 0.30361930294906164 0.002609992542878449 0.006702412868632708
10 0.9848993288590604 0.3042895442359249 0.0018642803877703207 0.006255585344057194
1 0.17934377330350484 0.3054066130473637 0.0037285607755406414 0.011170688114387846
1 0.04138702460850112 0.306076854334227 0.005965697240865026 0.004468275245755138
1 0.09153616703952275 0.306970509383378 0.0070842654735272185 0.004468275245755138
10 0.4429530201342282 0.30741733690795353 0.005965697240865026 0.002680965147453083
1 0.6480238627889635 0.3080875781948168 0.0022371364653243847 0.00938337801608579
1 0.10980611483967188 0.3080875781948168 0.004101416853094705 0.004915102770330653
1 0.6426174496644296 0.3087578194816801 0.002609992542878449 0.009830205540661306
10 0.42878448918717377 0.31032171581769435 0.006711409395973154 0.004021447721179625
1 0.5516405667412378 0.31300268096514744 0.0011185682326621924 0.008489722966934763
10 0.4423937360178971 0.31322609472743523 0.007829977628635347 0.002680965147453083
1 0.5380313199105146 0.31300268096514744 0.002982848620432513 0.008489722966934763
1 0.5451155853840418 0.31344950848972297 0.0022371364653243847 0.00938337801608579
10 0.09097688292319164 0.31724754244861486 0.006711409395973154 0.0035746201966041107
10 0.10961968680089486 0.3174709562109026 0.007457121551081283 0.003127792672028597
10 0.9519015659955258 0.31881143878462914 0.002982848620432513 0.006702412868632708
10 0.9759507829977628 0.31881143878462914 0.0018642803877703207 0.006702412868632708
10 0.9612229679343773 0.3190348525469169 0.0022371364653243847 0.0071492403932082215
10 0.9656972408650261 0.3190348525469169 0.0022371364653243847 0.0071492403932082215
10 0.9554436987322893 0.3194816800714924 0.0018642803877703207 0.00804289544235925
10 0.2458985831469053 0.3194816800714924 0.002609992542878449 0.010723860589812333
10 0.17710663683818045 0.3192582663092047 0.0037285607755406414 0.00938337801608579
10 0.9362416107382551 0.31970509383378015 0.0022371364653243847 0.00580875781948168
10 0.9703579418344519 0.31970509383378015 0.002609992542878449 0.007596067917783735
10 0.9407158836689038 0.31970509383378015 0.0022371364653243847 0.006702412868632708
10 0.9463087248322147 0.31970509383378015 0.002982848620432513 0.006702412868632708
10 0.9804250559284117 0.31970509383378015 0.002609992542878449 0.006702412868632708
12 0.2980984340044743 0.31970509383378015 0.017524235645041013 0.0290437890974084
10 0.4423937360178971 0.3201519213583557 0.007829977628635347 0.003127792672028597
1 0.15510812826249068 0.3201519213583557 0.005219985085756898 0.00938337801608579
10 0.9850857568978374 0.3203753351206434 0.0022371364653243847 0.005361930294906166
1 0.49142431021625654 0.3241733690795353 0.00820283370618941 0.004915102770330653
10 0.3131991051454139 0.32551385165326185 0.002982848620432513 0.010277033065236819
10 0.4299030574198359 0.3266309204647006 0.007457121551081283 0.002680965147453083
1 0.4423937360178971 0.3273011617515639 0.00633855331841909 0.003127792672028597
2 0.26304996271439224 0.3288650580875782 0.021998508575689784 0.32082216264521896
2 0.12639821029082773 0.33020554066130475 0.018642803877703208 0.322609472743521
2 0.06431767337807606 0.33020554066130475 0.02870991797166294 0.32529043789097406
1 0.49030574198359433 0.3340035746201966 0.006711409395973154 0.003127792672028597
2 0.1970544369873229 0.33668453976764967 0.015287099179716629 0.3239499553172475
2 0.3307233407904549 0.3371313672922252 0.019388516032811335 0.3194816800714924
10 0.38422818791946306 0.338248436103664 0.0018642803877703207 0.00804289544235925
10 0.39429530201342283 0.33847184986595175 0.002609992542878449 0.00938337801608579
1 0.37975391498881433 0.33847184986595175 0.003355704697986577 0.00938337801608579
10 0.41498881431767337 0.33847184986595175 0.0022371364653243847 0.00938337801608579
1 0.4203952274422073 0.33847184986595175 0.0018642803877703207 0.008489722966934763
1 0.389634601043997 0.3386952636282395 0.0022371364653243847 0.00804289544235925
1 0.40548098434004476 0.3389186773905273 0.002609992542878449 0.008489722966934763
10 0.4000745712155108 0.33936550491510276 0.002982848620432513 0.011170688114387846
10 0.40958240119313943 0.3398123324396783 0.002609992542878449 0.010277033065236819
1 0.4912378821774795 0.3409294012511171 0.0070842654735272185 0.002680965147453083
1 0.313944817300522 0.3424932975871314 0.0037285607755406414 0.010277033065236819
1 0.09209545115585384 0.3447274352100089 0.00820283370618941 0.006702412868632708
10 0.5590976882923192 0.34584450402144773 0.0018642803877703207 0.0071492403932082215
1 0.5527591349739001 0.34629133154602326 0.003355704697986577 0.00804289544235925
1 0.5397091722595079 0.346514745308311 0.004101416853094705 0.010277033065236819
1 0.5251677852348994 0.346514745308311 0.002609992542878449 0.00938337801608579
10 0.5331841909023117 0.34696157283288653 0.0022371364653243847 0.010277033065236819
10 0.5462341536167039 0.34718498659517427 0.0022371364653243847 0.0071492403932082215
1 0.3795674869500373 0.3532171581769437 0.002982848620432513 0.00938337801608579
10 0.3844146159582401 0.35344057193923145 0.0022371364653243847 0.008936550491510277
1 0.38944817300522 0.3536639857015192 0.002609992542878449 0.008489722966934763
10 0.48956002982848623 0.35344057193923145 0.006711409395973154 0.0035746201966041107
10 0.41442953020134227 0.353887399463807 0.0018642803877703207 0.0071492403932082215
10 0.4052945563012677 0.35433422698838246 0.0022371364653243847 0.00804289544235925
10 0.4000745712155108 0.35455764075067026 0.0022371364653243847 0.00938337801608579
10 0.4901193139448173 0.35969615728328863 0.00633855331841909 0.0035746201966041107
1 0.10868754660700969 0.36014298480786416 0.005592841163310962 0.0035746201966041107
1 0.24478001491424312 0.3650580875781948 0.003355704697986577 0.009830205540661306
1 0.17785234899328858 0.36550491510277033 0.002982848620432513 0.00804289544235925
10 0.49030574198359433 0.36572832886505807 0.005965697240865026 0.003127792672028597
1 0.35439970171513796 0.36639857015192134 0.008575689783743476 0.0035746201966041107
1 0.3117076808351976 0.3681858802502234 0.0037285607755406414 0.010723860589812333
1 0.5721476510067114 0.36840929401251116 0.002609992542878449 0.00938337801608579
10 0.41946308724832215 0.3688561215370867 0.005965697240865026 0.002234137622877569
1 0.5969425801640567 0.36863270777479895 0.0014914243102162564 0.00804289544235925
1 0.5771812080536913 0.36863270777479895 0.0022371364653243847 0.008936550491510277
1 0.5680462341536167 0.36907953529937443 0.002609992542878449 0.0071492403932082215
1 0.5820283370618942 0.3688561215370867 0.0022371364653243847 0.007596067917783735
1 0.593027591349739 0.36907953529937443 0.002609992542878449 0.008936550491510277
1 0.6021625652498136 0.36952636282394996 0.0037285607755406414 0.00804289544235925
1 0.610924683072334 0.3699731903485255 0.0018642803877703207 0.00804289544235925
1 0.5878076062639821 0.37019660411081323 0.003355704697986577 0.008489722966934763
1 0.6071961222967934 0.37019660411081323 0.002609992542878449 0.006702412868632708
10 0.41890380313199105 0.3746648793565684 0.005592841163310962 0.003127792672028597
1 0.43027591349739003 0.37511170688114387 0.00820283370618941 0.004021447721179625
1 0.15734526472781507 0.37488829311885613 0.006711409395973154 0.0035746201966041107
1 0.09060402684563758 0.3760053619302949 0.005965697240865026 0.002234137622877569
1 0.5441834451901566 0.3771224307417337 0.003355704697986577 0.00804289544235925
1 0.5438105891126025 0.37890974084003576 0.002609992542878449 0.008936550491510277
1 0.5488441461595824 0.37890974084003576 0.0022371364653243847 0.008936550491510277
1 0.42897091722595077 0.3822609472743521 0.00633855331841909 0.003127792672028597
10 0.4192766592095451 0.3829311885612154 0.004847129008202834 0.002680965147453083
10 0.5820283370618942 0.38404825737265413 0.002982848620432513 0.008489722966934763
10 0.5766219239373602 0.38427167113494193 0.002609992542878449 0.0071492403932082215
1 0.5922818791946308 0.38449508489722967 0.002609992542878449 0.008489722966934763
10 0.5715883668903803 0.3849419124218052 0.0022371364653243847 0.008489722966934763
1 0.5673005219985086 0.3849419124218052 0.002982848620432513 0.007596067917783735
1 0.5866890380313199 0.38516532618409294 0.0018642803877703207 0.009830205540661306
10 0.6094332587621178 0.3853887399463807 0.0018642803877703207 0.00938337801608579
10 0.6262117822520508 0.38561215370866847 0.003355704697986577 0.009830205540661306
10 0.6306860551826995 0.38561215370866847 0.0018642803877703207 0.009830205540661306
10 0.5997390007457122 0.3858355674709562 0.002609992542878449 0.00938337801608579
1 0.6148396718866518 0.38605898123324395 0.0014914243102162564 0.008936550491510277
1 0.6191275167785235 0.38628239499553174 0.0011185682326621924 0.008489722966934763
10 0.4192766592095451 0.38829311885612156 0.004847129008202834 0.002680965147453083
1 0.42822520507084266 0.3885165326184093 0.005592841163310962 0.003127792672028597
10 0.44146159582401195 0.3889633601429848 0.006711409395973154 0.004021447721179625
10 0.9224459358687547 0.3896336014298481 0.0022371364653243847 0.009830205540661306
10 0.9252423564504102 0.3896336014298481 0.004101416853094705 0.00804289544235925
5 0.3862788963460104 0.3911974977658624 0.035048471290082026 0.04781054512957998
1 0.3542132736763609 0.39186773905272565 0.005965697240865026 0.0035746201966041107
10 0.767337807606264 0.39387846291331546 0.005219985085756898 0.004021447721179625
10 0.4196495152870992 0.3941018766756032 0.005592841163310962 0.002680965147453083
1 0.42934377330350487 0.39499553172475427 0.007829977628635347 0.004468275245755138
10 0.9325130499627144 0.39544235924932974 0.007457121551081283 0.0035746201966041107
1 0.441834451901566 0.395218945487042 0.007457121551081283 0.003127792672028597
1 0.970730797912006 0.39544235924932974 0.00633855331841909 0.00804289544235925
1 0.5359806114839671 0.3990169794459339 0.003355704697986577 0.0071492403932082215
1 0.5495898583146905 0.3990169794459339 0.0022371364653243847 0.00804289544235925
10 0.9345637583892618 0.39946380697050937 0.005592841163310962 0.0035746201966041107
10 0.5982475764354959 0.39946380697050937 0.0018642803877703207 0.0071492403932082215
10 0.418717375093214 0.3999106344950849 0.0037285607755406414 0.0035746201966041107
10 0.593400447427293 0.3999106344950849 0.0018642803877703207 0.008936550491510277
10 0.5674869500372856 0.39968722073279717 0.0022371364653243847 0.007596067917783735
10 0.5766219239373602 0.3999106344950849 0.0018642803877703207 0.006255585344057194
1 0.5557419835943326 0.3999106344950849 0.003355704697986577 0.009830205540661306
10 0.5721476510067114 0.40013404825737264 0.0018642803877703207 0.008489722966934763
1 0.5559284116331096 0.40035746201966044 0.002982848620432513 0.008936550491510277
10 0.6249067859806114 0.4005808757819482 0.0022371364653243847 0.008489722966934763
10 0.7699478001491424 0.4005808757819482 0.005219985085756898 0.004021447721179625
10 0.6096196868008948 0.4005808757819482 0.0022371364653243847 0.00938337801608579
10 0.7570842654735273 0.4010277033065237 0.00633855331841909 0.004021447721179625
1 0.44108873974645785 0.40125111706881145 0.006711409395973154 0.002680965147453083
1 0.6150260999254288 0.4014745308310992 0.0018642803877703207 0.008489722966934763
1 0.6200596569724086 0.4019213583556747 0.0014914243102162564 0.008489722966934763
10 0.6304996271439225 0.4019213583556747 0.0022371364653243847 0.008489722966934763
10 0.9679343773303505 0.40415549597855227 0.0037285607755406414 0.003127792672028597
10 0.3540268456375839 0.4050491510277033 0.0070842654735272185 0.003127792672028597
10 0.9340044742729307 0.4063896336014298 0.005965697240865026 0.002234137622877569
10 0.4198359433258762 0.4070598748882931 0.005219985085756898 0.002680965147453083
1 0.4291573452647278 0.4066130473637176 0.005965697240865026 0.0035746201966041107
1 0.44164802386278895 0.4066130473637176 0.0070842654735272185 0.0017873100983020554
1 0.15715883668903805 0.4075067024128686 0.005592841163310962 0.002680965147453083
10 0.7686428038777032 0.40840035746201964 0.007829977628635347 0.002680965147453083
10 0.755965697240865 0.40840035746201964 0.004101416853094705 0.0017873100983020554
1 0.5141685309470544 0.409964253798034 0.006711409395973154 0.003127792672028597
10 0.3536539895600298 0.4113047363717605 0.007829977628635347 0.004021447721179625
1 0.442020879940343 0.4119749776586238 0.007829977628635347 0.002680965147453083
10 0.41834451901565994 0.4128686327077748 0.005219985085756898 0.002680965147453083
1 0.4291573452647278 0.41309204647006253 0.007457121551081283 0.003127792672028597
10 0.9330723340790454 0.41331546023235033 0.005592841163310962 0.002680965147453083
10 0.7690156599552572 0.4144325290437891 0.00633855331841909 0.004021447721179625
10 0.755965697240865 0.41510277033065235 0.004101416853094705 0.002680965147453083
10 0.4906785980611484 0.41510277033065235 0.007457121551081283 0.0035746201966041107
5 0.2986577181208054 0.4164432529043789 0.014168530947054437 0.013404825737265416
10 0.3536539895600298 0.41711349419124216 0.007829977628635347 0.003127792672028597
1 0.441834451901566 0.4175603217158177 0.006711409395973154 0.003127792672028597
10 0.418717375093214 0.41823056300268097 0.005219985085756898 0.0035746201966041107
10 0.9338180462341537 0.4195710455764075 0.0070842654735272185 0.0035746201966041107
10 0.49030574198359433 0.42202859696157285 0.006711409395973154 0.004021447721179625
1 0.9686800894854586 0.4222520107238606 0.002982848620432513 0.0035746201966041107
1 0.42897091722595077 0.4242627345844504 0.004847129008202834 0.002234137622877569
10 0.418717375093214 0.42470956210902594 0.005219985085756898 0.003127792672028597
1 0.442020879940343 0.42448614834673815 0.005592841163310962 0.002680965147453083
1 0.35197613721103654 0.42649687220732796 0.0022371364653243847 0.008489722966934763
10 0.9325130499627144 0.4269436997319035 0.005219985085756898 0.004021447721179625
10 0.36726323639075314 0.4269436997319035 0.002982848620432513 0.008489722966934763
10 0.38236390753169275 0.42761394101876676 0.0018642803877703207 0.00804289544235925
10 0.3773303504847129 0.4278373547810545 0.002982848620432513 0.007596067917783735
10 0.3724832214765101 0.42761394101876676 0.0022371364653243847 0.00804289544235925
1 0.4901193139448173 0.42761394101876676 0.00633855331841909 0.002680965147453083
1 0.3872110365398956 0.42761394101876676 0.002609992542878449 0.008936550491510277
1 0.360365398956003 0.4298480786416443 0.004101416853094705 0.014298480786416443
1 0.41834451901565994 0.43118856121537086 0.0044742729306487695 0.0017873100983020554
1 0.4280387770320656 0.4316353887399464 0.0044742729306487695 0.002680965147453083
10 0.9759507829977628 0.43297587131367293 0.004101416853094705 0.009830205540661306
1 0.4448173005219985 0.4336461126005362 0.0022371364653243847 0.006702412868632708
1 0.3331469052945563 0.043789097408400354 0.005592841163310962 0.0035746201966041107
1 0.2197986577181208 0.44146559428060766 0.004847129008202834 0.010723860589812333
1 0.3482475764354959 0.04423592493297587 0.005965697240865026 0.0035746201966041107
10 0.3773303504847129 0.44258266309204647 0.002982848620432513 0.010277033065236819
10 0.3674496644295302 0.4428060768543342 0.002609992542878449 0.008936550491510277
10 0.38180462341536164 0.4428060768543342 0.0022371364653243847 0.00804289544235925
1 0.17747949291573453 0.4428060768543342 0.0037285607755406414 0.009830205540661306
10 0.372110365398956 0.443029490616622 0.0022371364653243847 0.010277033065236819
10 0.38683818046234153 0.443029490616622 0.002609992542878449 0.00938337801608579
1 0.5147278150633855 0.44436997319034854 0.009321401938851604 0.00580875781948168
1 0.8551454138702461 0.444816800714924 0.0070842654735272185 0.003127792672028597
1 0.4448173005219985 0.4454870420017873 0.0022371364653243847 0.0071492403932082215
1 0.8161819537658463 0.44526362823949955 0.00820283370618941 0.004021447721179625