1 0.0976123595505618 0.7349486049926579 0.032303370786516857 0.030837004405286344
1 0.6509831460674157 0.7448604992657856 0.01544943820224719 0.009544787077826725
5 0.7752808988764045 0.762114537444934 0.1404494382022472 0.08663729809104258
1 0.24929775280898878 0.76431718061674 0.04915730337078652 0.049926578560939794
1 0.6976825842696629 0.7668869309838473 0.007724719101123595 0.013950073421439061
1 0.6889044943820225 0.7672540381791483 0.009831460674157303 0.01908957415565345
1 0.6657303370786517 0.7815712187958884 0.046348314606741575 0.035976505139500736
10 0.29599719101123595 0.08186490455212922 0.011938202247191011 0.011013215859030838
10 0.16573033707865167 0.08223201174743025 0.014044943820224719 0.00881057268722467
10 0.26896067415730335 0.08406754772393539 0.018258426966292134 0.012481644640234948
1 0.9178370786516854 0.8671071953010279 0.01544943820224719 0.01762114537444934
1 0.3082865168539326 0.08847283406754772 0.008426966292134831 0.015418502202643172
10 0.31566011235955055 0.08883994126284875 0.007724719101123595 0.014684287812041116
10 0.16537921348314608 0.08920704845814978 0.014747191011235955 0.006607929515418502
1 0.8760533707865169 0.893906020558003 0.011938202247191011 0.021292217327459617
1 0.8960674157303371 0.9107929515418502 0.011235955056179775 0.016886930983847283
10 0.8219803370786517 0.092143906020558 0.011938202247191011 0.018355359765051395
1 0.7833567415730337 0.09251101321585903 0.013342696629213483 0.01908957415565345
10 0.8430477528089888 0.09287812041116006 0.009129213483146067 0.015418502202643172
10 0.769311797752809 0.09324522760646109 0.014747191011235955 0.01762114537444934
10 0.8114466292134831 0.09434654919236417 0.009129213483146067 0.019823788546255508
10 0.7338483146067416 0.09397944199706314 0.009831460674157303 0.01908957415565345
2 0.17696629213483145 0.9625550660792952 0.09269662921348315 0.049926578560939794
10 0.16502808988764045 0.09985315712187959 0.012640449438202247 0.00881057268722467
10 0.6790730337078652 0.10168869309838473 0.019662921348314606 0.012481644640234948
10 0.16573033707865167 0.10866372980910426 0.01544943820224719 0.010279001468428781
10 0.5955056179775281 0.11123348017621146 0.05758426966292135 0.0697503671071953
1 0.5129915730337079 0.11490455212922174 0.009129213483146067 0.018355359765051395
1 0.39536516853932585 0.11563876651982379 0.019662921348314606 0.02276064610866373
1 0.49543539325842695 0.11527165932452275 0.013342696629213483 0.01762114537444934
1 0.16748595505617977 0.11600587371512482 0.0175561797752809 0.00881057268722467
1 0.4125702247191011 0.11637298091042585 0.009129213483146067 0.021292217327459617
10 0.9055477528089888 0.11930983847283406 0.018960674157303372 0.011013215859030838
2 0.04985955056179775 0.12151248164464024 0.0449438202247191 0.07856093979441997
10 0.9044943820224719 0.12848751835535976 0.02247191011235955 0.007342143906020558
10 0.9051966292134831 0.13803230543318648 0.018258426966292134 0.00881057268722467
10 0.9069522471910112 0.14574155653450807 0.020365168539325844 0.009544787077826725
2 0.9406601123595506 0.14684287812041116 0.037219101123595506 0.07929515418502203
5 0.5136938202247191 0.14977973568281938 0.07373595505617977 0.048458149779735685
5 0.42275280898876405 0.15161527165932454 0.07162921348314606 0.04772393538913363
1 0.16116573033707865 0.1802496328928047 0.013342696629213483 0.016886930983847283
1 0.10639044943820225 0.18098384728340675 0.010533707865168539 0.015418502202643172
1 0.07443820224719101 0.1894273127753304 0.054775280898876406 0.042584434654919234
1 0.29985955056179775 0.20227606461086636 0.06882022471910113 0.07562408223201175
1 0.1934691011235955 0.20484581497797358 0.06530898876404495 0.049926578560939794
1 0.8297050561797753 0.2209985315712188 0.014747191011235955 0.023494860499265784
10 0.9122191011235955 0.22577092511013216 0.009831460674157303 0.015418502202643172
10 0.8781601123595506 0.24192364170337738 0.009129213483146067 0.016886930983847283
10 0.8693820224719101 0.24302496328928047 0.009831460674157303 0.016152716593245228
1 0.16853932584269662 0.2533039647577093 0.014044943820224719 0.00881057268722467
1 0.6183286516853933 0.25477239353891334 0.047050561797752806 0.048458149779735685
10 0.7917837078651685 0.2566079295154185 0.016151685393258428 0.011013215859030838
1 0.7370084269662921 0.26615271659324524 0.016151685393258428 0.035976505139500736
1 0.33883426966292135 0.2698237885462555 0.011938202247191011 0.02276064610866373
10 0.7945926966292135 0.2701908957415565 0.016151685393258428 0.011747430249632892
1 0.4610252808988764 0.2749632892804699 0.06811797752808989 0.06093979441997063
5 0.3813202247191011 0.2749632892804699 0.07162921348314606 0.052129221732745964
1 0.3012640449438202 0.27606461086637296 0.046348314606741575 0.05433186490455213
1 0.8700842696629213 0.27606461086637296 0.009831460674157303 0.016152716593245228
10 0.7963483146067416 0.2779001468428781 0.016853932584269662 0.009544787077826725
10 0.19768258426966293 0.27936857562408224 0.0175561797752809 0.008076358296622614
10 0.21558988764044945 0.28193832599118945 0.012640449438202247 0.010279001468428781
1 0.6257022471910112 0.2867107195301028 0.009831460674157303 0.018355359765051395
1 0.6376404494382022 0.2878120411160059 0.011235955056179775 0.020558002936857563
10 0.19627808988764045 0.2881791483113069 0.011938202247191011 0.006607929515418502
1 0.8757022471910112 0.29038179148311305 0.019662921348314606 0.009544787077826725
10 0.7970505617977528 0.2947870778267254 0.02247191011235955 0.011013215859030838
1 0.7457865168539326 0.2977239353891336 0.025280898876404494 0.013950073421439061
1 0.3830758426966292 0.302496328928047 0.016151685393258428 0.016152716593245228
10 0.7963483146067416 0.30359765051395005 0.021067415730337078 0.009544787077826725
1 0.6186797752808989 0.31828193832599116 0.014044943820224719 0.027165932452276064
1 0.6306179775280899 0.3186490455212922 0.009831460674157303 0.022026431718061675
1 0.8693820224719101 0.3219530102790015 0.011235955056179775 0.018355359765051395
1 0.6597612359550562 0.3237885462555066 0.04845505617977528 0.049926578560939794
1 0.3493679775280899 0.32966226138032306 0.04985955056179775 0.04552129221732746
1 0.4648876404494382 0.33370044052863435 0.05337078651685393 0.04331864904552129
1 0.3967696629213483 0.35499265785609396 0.04353932584269663 0.053597650513950074
2 0.9466292134831461 0.3579295154185022 0.04915730337078652 0.07268722466960352
10 0.6169241573033708 0.41483113069016153 0.014747191011235955 0.013215859030837005
10 0.5909410112359551 0.4155653450807636 0.007724719101123595 0.016152716593245228
1 0.05723314606741573 0.4280469897209985 0.05266853932584269 0.04552129221732746
10 0.6365870786516854 0.4291483113069016 0.014747191011235955 0.011013215859030838
10 0.17275280898876405 0.044419970631424374 0.014044943820224719 0.011013215859030838
10 0.6383426966292135 0.43759177679882527 0.012640449438202247 0.00881057268722467
10 0.6144662921348315 0.43869309838472836 0.016853932584269662 0.013950073421439061
1 0.09445224719101124 0.43942731277533037 0.0175561797752809 0.011013215859030838
2 0.7893258426966292 0.044787077826725405 0.18258426966292135 0.05873715124816446
1 0.16081460674157302 0.046255506607929514 0.012640449438202247 0.014684287812041116
10 0.2752808988764045 0.046622613803230545 0.008426966292134831 0.012481644640234948
1 0.10568820224719101 0.47613803230543317 0.016151685393258428 0.018355359765051395
10 0.2945926966292135 0.048458149779735685 0.016151685393258428 0.007342143906020558
1 0.06530898876404495 0.48237885462555063 0.02247191011235955 0.014684287812041116
5 0.3068820224719101 0.4853157121879589 0.09269662921348315 0.08663729809104258
2 0.9245084269662921 0.4878854625550661 0.07654494382022473 0.1593245227606461
10 0.24929775280898878 0.4908223201174743 0.009831460674157303 0.015418502202643172
1 0.2401685393258427 0.4919236417033774 0.014044943820224719 0.020558002936857563
1 0.24683988764044945 0.5231277533039648 0.0175561797752809 0.011013215859030838
2 0.6116573033707865 0.5256975036710719 0.05898876404494382 0.12481644640234948
10 0.31495786516853935 0.053597650513950074 0.009129213483146067 0.020558002936857563
1 0.13377808988764045 0.0565345080763583 0.03300561797752809 0.0381791483113069
1 0.2945926966292135 0.05837004405286344 0.023174157303370788 0.009544787077826725
10 0.17345505617977527 0.05837004405286344 0.012640449438202247 0.009544787077826725
5 0.7816011235955056 0.5877386196769456 0.17696629213483145 0.1696035242290749
10 0.05442415730337079 0.6251835535976505 0.011938202247191011 0.016886930983847283
10 0.042837078651685394 0.6259177679882526 0.014044943820224719 0.015418502202643172
10 0.05898876404494382 0.6420704845814978 0.012640449438202247 0.012481644640234948
1 0.45435393258426965 0.06497797356828194 0.07865168539325842 0.07268722466960352
10 0.046699438202247194 0.6464757709251101 0.013342696629213483 0.009544787077826725
1 0.05372191011235955 0.6585903083700441 0.014747191011235955 0.022026431718061675
10 0.16362359550561797 0.06607929515418502 0.014044943820224719 0.007342143906020558
1 0.5291432584269663 0.06681350954478708 0.06390449438202248 0.07048458149779736
1 0.2851123595505618 0.6864904552129222 0.021067415730337078 0.01908957415565345
1 0.6400983146067416 0.6864904552129222 0.014747191011235955 0.022026431718061675
1 0.13342696629213482 0.6908957415565345 0.019662921348314606 0.01762114537444934
1 0.1502808988764045 0.7019089574155654 0.016853932584269662 0.007342143906020558
1 0.29634831460674155 0.7254038179148311 0.008426966292134831 0.01762114537444934
10 0.16432584269662923 0.07305433186490455 0.009831460674157303 0.006607929515418502
1 0.28370786516853935 0.7276064610866373 0.018258426966292134 0.016152716593245228
1 0.6646769662921348 0.7279735682819384 0.018960674157303372 0.011013215859030838
1 0.269311797752809 0.7323788546255506 0.011938202247191011 0.019823788546255508