10 0.5857874519846351 0.197265625 0.012804097311139564 0.0234375
10 0.6005121638924455 0.203125 0.014084507042253521 0.02734375
2 0.9699103713188221 0.3291015625 0.058898847631242 0.208984375
5 0.14980793854033292 0.099609375 0.13444302176696543 0.19921875
1 0.5637003841229193 0.2236328125 0.005761843790012804 0.037109375
1 0.5720230473751601 0.2275390625 0.007042253521126761 0.033203125
1 0.5880281690140845 0.2333984375 0.007042253521126761 0.037109375
1 0.5569782330345711 0.2236328125 0.006402048655569782 0.037109375
1 0.5803457106274008 0.23046875 0.007042253521126761 0.03515625
1 0.5211267605633803 0.212890625 0.012804097311139564 0.0625
1 0.602752880921895 0.2392578125 0.008322663252240717 0.041015625
1 0.545774647887324 0.220703125 0.012163892445582587 0.0546875
1 0.5957106274007683 0.23828125 0.007042253521126761 0.0390625
1 0.6209987195902689 0.2470703125 0.0076824583866837385 0.041015625
10 0.6120358514724712 0.2451171875 0.0076824583866837385 0.041015625
10 0.45166453265044815 0.30859375 0.013444302176696543 0.0234375
10 0.4654289372599232 0.322265625 0.012804097311139564 0.0234375
1 0.5054417413572343 0.3369140625 0.0147247119078105 0.025390625
10 0.15172855313700384 0.2431640625 0.0076824583866837385 0.044921875
10 0.22535211267605634 0.27734375 0.006402048655569782 0.0390625
10 0.4494238156209987 0.353515625 0.014084507042253521 0.0234375
1 0.4846350832266325 0.3759765625 0.02560819462227913 0.037109375
10 0.5032010243277849 0.38671875 0.014084507042253521 0.0234375
10 0.44814340588988477 0.37890625 0.011523687580025609 0.01953125
10 0.4465428937259923 0.4130859375 0.012163892445582587 0.025390625
10 0.4599871959026889 0.41796875 0.013444302176696543 0.0234375
5 0.5749039692701664 0.4580078125 0.09346991037131883 0.298828125
10 0.2026248399487836 0.3447265625 0.0147247119078105 0.025390625
10 0.7026248399487837 0.5146484375 0.012163892445582587 0.021484375
10 0.5006402048655569 0.462890625 0.014084507042253521 0.0234375
10 0.20102432778489115 0.3681640625 0.015364916773367477 0.025390625
1 0.4638284250960307 0.455078125 0.02240717029449424 0.0390625
10 0.7013444302176697 0.5380859375 0.0147247119078105 0.021484375
1 0.6510883482714469 0.52734375 0.006402048655569782 0.0390625
10 0.6434058898847631 0.525390625 0.0076824583866837385 0.04296875
10 0.5 0.4853515625 0.014084507042253521 0.025390625
1 0.4439820742637644 0.46875 0.013444302176696543 0.06640625
10 0.48495518565941104 0.484375 0.012163892445582587 0.0234375
10 0.6450064020486556 0.5625 0.0147247119078105 0.0234375
10 0.4833546734955186 0.51171875 0.014084507042253521 0.0234375
5 0.3261843790012804 0.4716796875 0.1914212548015365 0.599609375
10 0.6443661971830986 0.583984375 0.0147247119078105 0.0234375
2 0.13892445582586427 0.5126953125 0.03969270166453265 0.427734375
12 0.4766325224071703 0.74609375 0.10179257362355953 0.2109375
1 0.23879641485275288 0.771484375 0.011523687580025609 0.0234375
1 0.22311139564660692 0.767578125 0.012163892445582587 0.0234375
1 0.24903969270166454 0.783203125 0.0076824583866837385 0.0390625
1 0.2701664532650448 0.791015625 0.006402048655569782 0.0390625
1 0.279449423815621 0.8125 0.012163892445582587 0.0703125
1 0.29161331626120357 0.818359375 0.01088348271446863 0.0703125
1 0.5675416133162612 0.908203125 0.02112676056338028 0.0390625
1 0.23175416133162613 0.8017578125 0.024327784891165175 0.037109375
1 0.4234955185659411 0.8662109375 0.007042253521126761 0.041015625
2 0.4942381562099872 0.9072265625 0.10115236875800256 0.142578125
1 0.2679257362355954 0.8359375 0.007042253521126761 0.0390625
1 0.43309859154929575 0.904296875 0.013444302176696543 0.02734375
1 0.2900128040973111 0.8740234375 0.024327784891165175 0.037109375
2 0.4759923175416133 0.0849609375 0.0761843790012804 0.115234375
2 0.5845070422535211 0.123046875 0.14212548015364918 0.125
1 0.7480793854033291 0.1806640625 0.007042253521126761 0.048828125
5 0.7163892445582587 0.1982421875 0.04737516005121639 0.111328125