1 0.9345991561181435 0.46816770186335405 0.0379746835443038 0.018115942028985508
1 0.9435654008438819 0.5015527950310559 0.04746835443037975 0.019668737060041408
1 0.745253164556962 0.7370600414078675 0.06645569620253164 0.027950310559006212
10 0.8496835443037974 0.78027950310559 0.04113924050632911 0.06055900621118013
10 0.7368143459915611 0.7885610766045549 0.04113924050632911 0.06262939958592133
10 0.7062236286919831 0.7914078674948241 0.043248945147679324 0.061076604554865424
2 0.17827004219409281 0.8669772256728778 0.1350210970464135 0.2039337474120083
1 0.6640295358649789 0.06832298136645963 0.03481012658227848 0.021739130434782608
10 0.4050632911392405 0.08721532091097309 0.016877637130801686 0.011904761904761904
10 0.4224683544303797 0.08669772256728779 0.017932489451476793 0.013975155279503106
10 0.30748945147679324 0.10300207039337474 0.017932489451476793 0.013457556935817806
5 0.4451476793248945 0.1105072463768116 0.0949367088607595 0.04192546583850932
1 0.6466244725738397 0.10455486542443064 0.02531645569620253 0.008281573498964804
1 0.31645569620253167 0.12629399585921325 0.0189873417721519 0.016563146997929608
12 0.26582278481012656 0.1348343685300207 0.05907172995780591 0.03778467908902691
10 0.5026371308016878 0.1224120082815735 0.015822784810126583 0.012939958592132506
5 0.7658227848101266 0.1063664596273292 0.05485232067510549 0.03260869565217391
1 0.8006329113924051 0.10507246376811594 0.014767932489451477 0.011387163561076604
1 0.36761603375527424 0.13198757763975155 0.043248945147679324 0.028985507246376812
5 0.6529535864978903 0.12577639751552794 0.06540084388185655 0.035196687370600416
2 0.0379746835443038 0.18633540372670807 0.0759493670886076 0.20600414078674947
10 0.2979957805907173 0.17624223602484473 0.015822784810126583 0.011904761904761904
10 0.27109704641350213 0.18064182194616976 0.023206751054852322 0.007246376811594203
10 0.2220464135021097 0.23266045548654243 0.043248945147679324 0.04710144927536232
10 0.2552742616033755 0.23110766045548653 0.04008438818565401 0.04710144927536232
1 0.8966244725738397 0.3304865424430642 0.03375527426160337 0.017080745341614908
1 0.9171940928270043 0.36024844720496896 0.04535864978902954 0.019668737060041408