1 0.6659877800407332 0.373046875 0.0050916496945010185 0.07421875
1 0.9982179226069247 0.427734375 0.003564154786150713 0.08984375
1 0.9921079429735234 0.427734375 0.00560081466395112 0.07421875
12 0.655295315682281 0.3828125 0.01120162932790224 0.09375
12 0.6415478615071283 0.37890625 0.012219959266802444 0.09375
1 0.5664460285132383 0.40625 0.003564154786150713 0.0546875
10 0.6306008146639511 0.412109375 0.004582484725050916 0.07421875
1 0.5822301425661914 0.41015625 0.003564154786150713 0.0546875
1 0.18533604887983707 0.373046875 0.012219959266802444 0.13671875
1 0.9406822810590632 0.48828125 0.004582484725050916 0.0703125
1 0.6112525458248472 0.44921875 0.004582484725050916 0.078125
1 0.6224541751527495 0.44921875 0.00560081466395112 0.078125
10 0.01094704684317719 0.376953125 0.004582484725050916 0.07421875
1 0.1494399185336049 0.4140625 0.00560081466395112 0.0703125
1 0.14332993890020368 0.416015625 0.004582484725050916 0.07421875
1 0.8615071283095723 0.515625 0.0050916496945010185 0.0703125
1 0.1560590631364562 0.419921875 0.004582484725050916 0.08203125
1 0.16242362525458248 0.421875 0.0050916496945010185 0.0703125
1 0.8413951120162932 0.51171875 0.004582484725050916 0.0703125
1 0.12372708757637474 0.4140625 0.0050916496945010185 0.0703125
1 0.1695519348268839 0.421875 0.0050916496945010185 0.0703125
10 0.13034623217922606 0.41796875 0.0050916496945010185 0.078125
10 0.03538696537678208 0.404296875 0.004582484725050916 0.07421875
1 0.13671079429735233 0.416015625 0.00560081466395112 0.07421875
10 0.01705702647657841 0.404296875 0.004582484725050916 0.06640625
10 0.029276985743380855 0.40625 0.004582484725050916 0.0703125
10 0.023167006109979633 0.404296875 0.004582484725050916 0.07421875
10 0.0414969450101833 0.41015625 0.004582484725050916 0.0703125
10 0.048116089613034624 0.408203125 0.00560081466395112 0.08203125
10 0.6372199592668024 0.498046875 0.004582484725050916 0.06640625
10 0.6438391038696538 0.5 0.004582484725050916 0.0703125
10 0.630091649694501 0.498046875 0.00560081466395112 0.07421875
1 0.9979633401221996 0.56640625 0.003054989816700611 0.078125
1 0.9867617107942973 0.568359375 0.006109979633401222 0.08203125
10 0.9928716904276986 0.58203125 0.004073319755600814 0.0546875
1 0.5285132382892057 0.544921875 0.004073319755600814 0.05078125
1 0.5346232179226069 0.54296875 0.003054989816700611 0.0546875
1 0.5236761710794298 0.544921875 0.003564154786150713 0.05078125
1 0.5412423625254582 0.55078125 0.004073319755600814 0.0546875
1 0.8279022403258656 0.599609375 0.004073319755600814 0.07421875
1 0.8546334012219959 0.603515625 0.004582484725050916 0.06640625
10 0.8215376782077393 0.59765625 0.004582484725050916 0.0703125
10 0.8406313645621182 0.6015625 0.0050916496945010185 0.0703125
10 0.8469959266802444 0.607421875 0.00560081466395112 0.07421875
10 0.8342668024439919 0.60546875 0.004582484725050916 0.0703125
10 0.649949083503055 0.6171875 0.004582484725050916 0.0703125
1 0.6025967413441955 0.61328125 0.003564154786150713 0.046875
1 0.5290224032586558 0.615234375 0.004073319755600814 0.05078125
1 0.5239307535641547 0.6171875 0.004073319755600814 0.0546875
1 0.5341140529531568 0.623046875 0.0050916496945010185 0.06640625
1 0.5407331975560081 0.626953125 0.0050916496945010185 0.07421875
1 0.9004582484725051 0.677734375 0.004582484725050916 0.06640625
1 0.9180244399185336 0.681640625 0.004073319755600814 0.06640625
1 0.9119144602851323 0.685546875 0.004073319755600814 0.06640625
12 0.9409368635437881 0.69140625 0.012219959266802444 0.1015625
5 0.6377291242362525 0.650390625 0.010692464358452138 0.07421875
1 0.5511710794297352 0.662109375 0.003564154786150713 0.05859375
1 0.5460794297352343 0.66015625 0.0025458248472505093 0.046875
1 0.6244908350305499 0.685546875 0.008655804480651732 0.13671875
1 0.6575865580448065 0.6953125 0.003564154786150713 0.046875
10 0.6670061099796334 0.693359375 0.003054989816700611 0.05078125
10 0.6619144602851323 0.693359375 0.003054989816700611 0.05078125
10 0.649949083503055 0.703125 0.004582484725050916 0.0703125
1 0.6008146639511202 0.701171875 0.004073319755600814 0.05078125
1 0.9304989816700611 0.759765625 0.004582484725050916 0.06640625
1 0.5330957230142567 0.70703125 0.004073319755600814 0.0703125
1 0.9103869653767821 0.765625 0.004073319755600814 0.0703125
1 0.5516802443991853 0.7265625 0.003564154786150713 0.0546875
5 0.8503054989816701 0.771484375 0.019348268839103868 0.14453125
10 0.9432281059063137 0.79296875 0.00560081466395112 0.0625
10 0.9368635437881874 0.79296875 0.0050916496945010185 0.0703125
1 0.9521384928716904 0.83203125 0.009164969450101833 0.1328125
1 0.630346232179226 0.802734375 0.004073319755600814 0.06640625
10 0.6494399185336049 0.810546875 0.004582484725050916 0.06640625
1 0.5669551934826884 0.826171875 0.003564154786150713 0.05078125
10 0.5608452138492872 0.8359375 0.004582484725050916 0.0703125
5 0.6611507128309573 0.896484375 0.010692464358452138 0.11328125
5 0.5919042769857433 0.90625 0.010692464358452138 0.1171875
5 0.6374745417515275 0.93359375 0.010183299389002037 0.0859375
1 0.9577393075356415 0.962890625 0.007128309572301426 0.06640625
1 0.6031059063136456 0.935546875 0.0025458248472505093 0.05078125
10 0.6489307535641547 0.95703125 0.00560081466395112 0.0703125
1 0.8314663951120163 0.978515625 0.0050916496945010185 0.03515625
1 0.824847250509165 0.9765625 0.0050916496945010185 0.0390625
1 0.4630855397148676 0.255859375 0.003564154786150713 0.05078125
1 0.48370672097759676 0.26171875 0.003054989816700611 0.0546875
10 0.47886965376782076 0.259765625 0.003564154786150713 0.05859375
10 0.47377800407331977 0.2578125 0.003564154786150713 0.0546875
1 0.1535132382892057 0.24609375 0.006619144602851324 0.0859375
1 0.1446028513238289 0.251953125 0.006109979633401222 0.08984375
10 0.03004073319755601 0.234375 0.0050916496945010185 0.078125