2 0.2678275290215589 0.5349333333333334 0.2504145936981758 0.04586666666666667
1 0.5124378109452736 0.5448 0.006633499170812604 0.0176
10 0.7199004975124378 0.552 0.005638474295190713 0.016
10 0.7104477611940299 0.552 0.005970149253731343 0.0192
10 0.7280265339966833 0.5522666666666667 0.005306799336650083 0.016533333333333334
10 0.7359867330016584 0.5525333333333333 0.007296849087893864 0.016
10 0.7436152570480928 0.5533333333333333 0.008623548922056384 0.016533333333333334
1 0.5620232172470978 0.556 0.012935323383084577 0.010133333333333333
10 0.060862354892205636 0.5608 0.005638474295190713 0.0176
1 0.045771144278606964 0.5613333333333334 0.005306799336650083 0.018666666666666668
10 0.053399668325041456 0.5621333333333334 0.005306799336650083 0.0192
10 0.18938640132669984 0.5666666666666667 0.014593698175787729 0.0112
10 0.20497512437810944 0.5672 0.012603648424543947 0.012266666666666667
1 0.6533996683250415 0.5698666666666666 0.011940298507462687 0.008
10 0.9381426202321724 0.5741333333333334 0.006301824212271974 0.016533333333333334
1 0.945771144278607 0.5752 0.006301824212271974 0.018666666666666668
10 0.6185737976782753 0.576 0.011940298507462687 0.008533333333333334
10 0.6330016583747927 0.5765333333333333 0.010945273631840797 0.008533333333333334
1 0.10961857379767828 0.0584 0.013598673300165837 0.010133333333333333
1 0.12205638474295191 0.058666666666666666 0.013266998341625208 0.010666666666666666
1 0.744776119402985 0.5912 0.005638474295190713 0.0176
1 0.7864013266998342 0.5970666666666666 0.005970149253731343 0.0176
2 0.29718076285240463 0.6037333333333333 0.40928689883913766 0.046933333333333334
10 0.9376451077943615 0.6048 0.006633499170812604 0.017066666666666667
1 0.6985074626865672 0.6053333333333333 0.005970149253731343 0.018133333333333335
1 0.9461028192371476 0.6056 0.005638474295190713 0.018666666666666668
1 0.681592039800995 0.6114666666666667 0.011940298507462687 0.010133333333333333
1 0.06799336650082918 0.06266666666666666 0.005306799336650083 0.018666666666666668
10 0.5548922056384743 0.6250666666666667 0.006633499170812604 0.0128
10 0.6985074626865672 0.6282666666666666 0.004643449419568822 0.0192
10 0.7145936981757878 0.6304 0.010281923714759536 0.0096
10 0.9437810945273631 0.6346666666666667 0.011608623548922056 0.0096
1 0.07512437810945273 0.064 0.0076285240464344945 0.018133333333333335
1 0.5199004975124378 0.644 0.012271973466003316 0.008
1 0.9434494195688226 0.6461333333333333 0.010945273631840797 0.009066666666666667
10 0.1648424543946932 0.6485333333333333 0.014593698175787729 0.008533333333333334
10 0.293698175787728 0.0656 0.004975124378109453 0.017066666666666667
10 0.705804311774461 0.6517333333333334 0.006633499170812604 0.018133333333333335
10 0.5524046434494195 0.652 0.005638474295190713 0.015466666666666667
10 0.7127694859038143 0.6522666666666667 0.006633499170812604 0.017066666666666667
10 0.8552238805970149 0.6525333333333333 0.012271973466003316 0.008
10 0.5665008291873963 0.6528 0.006633499170812604 0.014933333333333333
1 0.7271973466003316 0.6525333333333333 0.005638474295190713 0.0176
10 0.7207296849087894 0.6533333333333333 0.003980099502487562 0.016
10 0.5592039800995025 0.6541333333333333 0.004643449419568822 0.012266666666666667
1 0.08291873963515754 0.06586666666666667 0.004643449419568822 0.018666666666666668
1 0.9434494195688226 0.6584 0.010281923714759536 0.010133333333333333
1 0.1330016583747927 0.6608 0.005970149253731343 0.018133333333333335
10 0.37711442786069654 0.6616 0.010613598673300166 0.006933333333333333
10 0.3568822553897181 0.6642666666666667 0.013266998341625208 0.009066666666666667
1 0.2855721393034826 0.06693333333333333 0.005970149253731343 0.019733333333333332
1 0.8557213930348259 0.6677333333333333 0.011276948590381426 0.010666666666666666
1 0.2417910447761194 0.6688 0.011276948590381426 0.008533333333333334
10 0.2560530679933665 0.6693333333333333 0.013266998341625208 0.0096
10 0.9442786069651742 0.6693333333333333 0.009950248756218905 0.008533333333333334
1 0.37396351575456055 0.06746666666666666 0.006301824212271974 0.0176
10 0.7054726368159204 0.6746666666666666 0.005970149253731343 0.0192
10 0.7203980099502487 0.6746666666666666 0.005970149253731343 0.0192
10 0.7134328358208956 0.6757333333333333 0.005970149253731343 0.017066666666666667
10 0.7278606965174129 0.6757333333333333 0.008291873963515755 0.016
1 0.30530679933665006 0.068 0.005306799336650083 0.0176
5 0.624212271973466 0.6789333333333334 0.09353233830845771 0.1504
10 0.9442786069651742 0.6818666666666666 0.011940298507462687 0.0112
1 0.24096185737976783 0.068 0.004311774461028192 0.015466666666666667
1 0.6796019900497512 0.6874666666666667 0.006633499170812604 0.018133333333333335
1 0.3482587064676617 0.0688 0.006633499170812604 0.018133333333333335
1 0.21509121061359868 0.06906666666666667 0.005638474295190713 0.0208
10 0.6867330016583748 0.6885333333333333 0.006965174129353234 0.016
1 0.8553897180762853 0.6914666666666667 0.014593698175787729 0.0112
10 0.9437810945273631 0.6925333333333333 0.010945273631840797 0.008
1 0.12122719734660033 0.0696 0.011608623548922056 0.009066666666666667
1 0.10961857379767828 0.0696 0.012271973466003316 0.013333333333333334
10 0.5497512437810945 0.6962666666666667 0.005638474295190713 0.015466666666666667
10 0.5417910447761194 0.6970666666666666 0.005638474295190713 0.016
1 0.7039800995024875 0.6976 0.010281923714759536 0.008533333333333334
10 0.5348258706467661 0.6976 0.004975124378109453 0.016
10 0.5588723051409619 0.6986666666666667 0.005306799336650083 0.014933333333333333
5 0.06500829187396352 0.6989333333333333 0.04709784411276949 0.23306666666666667
2 0.29767827529021557 0.7016 0.40630182421227196 0.05173333333333333
5 0.8849087893864013 0.7029333333333333 0.027197346600331674 0.023466666666666667
2 0.5510779436152571 0.07066666666666667 0.3406301824212272 0.04426666666666667
5 0.8096185737976783 0.7056 0.031177446102819237 0.029866666666666666
1 0.9439469320066335 0.7061333333333333 0.012603648424543947 0.008533333333333334
1 0.7442786069651741 0.07173333333333333 0.011276948590381426 0.010133333333333333
1 0.77893864013267 0.7176 0.009618573797678276 0.009066666666666667
10 0.9442786069651742 0.7178666666666667 0.011276948590381426 0.0096
10 0.5439469320066335 0.7216 0.004643449419568822 0.018133333333333335
10 0.5663349917081261 0.7213333333333334 0.004975124378109453 0.015466666666666667
10 0.5507462686567164 0.7229333333333333 0.004975124378109453 0.013333333333333334
10 0.55787728026534 0.7232 0.007960199004975124 0.016
10 0.09834162520729685 0.7288 0.012935323383084577 0.0112
10 0.7437810945273632 0.7293333333333333 0.006965174129353234 0.016533333333333334
10 0.7529021558872305 0.7296 0.004643449419568822 0.018133333333333335
1 0.9361525704809287 0.7341333333333333 0.005638474295190713 0.016533333333333334
10 0.9661691542288557 0.7378666666666667 0.010613598673300166 0.012266666666666667
1 0.20132669983416251 0.7397333333333334 0.011940298507462687 0.007466666666666667
1 0.4747927031509121 0.7402666666666666 0.010945273631840797 0.010666666666666666
10 0.0988391376451078 0.7418666666666667 0.009950248756218905 0.010666666666666666
10 0.5593698175787728 0.7448 0.004975124378109453 0.015466666666666667
10 0.5660033167495854 0.7461333333333333 0.005638474295190713 0.014933333333333333
1 0.7945273631840796 0.7474666666666666 0.012271973466003316 0.009066666666666667
1 0.2011608623548922 0.7525333333333334 0.009618573797678276 0.010666666666666666
10 0.7527363184079602 0.7568 0.006965174129353234 0.018133333333333335
10 0.7436152570480928 0.7576 0.006633499170812604 0.016533333333333334
10 0.6154228855721393 0.7696 0.004975124378109453 0.0192
1 0.5320066334991708 0.7696 0.010613598673300166 0.010666666666666666
1 0.9467661691542288 0.7776 0.010945273631840797 0.007466666666666667
5 0.19618573797678276 0.07786666666666667 0.014262023217247097 0.0352
5 0.16202321724709784 0.0784 0.015588723051409618 0.037333333333333336
2 0.3 0.7904 0.40630182421227196 0.042666666666666665
1 0.7461028192371476 0.7952 0.014262023217247097 0.008533333333333334
1 0.7220563847429519 0.796 0.013266998341625208 0.010133333333333333
1 0.9499170812603649 0.7968 0.013266998341625208 0.008533333333333334
10 0.6620232172470979 0.8026666666666666 0.008623548922056384 0.016
10 0.6807628524046434 0.8026666666666666 0.008291873963515755 0.0128
10 0.6711442786069651 0.8042666666666667 0.006965174129353234 0.016
1 0.12271973466003316 0.08106666666666666 0.010613598673300166 0.0128
1 0.10945273631840796 0.08133333333333333 0.011276948590381426 0.010133333333333333
10 0.5207296849087893 0.8189333333333333 0.011276948590381426 0.013333333333333334
1 0.9494195688225538 0.8218666666666666 0.012935323383084577 0.0064
10 0.7464344941956882 0.8261333333333334 0.010945273631840797 0.0096
10 0.07230514096185738 0.8336 0.005970149253731343 0.018133333333333335
1 0.7179104477611941 0.8349333333333333 0.009618573797678276 0.010133333333333333
10 0.7313432835820896 0.8357333333333333 0.011276948590381426 0.0096
10 0.746268656716418 0.8376 0.011276948590381426 0.0112
1 0.5059701492537313 0.84 0.010281923714759536 0.0096
1 0.17064676616915422 0.8413333333333334 0.011608623548922056 0.0112
10 0.22835820895522388 0.8424 0.0076285240464344945 0.018666666666666668
1 0.1398009950248756 0.8426666666666667 0.011608623548922056 0.010666666666666666
10 0.18208955223880596 0.8424 0.005970149253731343 0.0176
1 0.9504145936981758 0.8458666666666667 0.010281923714759536 0.008533333333333334
10 0.2512437810945274 0.8512 0.006965174129353234 0.017066666666666667
1 0.24311774461028193 0.8512 0.007296849087893864 0.020266666666666665
1 0.6298507462686567 0.8554666666666667 0.009950248756218905 0.008533333333333334
10 0.07296849087893864 0.8570666666666666 0.005306799336650083 0.018133333333333335
1 0.6817578772802654 0.8573333333333333 0.006965174129353234 0.0176
1 0.9495854063018242 0.8712 0.011940298507462687 0.009066666666666667
5 0.7092868988391376 0.8741333333333333 0.03814262023217247 0.048
5 0.7524046434494196 0.8762666666666666 0.03946932006633499 0.055466666666666664
5 0.6577114427860696 0.8773333333333333 0.03913764510779436 0.05333333333333334
1 0.8792703150912106 0.8805333333333333 0.007296849087893864 0.0192
10 0.8870646766169155 0.8808 0.006301824212271974 0.016533333333333334
1 0.9069651741293532 0.8808 0.006301824212271974 0.015466666666666667
2 0.30033167495854063 0.8850666666666667 0.40497512437810945 0.058133333333333335
1 0.9500829187396351 0.8957333333333334 0.010945273631840797 0.008
1 0.7830845771144279 0.8962666666666667 0.011940298507462687 0.010133333333333333
1 0.9502487562189055 0.9088 0.013266998341625208 0.008533333333333334
1 0.3328358208955224 0.9186666666666666 0.012935323383084577 0.010133333333333333
10 0.7588723051409618 0.9237333333333333 0.005970149253731343 0.017066666666666667
1 0.7669983416252073 0.9250666666666667 0.006965174129353234 0.019733333333333332
1 0.10945273631840796 0.0936 0.009950248756218905 0.0112
10 0.448922056384743 0.9304 0.006965174129353234 0.0144
1 0.4912106135986733 0.9312 0.011276948590381426 0.011733333333333333
10 0.43449419568822556 0.9317333333333333 0.004643449419568822 0.018133333333333335
10 0.42686567164179107 0.9314666666666667 0.006633499170812604 0.016533333333333334
10 0.46417910447761196 0.9317333333333333 0.006301824212271974 0.018133333333333335
10 0.42006633499170815 0.9317333333333333 0.0076285240464344945 0.017066666666666667
10 0.4054726368159204 0.9317333333333333 0.006965174129353234 0.016
10 0.44228855721393034 0.932 0.006965174129353234 0.0176
1 0.36069651741293535 0.9322666666666667 0.006965174129353234 0.018133333333333335
1 0.37529021558872305 0.932 0.005638474295190713 0.015466666666666667
1 0.1792703150912106 0.9322666666666667 0.004975124378109453 0.018133333333333335
10 0.38275290215588725 0.9322666666666667 0.006633499170812604 0.017066666666666667
1 0.38988391376451076 0.9322666666666667 0.004975124378109453 0.017066666666666667
1 0.33300165837479273 0.9322666666666667 0.011276948590381426 0.010666666666666666
10 0.35339966832504144 0.9322666666666667 0.005638474295190713 0.016
10 0.36782752902155885 0.9328 0.005970149253731343 0.020266666666666665
1 0.24577114427860697 0.9325333333333333 0.005970149253731343 0.0176
10 0.2603648424543947 0.9325333333333333 0.004643449419568822 0.0176
10 0.20928689883913765 0.9328 0.005306799336650083 0.0192
10 0.30398009950248756 0.9328 0.005638474295190713 0.0192
1 0.2890547263681592 0.9328 0.004975124378109453 0.013866666666666666
10 0.23797678275290216 0.9333333333333333 0.006965174129353234 0.016
1 0.2960199004975124 0.9330666666666667 0.005638474295190713 0.018666666666666668
10 0.154726368159204 0.9328 0.004975124378109453 0.017066666666666667
1 0.412106135986733 0.9328 0.004975124378109453 0.017066666666666667
10 0.4572139303482587 0.9328 0.0076285240464344945 0.017066666666666667
1 0.13333333333333333 0.9333333333333333 0.005306799336650083 0.0192
10 0.1865671641791045 0.9336 0.006965174129353234 0.016533333333333334
1 0.12222222222222222 0.09333333333333334 0.012271973466003316 0.0128
2 0.3 0.0936 0.15422885572139303 0.024
10 0.2824212271973466 0.9333333333333333 0.004975124378109453 0.018133333333333335
10 0.2162520729684909 0.9338666666666666 0.004643449419568822 0.017066666666666667
1 0.26749585406301823 0.9338666666666666 0.006301824212271974 0.016
1 0.39800995024875624 0.9344 0.005306799336650083 0.018133333333333335
10 0.27412935323383086 0.9341333333333334 0.004311774461028192 0.015466666666666667
1 0.2530679933665008 0.9338666666666666 0.005970149253731343 0.0192
10 0.14892205638474296 0.9341333333333334 0.006633499170812604 0.019733333333333332
10 0.23034825870646766 0.9344 0.006965174129353234 0.017066666666666667
10 0.2228855721393035 0.9344 0.006633499170812604 0.016
1 0.14096185737976782 0.9344 0.005306799336650083 0.017066666666666667
10 0.10796019900497512 0.9370666666666667 0.0076285240464344945 0.018133333333333335
10 0.6933665008291874 0.9421333333333334 0.012271973466003316 0.010133333333333333
10 0.6665008291873964 0.9442666666666667 0.011608623548922056 0.009066666666666667
5 0.8384742951907131 0.9464 0.1253731343283582 0.088
1 0.7059701492537314 0.9584 0.006301824212271974 0.018133333333333335
1 0.10928689883913764 0.009866666666666666 0.014262023217247097 0.009066666666666667
1 0.12122719734660033 0.009866666666666666 0.010945273631840797 0.009066666666666667
10 0.6666666666666666 0.9656 0.011940298507462687 0.010133333333333333
1 0.815257048092869 0.1016 0.012603648424543947 0.009066666666666667
1 0.12238805970149254 0.1048 0.012603648424543947 0.012266666666666667
1 0.11011608623548923 0.10586666666666666 0.009286898839137645 0.009066666666666667
1 0.2449419568822554 0.11146666666666667 0.010281923714759536 0.008533333333333334
10 0.20696517412935322 0.112 0.010613598673300166 0.0096
10 0.22056384742951907 0.11226666666666667 0.009950248756218905 0.010133333333333333
10 0.23366500829187398 0.11226666666666667 0.010945273631840797 0.010133333333333333
1 0.12271973466003316 0.11653333333333334 0.011940298507462687 0.012266666666666667
1 0.11044776119402985 0.1176 0.009950248756218905 0.009066666666666667
2 0.552072968490879 0.12186666666666666 0.34129353233830845 0.0432
1 0.10945273631840796 0.12773333333333334 0.010613598673300166 0.012266666666666667
1 0.12222222222222222 0.12853333333333333 0.012271973466003316 0.010666666666666666
1 0.15107794361525706 0.132 0.006965174129353234 0.0176
1 0.10961857379767828 0.13946666666666666 0.012271973466003316 0.0144
1 0.12288557213930348 0.14133333333333334 0.011608623548922056 0.010666666666666666
2 0.3101160862354892 0.14346666666666666 0.1320066334991708 0.024533333333333334
1 0.1109452736318408 0.152 0.009618573797678276 0.014933333333333333
1 0.12288557213930348 0.15333333333333332 0.011608623548922056 0.0112
1 0.12271973466003316 0.16426666666666667 0.010613598673300166 0.011733333333333333
1 0.11028192371475953 0.16533333333333333 0.011608623548922056 0.0096
2 0.5524046434494195 0.16693333333333332 0.34129353233830845 0.04906666666666667
5 0.19734660033167495 0.16826666666666668 0.06036484245439469 0.08266666666666667
1 0.2791044776119403 0.16853333333333334 0.005638474295190713 0.020266666666666665
10 0.26998341625207295 0.1696 0.007296849087893864 0.018133333333333335
1 0.33101160862354895 0.17226666666666668 0.006633499170812604 0.0192
5 0.14245439469320068 0.1744 0.01691542288557214 0.039466666666666664
10 0.25970149253731345 0.17413333333333333 0.006633499170812604 0.019733333333333332
10 0.25107794361525704 0.17493333333333333 0.005970149253731343 0.0192
1 0.17844112769485904 0.017333333333333333 0.005306799336650083 0.015466666666666667
1 0.12338308457711443 0.17573333333333332 0.012603648424543947 0.012266666666666667
1 0.10945273631840796 0.17653333333333332 0.011276948590381426 0.010666666666666666
2 0.8751243781094528 0.18373333333333333 0.18606965174129353 0.029333333333333333
1 0.11044776119402985 0.18773333333333334 0.009950248756218905 0.0096
1 0.12271973466003316 0.18906666666666666 0.009950248756218905 0.010133333333333333
5 0.3036484245439469 0.19066666666666668 0.03814262023217247 0.04533333333333334
1 0.2606965174129353 0.1912 0.011276948590381426 0.0112
1 0.2461028192371476 0.19173333333333334 0.012603648424543947 0.010133333333333333
5 0.357379767827529 0.1936 0.03946932006633499 0.04906666666666667
1 0.10961857379767828 0.2 0.010945273631840797 0.010666666666666666
1 0.4154228855721393 0.20853333333333332 0.010281923714759536 0.010666666666666666
10 0.1361525704809287 0.2088 0.012271973466003316 0.010133333333333333
1 0.14792703150912107 0.2096 0.011276948590381426 0.011733333333333333
10 0.12238805970149254 0.20986666666666667 0.010613598673300166 0.0112
1 0.12189054726368159 0.021866666666666666 0.012271973466003316 0.011733333333333333
10 0.9177446102819237 0.2192 0.011940298507462687 0.013866666666666666
1 0.10961857379767828 0.02266666666666667 0.013598673300165837 0.0112
10 0.13051409618573798 0.22426666666666667 0.012271973466003316 0.009066666666666667
2 0.5500829187396351 0.023733333333333332 0.3359867330016584 0.04426666666666667
5 0.6361525704809287 0.2528 0.038474295190713104 0.04373333333333333
5 0.7248756218905472 0.2536 0.03880597014925373 0.042133333333333335
5 0.6807628524046434 0.2541333333333333 0.04212271973466003 0.0432
10 0.13449419568822554 0.25466666666666665 0.006965174129353234 0.021866666666666666
10 0.09170812603648425 0.25493333333333335 0.005638474295190713 0.017066666666666667
10 0.10563847429519072 0.2557333333333333 0.006965174129353234 0.0208
10 0.11276948590381426 0.2568 0.007296849087893864 0.021866666666666666
5 0.16086235489220563 0.027733333333333332 0.02122719734660033 0.0384
5 0.19684908789386402 0.027466666666666667 0.01956882255389718 0.04106666666666667
10 0.8902155887230514 0.27653333333333335 0.010613598673300166 0.0112
1 0.9034825870646767 0.2773333333333333 0.012603648424543947 0.0096
10 0.8774461028192372 0.2776 0.010945273631840797 0.008
1 0.9164179104477612 0.2776 0.011940298507462687 0.008
1 0.8641791044776119 0.27786666666666665 0.011608623548922056 0.008533333333333334
1 0.13399668325041458 0.27786666666666665 0.005970149253731343 0.0192
10 0.5388059701492537 0.28186666666666665 0.011608623548922056 0.009066666666666667
10 0.5519071310116086 0.2826666666666667 0.013266998341625208 0.010666666666666666
2 0.29402985074626864 0.028533333333333334 0.14427860696517414 0.0496
1 0.5870646766169154 0.2952 0.011940298507462687 0.009066666666666667
10 0.14195688225538972 0.2962666666666667 0.005970149253731343 0.0208
1 0.15422885572139303 0.2968 0.007296849087893864 0.019733333333333332
10 0.6313432835820896 0.29973333333333335 0.010945273631840797 0.007466666666666667
10 0.5711442786069652 0.3 0.009950248756218905 0.008
10 0.260530679933665 0.3088 0.006965174129353234 0.017066666666666667
10 0.30597014925373134 0.30906666666666666 0.006301824212271974 0.0176
10 0.32802653399668324 0.3098666666666667 0.007296849087893864 0.0192
1 0.18441127694859039 0.3101333333333333 0.005970149253731343 0.016533333333333334
10 0.36583747927031507 0.3104 0.005970149253731343 0.018133333333333335
10 0.2285240464344942 0.3104 0.004643449419568822 0.017066666666666667
10 0.3737976782752902 0.3104 0.005970149253731343 0.017066666666666667
10 0.27495854063018244 0.3104 0.006633499170812604 0.017066666666666667
1 0.33747927031509123 0.31093333333333334 0.006965174129353234 0.018133333333333335
10 0.19950248756218905 0.31093333333333334 0.006301824212271974 0.018133333333333335
10 0.2975124378109453 0.31093333333333334 0.005970149253731343 0.0128
10 0.3197346600331675 0.31093333333333334 0.007296849087893864 0.017066666666666667
10 0.630514096185738 0.3112 0.010613598673300166 0.009066666666666667
10 0.2683250414593698 0.3112 0.006633499170812604 0.018666666666666668
1 0.19137645107794363 0.31146666666666667 0.005970149253731343 0.020266666666666665
10 0.31260364842454397 0.3112 0.005638474295190713 0.0176
10 0.21409618573797679 0.31146666666666667 0.006965174129353234 0.0192
10 0.2361525704809287 0.31146666666666667 0.007960199004975124 0.018133333333333335
10 0.20679933665008293 0.31146666666666667 0.005638474295190713 0.017066666666666667
10 0.28308457711442786 0.31146666666666667 0.006965174129353234 0.017066666666666667
5 0.5477611940298508 0.312 0.027529021558872307 0.02666666666666667
10 0.22155887230514096 0.3122666666666667 0.005970149253731343 0.016533333333333334
10 0.2903814262023217 0.3122666666666667 0.006965174129353234 0.018666666666666668
10 0.5709784411276949 0.3128 0.009618573797678276 0.006933333333333333
10 0.5867330016583748 0.31306666666666666 0.011276948590381426 0.007466666666666667
5 0.6096185737976783 0.31306666666666666 0.023880597014925373 0.030933333333333334
5 0.6585406301824213 0.31733333333333336 0.03681592039800995 0.050133333333333335
5 0.6595356550580431 0.3194666666666667 0.03615257048092869 0.0416
10 0.630016583747927 0.32293333333333335 0.009618573797678276 0.008
10 0.418407960199005 0.3234666666666667 0.006301824212271974 0.0176
10 0.42719734660033165 0.3232 0.005306799336650083 0.0192
10 0.40945273631840795 0.3237333333333333 0.0076285240464344945 0.018133333333333335
10 0.4507462686567164 0.32453333333333334 0.007960199004975124 0.018666666666666668
10 0.4431177446102819 0.3248 0.007296849087893864 0.018133333333333335
10 0.5855721393034826 0.32613333333333333 0.012271973466003316 0.009066666666666667
10 0.09469320066334992 0.3312 0.011608623548922056 0.0096
10 0.6311774461028192 0.3354666666666667 0.010613598673300166 0.0064
1 0.11028192371475953 0.03386666666666667 0.010281923714759536 0.012266666666666667
10 0.9059701492537313 0.3376 0.011608623548922056 0.007466666666666667
2 0.26666666666666666 0.34053333333333335 0.2514096185737977 0.042133333333333335
1 0.12106135986733002 0.0344 0.013266998341625208 0.010133333333333333
1 0.09635157545605307 0.3490666666666667 0.011608623548922056 0.010133333333333333
10 0.47330016583747925 0.35706666666666664 0.005970149253731343 0.019733333333333332
1 0.4835820895522388 0.3568 0.006633499170812604 0.017066666666666667
1 0.6741293532338308 0.35706666666666664 0.012935323383084577 0.009066666666666667
10 0.6868988391376452 0.3608 0.011276948590381426 0.009066666666666667
10 0.6560530679933665 0.36106666666666665 0.006633499170812604 0.017066666666666667
1 0.6633499170812603 0.3621333333333333 0.006633499170812604 0.018133333333333335
1 0.21708126036484246 0.0376 0.006301824212271974 0.016533333333333334
10 0.6736318407960199 0.3688 0.011276948590381426 0.009066666666666667
1 0.7280265339966833 0.36906666666666665 0.011276948590381426 0.007466666666666667
10 0.21028192371475954 0.38026666666666664 0.006633499170812604 0.0192
1 0.7686567164179104 0.3816 0.012271973466003316 0.009066666666666667
1 0.49087893864013266 0.38293333333333335 0.011276948590381426 0.008533333333333334
1 0.5157545605306799 0.38293333333333335 0.011276948590381426 0.008533333333333334
10 0.5315091210613598 0.3856 0.006301824212271974 0.018133333333333335
1 0.5388059701492537 0.38666666666666666 0.006301824212271974 0.016
5 0.4354892205638474 0.3888 0.038474295190713104 0.0384
10 0.36218905472636814 0.392 0.011940298507462687 0.0096
10 0.3747927031509121 0.39226666666666665 0.011940298507462687 0.008
10 0.17761194029850746 0.3933333333333333 0.004311774461028192 0.016533333333333334
10 0.1701492537313433 0.39386666666666664 0.005970149253731343 0.018666666666666668
1 0.19187396351575456 0.39413333333333334 0.006301824212271974 0.017066666666666667
10 0.154726368159204 0.39413333333333334 0.006301824212271974 0.017066666666666667
1 0.18490878938640132 0.3944 0.006965174129353234 0.0176
1 0.0824212271973466 0.040266666666666666 0.004311774461028192 0.016533333333333334
10 0.1628524046434494 0.3952 0.005970149253731343 0.017066666666666667
1 0.6417910447761194 0.396 0.011276948590381426 0.010133333333333333
10 0.6688225538971808 0.3968 0.012935323383084577 0.011733333333333333
1 0.7137645107794361 0.3992 0.011276948590381426 0.009066666666666667
10 0.9213930348258706 0.4008 0.012603648424543947 0.009066666666666667
1 0.6550580431177446 0.4029333333333333 0.006633499170812604 0.018666666666666668
10 0.6411276948590381 0.40826666666666667 0.011940298507462687 0.010133333333333333
10 0.6684908789386401 0.40826666666666667 0.012271973466003316 0.008
10 0.7341625207296849 0.4109333333333333 0.010945273631840797 0.009066666666666667
10 0.9218905472636816 0.41146666666666665 0.010281923714759536 0.009066666666666667
10 0.09320066334991708 0.4136 0.011940298507462687 0.0112
1 0.07678275290215589 0.4144 0.012271973466003316 0.010666666666666666
10 0.848424543946932 0.4165333333333333 0.006633499170812604 0.0192
1 0.8606965174129353 0.4168 0.007296849087893864 0.021866666666666666
1 0.7737976782752902 0.4165333333333333 0.007296849087893864 0.0192
10 0.8334991708126036 0.4168 0.006633499170812604 0.019733333333333332
1 0.8257048092868988 0.41706666666666664 0.0076285240464344945 0.018133333333333335
10 0.8399668325041459 0.41733333333333333 0.006301824212271974 0.0176
10 0.8185737976782753 0.41786666666666666 0.005970149253731343 0.018666666666666668
10 0.5817578772802653 0.41813333333333336 0.010613598673300166 0.0096
10 0.5953565505804311 0.41813333333333336 0.011276948590381426 0.0096
10 0.7142620232172471 0.4232 0.010281923714759536 0.009066666666666667
10 0.7338308457711443 0.424 0.012271973466003316 0.005333333333333333
5 0.7965174129353234 0.4256 0.024875621890547265 0.0288
10 0.6074626865671642 0.4264 0.012271973466003316 0.009066666666666667
10 0.40829187396351574 0.4266666666666667 0.010613598673300166 0.004266666666666667
5 0.8850746268656716 0.42693333333333333 0.026202321724709786 0.025066666666666668
10 0.4263681592039801 0.428 0.005638474295190713 0.015466666666666667
10 0.41890547263681593 0.4285333333333333 0.005970149253731343 0.016533333333333334
10 0.44112769485903813 0.4296 0.005306799336650083 0.015466666666666667
10 0.4480928689883914 0.4296 0.007296849087893864 0.015466666666666667
10 0.4338308457711443 0.4304 0.007296849087893864 0.018133333333333335
10 0.9562189054726368 0.4304 0.005306799336650083 0.017066666666666667
1 0.947927031509121 0.4312 0.008623548922056384 0.019733333333333332
10 0.5890547263681593 0.432 0.012603648424543947 0.010666666666666666
10 0.7144278606965174 0.4344 0.010613598673300166 0.006933333333333333
10 0.7334991708126036 0.43493333333333334 0.011608623548922056 0.008
2 0.26733001658374794 0.43866666666666665 0.25406301824212274 0.047466666666666664
10 0.7646766169154229 0.44026666666666664 0.006965174129353234 0.016533333333333334
10 0.7728026533996684 0.44026666666666664 0.006633499170812604 0.016533333333333334
1 0.11608623548922056 0.4418666666666667 0.006633499170812604 0.019733333333333332
5 0.09038142620232173 0.4434666666666667 0.014925373134328358 0.038933333333333334
5 0.06119402985074627 0.4448 0.017578772802653398 0.0416
10 0.714759535655058 0.4464 0.010613598673300166 0.0096
10 0.7343283582089553 0.4474666666666667 0.009950248756218905 0.007466666666666667
1 0.12155887230514097 0.04586666666666667 0.012271973466003316 0.010666666666666666
1 0.40049751243781095 0.45813333333333334 0.010281923714759536 0.008533333333333334
10 0.7145936981757878 0.45786666666666664 0.009618573797678276 0.005866666666666667
1 0.10895522388059702 0.04613333333333333 0.013598673300165837 0.0112
10 0.7348258706467662 0.46026666666666666 0.010945273631840797 0.008533333333333334
10 0.9509121061359868 0.46373333333333333 0.005306799336650083 0.019733333333333332
5 0.5160862354892206 0.4648 0.051741293532338306 0.11573333333333333
1 0.5555555555555556 0.4650666666666667 0.011940298507462687 0.0096
10 0.20679933665008293 0.4690666666666667 0.012935323383084577 0.009066666666666667
1 0.22122719734660032 0.4693333333333333 0.011276948590381426 0.0096
1 0.7142620232172471 0.472 0.012271973466003316 0.0096
10 0.7338308457711443 0.4728 0.010281923714759536 0.006933333333333333
1 0.08358208955223881 0.4770666666666667 0.011276948590381426 0.008
10 0.058208955223880594 0.4784 0.012271973466003316 0.010666666666666666
1 0.14361525704809286 0.48186666666666667 0.006633499170812604 0.0176
10 0.7343283582089553 0.484 0.010613598673300166 0.010133333333333333
10 0.7144278606965174 0.4842666666666667 0.010613598673300166 0.008533333333333334
1 0.8147595356550581 0.48506666666666665 0.006301824212271974 0.0176
1 0.8643449419568823 0.48506666666666665 0.005306799336650083 0.0176
10 0.8563847429519071 0.48586666666666667 0.006633499170812604 0.0192
1 0.7736318407960199 0.4872 0.005638474295190713 0.019733333333333332
1 0.47330016583747925 0.4872 0.013266998341625208 0.0112
1 0.18490878938640132 0.48746666666666666 0.006301824212271974 0.0192
1 0.16733001658374794 0.4882666666666667 0.006965174129353234 0.018666666666666668
1 0.19270315091210613 0.4882666666666667 0.005970149253731343 0.018666666666666668
10 0.20796019900497512 0.4885333333333333 0.005970149253731343 0.016
10 0.10315091210613599 0.4896 0.011276948590381426 0.008533333333333334
1 0.2 0.4896 0.005970149253731343 0.017066666666666667
10 0.08341625207296849 0.4904 0.012271973466003316 0.008
1 0.06500829187396352 0.49066666666666664 0.011940298507462687 0.0096
10 0.23980099502487562 0.4922666666666667 0.010613598673300166 0.010666666666666666
10 0.7341625207296849 0.49493333333333334 0.009618573797678276 0.007466666666666667
10 0.7142620232172471 0.49573333333333336 0.012271973466003316 0.010133333333333333
5 0.8839137645107794 0.49573333333333336 0.027197346600331674 0.026133333333333335
5 0.8356550580431178 0.49546666666666667 0.024875621890547265 0.023466666666666667
10 0.22669983416252074 0.496 0.010945273631840797 0.010666666666666666
5 0.793698175787728 0.4981333333333333 0.029187396351575457 0.024533333333333334
10 0.08374792703150911 0.5024 0.012271973466003316 0.007466666666666667
10 0.5517412935323384 0.5072 0.005638474295190713 0.017066666666666667
1 0.5666666666666667 0.5072 0.005638474295190713 0.016
10 0.7344941956882255 0.5072 0.010281923714759536 0.0096
1 0.5597014925373134 0.5074666666666666 0.006965174129353234 0.016533333333333334
1 0.1316749585406302 0.5112 0.006633499170812604 0.018666666666666668
1 0.08391376451077943 0.5138666666666667 0.012603648424543947 0.009066666666666667
10 0.7150912106135987 0.5192 0.011276948590381426 0.009066666666666667
1 0.46948590381426203 0.5194666666666666 0.011608623548922056 0.008533333333333334
10 0.5943615257048093 0.5194666666666666 0.013266998341625208 0.0096
10 0.951575456053068 0.5205333333333333 0.007960199004975124 0.0192
5 0.06202321724709784 0.5218666666666667 0.01658374792703151 0.037866666666666667
5 0.10348258706467661 0.5221333333333333 0.01857379767827529 0.0384
1 0.417910447761194 0.5256 0.011276948590381426 0.010133333333333333
10 0.8494195688225539 0.5298666666666667 0.007296849087893864 0.0176
10 0.733665008291874 0.5306666666666666 0.013266998341625208 0.0096
10 0.714759535655058 0.5306666666666666 0.010613598673300166 0.008533333333333334
10 0.7950248756218905 0.5312 0.006633499170812604 0.017066666666666667
1 0.811608623548922 0.5312 0.006633499170812604 0.017066666666666667
10 0.8263681592039801 0.5312 0.006301824212271974 0.0192
10 0.8409618573797678 0.5314666666666666 0.006965174129353234 0.016533333333333334
10 0.8671641791044776 0.5314666666666666 0.006301824212271974 0.016533333333333334
10 0.787893864013267 0.5314666666666666 0.005638474295190713 0.0208
10 0.8338308457711443 0.5317333333333333 0.006633499170812604 0.017066666666666667
10 0.8187396351575456 0.532 0.005638474295190713 0.0176
10 0.8598673300165838 0.532 0.005638474295190713 0.0176
10 0.8028192371475954 0.5328 0.004975124378109453 0.013866666666666666