1 0.6254045307443366 0.11363636363636363 0.007011866235167206 0.08677685950413223
12 0.6143473570658037 0.13636363636363635 0.014023732470334413 0.11570247933884298
12 0.6003236245954693 0.15702479338842976 0.015102481121898598 0.11570247933884298
1 0.52319309600863 0.3119834710743802 0.005393743257820928 0.06198347107438017
10 0.5900755124056095 0.21074380165289255 0.006472491909385114 0.08264462809917356
1 0.5399137001078749 0.29132231404958675 0.005393743257820928 0.06198347107438017
1 0.1272923408845739 0.9173553719008265 0.016181229773462782 0.15702479338842976
1 0.5709277238403452 0.2830578512396694 0.007011866235167206 0.08677685950413223
1 0.5827939590075513 0.2644628099173554 0.008090614886731391 0.09090909090909091
1 0.09816612729234088 0.9834710743801653 0.007551240560949299 0.024793388429752067
1 0.104638619201726 0.981404958677686 0.007551240560949299 0.028925619834710745
1 0.1121898597626753 0.9752066115702479 0.007551240560949299 0.04132231404958678
10 0.5992448759439051 0.2892561983471074 0.006472491909385114 0.0743801652892562
10 0.6062567421790723 0.27892561983471076 0.006472491909385114 0.07851239669421488
10 0.5916936353829557 0.29958677685950413 0.007551240560949299 0.08677685950413223
1 0.48813376483279397 0.5206611570247934 0.005393743257820928 0.05785123966942149
1 0.494336569579288 0.5103305785123967 0.0048543689320388345 0.06198347107438017
1 0.482470334412082 0.5289256198347108 0.0048543689320388345 0.05785123966942149
1 0.5013484358144552 0.5020661157024794 0.005933117583603021 0.06198347107438017
1 0.7996224379719525 0.07024793388429752 0.005933117583603021 0.08264462809917356
1 0.8276699029126213 0.03512396694214876 0.007011866235167206 0.07024793388429752
10 0.7934196332254585 0.08057851239669421 0.006472491909385114 0.07851239669421488
10 0.8131067961165048 0.05371900826446281 0.007011866235167206 0.08264462809917356
10 0.819848975188781 0.047520661157024795 0.007551240560949299 0.08677685950413223
10 0.8069039913700108 0.0640495867768595 0.006472491909385114 0.07851239669421488
10 0.61596548004315 0.390495867768595 0.006472491909385114 0.07851239669421488
1 0.5666127292340885 0.46487603305785125 0.0048543689320388345 0.05371900826446281
1 0.49029126213592233 0.5909090909090909 0.005393743257820928 0.05785123966942149
1 0.48516720604099245 0.6053719008264463 0.005933117583603021 0.06198347107438017
1 0.4959546925566343 0.5929752066115702 0.007011866235167206 0.07851239669421488
1 0.5029665587918015 0.5847107438016529 0.007011866235167206 0.08677685950413223
1 0.8772923408845739 0.03512396694214876 0.007011866235167206 0.07024793388429752
1 0.895361380798274 0.022727272727272728 0.006472491909385114 0.045454545454545456
1 0.8888888888888888 0.028925619834710745 0.006472491909385114 0.05785123966942149
12 0.919093851132686 0.02066115702479339 0.016181229773462782 0.04132231404958678
5 0.6040992448759439 0.44834710743801653 0.012944983818770227 0.09504132231404959
1 0.5145631067961165 0.6033057851239669 0.005393743257820928 0.06611570247933884
1 0.5094390507011867 0.609504132231405 0.0037756202804746495 0.05371900826446281
1 0.5911542610571737 0.5020661157024794 0.011866235167206042 0.15289256198347106
1 0.6259439050701187 0.45661157024793386 0.0048543689320388345 0.05371900826446281
10 0.6359223300970874 0.44214876033057854 0.004314994606256742 0.05785123966942149
10 0.6305285868392665 0.45041322314049587 0.004314994606256742 0.05785123966942149
10 0.6181229773462783 0.48140495867768596 0.006472491909385114 0.07851239669421488
1 0.5674217907227616 0.5619834710743802 0.005393743257820928 0.05785123966942149
1 0.9104638619201726 0.06198347107438017 0.006472491909385114 0.0743801652892562
1 0.4975728155339806 0.6797520661157025 0.005933117583603021 0.07851239669421488
1 0.8902373247033442 0.10537190082644628 0.005933117583603021 0.07851239669421488
1 0.517259978425027 0.6714876033057852 0.005393743257820928 0.06198347107438017
5 0.8282092772384034 0.21074380165289255 0.02319309600862999 0.17355371900826447
10 0.924487594390507 0.07851239669421488 0.007551240560949299 0.0743801652892562
10 0.9182847896440129 0.09090909090909091 0.007011866235167206 0.08264462809917356
1 0.9956850053937433 0.026859504132231406 0.004314994606256742 0.05371900826446281
1 0.9350053937432579 0.1012396694214876 0.012405609492988134 0.15289256198347106
1 0.6011326860841424 0.6157024793388429 0.005933117583603021 0.0743801652892562
10 0.6208198489751888 0.5909090909090909 0.006472491909385114 0.0743801652892562
1 0.5358683926645091 0.7479338842975206 0.0048543689320388345 0.05785123966942149
10 0.5302049622437972 0.7665289256198347 0.006472491909385114 0.07851239669421488
5 0.6356526429341963 0.6611570247933884 0.01348435814455232 0.1322314049586777
5 0.563915857605178 0.7871900826446281 0.01348435814455232 0.13636363636363635
5 0.6121898597626753 0.737603305785124 0.012944983818770227 0.10330578512396695
1 0.9452535059331176 0.24380165289256198 0.009169363538295576 0.09917355371900827
1 0.5763214670981661 0.8016528925619835 0.0037756202804746495 0.05785123966942149
10 0.6245954692556634 0.743801652892562 0.007551240560949299 0.08264462809917356
1 0.8149946062567421 0.4772727272727273 0.006472491909385114 0.07851239669421488
1 0.807982740021575 0.48760330578512395 0.006472491909385114 0.08264462809917356
1 0.41181229773462785 0.3347107438016529 0.0048543689320388345 0.05785123966942149
1 0.43338727076591155 0.29958677685950413 0.0048543689320388345 0.06198347107438017
10 0.42826321467098166 0.30991735537190085 0.005393743257820928 0.06611570247933884
10 0.4228694714131607 0.31611570247933884 0.005393743257820928 0.06198347107438017
1 0.09088457389428263 0.8471074380165289 0.009169363538295576 0.09917355371900827
1 0.08198489751887811 0.8615702479338843 0.008629989212513484 0.10330578512396695