10 0.7449034334763949 0.5443652849740933 0.014484978540772532 0.012305699481865285
1 0.7229077253218884 0.5437176165803109 0.006974248927038627 0.012305699481865285
12 0.5949570815450643 0.5249352331606217 0.02575107296137339 0.03432642487046632
1 0.7612660944206009 0.5576424870466321 0.006437768240343348 0.015544041450777202
1 0.6319742489270386 0.5459844559585493 0.0075107296137339056 0.014248704663212436
1 0.5032188841201717 0.5446891191709845 0.012875536480686695 0.010362694300518135
1 0.41523605150214593 0.5327072538860104 0.008583690987124463 0.017487046632124352
1 0.38412017167381973 0.533678756476684 0.011802575107296138 0.010362694300518135
12 0.08208154506437768 0.47700777202072536 0.013948497854077254 0.02266839378238342
5 0.021727467811158797 0.47571243523316065 0.016630901287553648 0.021373056994818652
1 0.3830472103004292 0.5625 0.013948497854077254 0.011010362694300517
1 0.5016094420600858 0.5858160621761658 0.012875536480686695 0.012305699481865285
1 0.5 0.596178756476684 0.011802575107296138 0.011010362694300517
12 0.7041309012875536 0.6373056994818653 0.016630901287553648 0.01683937823834197
5 0.9128218884120172 0.6813471502590673 0.04452789699570815 0.06217616580310881
12 0.6984978540772532 0.6761658031088082 0.012875536480686695 0.01683937823834197
12 0.8932403433476395 0.8069948186528497 0.016094420600858368 0.018134715025906734
2 0.714324034334764 0.7807642487046632 0.08315450643776824 0.33743523316062174
12 0.6614806866952789 0.8490932642487047 0.017167381974248927 0.019430051813471502
10 0.2988197424892704 0.7830310880829016 0.011802575107296138 0.011658031088082901
10 0.34227467811158796 0.792098445595855 0.012875536480686695 0.011658031088082901
10 0.45278969957081544 0.8144430051813472 0.013948497854077254 0.011010362694300517
10 0.3854613733905579 0.8014896373056994 0.012339055793991416 0.014896373056994818
10 0.41201716738197425 0.8066709844559585 0.011802575107296138 0.016191709844559584
10 0.3173283261802575 0.7885362694300518 0.012339055793991416 0.012305699481865285
10 0.3572961373390558 0.7963082901554405 0.012875536480686695 0.012305699481865285
10 0.5120708154506438 0.8264248704663213 0.012339055793991416 0.010362694300518135
10 0.4981223175965665 0.8251295336787565 0.009120171673819743 0.009067357512953367
10 0.4696888412017167 0.8202720207253886 0.012339055793991416 0.009715025906735751
10 0.31303648068669526 0.8222150259067358 0.011266094420600859 0.009715025906735751
10 0.3374463519313305 0.8270725388601037 0.012875536480686695 0.011658031088082901
10 0.35702789699570814 0.8312823834196891 0.014484978540772532 0.012305699481865285
10 0.4074570815450644 0.8419689119170984 0.014484978540772532 0.011658031088082901
10 0.2939914163090129 0.8202720207253886 0.012875536480686695 0.012305699481865285
10 0.38197424892703863 0.8371113989637305 0.015021459227467811 0.012305699481865285
10 0.5088519313304721 0.8610751295336787 0.009120171673819743 0.011010362694300517
10 0.44957081545064376 0.8500647668393783 0.011802575107296138 0.009715025906735751
10 0.4645922746781116 0.8536269430051814 0.012875536480686695 0.010362694300518135
10 0.49356223175965663 0.8604274611398963 0.013948497854077254 0.009715025906735751
5 0.7049356223175965 0.9740932642487047 0.030042918454935622 0.04015544041450777
12 0.839324034334764 0.9783031088082902 0.09603004291845493 0.04209844559585492
10 0.27548283261802575 0.9326424870466321 0.0101931330472103 0.009067357512953367
10 0.43293991416309013 0.9630829015544041 0.009656652360515022 0.009067357512953367
10 0.2915772532188841 0.9368523316062176 0.0101931330472103 0.009715025906735751
10 0.3071351931330472 0.9400906735751295 0.011266094420600859 0.008419689119170985
10 0.32242489270386265 0.9430051813471503 0.008583690987124463 0.007772020725388601
10 0.44849785407725323 0.9669689119170984 0.012875536480686695 0.009067357512953367
10 0.3530042918454936 0.9488341968911918 0.011802575107296138 0.010362694300518135
10 0.39324034334763946 0.9562823834196891 0.013948497854077254 0.009715025906735751
10 0.3717811158798283 0.9527202072538861 0.009656652360515022 0.007772020725388601
10 0.3822424892703863 0.9553108808290155 0.009120171673819743 0.009067357512953367
10 0.3323497854077253 0.9452720207253886 0.009120171673819743 0.008419689119170985
10 0.3626609442060086 0.9511010362694301 0.008583690987124463 0.007124352331606218
12 0.21968884120171675 0.04533678756476684 0.03272532188841202 0.03367875647668394
12 0.26824034334763946 0.0625 0.02467811158798283 0.036917098445595854
12 0.28969957081545067 0.06703367875647669 0.02682403433476395 0.03821243523316062
1 0.19608369098712447 0.06962435233160622 0.014484978540772532 0.020077720207253884
1 0.21164163090128754 0.07253886010362694 0.01555793991416309 0.02461139896373057
5 0.16389484978540772 0.06476683937823834 0.017703862660944206 0.022020725388601035
1 0.2607296137339056 0.09520725388601037 0.016094420600858368 0.022020725388601035
1 0.276019313304721 0.09941709844559586 0.014484978540772532 0.021373056994818652
12 0.8905579399141631 0.22409326424870465 0.008583690987124463 0.015544041450777202
1 0.9613733905579399 0.23769430051813473 0.009656652360515022 0.01683937823834197
12 0.9058476394849786 0.23639896373056996 0.01555793991416309 0.011658031088082901
1 0.20547210300429183 0.10848445595854922 0.00536480686695279 0.012305699481865285
1 0.1936695278969957 0.10718911917098446 0.006437768240343348 0.013601036269430052
1 0.18642703862660945 0.10621761658031088 0.006974248927038627 0.015544041450777202
5 0.3449570815450644 0.13795336787564766 0.03648068669527897 0.05958549222797927
1 0.17677038626609443 0.10751295336787564 0.005901287553648069 0.011658031088082901
1 0.17221030042918456 0.12370466321243523 0.006437768240343348 0.014248704663212436
5 0.9460836909871244 0.27461139896373055 0.04452789699570815 0.054404145077720206
5 0.1958154506437768 0.13957253886010362 0.045064377682403435 0.04339378238341969
1 0.9138948497854077 0.2801165803108808 0.013412017167381975 0.009715025906735751
1 0.9796137339055794 0.29501295336787564 0.01072961373390558 0.008419689119170985
12 0.15879828326180256 0.14216321243523317 0.016094420600858368 0.023963730569948185
5 0.25241416309012876 0.16224093264248704 0.05525751072961373 0.06930051813471502
12 0.6233905579399142 0.23672279792746115 0.015021459227467811 0.016191709844559584
12 0.3146459227467811 0.1878238341968912 0.03487124463519313 0.034974093264248704
1 0.33717811158798283 0.19268134715025906 0.011266094420600859 0.021373056994818652
1 0.7939914163090128 0.28886010362694303 0.004291845493562232 0.009067357512953367
12 0.8033798283261803 0.2911269430051813 0.013412017167381975 0.009715025906735751
12 0.7003755364806867 0.2852979274611399 0.009120171673819743 0.016191709844559584
1 0.7896995708154506 0.31023316062176165 0.0075107296137339056 0.015544041450777202
12 0.6405579399141631 0.28270725388601037 0.012875536480686695 0.017487046632124352
12 0.2969420600858369 0.22279792746113988 0.029506437768240343 0.031088082901554404
12 0.32993562231759654 0.22927461139896374 0.032188841201716736 0.031088082901554404
12 0.2145922746781116 0.20725388601036268 0.03540772532188841 0.03367875647668394
12 0.18159871244635192 0.20110103626943004 0.03594420600858369 0.033031088082901554
12 0.697961373390558 0.3024611398963731 0.01072961373390558 0.018134715025906734
1 0.13948497854077252 0.19883419689119172 0.013948497854077254 0.011658031088082901
1 0.24087982832618027 0.22020725388601037 0.016094420600858368 0.011658031088082901
1 0.26716738197424894 0.2260362694300518 0.019313304721030045 0.014248704663212436
12 0.8755364806866953 0.3477979274611399 0.011802575107296138 0.012953367875647668
12 0.8060622317596566 0.34067357512953367 0.0101931330472103 0.009067357512953367
1 0.9667381974248928 0.37240932642487046 0.004291845493562232 0.0038860103626943004
12 0.8248390557939914 0.34520725388601037 0.011266094420600859 0.010362694300518135
1 0.2398068669527897 0.2344559585492228 0.017167381974248927 0.012953367875647668
1 0.927843347639485 0.36722797927461137 0.006974248927038627 0.0051813471502590676
12 0.637607296137339 0.3125 0.0101931330472103 0.016191709844559584
1 0.2666309012875536 0.2419041450777202 0.018240343347639486 0.013601036269430052
1 0.9662017167381974 0.37759067357512954 0.00536480686695279 0.0038860103626943004
12 0.3253755364806867 0.25777202072538863 0.03165236051502146 0.029792746113989636
1 0.7398068669527897 0.33743523316062174 0.011802575107296138 0.019430051813471502
12 0.29238197424892703 0.25259067357512954 0.032188841201716736 0.031088082901554404
12 0.21164163090128754 0.23769430051813473 0.03594420600858369 0.034974093264248704
12 0.1773068669527897 0.23218911917098445 0.03701716738197425 0.033031088082901554
1 0.7239806866952789 0.33711139896373055 0.009120171673819743 0.014896373056994818
1 0.8996781115879828 0.37208549222797926 0.00536480686695279 0.009715025906735751
1 0.23819742489270387 0.24902849740932642 0.017167381974248927 0.012305699481865285
1 0.26394849785407726 0.2548575129533679 0.019313304721030045 0.012305699481865285
5 0.9265021459227468 0.39734455958549225 0.03648068669527897 0.040803108808290155
1 0.8967274678111588 0.391839378238342 0.005901287553648069 0.009067357512953367
12 0.8562231759656652 0.38406735751295334 0.012875536480686695 0.01683937823834197
12 0.8390557939914163 0.38147668393782386 0.013948497854077254 0.01683937823834197
1 0.1665772532188841 0.2545336787564767 0.008047210300429184 0.012953367875647668
1 0.2580472103004292 0.27331606217616583 0.008583690987124463 0.011658031088082901
1 0.24222103004291845 0.2704015544041451 0.0101931330472103 0.014896373056994818
1 0.17542918454935622 0.25874352331606215 0.00536480686695279 0.009715025906735751
1 0.19071888412017168 0.2616580310880829 0.008047210300429184 0.012953367875647668
1 0.27414163090128757 0.2772020725388601 0.01072961373390558 0.012953367875647668
1 0.22478540772532188 0.26781088082901555 0.0075107296137339056 0.012305699481865285
1 0.21646995708154507 0.2665155440414508 0.009120171673819743 0.013601036269430052
1 0.24973175965665237 0.27266839378238344 0.009120171673819743 0.015544041450777202
1 0.2658261802575107 0.2759067357512953 0.011266094420600859 0.014248704663212436
1 0.28272532188841204 0.27979274611398963 0.011802575107296138 0.014248704663212436
12 0.6148068669527897 0.3432642487046632 0.012875536480686695 0.012953367875647668
1 0.18374463519313305 0.2603626943005181 0.006974248927038627 0.012953367875647668
1 0.19930257510729613 0.26360103626943004 0.006974248927038627 0.014248704663212436
1 0.23310085836909872 0.2707253886010363 0.008047210300429184 0.015544041450777202
1 0.2078862660944206 0.2661917098445596 0.008047210300429184 0.014248704663212436
1 0.9020922746781116 0.40446891191709844 0.004828326180257511 0.003238341968911917
1 0.9487660944206009 0.41515544041450775 0.008047210300429184 0.012953367875647668
1 0.901824034334764 0.4106217616580311 0.004291845493562232 0.0038860103626943004
1 0.9138948497854077 0.4180699481865285 0.005901287553648069 0.003238341968911917
1 0.9321351931330472 0.4219559585492228 0.005901287553648069 0.0045336787564766836
12 0.44608369098712447 0.3335492227979275 0.013412017167381975 0.015544041450777202
1 0.9474248927038627 0.43069948186528495 0.00536480686695279 0.009067357512953367
1 0.9361587982832618 0.4323186528497409 0.0075107296137339056 0.0045336787564766836
12 0.8428111587982833 0.42033678756476683 0.013948497854077254 0.018134715025906734
1 0.6593347639484979 0.3908678756476684 0.011802575107296138 0.008419689119170985
12 0.4450107296137339 0.35103626943005184 0.012339055793991416 0.015544041450777202
12 0.023068669527896997 0.3125 0.01072961373390558 0.013601036269430052
1 0.6199034334763949 0.4410621761658031 0.014484978540772532 0.011658031088082901
1 0.22800429184549356 0.3707901554404145 0.006437768240343348 0.014896373056994818
1 0.19554721030042918 0.3643134715025907 0.009120171673819743 0.014896373056994818
1 0.21003218884120173 0.36787564766839376 0.0101931330472103 0.015544041450777202
1 0.17703862660944206 0.36172279792746115 0.008583690987124463 0.014896373056994818
1 0.24356223175965666 0.3743523316062176 0.009656652360515022 0.015544041450777202
1 0.18562231759656653 0.3639896373056995 0.008583690987124463 0.012953367875647668
1 0.23605150214592274 0.37338082901554404 0.009656652360515022 0.016191709844559584
1 0.2180793991416309 0.3698186528497409 0.012339055793991416 0.018134715025906734
1 0.20144849785407726 0.36755181347150256 0.008047210300429184 0.013601036269430052
5 0.5748390557939914 0.4426813471502591 0.013412017167381975 0.01878238341968912
5 0.5903969957081545 0.44689119170984454 0.013412017167381975 0.015544041450777202
12 0.6169527896995708 0.4588730569948187 0.017167381974248927 0.01878238341968912
1 0.06947424892703863 0.37791450777202074 0.014484978540772532 0.011010362694300517
1 0.6448497854077253 0.49028497409326427 0.011802575107296138 0.010362694300518135
12 0.08637339055793991 0.39831606217616583 0.015021459227467811 0.02461139896373057
1 0.21861587982832617 0.43588082901554404 0.009120171673819743 0.01683937823834197
1 0.17784334763948498 0.42778497409326427 0.008047210300429184 0.016191709844559584
1 0.16899141630901288 0.4271373056994819 0.0075107296137339056 0.014896373056994818
1 0.226931330472103 0.4381476683937824 0.012875536480686695 0.020077720207253884
1 0.1936695278969957 0.4319948186528497 0.01072961373390558 0.01683937823834197
1 0.2017167381974249 0.43426165803108807 0.009656652360515022 0.012305699481865285
1 0.18562231759656653 0.43069948186528495 0.0075107296137339056 0.012953367875647668
1 0.210568669527897 0.43588082901554404 0.008047210300429184 0.01683937823834197
1 0.2357832618025751 0.4413860103626943 0.011266094420600859 0.016191709844559584