1 0.4573497854077253 0.53125 0.03487124463519313 0.052759740259740256
1 0.13894849785407726 0.5925324675324676 0.046137339055793994 0.05032467532467533
1 0.9342811158798283 0.44886363636363635 0.02736051502145923 0.05519480519480519
1 0.9865879828326181 0.4411525974025974 0.02575107296137339 0.06574675324675325
1 0.07081545064377683 0.6870941558441559 0.028969957081545063 0.04626623376623377
1 0.15879828326180256 0.682224025974026 0.03111587982832618 0.03977272727272727
1 0.053916309012875537 0.7077922077922078 0.02521459227467811 0.045454545454545456
1 0.38277896995708155 0.7065746753246753 0.0305793991416309 0.041396103896103896
1 0.06920600858369098 0.7686688311688312 0.05042918454935622 0.056818181818181816
1 0.15531115879828325 0.7520292207792207 0.03379828326180258 0.05762987012987013
1 0.31410944206008584 0.7244318181818182 0.03165236051502146 0.04301948051948052
1 0.3444206008583691 0.7199675324675324 0.032188841201716736 0.03571428571428571
1 0.4155042918454936 0.7077922077922078 0.028433476394849784 0.03896103896103896
1 0.7135193133047211 0.6590909090909091 0.02575107296137339 0.03896103896103896
1 0.7996244635193133 0.6440746753246753 0.03379828326180258 0.05438311688311688
1 0.6274141630901288 0.6757305194805194 0.03272532188841202 0.04788961038961039
1 0.4578862660944206 0.7090097402597403 0.02628755364806867 0.041396103896103896
1 0.66818669527897 0.671672077922078 0.03165236051502146 0.049512987012987016
1 0.8350321888412017 0.6424512987012987 0.02736051502145923 0.04788961038961039
1 0.505901287553648 0.708198051948052 0.04184549356223176 0.052759740259740256
1 0.6013948497854077 0.6968344155844156 0.04184549356223176 0.05113636363636364
1 0.37956008583690987 0.7771915584415584 0.038090128755364806 0.04301948051948052
1 0.32349785407725323 0.788961038961039 0.027896995708154508 0.040584415584415584
1 0.6341201716738197 0.7471590909090909 0.028969957081545063 0.044642857142857144
1 0.4227467811158798 0.7893668831168831 0.027896995708154508 0.052759740259740256
1 0.6706008583690987 0.7487824675324676 0.019313304721030045 0.030032467532467532
1 0.7100321888412017 0.742288961038961 0.0305793991416309 0.04788961038961039
1 0.460568669527897 0.7913961038961039 0.02628755364806867 0.037337662337662336
2 0.2411480686695279 0.8327922077922078 0.03487124463519313 0.11688311688311688
1 0.5115343347639485 0.783685064935065 0.023068669527896997 0.04301948051948052
1 0.8006974248927039 0.7313311688311688 0.04452789699570815 0.05032467532467533
1 0.841469957081545 0.7260551948051948 0.02736051502145923 0.04626623376623377
1 0.8699034334763949 0.7215909090909091 0.029506437768240343 0.048701298701298704
1 0.5928111587982833 0.7808441558441559 0.033261802575107295 0.05357142857142857
1 0.33074034334763946 0.8482142857142857 0.028433476394849784 0.04220779220779221
1 0.5075107296137339 0.014204545454545454 0.04184549356223176 0.028409090909090908
1 0.634656652360515 0.8096590909090909 0.02467811158798283 0.044642857142857144
1 0.8736587982832618 0.775974025974026 0.021995708154506438 0.037337662337662336
1 0.8505901287553648 0.7861201298701299 0.03594420600858369 0.05113636363636364
1 0.8994098712446352 0.7775974025974026 0.02628755364806867 0.05032467532467533
1 0.427843347639485 0.8676948051948052 0.02628755364806867 0.03896103896103896
1 0.8234978540772532 0.7946428571428571 0.033261802575107295 0.05194805194805195
2 0.21620171673819744 0.9131493506493507 0.03755364806866953 0.040584415584415584
1 0.7239806866952789 0.8214285714285714 0.0305793991416309 0.05032467532467533
1 0.4715665236051502 0.8754058441558441 0.03862660944206009 0.04788961038961039
1 0.6845493562231759 0.8364448051948052 0.03862660944206009 0.05925324675324675
1 0.5209227467811158 0.8685064935064936 0.045064377682403435 0.06168831168831169
1 0.33664163090128757 0.9058441558441559 0.03165236051502146 0.040584415584415584
1 0.6043454935622318 0.856737012987013 0.03594420600858369 0.052759740259740256
1 0.014484978540772532 0.10349025974025974 0.028969957081545063 0.03814935064935065
1 0.9055793991416309 0.827922077922078 0.032188841201716736 0.045454545454545456
1 0.1888412017167382 0.9780844155844156 0.04935622317596566 0.04220779220779221
1 0.03782188841201717 0.10064935064935066 0.03379828326180258 0.04220779220779221
1 0.0700107296137339 0.09902597402597403 0.03701716738197425 0.05032467532467533
1 0.30686695278969955 0.0625 0.03648068669527897 0.037337662337662336
1 0.21512875536480686 0.09699675324675325 0.03862660944206009 0.056006493506493504
1 0.0992489270386266 0.11891233766233766 0.03540772532188841 0.05925324675324675
1 0.28889484978540775 0.10470779220779221 0.024141630901287552 0.04220779220779221
1 0.14028969957081544 0.1461038961038961 0.029506437768240343 0.05032467532467533
5 0.0944206008583691 0.1728896103896104 0.07510729613733906 0.06655844155844155
1 0.4809549356223176 0.1112012987012987 0.0305793991416309 0.056818181818181816
1 0.3052575107296137 0.14407467532467533 0.028969957081545063 0.04301948051948052
1 0.6684549356223176 0.08928571428571429 0.05793991416309013 0.06655844155844155
5 0.9168454935622318 0.056006493506493504 0.1072961373390558 0.11201298701298701
1 0.7583154506437768 0.0864448051948052 0.04774678111587983 0.04788961038961039
1 0.06786480686695279 0.22605519480519481 0.03165236051502146 0.03814935064935065
1 0.04050429184549356 0.23660714285714285 0.02628755364806867 0.04301948051948052
1 0.2719957081545064 0.19318181818181818 0.03862660944206009 0.048701298701298704
1 0.49409871244635195 0.1627435064935065 0.033261802575107295 0.049512987012987016
1 0.3111587982832618 0.1976461038961039 0.03648068669527897 0.03977272727272727
1 0.20627682403433475 0.2353896103896104 0.02092274678111588 0.04383116883116883
1 0.657725321888412 0.1627435064935065 0.060085836909871244 0.05438311688311688
1 0.1869635193133047 0.2544642857142857 0.028433476394849784 0.03165584415584415
1 0.8927038626609443 0.15137987012987014 0.03540772532188841 0.06574675324675325
5 0.3457618025751073 0.2597402597402597 0.2140557939914163 0.15746753246753248
1 0.2030579399141631 0.28814935064935066 0.049892703862660946 0.05844155844155844
1 0.947156652360515 0.15178571428571427 0.04130901287553648 0.06818181818181818
1 0.7086909871244635 0.20008116883116883 0.05472103004291846 0.05113636363636364
1 0.8385193133047211 0.1939935064935065 0.04935622317596566 0.05032467532467533
1 0.7760193133047211 0.20738636363636365 0.0638412017167382 0.049512987012987016
1 0.9530579399141631 0.18060064935064934 0.03272532188841202 0.04788961038961039
1 0.9090665236051502 0.20292207792207792 0.028433476394849784 0.056818181818181816
1 0.17998927038626608 0.36038961038961037 0.03165236051502146 0.05357142857142857
2 0.011266094420600859 0.41761363636363635 0.022532188841201718 0.07548701298701299
1 0.47854077253218885 0.3409090909090909 0.03862660944206009 0.08279220779220779
1 0.20949570815450644 0.39163961038961037 0.028433476394849784 0.033279220779220776
1 0.40772532188841204 0.35957792207792205 0.033261802575107295 0.04220779220779221
1 0.32966738197424894 0.3806818181818182 0.03594420600858369 0.045454545454545456
1 0.4313304721030043 0.36444805194805197 0.034334763948497854 0.045454545454545456
1 0.20627682403433475 0.42329545454545453 0.038090128755364806 0.0625
1 0.8562231759656652 0.30560064935064934 0.060085836909871244 0.06574675324675325
1 0.04345493562231759 0.46834415584415584 0.045064377682403435 0.048701298701298704
1 0.4584227467811159 0.4354707792207792 0.04345493562231759 0.03977272727272727
1 0.23149141630901288 0.481737012987013 0.02736051502145923 0.041396103896103896
1 0.26824034334763946 0.4788961038961039 0.03862660944206009 0.05032467532467533
1 0.023605150214592276 0.5316558441558441 0.03969957081545064 0.05519480519480519
1 0.05659871244635193 0.5296266233766234 0.03594420600858369 0.060876623376623376
1 0.36373390557939916 0.4760551948051948 0.033261802575107295 0.06737012987012987
1 0.09415236051502146 0.5304383116883117 0.05525751072961373 0.05113636363636364
10 0.32162017167381973 0.4890422077922078 0.04452789699570815 0.026785714285714284
1 0.2934549356223176 0.5219155844155844 0.027896995708154508 0.04220779220779221
1 0.5804721030042919 0.4780844155844156 0.05686695278969957 0.07142857142857142
1 0.8578326180257511 0.4366883116883117 0.03111587982832618 0.05194805194805195
1 0.8296673819742489 0.4439935064935065 0.03165236051502146 0.05032467532467533
1 0.7956008583690987 0.45413961038961037 0.04291845493562232 0.044642857142857144
5 0.08234978540772532 0.591314935064935 0.09281115879828326 0.07548701298701299
1 0.37043991416309013 0.5377435064935064 0.029506437768240343 0.05925324675324675
1 0.26797210300429186 0.5616883116883117 0.03165236051502146 0.03896103896103896