1 0.7828603435399552 0.06677740863787375 0.08028379387602688 0.11362126245847176
10 0.09055265123226289 0.6654485049833887 0.006348020911127707 0.025913621262458473
1 0.0847647498132935 0.66578073089701 0.008215085884988798 0.023920265780730896
1 0.1277072442120986 0.6710963455149501 0.019417475728155338 0.018604651162790697
1 0.6461911874533234 0.6730897009966778 0.037714712471994025 0.04916943521594684
10 0.32486930545182974 0.6764119601328904 0.012696041822255415 0.015946843853820596
10 0.48842419716206126 0.06744186046511629 0.027632561613144136 0.02724252491694352
10 0.5584391336818522 0.6784053156146179 0.007094846900672144 0.015946843853820596
12 0.5752427184466019 0.06877076411960133 0.01157580283793876 0.019269102990033222
1 0.4210231516056759 0.686046511627907 0.01157580283793876 0.019269102990033222
1 0.12733383121732636 0.686046511627907 0.021657953696788648 0.011295681063122924
5 0.36202389843166544 0.6887043189368771 0.02725914861837192 0.05913621262458472
10 0.10343539955190441 0.6933554817275748 0.029873039581777446 0.03920265780730897
1 0.3799477221807319 0.693687707641196 0.010828976848394324 0.0106312292358804
12 0.3175877520537715 0.6953488372093023 0.010828976848394324 0.013953488372093023
1 0.8252427184466019 0.6966777408637874 0.018670649738610903 0.02857142857142857
12 0.32953696788648246 0.6983388704318937 0.007094846900672144 0.019933554817275746
12 0.6200522778192681 0.6983388704318937 0.010828976848394324 0.0212624584717608
1 0.47908887229275576 0.6986710963455149 0.009708737864077669 0.023255813953488372
10 0.3898431665421957 0.6990033222591362 0.006721433905899925 0.015946843853820596
12 0.5603061986557132 0.7 0.008588498879761016 0.020598006644518274
1 0.9587378640776699 0.7026578073089701 0.013069454817027632 0.019269102990033222
10 0.42046303211351754 0.7026578073089701 0.010455563853622106 0.007308970099667774
5 0.44884241971620614 0.7033222591362126 0.03659447348767737 0.1122923588039867
1 0.33831217326362956 0.7059800664451827 0.004480955937266617 0.016611295681063124
1 0.5121359223300971 0.7109634551495017 0.020537714712471993 0.06511627906976744
1 0.4215832710978342 0.7119601328903654 0.011202389843166542 0.009966777408637873
1 0.021657953696788648 0.7129568106312293 0.01717699775952203 0.011960132890365448
10 0.5597460791635549 0.7152823920265781 0.01344286781179985 0.008637873754152824
5 0.0412621359223301 0.7162790697674418 0.026512322628827484 0.0664451827242525
1 0.4301717699775952 0.07275747508305648 0.024645257654966394 0.04053156146179402
1 0.5440627333831217 0.7192691029900332 0.021657953696788648 0.04053156146179402
12 0.6206123973114265 0.720265780730897 0.01194921583271098 0.01727574750830565
1 0.3302837938760269 0.7205980066445182 0.0003734129947722181 0.000664451827242525
1 0.8256161314413741 0.7239202657807309 0.018670649738610903 0.02857142857142857
10 0.021844660194174758 0.7255813953488373 0.01157580283793876 0.011960132890365448
10 0.9258775205377147 0.7285714285714285 0.014563106796116505 0.07641196013289037
1 0.5998879761015683 0.07408637873754152 0.016056758775205376 0.03255813953488372
12 0.40608663181478716 0.7425249169435216 0.007094846900672144 0.02724252491694352
1 0.5416355489171023 0.7441860465116279 0.005601194921583271 0.019933554817275746
10 0.5289395070948469 0.7445182724252492 0.006348020911127707 0.020598006644518274
10 0.8119865571321881 0.7445182724252492 0.012322628827483197 0.012624584717607974
10 0.5218446601941747 0.7448504983388704 0.005601194921583271 0.019933554817275746
1 0.5160567587752054 0.7448504983388704 0.005227781926811053 0.018604651162790697
1 0.5352875280059746 0.7455149501661129 0.005601194921583271 0.022591362126245847
1 0.33532486930545186 0.7455149501661129 0.012696041822255415 0.0212624584717608
1 0.48842419716206126 0.7461794019933555 0.019417475728155338 0.07707641196013289
1 0.5028005974607916 0.7461794019933555 0.005601194921583271 0.018604651162790697
1 0.5491038088125467 0.7471760797342193 0.005601194921583271 0.017940199335548173
1 0.5098954443614638 0.7475083056478405 0.005601194921583271 0.01727574750830565
12 0.6202389843166543 0.748172757475083 0.01194921583271098 0.0212624584717608
1 0.7010828976848394 0.751827242524917 0.09148618371919343 0.06046511627906977
10 0.601008215085885 0.7551495016611296 0.0048543689320388345 0.015282392026578074
10 0.42046303211351754 0.7554817275747508 0.010455563853622106 0.0212624584717608
1 0.3144137415982076 0.7554817275747508 0.01194921583271098 0.0106312292358804
10 0.6103435399551904 0.7558139534883721 0.008588498879761016 0.016611295681063124
10 0.5819641523525019 0.7637873754152824 0.005601194921583271 0.03255813953488372
10 0.563293502613891 0.7637873754152824 0.016803584764749812 0.03388704318936877
12 0.777445855115758 0.7647840531561462 0.008961911874533234 0.009302325581395349
1 0.5509708737864077 0.7687707641196013 0.0048543689320388345 0.019933554817275746
1 0.5050410754294249 0.7700996677740863 0.0048543689320388345 0.019933554817275746
10 0.5113890963405526 0.770764119601329 0.007094846900672144 0.0212624584717608
10 0.5242718446601942 0.770764119601329 0.004480955937266617 0.0212624584717608
10 0.5438760268857357 0.7704318936877076 0.007094846900672144 0.019269102990033222
1 0.5313666915608664 0.7710963455149502 0.004480955937266617 0.019269102990033222
10 0.537714712471994 0.7710963455149502 0.004480955937266617 0.017940199335548173
10 0.6017550410754294 0.7710963455149502 0.004107542942494399 0.015282392026578074
10 0.5177371172516804 0.7717607973421927 0.006348020911127707 0.023255813953488372
1 0.39731142643764 0.7754152823920266 0.012696041822255415 0.0106312292358804
10 0.8284167289021658 0.7770764119601329 0.015309932785660941 0.04318936877076412
10 0.019230769230769232 0.779734219269103 0.01755041075429425 0.04850498338870432
5 0.8106796116504854 0.7794019933554818 0.01717699775952203 0.035880398671096346
1 0.4085138162808066 0.7830564784053156 0.008961911874533234 0.009966777408637873
12 0.5483569828230023 0.0787375415282392 0.013816280806572068 0.021926910299003323
1 0.7744585511575803 0.786046511627907 0.005227781926811053 0.014617940199335547
1 0.6603808812546677 0.7946843853820598 0.005601194921583271 0.018604651162790697
12 0.34764749813293505 0.07973421926910298 0.014936519790888723 0.027906976744186046
1 0.7010828976848394 0.7976744186046512 0.02128454070201643 0.013953488372093023
10 0.4066467513069455 0.7980066445182724 0.008215085884988798 0.019933554817275746
10 0.0909260642270351 0.7996677740863788 0.007094846900672144 0.020598006644518274
10 0.08028379387602688 0.8003322259136213 0.004480955937266617 0.020598006644518274
10 0.9316654219566841 0.8026578073089701 0.010455563853622106 0.009302325581395349
1 0.3162808065720687 0.8029900332225913 0.012696041822255415 0.013953488372093023
12 0.3347647498132935 0.08073089700996677 0.014563106796116505 0.02724252491694352
12 0.7839805825242718 0.8043189368770765 0.02128454070201643 0.016611295681063124
1 0.9574309185959672 0.8099667774086379 0.022404779686333084 0.030564784053156147
10 0.30918595967139656 0.08139534883720931 0.01717699775952203 0.023255813953488372
10 0.9398805078416729 0.8109634551495016 0.005227781926811053 0.03255813953488372
10 0.4843166542195668 0.8119601328903654 0.009708737864077669 0.0106312292358804
1 0.6534727408513816 0.8129568106312293 0.00597460791635549 0.020598006644518274
1 0.49607916355489173 0.8129568106312293 0.010828976848394324 0.011295681063122924
10 0.8104929051530994 0.8162790697674419 0.014563106796116505 0.036544850498338874
1 0.4055265123226288 0.8169435215946844 0.009708737864077669 0.016611295681063124
10 0.7008961911874533 0.8172757475083057 0.021657953696788648 0.023920265780730896
10 0.7374906646751307 0.8189368770764119 0.01194921583271098 0.017940199335548173
5 0.4647124719940254 0.8199335548172757 0.025765496639283045 0.06777408637873754
10 0.7580283793876027 0.8229235880398671 0.005227781926811053 0.019269102990033222
10 0.7518670649738611 0.8239202657807309 0.0048543689320388345 0.015946843853820596
1 0.3164675130694548 0.8245847176079735 0.014563106796116505 0.013289036544850499
10 0.4438013442867812 0.825249169435216 0.010082150858849889 0.007973421926910298
1 0.5087752053771472 0.8262458471760797 0.010082150858849889 0.016611295681063124
10 0.857916355489171 0.8282392026578073 0.025765496639283045 0.019269102990033222
10 0.9322255414488424 0.8315614617940199 0.007094846900672144 0.008637873754152824
10 0.7761389096340553 0.832890365448505 0.010828976848394324 0.03388704318936877
1 0.4957057505601195 0.8332225913621263 0.009335324869305451 0.007973421926910298
10 0.7938760268857357 0.832890365448505 0.011202389843166542 0.03388704318936877
10 0.40608663181478716 0.8332225913621263 0.010828976848394324 0.009302325581395349
1 0.4436146377893951 0.8338870431893688 0.010455563853622106 0.007973421926910298
10 0.48487677371172516 0.8372093023255814 0.01157580283793876 0.022591362126245847
10 0.7376773711725167 0.8388704318936877 0.01157580283793876 0.020598006644518274
10 0.7514936519790889 0.8418604651162791 0.005601194921583271 0.01727574750830565
10 0.758588498879761 0.8431893687707641 0.0048543689320388345 0.014617940199335547
1 0.40608663181478716 0.8435215946843854 0.007094846900672144 0.007308970099667774
1 0.431478715459298 0.8451827242524917 0.010828976848394324 0.009302325581395349
10 0.8549290515309933 0.8514950166112957 0.010828976848394324 0.02724252491694352
1 0.45201643017176996 0.8578073089700997 0.010082150858849889 0.011960132890365448
10 0.9439880507841673 0.8641196013289036 0.020911127707244213 0.019269102990033222
10 0.5625466766243465 0.08803986710963455 0.008588498879761016 0.023255813953488372
10 0.577109783420463 0.09102990033222591 0.008588498879761016 0.0212624584717608
10 0.3446601941747573 0.09833887043189368 0.010455563853622106 0.009302325581395349
1 0.446975354742345 0.09900332225913622 0.01194921583271098 0.0212624584717608
12 0.5500373412994772 0.10398671096345515 0.014936519790888723 0.017940199335548173
10 0.32486930545182974 0.10398671096345515 0.01194921583271098 0.020598006644518274
10 0.5687079910380881 0.10863787375415282 0.005227781926811053 0.015282392026578074
10 0.3803211351755041 0.1106312292358804 0.006348020911127707 0.03388704318936877
1 0.6598207617625094 0.11461794019933555 0.02315160567587752 0.03122923588039867
10 0.1715832710978342 0.11495016611295682 0.014189693801344288 0.01727574750830565
10 0.318521284540702 0.12857142857142856 0.01717699775952203 0.019269102990033222
10 0.4710604929051531 0.13588039867109636 0.019790888722927558 0.03122923588039867
10 0.3144137415982076 0.1415282392026578 0.01194921583271098 0.009302325581395349
5 0.6073562359970127 0.14219269102990034 0.019044062733383122 0.04119601328903655
5 0.669529499626587 0.14850498338870433 0.02389843166542196 0.03920265780730897
1 0.3820014936519791 0.14850498338870433 0.00597460791635549 0.019269102990033222
1 0.6512322628827483 0.14850498338870433 0.008961911874533234 0.016611295681063124
1 0.6872666168782674 0.1504983388704319 0.006348020911127707 0.03255813953488372
10 0.7518670649738611 0.15182724252491694 0.013069454817027632 0.009966777408637873
2 0.813480209111277 0.15348837209302327 0.02352501867064974 0.027906976744186046
2 0.7710978342046303 0.15448504983388706 0.026138909634055265 0.03255813953488372
5 0.4357729648991785 0.16146179401993355 0.04630321135175504 0.09169435215946845
10 0.47255414488424197 0.16245847176079733 0.022778192681105303 0.02724252491694352
1 0.7526138909634055 0.16312292358803987 0.01157580283793876 0.011295681063122924
10 0.65067214339059 0.1644518272425249 0.012322628827483197 0.009966777408637873
1 0.8452203136669156 0.173421926910299 0.0309932785660941 0.038538205980066444
12 0.7591486183719194 0.1744186046511628 0.01344286781179985 0.016611295681063124
1 0.8806945481702764 0.17807308970099667 0.006348020911127707 0.0212624584717608
1 0.2313293502613891 0.1787375415282392 0.010828976848394324 0.0212624584717608
10 0.2234876773711725 0.17906976744186046 0.0048543689320388345 0.020598006644518274
1 0.25858849887976104 0.18006644518272424 0.030246452576549662 0.026578073089700997
2 0.7905153099327856 0.18504983388704319 0.02389843166542196 0.02724252491694352
10 0.9290515309932785 0.1867109634551495 0.010455563853622106 0.022591362126245847
1 0.38573562359970126 0.18704318936877076 0.010455563853622106 0.020598006644518274
10 0.9191560866318148 0.18704318936877076 0.009335324869305451 0.025913621262458473
10 0.8986183719193428 0.18803986710963455 0.008588498879761016 0.023920265780730896
10 0.8890963405526512 0.19036544850498338 0.0074682598954443615 0.020598006644518274
10 0.3986183719193428 0.193687707641196 0.01755041075429425 0.02724252491694352
1 0.9604182225541449 0.19767441860465115 0.01568334578043316 0.02857142857142857
2 0.9454817027632562 0.19933554817275748 0.01568334578043316 0.027906976744186046
1 0.414301717699776 0.2019933554817276 0.014563106796116505 0.023920265780730896
2 0.8721060492905153 0.2019933554817276 0.014563106796116505 0.022591362126245847
2 0.9262509335324869 0.20564784053156146 0.014563106796116505 0.013953488372093023
10 0.1715832710978342 0.20664451827242525 0.012322628827483197 0.015946843853820596
5 0.6637415982076176 0.20764119601328904 0.020537714712471993 0.023255813953488372
2 0.8881628080657207 0.2096345514950166 0.013816280806572068 0.011295681063122924
10 0.529126213592233 0.02159468438538206 0.021657953696788648 0.021926910299003323
1 0.8788274831964152 0.220265780730897 0.02501867064973861 0.013953488372093023
10 0.6669156086631814 0.22425249169435216 0.014189693801344288 0.012624584717607974
1 0.7328230022404779 0.226578073089701 0.02875280059746079 0.05847176079734219
2 0.9363330843913368 0.22890365448504985 0.01755041075429425 0.015282392026578074
1 0.9172890216579537 0.22890365448504985 0.007094846900672144 0.020598006644518274
1 0.8945108289768484 0.22956810631229235 0.00784167289021658 0.023255813953488372
10 0.17270351008215085 0.23222591362126246 0.01157580283793876 0.012624584717607974
10 0.6562733383121733 0.23421926910299004 0.013816280806572068 0.012624584717607974
1 0.8694921583271098 0.2372093023255814 0.043689320388349516 0.0425249169435216
10 0.6015683345780433 0.23687707641196012 0.010455563853622106 0.025913621262458473
1 0.7656833457804332 0.2378737541528239 0.02875280059746079 0.08903654485049833
10 0.6122106049290515 0.24086378737541528 0.010082150858849889 0.009966777408637873
10 0.6749439880507841 0.24219269102990032 0.007094846900672144 0.020598006644518274
10 0.5756161314413741 0.2435215946843854 0.01755041075429425 0.015282392026578074
1 0.6820388349514563 0.2441860465116279 0.0048543689320388345 0.019269102990033222
1 0.6995892457057505 0.2521594684385382 0.022031366691560868 0.03787375415282392
10 0.609596713965646 0.25548172757475085 0.006348020911127707 0.016611295681063124
10 0.6194921583271098 0.25548172757475085 0.005227781926811053 0.020598006644518274
10 0.5883121732636296 0.2614617940199336 0.03696788648244959 0.019269102990033222
10 0.9260642270351008 0.26578073089701 0.005227781926811053 0.01727574750830565
12 0.5489171023151606 0.026245847176079733 0.016430171769977596 0.011295681063122924
1 0.943427931292009 0.26677740863787375 0.013816280806572068 0.012624584717607974
5 0.9036594473487677 0.27043189368770765 0.0268857356235997 0.04784053156146179
1 0.8633308439133682 0.27109634551495015 0.014936519790888723 0.01727574750830565
1 0.5028005974607916 0.2760797342192691 0.010828976848394324 0.03388704318936877
10 0.5214712471994025 0.2780730897009967 0.007094846900672144 0.02857142857142857
10 0.9324122479462286 0.2813953488372093 0.006721433905899925 0.019269102990033222
10 0.8792008961911875 0.2843853820598007 0.012322628827483197 0.015946843853820596
10 0.6424570575056012 0.30132890365448506 0.010828976848394324 0.011295681063122924
1 0.785847647498133 0.30132890365448506 0.007094846900672144 0.023255813953488372
12 0.470873786407767 0.3016611295681063 0.017923823749066467 0.023920265780730896
1 0.9019790888722927 0.3073089700996678 0.039208364451082896 0.019269102990033222
1 0.8668782673637042 0.3086378737541528 0.0309932785660941 0.03521594684385382
10 0.6140776699029126 0.30930232558139537 0.016803584764749812 0.021926910299003323
12 0.619865571321882 0.03222591362126246 0.012696041822255415 0.020598006644518274
10 0.642083644510829 0.31926910299003325 0.010082150858849889 0.009966777408637873
1 0.9163554891710232 0.32691029900332225 0.0074682598954443615 0.01727574750830565
10 0.9210231516056758 0.3275747508305648 0.005601194921583271 0.018604651162790697
1 0.4650858849887976 0.3282392026578073 0.025765496639283045 0.035880398671096346
10 0.905713218820015 0.32857142857142857 0.013816280806572068 0.015282392026578074
1 0.7903286034353996 0.33222591362126247 0.0048543689320388345 0.019933554817275746
10 0.7992905153099328 0.33322259136212623 0.012322628827483197 0.021926910299003323
1 0.8112397311426438 0.3345514950166113 0.007094846900672144 0.021926910299003323
10 0.7027632561613144 0.3365448504983389 0.008215085884988798 0.009966777408637873
10 0.621732636295743 0.33853820598006645 0.022404779686333084 0.02857142857142857
10 0.45201643017176996 0.34651162790697676 0.010828976848394324 0.009966777408637873
1 0.8799477221807319 0.3501661129568106 0.04070201643017177 0.0345514950166113
1 0.6994025392083645 0.3514950166112957 0.005227781926811053 0.014617940199335547
1 0.9202763256161315 0.3518272425249169 0.012322628827483197 0.013953488372093023
10 0.7201269604182226 0.3518272425249169 0.0048543689320388345 0.020598006644518274
10 0.7078043315907394 0.3617940199335548 0.01157580283793876 0.03388704318936877
10 0.6402165795369679 0.36511627906976746 0.02128454070201643 0.019269102990033222
1 0.4751680358476475 0.3661129568106312 0.037714712471994025 0.035880398671096346
12 0.9197162061239731 0.37009966777408637 0.014189693801344288 0.023920265780730896
12 0.9398805078416729 0.37009966777408637 0.014189693801344288 0.023920265780730896
10 0.7440253920836445 0.3717607973421927 0.013069454817027632 0.02857142857142857
10 0.609596713965646 0.037209302325581395 0.007094846900672144 0.037209302325581395
1 0.880134428678118 0.37475083056478403 0.004480955937266617 0.01727574750830565
10 0.8752800597460791 0.37508305647840534 0.00597460791635549 0.016611295681063124
10 0.8866691560866318 0.37574750830564785 0.006348020911127707 0.019269102990033222
12 0.9062733383121733 0.37574750830564785 0.011202389843166542 0.019269102990033222
1 0.5491038088125467 0.03887043189368771 0.010082150858849889 0.007308970099667774
10 0.48469006721433905 0.38870431893687707 0.01568334578043316 0.01727574750830565
1 0.470873786407767 0.39335548172757473 0.011202389843166542 0.013289036544850499
1 0.48450336071695294 0.40299003322259136 0.016803584764749812 0.013953488372093023
1 0.4548170276325616 0.407641196013289 0.02389843166542196 0.05780730897009967
10 0.35287528005974605 0.40930232558139534 0.01194921583271098 0.02524916943521595
10 0.6258401792382375 0.4312292358803987 0.009708737864077669 0.018604651162790697
10 0.35287528005974605 0.4398671096345515 0.00597460791635549 0.019933554817275746
10 0.6362957430918595 0.44285714285714284 0.009708737864077669 0.019269102990033222
10 0.6258401792382375 0.45016611295681064 0.009708737864077669 0.017940199335548173
5 0.32038834951456313 0.45980066445182727 0.05153099327856609 0.09435215946843854
10 0.6376026885735624 0.46378737541528237 0.010828976848394324 0.0212624584717608
10 0.05619865571321882 0.4654485049833887 0.014563106796116505 0.016611295681063124
10 0.36463778939507097 0.467109634551495 0.01157580283793876 0.013289036544850499
10 0.6105302464525766 0.4697674418604651 0.01194921583271098 0.018604651162790697
10 0.626773711725168 0.47109634551495017 0.008588498879761016 0.018604651162790697
10 0.05003734129947722 0.47807308970099666 0.014189693801344288 0.015282392026578074
10 0.35287528005974605 0.4790697674418605 0.01194921583271098 0.011960132890365448
1 0.36426437640029874 0.4883720930232558 0.009335324869305451 0.0106312292358804
10 0.6004480955937267 0.48903654485049836 0.0074682598954443615 0.018604651162790697
10 0.5892457057505601 0.48970099667774086 0.008961911874533234 0.0106312292358804
1 0.9630321135175504 0.49235880398671095 0.041075429424943986 0.0664451827242525
10 0.3536221060492905 0.4956810631229236 0.009708737864077669 0.011960132890365448
1 0.9202763256161315 0.4956810631229236 0.036221060492905154 0.035880398671096346
1 0.29462285287528006 0.501328903654485 0.011202389843166542 0.023255813953488372
10 0.5974607916355489 0.5043189368770764 0.01568334578043316 0.01727574750830565
1 0.5823375653472741 0.5049833887043189 0.012322628827483197 0.022591362126245847
10 0.49607916355489173 0.507641196013289 0.039955190440627335 0.0212624584717608
5 0.16896938013442866 0.5096345514950166 0.026512322628827484 0.06511627906976744
5 0.39581777445855115 0.511295681063123 0.04555638536221061 0.09102990033222591
1 0.3648244958924571 0.5119601328903655 0.008215085884988798 0.008637873754152824
1 0.5334204630321135 0.5142857142857142 0.0309932785660941 0.03986710963455149
10 0.5646004480955937 0.5199335548172758 0.008961911874533234 0.03255813953488372
10 0.2735250186706497 0.5232558139534884 0.037714712471994025 0.04451827242524917
5 0.9083271097834205 0.5275747508305648 0.0309932785660941 0.046511627906976744
1 0.9273711725168036 0.5292358803986711 0.007094846900672144 0.015282392026578074
1 0.5739357729648992 0.5295681063122923 0.008961911874533234 0.0345514950166113
10 0.14619118745332338 0.5308970099667774 0.012322628827483197 0.018604651162790697
1 0.7022031366691561 0.5362126245847176 0.01157580283793876 0.014617940199335547
12 0.481142643764003 0.5368770764119601 0.00784167289021658 0.027906976744186046
10 0.015870052277819267 0.5415282392026578 0.01755041075429425 0.019933554817275746
5 0.9648991784914115 0.5425249169435216 0.03136669156086632 0.04451827242524917
5 0.6622479462285288 0.5478405315614618 0.06534727408513816 0.06976744186046512
1 0.2559746079163555 0.05548172757475083 0.030246452576549662 0.03920265780730897
10 0.7022031366691561 0.551827242524917 0.010828976848394324 0.016611295681063124
1 0.927931292008962 0.5664451827242525 0.0268857356235997 0.04451827242524917
1 0.7023898431665422 0.5661129568106312 0.010455563853622106 0.0106312292358804
5 0.5070948469006722 0.5677740863787375 0.014936519790888723 0.02724252491694352
12 0.4940253920836445 0.5697674418604651 0.011202389843166542 0.020598006644518274
12 0.4755414488424197 0.5717607973421927 0.01157580283793876 0.021926910299003323
5 0.05339805825242718 0.5714285714285714 0.0268857356235997 0.06245847176079734
1 0.563480209111277 0.5750830564784053 0.06796116504854369 0.053820598006644516
10 0.23170276325616132 0.05880398671096346 0.015309932785660941 0.025913621262458473
1 0.9544436146377894 0.5837209302325581 0.02389843166542196 0.04983388704318937
10 0.48935772964899177 0.5893687707641196 0.012322628827483197 0.01727574750830565
10 0.4792755787901419 0.5946843853820598 0.013816280806572068 0.022591362126245847
1 0.3446601941747573 0.5993355481727575 0.035847647498132934 0.045182724252491695
10 0.08924570575056012 0.6009966777408637 0.002987303958177745 0.008637873754152824
1 0.39731142643764 0.6036544850498339 0.033607169529499624 0.036544850498338874
10 0.563480209111277 0.06079734219269103 0.011202389843166542 0.009966777408637873
1 0.12696041822255413 0.6116279069767442 0.008215085884988798 0.011295681063122924
10 0.053584764749813295 0.6112956810631229 0.02725914861837192 0.015946843853820596
1 0.11501120238984316 0.6122923588039867 0.011202389843166542 0.012624584717607974
10 0.06665421956684092 0.6172757475083056 0.0011202389843166542 0.0026578073089701
1 0.6853995519044063 0.6179401993355482 0.036221060492905154 0.046511627906976744
5 0.6450709484690067 0.620265780730897 0.037714712471994025 0.04053156146179402
10 0.05227781926811053 0.6235880398671096 0.02912621359223301 0.013953488372093023
10 0.05190440627333831 0.6318936877076412 0.033607169529499624 0.013289036544850499
10 0.024271844660194174 0.63421926910299 0.01568334578043316 0.021926910299003323
10 0.85604929051531 0.641860465116279 0.013816280806572068 0.0212624584717608
10 0.8915235250186706 0.6421926910299003 0.05041075429424944 0.023255813953488372
10 0.8353248693054518 0.6435215946843854 0.029873039581777446 0.020598006644518274
1 0.3851755041075429 0.6491694352159468 0.06161314413741598 0.06378737541528239
10 0.9380134428678119 0.6508305647840532 0.011202389843166542 0.017940199335548173
12 0.34372666168782673 0.6534883720930232 0.010828976848394324 0.008637873754152824
1 0.9266243465272591 0.06611295681063123 0.028005974607916356 0.03521594684385382
5 0.05489171023151606 0.6614617940199335 0.03136669156086632 0.03920265780730897
1 0.5774831964152353 0.6627906976744186 0.024271844660194174 0.07508305647840531
12 0.34185959671396565 0.6634551495016612 0.01157580283793876 0.009966777408637873