10 0.3893229166666667 0.016229712858926344 0.0078125 0.003745318352059925
1 0.22552083333333334 0.4453807740324594 0.003125 0.011860174781523096
10 0.27682291666666664 0.4463171036204744 0.0026041666666666665 0.008739076154806492
1 0.08125 0.449438202247191 0.007291666666666667 0.004993757802746567
1 0.2984375 0.017166042446941324 0.0020833333333333333 0.008114856429463172
10 0.28802083333333334 0.017166042446941324 0.0020833333333333333 0.00686641697877653
10 0.8380208333333333 0.45131086142322097 0.008333333333333333 0.003745318352059925
1 0.8770833333333333 0.45287141073657927 0.005208333333333333 0.004369538077403246
1 0.4375 0.45474406991260924 0.007291666666666667 0.0018726591760299626
1 0.3059895833333333 0.017478152309612985 0.0026041666666666665 0.00749063670411985
1 0.40078125 0.017478152309612985 0.0046875 0.003745318352059925
10 0.2765625 0.017790262172284643 0.0020833333333333333 0.008114856429463172
1 0.2916666666666667 0.4575530586766542 0.00625 0.004993757802746567
10 0.9604166666666667 0.4575530586766542 0.007291666666666667 0.006242197253433208
1 0.8380208333333333 0.45880149812734083 0.007291666666666667 0.004993757802746567
10 0.29270833333333335 0.017790262172284643 0.0020833333333333333 0.00686641697877653
10 0.878125 0.4600499375780275 0.00625 0.003745318352059925
1 0.43723958333333335 0.4600499375780275 0.005729166666666666 0.0024968789013732834
10 0.2755208333333333 0.4612983770287141 0.005208333333333333 0.003745318352059925
10 0.28203125 0.018414481897627965 0.0036458333333333334 0.010611735330836454
1 0.31171875 0.018414481897627965 0.0026041666666666665 0.009363295880149813
1 0.14869791666666668 0.4666042446941323 0.0140625 0.015605493133583021
10 0.43671875 0.4666042446941323 0.005729166666666666 0.0018726591760299626
10 0.83828125 0.46629213483146065 0.008854166666666666 0.003745318352059925
1 0.3424479166666667 0.46629213483146065 0.0026041666666666665 0.00749063670411985
1 0.5135416666666667 0.4675405742821473 0.007291666666666667 0.003745318352059925
10 0.87734375 0.4681647940074906 0.005729166666666666 0.003745318352059925
10 0.2755208333333333 0.4691011235955056 0.007291666666666667 0.003121098626716604
1 0.2 0.46878901373283394 0.0020833333333333333 0.009987515605493134
1 0.22552083333333334 0.4712858926342072 0.004166666666666667 0.009987515605493134
1 0.4359375 0.4731585518102372 0.00625 0.0024968789013732834
10 0.8380208333333333 0.47503121098626716 0.00625 0.003745318352059925
10 0.2752604166666667 0.47503121098626716 0.0067708333333333336 0.0024968789013732834
12 0.2908854166666667 0.4778401997503121 0.011979166666666667 0.023096129837702872
10 0.51328125 0.4787765293383271 0.0078125 0.004993757802746567
10 0.43645833333333334 0.4797128589263421 0.005208333333333333 0.003121098626716604
10 0.2765625 0.48158551810237205 0.00625 0.003121098626716604
10 0.34088541666666666 0.483458177278402 0.0036458333333333334 0.009363295880149813
10 0.14583333333333334 0.485330836454432 0.0020833333333333333 0.009363295880149813
10 0.43723958333333335 0.485330836454432 0.005729166666666666 0.0018726591760299626
10 0.2760416666666667 0.4875156054931336 0.005208333333333333 0.0024968789013732834
10 0.96171875 0.4897003745318352 0.0078125 0.0056179775280898875
1 0.49895833333333334 0.4897003745318352 0.003125 0.008114856429463172
10 0.4934895833333333 0.4897003745318352 0.0026041666666666665 0.009363295880149813
1 0.08072916666666667 0.49001248439450684 0.008333333333333333 0.0024968789013732834
10 0.43723958333333335 0.49157303370786515 0.005729166666666666 0.0018726591760299626
1 0.00859375 0.4928214731585518 0.0067708333333333336 0.0056179775280898875
1 0.26276041666666666 0.02153558052434457 0.0078125 0.004369538077403246
10 0.2171875 0.4965667915106117 0.005208333333333333 0.009363295880149813
10 0.96171875 0.4965667915106117 0.0078125 0.004369538077403246
1 0.4361979166666667 0.49781523096129837 0.005729166666666666 0.003121098626716604
1 0.8786458333333333 0.499063670411985 0.00625 0.0018726591760299626
1 0.8380208333333333 0.49968789013732834 0.007291666666666667 0.004369538077403246
1 0.3416666666666667 0.4993757802746567 0.0020833333333333333 0.011235955056179775
10 0.14505208333333333 0.5 0.0036458333333333334 0.011235955056179775
1 0.28515625 0.5009363295880149 0.009895833333333333 0.0056179775280898875
1 0.3229166666666667 0.02215980024968789 0.00625 0.003121098626716604
10 0.96171875 0.5028089887640449 0.0067708333333333336 0.003121098626716604
10 0.20390625 0.5040574282147315 0.0036458333333333334 0.008114856429463172
10 0.19869791666666667 0.5037453183520599 0.0026041666666666665 0.009987515605493134
12 0.4895833333333333 0.5046816479400749 0.00625 0.011860174781523096
1 0.43671875 0.5049937578027466 0.0067708333333333336 0.0024968789013732834
1 0.51015625 0.5049937578027466 0.0026041666666666665 0.009987515605493134
10 0.5041666666666667 0.5059300873907615 0.0020833333333333333 0.008114856429463172
10 0.4984375 0.5065543071161048 0.0020833333333333333 0.009363295880149813
10 0.9625 0.5087390761548065 0.007291666666666667 0.003745318352059925
1 0.4359375 0.5106117353308365 0.005208333333333333 0.0024968789013732834
1 0.3541666666666667 0.514669163545568 0.017708333333333333 0.018102372034956304
1 0.41640625 0.5149812734082397 0.016145833333333335 0.019975031210986267
10 0.96328125 0.5152933832709113 0.0067708333333333336 0.003121098626716604
10 0.4356770833333333 0.516541822721598 0.0046875 0.0018726591760299626
1 0.3848958333333333 0.5162297128589264 0.017708333333333333 0.02122347066167291
10 0.1640625 0.5171660424469413 0.003125 0.009363295880149813
10 0.16875 0.5177902621722846 0.0020833333333333333 0.008114856429463172
10 0.17447916666666666 0.517478152309613 0.0020833333333333333 0.008739076154806492
1 0.18072916666666666 0.517478152309613 0.0020833333333333333 0.008739076154806492
1 0.2994791666666667 0.518414481897628 0.015625 0.008114856429463172
10 0.20104166666666667 0.5190387016229713 0.003125 0.009363295880149813
10 0.49270833333333336 0.519350811485643 0.0020833333333333333 0.00749063670411985
10 0.48776041666666664 0.519350811485643 0.0046875 0.008739076154806492
10 0.4984375 0.5199750312109863 0.0020833333333333333 0.00749063670411985
10 0.5026041666666666 0.5202871410736579 0.0020833333333333333 0.008114856429463172
10 0.96015625 0.5218476903870163 0.0067708333333333336 0.003745318352059925
10 0.4361979166666667 0.5240324594257179 0.0036458333333333334 0.0018726591760299626
1 0.31223958333333335 0.5277777777777778 0.0026041666666666665 0.008114856429463172
10 0.9619791666666667 0.5280898876404494 0.00625 0.004993757802746567
1 0.31927083333333334 0.5327715355805244 0.004166666666666667 0.01435705368289638
10 0.18984375 0.533083645443196 0.0026041666666666665 0.00749063670411985
10 0.16510416666666666 0.5337078651685393 0.004166666666666667 0.009987515605493134
10 0.20260416666666667 0.5346441947565543 0.0020833333333333333 0.009363295880149813
10 0.96171875 0.5346441947565543 0.005729166666666666 0.004369538077403246
10 0.17109375 0.5343320848938826 0.0036458333333333334 0.008739076154806492
10 0.18385416666666668 0.5349563046192259 0.005208333333333333 0.009987515605493134
1 0.3997395833333333 0.025593008739076155 0.0046875 0.0012484394506866417
1 0.2916666666666667 0.5371410736579276 0.007291666666666667 0.003121098626716604
1 0.303125 0.537765293383271 0.00625 0.003121098626716604
10 0.4244791666666667 0.5383895131086143 0.00625 0.003121098626716604
10 0.9638020833333333 0.5402621722846442 0.0067708333333333336 0.004369538077403246
1 0.29296875 0.5436953807740325 0.0036458333333333334 0.0024968789013732834
10 0.4244791666666667 0.5443196004993758 0.00625 0.0024968789013732834
1 0.48828125 0.5443196004993758 0.008854166666666666 0.004993757802746567
1 0.30520833333333336 0.5443196004993758 0.008333333333333333 0.0024968789013732834
1 0.43723958333333335 0.5449438202247191 0.0046875 0.0024968789013732834
1 0.49921875 0.5452559300873908 0.0067708333333333336 0.003121098626716604
10 0.38697916666666665 0.026217228464419477 0.003125 0.003745318352059925
10 0.31640625 0.5480649188514357 0.0067708333333333336 0.003745318352059925
1 0.43645833333333334 0.5508739076154806 0.00625 0.0018726591760299626
10 0.42526041666666664 0.5514981273408239 0.0078125 0.003121098626716604
10 0.25442708333333336 0.5511860174781523 0.009895833333333333 0.003745318352059925
1 0.49895833333333334 0.5514981273408239 0.005208333333333333 0.003121098626716604
1 0.4869791666666667 0.5518102372034956 0.005208333333333333 0.0024968789013732834
10 0.18932291666666667 0.5521223470661673 0.0036458333333333334 0.009363295880149813
10 0.19557291666666668 0.552434456928839 0.0036458333333333334 0.008739076154806492
10 0.2630208333333333 0.5552434456928839 0.0020833333333333333 0.008114856429463172
1 0.23046875 0.5564918851435705 0.0026041666666666665 0.00686641697877653
10 0.4359375 0.5571161048689138 0.00625 0.0018726591760299626
12 0.3768229166666667 0.5571161048689138 0.0328125 0.03433208489388265
10 0.42578125 0.5571161048689138 0.005729166666666666 0.0018726591760299626
1 0.6763020833333333 0.5608614232209738 0.005729166666666666 0.003121098626716604
1 0.4359375 0.5630461922596754 0.00625 0.0024968789013732834
10 0.42604166666666665 0.5636704119850188 0.00625 0.0024968789013732834
1 0.3234375 0.0284019975031211 0.00625 0.003121098626716604
1 0.25416666666666665 0.5674157303370787 0.007291666666666667 0.016229712858926344
1 0.6768229166666667 0.5683520599250936 0.0067708333333333336 0.003121098626716604
10 0.26927083333333335 0.5686641697877652 0.0020833333333333333 0.008739076154806492
1 0.2643229166666667 0.02871410736579276 0.005729166666666666 0.003745318352059925
10 0.27578125 0.5692883895131086 0.0026041666666666665 0.00749063670411985
10 0.19140625 0.5699126092384519 0.0026041666666666665 0.009987515605493134
1 0.425 0.5702247191011236 0.00625 0.003121098626716604
1 0.22994791666666667 0.5702247191011236 0.0015625 0.010611735330836454
1 0.23489583333333333 0.5705368289637952 0.0020833333333333333 0.008739076154806492
10 0.28098958333333335 0.5705368289637952 0.0026041666666666665 0.00749063670411985
1 0.26223958333333336 0.5705368289637952 0.0026041666666666665 0.011235955056179775
1 0.19713541666666667 0.5711610486891385 0.0026041666666666665 0.009987515605493134
1 0.17604166666666668 0.5717852684144819 0.003125 0.011235955056179775
10 0.9369791666666667 0.5755305867665418 0.004166666666666667 0.008739076154806492
10 0.9263020833333333 0.5755305867665418 0.0015625 0.009987515605493134
10 0.9453125 0.5758426966292135 0.0020833333333333333 0.00686641697877653
10 0.9317708333333333 0.5767790262172284 0.003125 0.00749063670411985
1 0.4947916666666667 0.5770911360799001 0.005208333333333333 0.011860174781523096
1 0.4864583333333333 0.5774032459425718 0.004166666666666667 0.012484394506866416
1 0.6763020833333333 0.5783395755305868 0.0067708333333333336 0.003121098626716604
1 0.32421875 0.5792759051186017 0.0036458333333333334 0.011235955056179775
10 0.3104166666666667 0.5802122347066168 0.003125 0.009363295880149813
1 0.29791666666666666 0.579900124843945 0.0020833333333333333 0.011235955056179775
1 0.30390625 0.5814606741573034 0.0026041666666666665 0.011860174781523096
1 0.3177083333333333 0.581772784019975 0.0020833333333333333 0.009987515605493134
1 0.6752604166666667 0.5830212234706617 0.0067708333333333336 0.0024968789013732834
10 0.0036458333333333334 0.5855181023720349 0.007291666666666667 0.004993757802746567
10 0.9325520833333333 0.5892634207240949 0.0036458333333333334 0.008739076154806492
10 0.9260416666666667 0.5914481897627965 0.0020833333333333333 0.009363295880149813
10 0.0020833333333333333 0.5914481897627965 0.004166666666666667 0.003121098626716604
1 0.359375 0.5923845193508115 0.00625 0.01373283395755306
1 0.54609375 0.5942571785268415 0.0026041666666666665 0.009987515605493134
1 0.540625 0.5942571785268415 0.0020833333333333333 0.009987515605493134
10 0.62578125 0.5951935081148564 0.0015625 0.009363295880149813
10 0.57734375 0.5955056179775281 0.0026041666666666665 0.009987515605493134
1 0.6184895833333334 0.596441947565543 0.0026041666666666665 0.009363295880149813
1 0.0026041666666666665 0.5976903870162297 0.005208333333333333 0.003121098626716604
1 0.16692708333333334 0.5986267166042447 0.0026041666666666665 0.008739076154806492
1 0.17786458333333333 0.6026841448189763 0.005729166666666666 0.003121098626716604
10 0.17786458333333333 0.6073657927590512 0.005729166666666666 0.003745318352059925
10 0.53984375 0.6095505617977528 0.0026041666666666665 0.008114856429463172
10 0.54609375 0.6095505617977528 0.0026041666666666665 0.00686641697877653
1 0.5770833333333333 0.6098626716604245 0.0020833333333333333 0.00749063670411985
1 0.6244791666666667 0.6111111111111112 0.003125 0.008739076154806492
10 0.61953125 0.6114232209737828 0.0026041666666666665 0.009363295880149813
10 0.31536458333333334 0.6117353308364545 0.0067708333333333336 0.003745318352059925
1 0.4515625 0.6126716604244694 0.0020833333333333333 0.008114856429463172
1 0.44765625 0.6126716604244694 0.0026041666666666665 0.009363295880149813
1 0.47760416666666666 0.6123595505617978 0.0020833333333333333 0.008739076154806492
1 0.45989583333333334 0.6132958801498127 0.003125 0.009363295880149813
1 0.46588541666666666 0.6129837702871411 0.0015625 0.009987515605493134
1 0.5 0.6129837702871411 0.003125 0.00749063670411985
1 0.47239583333333335 0.6132958801498127 0.0020833333333333333 0.008114856429463172
1 0.490625 0.6136079900124844 0.003125 0.006242197253433208
1 0.48515625 0.6139200998751561 0.0026041666666666665 0.008114856429463172
1 0.49583333333333335 0.6145443196004994 0.0020833333333333333 0.008114856429463172
10 0.17760416666666667 0.614856429463171 0.00625 0.0024968789013732834
10 0.2630208333333333 0.034019975031210986 0.007291666666666667 0.003121098626716604
10 0.3151041666666667 0.6189138576779026 0.00625 0.003121098626716604
1 0.1765625 0.6248439450686641 0.008333333333333333 0.004993757802746567
1 0.40078125 0.03464419475655431 0.005729166666666666 0.003121098626716604
1 0.3216145833333333 0.03464419475655431 0.0078125 0.003121098626716604
1 0.30364583333333334 0.6289013732833958 0.00625 0.004369538077403246
1 0.31588541666666664 0.6298377028714107 0.0067708333333333336 0.003745318352059925
10 0.32578125 0.6298377028714107 0.008854166666666666 0.006242197253433208
10 0.38697916666666665 0.03526841448189763 0.00625 0.004369538077403246
10 0.17838541666666666 0.6335830212234707 0.0078125 0.003745318352059925
1 0.4953125 0.6338951310861424 0.005208333333333333 0.013108614232209739
10 0.32473958333333336 0.6373283395755306 0.0067708333333333336 0.003745318352059925
1 0.30390625 0.6426342072409488 0.0067708333333333336 0.004369538077403246
10 0.30234375 0.6482521847690387 0.0067708333333333336 0.0018726591760299626
1 0.31692708333333336 0.6485642946317104 0.0078125 0.003745318352059925
1 0.33359375 0.6513732833957553 0.0140625 0.00686641697877653
1 0.46328125 0.6548064918851436 0.0046875 0.01373283395755306
1 0.31692708333333336 0.6548064918851436 0.0078125 0.0024968789013732834
1 0.4744791666666667 0.6548064918851436 0.005208333333333333 0.01373283395755306
1 0.48489583333333336 0.6548064918851436 0.00625 0.01373283395755306
10 0.30234375 0.6557428214731585 0.0046875 0.003121098626716604
1 0.45338541666666665 0.6557428214731585 0.0046875 0.015605493133583021
12 0.3921875 0.6604244694132334 0.025 0.026217228464419477
1 0.3145833333333333 0.6610486891385767 0.00625 0.0024968789013732834
10 0.30364583333333334 0.6626092384519351 0.009375 0.0018726591760299626
10 0.3020833333333333 0.668227215980025 0.008333333333333333 0.003121098626716604
1 0.33151041666666664 0.6713483146067416 0.009895833333333333 0.0056179775280898875
1 0.3020833333333333 0.6735330836454432 0.00625 0.0024968789013732834
1 0.315625 0.6744694132334582 0.00625 0.0018726591760299626
1 0.2635416666666667 0.040262172284644196 0.00625 0.003121098626716604
1 0.3020833333333333 0.6803995006242197 0.00625 0.003745318352059925
1 0.17578125 0.6838327091136079 0.0067708333333333336 0.003121098626716604
1 0.15963541666666667 0.6838327091136079 0.008854166666666666 0.0056179775280898875
1 0.33203125 0.6841448189762797 0.013020833333333334 0.00749063670411985
1 0.30182291666666666 0.6863295880149812 0.0067708333333333336 0.003121098626716604
1 0.3765625 0.6882022471910112 0.0125 0.00686641697877653
1 0.32109375 0.04057428214731586 0.0036458333333333334 0.0012484394506866417
10 0.39348958333333334 0.6900749063670412 0.0067708333333333336 0.004369538077403246
10 0.15989583333333332 0.6925717852684145 0.008333333333333333 0.003121098626716604
1 0.3020833333333333 0.6925717852684145 0.007291666666666667 0.003121098626716604
10 0.17395833333333333 0.6931960049937578 0.00625 0.004369538077403246
1 0.33307291666666666 0.6953807740324595 0.0109375 0.006242197253433208
10 0.3919270833333333 0.6969413233458177 0.005729166666666666 0.003121098626716604
10 0.36666666666666664 0.6978776529338327 0.005208333333333333 0.0024968789013732834
10 0.159375 0.699438202247191 0.007291666666666667 0.003121098626716604
1 0.3020833333333333 0.6991260923845194 0.00625 0.0024968789013732834
10 0.175 0.7000624219725343 0.00625 0.0018726591760299626
10 0.39453125 0.7034956304619226 0.0067708333333333336 0.0012484394506866417
10 0.3684895833333333 0.704119850187266 0.005729166666666666 0.0024968789013732834
1 0.17526041666666667 0.7047440699126092 0.0078125 0.003745318352059925
10 0.15963541666666667 0.7056803995006242 0.0078125 0.003121098626716604
1 0.5296875 0.7066167290886392 0.003125 0.009987515605493134
10 0.38776041666666666 0.04244694132334582 0.005729166666666666 0.003745318352059925
10 0.39375 0.7078651685393258 0.005208333333333333 0.0024968789013732834
1 0.6989583333333333 0.7088014981273408 0.003125 0.01435705368289638
1 0.5877604166666667 0.7088014981273408 0.0026041666666666665 0.010611735330836454
1 0.6598958333333333 0.7091136079900124 0.004166666666666667 0.009987515605493134
10 0.721875 0.7091136079900124 0.0020833333333333333 0.006242197253433208
10 0.7276041666666667 0.7100499375780275 0.003125 0.008114856429463172
10 0.7169270833333333 0.7100499375780275 0.0036458333333333334 0.009363295880149813
5 0.41354166666666664 0.7106741573033708 0.014583333333333334 0.026841448189762796
10 0.175 0.7103620474406991 0.007291666666666667 0.0024968789013732834
1 0.15755208333333334 0.7109862671660424 0.0067708333333333336 0.003745318352059925
10 0.7330729166666666 0.7116104868913857 0.0026041666666666665 0.00749063670411985
1 0.7994791666666666 0.7119225967540574 0.003125 0.009363295880149813
1 0.7528645833333333 0.7116104868913857 0.0036458333333333334 0.008739076154806492
10 0.31692708333333336 0.7119225967540574 0.0067708333333333336 0.003121098626716604
1 0.8466145833333333 0.7119225967540574 0.0036458333333333334 0.008114856429463172
10 0.33046875 0.7119225967540574 0.0078125 0.003121098626716604
10 0.36770833333333336 0.7125468164794008 0.00625 0.004369538077403246
1 0.9385416666666667 0.714107365792759 0.0020833333333333333 0.00749063670411985
1 0.9572916666666667 0.7147315855181023 0.0020833333333333333 0.00749063670411985
1 0.9510416666666667 0.7147315855181023 0.003125 0.009987515605493134
1 0.94609375 0.7150436953807741 0.0026041666666666665 0.00686641697877653
1 0.3932291666666667 0.7147315855181023 0.008333333333333333 0.003745318352059925
1 0.96328125 0.7153558052434457 0.0026041666666666665 0.006242197253433208
1 0.9700520833333334 0.7162921348314607 0.0015625 0.0056179775280898875
10 0.003125 0.715980024968789 0.00625 0.003745318352059925
10 0.159375 0.716916354556804 0.008333333333333333 0.004369538077403246
10 0.4010416666666667 0.04369538077403246 0.008333333333333333 0.003745318352059925
10 0.014322916666666666 0.7181647940074907 0.005729166666666666 0.003121098626716604
10 0.17552083333333332 0.7181647940074907 0.00625 0.004369538077403246
10 0.31614583333333335 0.7184769038701623 0.005208333333333333 0.003745318352059925
10 0.3299479166666667 0.7200374531835206 0.0067708333333333336 0.003121098626716604
10 0.44088541666666664 0.7219101123595506 0.0067708333333333336 0.003121098626716604
10 0.4549479166666667 0.7225343320848939 0.0067708333333333336 0.0018726591760299626
10 0.3932291666666667 0.7225343320848939 0.00625 0.003121098626716604
10 0.31614583333333335 0.7244069912609239 0.007291666666666667 0.003121098626716604
10 0.3671875 0.7247191011235955 0.005208333333333333 0.0024968789013732834
10 0.3299479166666667 0.7250312109862672 0.0046875 0.0018726591760299626
10 0.15833333333333333 0.7250312109862672 0.005208333333333333 0.004369538077403246
10 0.0171875 0.7269038701622972 0.007291666666666667 0.004369538077403246
10 0.39401041666666664 0.7278401997503121 0.0067708333333333336 0.0024968789013732834
1 0.17317708333333334 0.728776529338327 0.0026041666666666665 0.010611735330836454
10 0.44088541666666664 0.728776529338327 0.0067708333333333336 0.003121098626716604
1 0.1671875 0.7284644194756554 0.0010416666666666667 0.008739076154806492
10 0.45364583333333336 0.728776529338327 0.005208333333333333 0.003121098626716604
10 0.24270833333333333 0.7294007490636704 0.003125 0.009363295880149813
1 0.19296875 0.7290886392009988 0.0015625 0.008739076154806492
10 0.17838541666666666 0.7294007490636704 0.0015625 0.010611735330836454
10 0.31640625 0.7294007490636704 0.005729166666666666 0.0018726591760299626
1 0.19739583333333333 0.7294007490636704 0.003125 0.009363295880149813
10 0.23854166666666668 0.7297128589263421 0.0010416666666666667 0.009987515605493134
1 0.18723958333333332 0.7300249687890137 0.0015625 0.011860174781523096
10 0.3296875 0.7303370786516854 0.007291666666666667 0.0024968789013732834
1 0.21041666666666667 0.7303370786516854 0.003125 0.009987515605493134
10 0.26588541666666665 0.7303370786516854 0.0026041666666666665 0.006242197253433208
10 0.25442708333333336 0.730649188514357 0.0026041666666666665 0.008114856429463172
10 0.2604166666666667 0.730649188514357 0.003125 0.008114856429463172
1 0.23125 0.7309612983770287 0.005208333333333333 0.016229712858926344
1 0.24947916666666667 0.7312734082397003 0.0020833333333333333 0.010611735330836454
10 0.27005208333333336 0.7309612983770287 0.0026041666666666665 0.00749063670411985
10 0.3671875 0.7328339575530587 0.007291666666666667 0.003745318352059925
10 0.015104166666666667 0.735330836454432 0.007291666666666667 0.004993757802746567
10 0.2635416666666667 0.04556803995006242 0.009375 0.003745318352059925
1 0.31588541666666664 0.7365792759051186 0.005729166666666666 0.0012484394506866417
10 0.3302083333333333 0.7387640449438202 0.00625 0.0018726591760299626
10 0.42473958333333334 0.7400124843945068 0.0078125 0.003121098626716604
1 0.41302083333333334 0.7409488139825219 0.007291666666666667 0.0024968789013732834
10 0.3307291666666667 0.7431335830212235 0.00625 0.003121098626716604
1 0.31692708333333336 0.7440699126092385 0.0067708333333333336 0.0024968789013732834
10 0.425 0.7487515605493134 0.007291666666666667 0.003121098626716604
1 0.31666666666666665 0.75 0.00625 0.003121098626716604
10 0.33098958333333334 0.7496878901373284 0.005729166666666666 0.003745318352059925
10 0.25364583333333335 0.7543695380774033 0.0020833333333333333 0.0056179775280898875
10 0.1796875 0.7540574282147315 0.003125 0.009987515605493134
10 0.16875 0.7540574282147315 0.0020833333333333333 0.008739076154806492
10 0.25885416666666666 0.7549937578027466 0.0020833333333333333 0.00686641697877653
1 0.24895833333333334 0.7549937578027466 0.0020833333333333333 0.00686641697877653
10 0.16484375 0.7546816479400749 0.0026041666666666665 0.011235955056179775
10 0.23697916666666666 0.7546816479400749 0.0020833333333333333 0.008739076154806492
10 0.17395833333333333 0.7546816479400749 0.0020833333333333333 0.008739076154806492
1 0.32317708333333334 0.047752808988764044 0.005729166666666666 0.003121098626716604
10 0.24348958333333334 0.7553058676654182 0.0026041666666666665 0.008739076154806492
1 0.23229166666666667 0.7553058676654182 0.0020833333333333333 0.00749063670411985
10 0.27109375 0.7553058676654182 0.0026041666666666665 0.00749063670411985
1 0.31640625 0.7559300873907615 0.0046875 0.0024968789013732834
10 0.26510416666666664 0.7559300873907615 0.0020833333333333333 0.008739076154806492
1 0.315625 0.7621722846441947 0.005208333333333333 0.0024968789013732834
1 0.21901041666666668 0.04900124843945069 0.009895833333333333 0.004369538077403246
1 0.20729166666666668 0.04900124843945069 0.011458333333333333 0.004369538077403246
10 0.3875 0.049937578027465665 0.008333333333333333 0.004993757802746567
10 0.39921875 0.050249687890137326 0.005729166666666666 0.003121098626716604
5 0.29348958333333336 0.05087390761548065 0.03177083333333333 0.03682896379525593
1 0.69921875 0.8039950062421972 0.0036458333333333334 0.006242197253433208
10 0.515625 0.8046192259675405 0.0020833333333333333 0.00749063670411985
10 0.509375 0.8046192259675405 0.003125 0.008739076154806492
1 0.6296875 0.8055555555555556 0.007291666666666667 0.004369538077403246
10 0.5307291666666667 0.8058676654182272 0.003125 0.008739076154806492
1 0.575 0.8074282147315855 0.003125 0.009363295880149813
10 0.022135416666666668 0.8071161048689138 0.009895833333333333 0.006242197253433208
1 0.5533854166666666 0.8071161048689138 0.0026041666666666665 0.009987515605493134
1 0.5924479166666666 0.8071161048689138 0.0036458333333333334 0.009987515605493134
10 0.6109375 0.8071161048689138 0.004166666666666667 0.009987515605493134
10 0.6171875 0.8077403245942572 0.003125 0.008739076154806492
1 0.64765625 0.8077403245942572 0.0026041666666666665 0.009987515605493134
1 0.6598958333333333 0.8083645443196005 0.003125 0.008739076154806492
1 0.0359375 0.8083645443196005 0.009375 0.004993757802746567
1 0.6809895833333334 0.8093008739076155 0.0026041666666666665 0.009363295880149813
1 0.6895833333333333 0.8093008739076155 0.007291666666666667 0.01435705368289638
1 0.7872395833333333 0.8102372034956304 0.0036458333333333334 0.008739076154806492
1 0.821875 0.8102372034956304 0.003125 0.009987515605493134
1 0.8466145833333333 0.8117977528089888 0.0036458333333333334 0.010611735330836454
1 0.32265625 0.05337078651685393 0.005729166666666666 0.0018726591760299626
10 0.26276041666666666 0.05305867665418227 0.005729166666666666 0.0024968789013732834
1 0.9033854166666667 0.8127340823970037 0.0046875 0.011235955056179775
1 0.9380208333333333 0.8136704119850188 0.0020833333333333333 0.008114856429463172
1 0.9442708333333333 0.8136704119850188 0.0020833333333333333 0.008114856429463172
1 0.9330729166666667 0.813358302122347 0.0036458333333333334 0.009987515605493134
10 0.9505208333333334 0.813358302122347 0.0020833333333333333 0.00749063670411985
1 0.9598958333333333 0.8142946317103621 0.003125 0.008114856429463172
1 0.9546875 0.8149188514357054 0.0020833333333333333 0.009363295880149813
1 0.02109375 0.8158551810237203 0.0078125 0.0024968789013732834
10 0.020833333333333332 0.8224094881398252 0.00625 0.003121098626716604
1 0.15572916666666667 0.05493133583021224 0.004166666666666667 0.012484394506866416
1 0.1421875 0.056179775280898875 0.003125 0.01373283395755306
10 0.3385416666666667 0.8420724094881398 0.004166666666666667 0.012484394506866416
10 0.2234375 0.8436329588014981 0.005208333333333333 0.0018726591760299626
1 0.23619791666666667 0.8433208489388264 0.0046875 0.0024968789013732834
10 0.24791666666666667 0.8442571785268415 0.007291666666666667 0.0018726591760299626
10 0.43307291666666664 0.8498751560549314 0.0046875 0.010611735330836454
1 0.221875 0.8504993757802747 0.005208333333333333 0.003121098626716604
10 0.24791666666666667 0.850187265917603 0.00625 0.0024968789013732834
1 0.23489583333333333 0.8508114856429463 0.005208333333333333 0.0024968789013732834
10 0.13125 0.8520599250936329 0.008333333333333333 0.004993757802746567
10 0.24791666666666667 0.8570536828963795 0.005208333333333333 0.0024968789013732834
10 0.23489583333333333 0.8570536828963795 0.005208333333333333 0.0024968789013732834
1 0.221875 0.8579900124843945 0.007291666666666667 0.0018726591760299626
10 0.13125 0.8607990012484394 0.007291666666666667 0.003745318352059925
1 0.22239583333333332 0.8626716604244694 0.004166666666666667 0.0012484394506866417
10 0.24739583333333334 0.8626716604244694 0.004166666666666667 0.0024968789013732834
10 0.23515625 0.8632958801498127 0.0036458333333333334 0.0024968789013732834
1 0.22265625 0.8692259675405742 0.0046875 0.0018726591760299626
10 0.24791666666666667 0.8692259675405742 0.004166666666666667 0.003121098626716604
10 0.23567708333333334 0.8698501872659176 0.0046875 0.0018726591760299626
5 0.08802083333333334 0.05898876404494382 0.040625 0.02933832709113608
10 0.3875 0.05867665418227216 0.00625 0.0024968789013732834
1 0.3221354166666667 0.05930087390761548 0.0046875 0.0024968789013732834
10 0.23515625 0.8745318352059925 0.0036458333333333334 0.0024968789013732834
1 0.2234375 0.8751560549313359 0.005208333333333333 0.003745318352059925
10 0.24713541666666666 0.8754681647940075 0.005729166666666666 0.0018726591760299626
10 0.23489583333333333 0.8817103620474407 0.004166666666666667 0.0018726591760299626
10 0.24765625 0.882334581772784 0.0046875 0.0018726591760299626
1 0.22239583333333332 0.882334581772784 0.00625 0.0018726591760299626
1 0.2625 0.0599250936329588 0.00625 0.0024968789013732834
10 0.40260416666666665 0.060549313358302125 0.007291666666666667 0.003745318352059925
1 0.3533854166666667 0.060549313358302125 0.005729166666666666 0.0024968789013732834
10 0.22291666666666668 0.8895131086142322 0.00625 0.0024968789013732834
10 0.23567708333333334 0.8904494382022472 0.0046875 0.003121098626716604
10 0.24765625 0.8904494382022472 0.0046875 0.0018726591760299626
5 0.17578125 0.8913857677902621 0.05364583333333333 0.09488139825218476
10 0.03307291666666667 0.8916978776529338 0.0078125 0.003121098626716604
1 0.22213541666666667 0.8966916354556804 0.005729166666666666 0.003121098626716604
10 0.24739583333333334 0.897003745318352 0.005208333333333333 0.003745318352059925
10 0.23489583333333333 0.8982521847690387 0.004166666666666667 0.0024968789013732834
1 0.03359375 0.898876404494382 0.005729166666666666 0.003745318352059925
10 0.03229166666666667 0.9032459425717853 0.005208333333333333 0.0024968789013732834
1 0.23567708333333334 0.9057428214731585 0.005729166666666666 0.003745318352059925
1 0.6572916666666667 0.9107365792759051 0.0020833333333333333 0.008739076154806492
1 0.51328125 0.9107365792759051 0.0036458333333333334 0.011235955056179775
1 0.03333333333333333 0.9107365792759051 0.005208333333333333 0.003745318352059925
1 0.015104166666666667 0.9113607990012484 0.007291666666666667 0.0024968789013732834
1 0.7455729166666667 0.9119850187265918 0.0026041666666666665 0.009987515605493134
1 0.765625 0.9122971285892634 0.004166666666666667 0.008114856429463172
1 0.7872395833333333 0.9129213483146067 0.0026041666666666665 0.009363295880149813
1 0.7544270833333333 0.9129213483146067 0.0026041666666666665 0.00686641697877653
1 0.8192708333333333 0.9141697877652933 0.004166666666666667 0.009363295880149813
10 0.234375 0.9144818976279651 0.005208333333333333 0.0024968789013732834
5 0.221875 0.9204119850187266 0.007291666666666667 0.011860174781523096
1 0.23463541666666668 0.9216604244694132 0.005729166666666666 0.003121098626716604
10 0.86328125 0.06429463171036205 0.0036458333333333334 0.008739076154806492
10 0.015364583333333333 0.9219725343320849 0.005729166666666666 0.003745318352059925
10 0.03463541666666667 0.9225967540574282 0.009895833333333333 0.004993757802746567
10 0.97421875 0.9241573033707865 0.0067708333333333336 0.0018726591760299626
12 0.9861979166666667 0.9250936329588015 0.008854166666666666 0.01373283395755306
1 0.13020833333333334 0.9260299625468165 0.008333333333333333 0.004369538077403246
10 0.014583333333333334 0.9269662921348315 0.008333333333333333 0.003745318352059925
1 0.234375 0.9282147315855181 0.007291666666666667 0.003745318352059925
10 0.03359375 0.9291510611735331 0.008854166666666666 0.004369538077403246
1 0.5700520833333333 0.9294631710362048 0.0026041666666666665 0.008739076154806492
1 0.5236979166666667 0.9303995006242197 0.0036458333333333334 0.008114856429463172
1 0.5354166666666667 0.9300873907615481 0.003125 0.009987515605493134
1 0.55546875 0.931023720349563 0.0026041666666666665 0.009363295880149813
10 0.56328125 0.931023720349563 0.0036458333333333334 0.008114856429463172
10 0.9739583333333334 0.9313358302122348 0.003125 0.0012484394506866417
10 0.87578125 0.06523096129837704 0.0026041666666666665 0.00686641697877653
1 0.5463541666666667 0.9316479400749064 0.003125 0.010611735330836454
1 0.60390625 0.9316479400749064 0.0046875 0.010611735330836454
1 0.5807291666666666 0.9322721598002497 0.003125 0.009363295880149813
1 0.6359375 0.931960049937578 0.004166666666666667 0.009987515605493134
1 0.6138020833333333 0.931960049937578 0.005729166666666666 0.011235955056179775
1 0.6263020833333334 0.931960049937578 0.0036458333333333334 0.011235955056179775
1 0.5911458333333334 0.9325842696629213 0.004166666666666667 0.008739076154806492
1 0.7088541666666667 0.9335205992509363 0.003125 0.008114856429463172
1 0.6911458333333333 0.9332084893882646 0.003125 0.009987515605493134
1 0.6463541666666667 0.9335205992509363 0.003125 0.011860174781523096
1 0.7359375 0.9335205992509363 0.003125 0.00686641697877653
1 0.7434895833333334 0.9335205992509363 0.0036458333333333334 0.008114856429463172
1 0.6572916666666667 0.9341448189762797 0.004166666666666667 0.009363295880149813
1 0.7 0.9338327091136079 0.004166666666666667 0.00749063670411985
1 0.6697916666666667 0.9341448189762797 0.003125 0.009363295880149813
1 0.78984375 0.9344569288389513 0.0036458333333333334 0.00749063670411985
1 0.7174479166666666 0.9344569288389513 0.0026041666666666665 0.006242197253433208
1 0.7994791666666666 0.934769038701623 0.0020833333333333333 0.008114856429463172
1 0.8375 0.9353932584269663 0.003125 0.00686641697877653
1 0.8276041666666667 0.9360174781523096 0.0010416666666666667 0.00686641697877653
1 0.8205729166666667 0.9357053682896379 0.0026041666666666665 0.008739076154806492
1 0.9059895833333333 0.9360174781523096 0.0036458333333333334 0.008114856429463172
1 0.7640625 0.9357053682896379 0.004166666666666667 0.0012484394506866417
1 0.8638020833333333 0.9360174781523096 0.0026041666666666665 0.008114856429463172
1 0.8106770833333333 0.9357053682896379 0.0026041666666666665 0.00749063670411985
1 0.72578125 0.9360174781523096 0.0026041666666666665 0.00686641697877653
1 0.6791666666666667 0.9357053682896379 0.004166666666666667 0.01373283395755306
1 0.8453125 0.936641697877653 0.003125 0.00686641697877653
10 0.8682291666666667 0.06554307116104868 0.003125 0.008739076154806492
1 0.31953125 0.06585518102372034 0.005729166666666666 0.003121098626716604
10 0.10260416666666666 0.936641697877653 0.007291666666666667 0.004369538077403246
1 0.8731770833333333 0.9363295880149812 0.0015625 0.008739076154806492
1 0.8966145833333333 0.9363295880149812 0.0026041666666666665 0.008739076154806492
10 0.7776041666666667 0.9369538077403246 0.004166666666666667 0.0024968789013732834
10 0.9848958333333333 0.9391385767790262 0.00625 0.004369538077403246
10 0.97421875 0.9388264669163545 0.0036458333333333334 0.0024968789013732834
1 0.015364583333333333 0.9394506866416978 0.005729166666666666 0.0024968789013732834
1 0.8890625 0.06554307116104868 0.0020833333333333333 0.008739076154806492
1 0.7635416666666667 0.9428838951310862 0.00625 0.003121098626716604
10 0.7770833333333333 0.9431960049937578 0.00625 0.003745318352059925
10 0.08645833333333333 0.9453807740324595 0.00625 0.003121098626716604
1 0.1015625 0.9472534332084894 0.007291666666666667 0.003121098626716604
1 0.8669270833333333 0.9481897627965044 0.0046875 0.0024968789013732834
10 0.7768229166666667 0.9488139825218477 0.005729166666666666 0.003745318352059925
10 0.85390625 0.9491260923845194 0.0046875 0.003121098626716604
10 0.5447916666666667 0.9491260923845194 0.003125 0.008114856429463172
10 0.5861979166666667 0.9488139825218477 0.0036458333333333334 0.00749063670411985
10 0.58046875 0.949438202247191 0.0026041666666666665 0.008739076154806492
10 0.5526041666666667 0.950374531835206 0.003125 0.00686641697877653
1 0.7625 0.9509987515605494 0.00625 0.003121098626716604
1 0.014322916666666666 0.9519350811485643 0.009895833333333333 0.006242197253433208
5 0.9815104166666667 0.9538077403245943 0.009895833333333333 0.016229712858926344
10 0.30546875 0.954119850187266 0.0078125 0.004369538077403246
1 0.8671875 0.9544319600499376 0.004166666666666667 0.0024968789013732834
1 0.8520833333333333 0.9559925093632958 0.008333333333333333 0.0018726591760299626
10 0.77734375 0.9563046192259675 0.0046875 0.003745318352059925
1 0.7625 0.9563046192259675 0.007291666666666667 0.003745318352059925
1 0.7950520833333333 0.9588014981273408 0.0078125 0.003745318352059925
5 0.565625 0.9597378277153558 0.016666666666666666 0.019350811485642945
1 0.38671875 0.06741573033707865 0.0067708333333333336 0.006242197253433208
1 0.88125 0.9616104868913857 0.005208333333333333 0.003121098626716604
1 0.8520833333333333 0.9619225967540574 0.005208333333333333 0.003745318352059925
10 0.19817708333333334 0.9619225967540574 0.0036458333333333334 0.008739076154806492
10 0.7778645833333333 0.962234706616729 0.0046875 0.003121098626716604
1 0.7622395833333333 0.9628589263420724 0.0067708333333333336 0.003121098626716604
10 0.06510416666666667 0.9628589263420724 0.0020833333333333333 0.008114856429463172
10 0.047135416666666666 0.9628589263420724 0.0026041666666666665 0.008114856429463172
10 0.8666666666666667 0.9631710362047441 0.004166666666666667 0.0024968789013732834
10 0.05234375 0.9634831460674157 0.0015625 0.00686641697877653
10 0.11979166666666667 0.9634831460674157 0.0020833333333333333 0.00686641697877653
10 0.08020833333333334 0.9637952559300874 0.0020833333333333333 0.006242197253433208
10 0.05963541666666667 0.9637952559300874 0.0026041666666666665 0.009987515605493134
10 0.0703125 0.964107365792759 0.0020833333333333333 0.008114856429463172
10 0.075 0.9637952559300874 0.0020833333333333333 0.006242197253433208
10 0.1015625 0.964107365792759 0.0020833333333333333 0.00686641697877653
10 0.11484375 0.9647315855181023 0.0015625 0.00686641697877653
1 0.10651041666666666 0.9644194756554307 0.0026041666666666665 0.006242197253433208
1 0.35442708333333334 0.06897627965043696 0.0078125 0.003121098626716604
10 0.40182291666666664 0.06897627965043696 0.0067708333333333336 0.004369538077403246
1 0.58046875 0.9656679151061174 0.0036458333333333334 0.012484394506866416
12 0.6067708333333334 0.965980024968789 0.019791666666666666 0.04057428214731586
1 0.7609375 0.966916354556804 0.004166666666666667 0.0024968789013732834
12 0.52421875 0.967852684144819 0.0171875 0.03932584269662921
1 0.8809895833333333 0.967852684144819 0.0046875 0.0018726591760299626
10 0.7763020833333333 0.9684769038701623 0.0036458333333333334 0.0018726591760299626
10 0.8666666666666667 0.9681647940074907 0.003125 0.0012484394506866417
10 0.9692708333333333 0.9700374531835206 0.007291666666666667 0.003745318352059925
10 0.32786458333333335 0.9722222222222222 0.0067708333333333336 0.0056179775280898875
10 0.8671875 0.9737827715355806 0.004166666666666667 0.0024968789013732834
1 0.8505208333333333 0.9747191011235955 0.008333333333333333 0.004369538077403246
10 0.7763020833333333 0.9747191011235955 0.0036458333333333334 0.003121098626716604
1 0.76171875 0.9753433208489388 0.0067708333333333336 0.004369538077403246
1 0.88203125 0.9756554307116105 0.0046875 0.003745318352059925
1 0.7934895833333333 0.9756554307116105 0.0078125 0.004993757802746567
10 0.96953125 0.9778401997503121 0.0078125 0.0018726591760299626
1 0.7596354166666667 0.9794007490636704 0.0046875 0.0024968789013732834
10 0.86640625 0.9800249687890137 0.0036458333333333334 0.0012484394506866417
1 0.8802083333333334 0.9812734082397003 0.004166666666666667 0.0024968789013732834
10 0.7783854166666667 0.9818976279650437 0.005729166666666666 0.003745318352059925
5 0.82265625 0.9753433208489388 0.028645833333333332 0.048064918851435705
1 0.96875 0.9865792759051186 0.008333333333333333 0.004369538077403246
10 0.8669270833333333 0.9865792759051186 0.0046875 0.0006242197253433209
10 0.55625 0.9865792759051186 0.0020833333333333333 0.0056179775280898875
1 0.7622395833333333 0.987203495630462 0.0078125 0.004369538077403246
1 0.19661458333333334 0.987203495630462 0.0067708333333333336 0.003121098626716604
10 0.5622395833333333 0.9868913857677902 0.0026041666666666665 0.006242197253433208
10 0.7778645833333333 0.9875156054931336 0.0046875 0.0024968789013732834
1 0.8815104166666666 0.9878277153558053 0.0067708333333333336 0.003121098626716604
10 0.56875 0.9875156054931336 0.0020833333333333333 0.006242197253433208
1 0.5723958333333333 0.9875156054931336 0.004166666666666667 0.008739076154806492
10 0.5510416666666667 0.9881398252184769 0.004166666666666667 0.008739076154806492
1 0.7927083333333333 0.9884519350811486 0.007291666666666667 0.003121098626716604
10 0.5799479166666667 0.9884519350811486 0.0036458333333333334 0.009363295880149813
1 0.8518229166666667 0.9925093632958801 0.005729166666666666 0.0024968789013732834
12 0.9390625 0.9856429463171036 0.03229166666666667 0.02746566791510612
10 0.8669270833333333 0.9934456928838952 0.0036458333333333334 0.0018726591760299626
1 0.7611979166666667 0.9937578027465668 0.0067708333333333336 0.0024968789013732834
10 0.7763020833333333 0.9937578027465668 0.0067708333333333336 0.0024968789013732834
1 0.8815104166666666 0.9953183520599251 0.0067708333333333336 0.003121098626716604
10 0.31536458333333334 0.9953183520599251 0.0078125 0.003121098626716604
1 0.865625 0.9987515605493134 0.00625 0.0012484394506866417
10 0.7783854166666667 0.9987515605493134 0.0067708333333333336 0.0012484394506866417
10 0.14817708333333332 0.07209737827715355 0.005729166666666666 0.004369538077403246
1 0.35208333333333336 0.07397003745318352 0.005208333333333333 0.0018726591760299626
1 0.32057291666666665 0.07365792759051186 0.005729166666666666 0.0024968789013732834
10 0.4002604166666667 0.07646691635455681 0.0078125 0.004369538077403246
1 0.3875 0.07615480649188515 0.007291666666666667 0.003745318352059925
10 0.2109375 0.07771535580524344 0.00625 0.004369538077403246
1 0.8630208333333333 0.07958801498127341 0.0020833333333333333 0.009363295880149813
1 0.8752604166666667 0.07958801498127341 0.0015625 0.009363295880149813
1 0.8697916666666666 0.08021223470661673 0.004166666666666667 0.010611735330836454
1 0.14947916666666666 0.08083645443196005 0.007291666666666667 0.004369538077403246
1 0.3216145833333333 0.08270911360799 0.0067708333333333336 0.003121098626716604
10 0.4002604166666667 0.08270911360799 0.005729166666666666 0.003121098626716604
1 0.8859375 0.08270911360799 0.0020833333333333333 0.008114856429463172
1 0.3875 0.08364544319600499 0.005208333333333333 0.0024968789013732834
1 0.28619791666666666 0.08426966292134831 0.0026041666666666665 0.009987515605493134
1 0.3020833333333333 0.08489388264669163 0.0020833333333333333 0.00749063670411985
1 0.2677083333333333 0.08551810237203496 0.004166666666666667 0.009987515605493134
1 0.3072916666666667 0.08614232209737828 0.003125 0.011235955056179775
1 0.2916666666666667 0.08645443196004994 0.0020833333333333333 0.010611735330836454
1 0.29739583333333336 0.08614232209737828 0.0010416666666666667 0.011235955056179775
1 0.28203125 0.08707865168539326 0.0036458333333333334 0.010611735330836454
1 0.53125 0.0883270911360799 0.0020833333333333333 0.00686641697877653
1 0.21067708333333332 0.0883270911360799 0.009895833333333333 0.0018726591760299626
10 0.15 0.08895131086142322 0.008333333333333333 0.003121098626716604
10 0.5848958333333333 0.08863920099875156 0.003125 0.006242197253433208
10 0.40182291666666664 0.08895131086142322 0.005729166666666666 0.003121098626716604
10 0.54375 0.08957553058676654 0.003125 0.008114856429463172
10 0.553125 0.08926342072409488 0.0020833333333333333 0.006242197253433208
10 0.5760416666666667 0.08926342072409488 0.0010416666666666667 0.008739076154806492
10 0.53828125 0.08957553058676654 0.0026041666666666665 0.010611735330836454
1 0.5208333333333334 0.09019975031210986 0.003125 0.010611735330836454
1 0.5692708333333333 0.09082397003745318 0.0020833333333333333 0.00686641697877653
10 0.559375 0.09051186017478152 0.003125 0.006242197253433208
1 0.5263020833333333 0.09082397003745318 0.0026041666666666665 0.010611735330836454
1 0.5796875 0.09051186017478152 0.0020833333333333333 0.00749063670411985
1 0.59296875 0.09082397003745318 0.0026041666666666665 0.009363295880149813
1 0.32005208333333335 0.09082397003745318 0.0026041666666666665 0.003121098626716604
1 0.5658854166666667 0.0914481897627965 0.0026041666666666665 0.008114856429463172
1 0.8541666666666666 0.09238451935081149 0.0010416666666666667 0.008739076154806492
10 0.8486979166666667 0.09332084893882647 0.0026041666666666665 0.009363295880149813
1 0.8403645833333333 0.09332084893882647 0.0015625 0.009363295880149813
10 0.8442708333333333 0.09394506866416978 0.0020833333333333333 0.00686641697877653
1 0.4005208333333333 0.09519350811485643 0.005208333333333333 0.003121098626716604
10 0.2869791666666667 0.09987515605493133 0.0020833333333333333 0.009987515605493134
10 0.28125 0.10049937578027465 0.0020833333333333333 0.008739076154806492
10 0.29270833333333335 0.10049937578027465 0.004166666666666667 0.008739076154806492
10 0.29791666666666666 0.10081148564294631 0.0010416666666666667 0.008114856429463172
10 0.30833333333333335 0.10112359550561797 0.0020833333333333333 0.008739076154806492
10 0.3033854166666667 0.10205992509363296 0.0036458333333333334 0.009363295880149813
1 0.5544270833333333 0.1033083645443196 0.0026041666666666665 0.009363295880149813
1 0.54453125 0.10393258426966293 0.0026041666666666665 0.008114856429463172
1 0.5380208333333333 0.10393258426966293 0.004166666666666667 0.008114856429463172
1 0.55859375 0.10455680399500625 0.0026041666666666665 0.00686641697877653
10 0.5497395833333333 0.10518102372034956 0.0026041666666666665 0.009363295880149813
10 0.14947916666666666 0.10580524344569288 0.007291666666666667 0.003121098626716604
1 0.21041666666666667 0.10736579275905118 0.007291666666666667 0.0024968789013732834
1 0.33307291666666666 0.10892634207240949 0.0026041666666666665 0.009363295880149813
1 0.33177083333333335 0.11079900124843944 0.0020833333333333333 0.009363295880149813
10 0.28072916666666664 0.11454431960049938 0.0010416666666666667 0.008114856429463172
10 0.209375 0.11454431960049938 0.00625 0.003121098626716604
10 0.28671875 0.11579275905118602 0.0026041666666666665 0.008114856429463172
1 0.88828125 0.11579275905118602 0.0026041666666666665 0.010611735330836454
10 0.2986979166666667 0.11610486891385768 0.0026041666666666665 0.00749063670411985
10 0.29270833333333335 0.11610486891385768 0.004166666666666667 0.009987515605493134
1 0.1484375 0.11891385767790262 0.007291666666666667 0.004369538077403246
10 0.21119791666666668 0.12141073657927591 0.008854166666666666 0.004369538077403246
5 0.08854166666666667 0.12421972534332085 0.03854166666666667 0.03245942571785269
10 0.17526041666666667 0.1295255930087391 0.0036458333333333334 0.010611735330836454
10 0.9135416666666667 0.12983770287141075 0.005208333333333333 0.003745318352059925
10 0.8734375 0.13576779026217228 0.0020833333333333333 0.00686641697877653
1 0.8638020833333333 0.13576779026217228 0.0036458333333333334 0.009363295880149813
10 0.86875 0.13607990012484394 0.0020833333333333333 0.009987515605493134
10 0.9140625 0.13670411985018727 0.004166666666666667 0.0012484394506866417
1 0.8796875 0.13764044943820225 0.003125 0.011860174781523096
10 0.9661458333333334 0.14076154806491886 0.003125 0.008114856429463172
10 0.9802083333333333 0.14076154806491886 0.0010416666666666667 0.0056179775280898875
10 0.98828125 0.14138576779026218 0.0036458333333333334 0.00686641697877653
10 0.9729166666666667 0.14107365792759052 0.0020833333333333333 0.00749063670411985
10 0.9158854166666667 0.14294631710362046 0.005729166666666666 0.003745318352059925
10 0.5216145833333333 0.1457553058676654 0.0046875 0.003121098626716604
10 0.43046875 0.14762796504369538 0.0067708333333333336 0.004369538077403246
10 0.4192708333333333 0.14856429463171036 0.007291666666666667 0.003745318352059925
10 0.9151041666666667 0.149812734082397 0.009375 0.003745318352059925
12 0.5341145833333333 0.15106117353308365 0.008854166666666666 0.012484394506866416
10 0.5213541666666667 0.15199750312109864 0.004166666666666667 0.0018726591760299626
1 0.08359375 0.15324594257178528 0.0067708333333333336 0.004369538077403246
10 0.41953125 0.15480649188514356 0.0067708333333333336 0.003745318352059925
10 0.49505208333333334 0.15511860174781522 0.0067708333333333336 0.003121098626716604
10 0.4315104166666667 0.1560549313358302 0.005729166666666666 0.0024968789013732834
10 0.9739583333333334 0.15667915106117353 0.0020833333333333333 0.006242197253433208
10 0.5203125 0.15823970037453183 0.005208333333333333 0.0018726591760299626
10 0.5471354166666667 0.15886392009987516 0.0078125 0.003121098626716604
10 0.9671875 0.15886392009987516 0.0010416666666666667 0.008114856429463172
10 0.4192708333333333 0.1626092384519351 0.005208333333333333 0.003121098626716604
10 0.43020833333333336 0.1626092384519351 0.005208333333333333 0.0018726591760299626
10 0.5203125 0.16292134831460675 0.00625 0.003745318352059925
10 0.4947916666666667 0.16354556803995007 0.005208333333333333 0.0024968789013732834
10 0.5067708333333333 0.16385767790262173 0.005208333333333333 0.003121098626716604
10 0.5458333333333333 0.1647940074906367 0.007291666666666667 0.004993757802746567
12 0.53515625 0.16604244694132334 0.0067708333333333336 0.009987515605493134
12 0.5598958333333334 0.16697877652933832 0.008333333333333333 0.015605493133583021
10 0.42916666666666664 0.1679151061173533 0.004166666666666667 0.0012484394506866417
10 0.41822916666666665 0.1679151061173533 0.005208333333333333 0.003745318352059925
1 0.21979166666666666 0.16885143570536829 0.013541666666666667 0.015605493133583021
1 0.4828125 0.1694756554307116 0.003125 0.008114856429463172
12 0.74921875 0.16916354556803995 0.0296875 0.03620474406991261
10 0.4947916666666667 0.17103620474406991 0.005208333333333333 0.0024968789013732834
1 0.4513020833333333 0.17134831460674158 0.008854166666666666 0.0056179775280898875
12 0.83828125 0.17134831460674158 0.025520833333333333 0.035580524344569285
1 0.4734375 0.17134831460674158 0.00625 0.0056179775280898875
10 0.5067708333333333 0.17166042446941324 0.005208333333333333 0.003745318352059925
1 0.4635416666666667 0.1719725343320849 0.005208333333333333 0.004369538077403246
10 0.9927083333333333 0.17166042446941324 0.004166666666666667 0.008739076154806492
12 0.6651041666666667 0.17322097378277154 0.025 0.033083645443196
1 0.9864583333333333 0.17290886392009988 0.003125 0.011235955056179775
10 0.41848958333333336 0.1744694132334582 0.005729166666666666 0.003121098626716604
12 0.5221354166666666 0.17415730337078653 0.0067708333333333336 0.008739076154806492
1 0.43072916666666666 0.17478152309612985 0.009375 0.0024968789013732834
1 0.9138020833333333 0.17540574282147317 0.0067708333333333336 0.003745318352059925
10 0.49583333333333335 0.17759051186017477 0.00625 0.003121098626716604
10 0.5091145833333334 0.17790262172284643 0.008854166666666666 0.003745318352059925
10 0.5325520833333334 0.18008739076154806 0.005729166666666666 0.0056179775280898875
1 0.91171875 0.18102372034956304 0.0067708333333333336 0.003745318352059925
12 0.5466145833333333 0.18102372034956304 0.0046875 0.009987515605493134
10 0.43020833333333336 0.18102372034956304 0.00625 0.0024968789013732834
12 0.56015625 0.18258426966292135 0.0046875 0.008114856429463172
1 0.41875 0.18320848938826467 0.005208333333333333 0.0018726591760299626
10 0.49505208333333334 0.18414481897627966 0.005729166666666666 0.0024968789013732834
10 0.5067708333333333 0.18414481897627966 0.005208333333333333 0.0024968789013732834
10 0.5328125 0.18476903870162298 0.005208333333333333 0.0024968789013732834
12 0.78828125 0.18508114856429464 0.0265625 0.026841448189762796
1 0.013020833333333334 0.18632958801498128 0.005208333333333333 0.00686641697877653
12 0.87890625 0.18726591760299627 0.027604166666666666 0.02871410736579276
10 0.4296875 0.18726591760299627 0.007291666666666667 0.0024968789013732834
10 0.9145833333333333 0.1875780274656679 0.007291666666666667 0.0056179775280898875
1 0.4171875 0.18789013732833956 0.004166666666666667 0.0012484394506866417
12 0.5200520833333333 0.1891385767790262 0.0067708333333333336 0.006242197253433208
10 0.9924479166666667 0.18945068664169787 0.0026041666666666665 0.00686641697877653
1 0.98203125 0.18945068664169787 0.0026041666666666665 0.009363295880149813
10 0.9875 0.1900749063670412 0.0020833333333333333 0.009363295880149813
10 0.5049479166666667 0.1900749063670412 0.0036458333333333334 0.003121098626716604
10 0.4942708333333333 0.1906991260923845 0.005208333333333333 0.003121098626716604
10 0.546875 0.19038701622971285 0.00625 0.003745318352059925
1 0.28541666666666665 0.19132334581772784 0.003125 0.008114856429463172
10 0.6052083333333333 0.19132334581772784 0.004166666666666667 0.009363295880149813
10 0.60078125 0.19132334581772784 0.0036458333333333334 0.008114856429463172
12 0.70625 0.1916354556803995 0.021875 0.03245942571785269
10 0.5940104166666667 0.19225967540574282 0.0026041666666666665 0.009987515605493134
1 0.22161458333333334 0.19350811485642946 0.0109375 0.012484394506866416
1 0.58515625 0.19382022471910113 0.0026041666666666665 0.008114856429463172
10 0.43046875 0.19444444444444445 0.0067708333333333336 0.003121098626716604
10 0.91171875 0.19506866416978777 0.0067708333333333336 0.0056179775280898875
1 0.41692708333333334 0.19506866416978777 0.005729166666666666 0.003121098626716604
10 0.5541666666666667 0.19818976279650438 0.007291666666666667 0.003121098626716604
10 0.4192708333333333 0.19975031210986266 0.005208333333333333 0.0024968789013732834
10 0.521875 0.20037453183520598 0.00625 0.003745318352059925
1 0.42916666666666664 0.20037453183520598 0.00625 0.003745318352059925
10 0.91328125 0.2019350811485643 0.0067708333333333336 0.003121098626716604
1 0.49296875 0.20318352059925093 0.005729166666666666 0.003121098626716604
1 0.7520833333333333 0.2034956304619226 0.004166666666666667 0.016229712858926344
10 0.5544270833333333 0.20443196004993758 0.005729166666666666 0.003121098626716604
1 0.66484375 0.2050561797752809 0.0015625 0.011860174781523096
10 0.7666666666666667 0.20568039950062422 0.003125 0.010611735330836454
10 0.8518229166666667 0.20568039950062422 0.0026041666666666665 0.010611735330836454
1 0.8361979166666667 0.20536828963795256 0.0026041666666666665 0.009987515605493134
10 0.4192708333333333 0.2066167290886392 0.00625 0.0024968789013732834
1 0.9651041666666667 0.20692883895131087 0.0020833333333333333 0.009363295880149813
10 0.6815104166666667 0.20692883895131087 0.0026041666666666665 0.011860174781523096
1 0.4315104166666667 0.20724094881398253 0.005729166666666666 0.003745318352059925
1 0.9135416666666667 0.2081772784019975 0.007291666666666667 0.0056179775280898875
1 0.06380208333333333 0.2081772784019975 0.0067708333333333336 0.003121098626716604
12 0.9763020833333333 0.20942571785268416 0.0046875 0.010611735330836454
1 0.5059895833333333 0.2091136079900125 0.0078125 0.0024968789013732834
1 0.0828125 0.2091136079900125 0.007291666666666667 0.0024968789013732834
10 0.5557291666666667 0.21004993757802748 0.007291666666666667 0.003121098626716604
5 0.46119791666666665 0.21067415730337077 0.0265625 0.06679151061173533
1 0.5203125 0.21067415730337077 0.00625 0.003121098626716604
1 0.15390625 0.21161048689138576 0.0078125 0.003745318352059925
1 0.0125 0.21317103620474406 0.00625 0.003121098626716604
10 0.43046875 0.21379525593008739 0.0078125 0.004369538077403246
1 0.41822916666666665 0.21473158551810237 0.00625 0.003745318352059925
1 0.08385416666666666 0.21504369538077403 0.00625 0.0018726591760299626
1 0.5203125 0.21566791510611735 0.007291666666666667 0.0018726591760299626
1 0.5067708333333333 0.21598002496878901 0.007291666666666667 0.003745318352059925
1 0.13229166666666667 0.21629213483146068 0.003125 0.010611735330836454
1 0.28489583333333335 0.21754057428214732 0.003125 0.008114856429463172
10 0.49166666666666664 0.21754057428214732 0.007291666666666667 0.003121098626716604
1 0.27421875 0.21785268414481898 0.0026041666666666665 0.009987515605493134
1 0.15338541666666666 0.2184769038701623 0.0067708333333333336 0.0024968789013732834
10 0.41822916666666665 0.2200374531835206 0.005208333333333333 0.0018726591760299626
1 0.0125 0.22034956304619227 0.00625 0.003745318352059925
10 0.43020833333333336 0.2209737827715356 0.00625 0.0024968789013732834
1 0.08333333333333333 0.2215980024968789 0.00625 0.003745318352059925
1 0.15364583333333334 0.22565543071161048 0.005208333333333333 0.003121098626716604
10 0.43046875 0.2262796504369538 0.0067708333333333336 0.0018726591760299626
1 0.41796875 0.22596754057428214 0.0046875 0.0024968789013732834
1 0.9861979166666667 0.22596754057428214 0.0026041666666666665 0.008739076154806492
10 0.49114583333333334 0.22659176029962547 0.004166666666666667 0.0012484394506866417
1 0.93046875 0.22690387016229713 0.0036458333333333334 0.008114856429463172
1 0.2989583333333333 0.22659176029962547 0.004166666666666667 0.011235955056179775
1 0.9432291666666667 0.22752808988764045 0.0010416666666666667 0.00686641697877653
10 0.9575520833333333 0.2272159800249688 0.0036458333333333334 0.006242197253433208
10 0.9372395833333333 0.22752808988764045 0.0036458333333333334 0.009363295880149813
1 0.96484375 0.22752808988764045 0.0036458333333333334 0.010611735330836454
10 0.9984375 0.22815230961298377 0.0020833333333333333 0.008114856429463172
1 0.9807291666666667 0.2278401997503121 0.0020833333333333333 0.00749063670411985
10 0.9497395833333333 0.2278401997503121 0.0036458333333333334 0.006242197253433208
10 0.9690104166666667 0.2278401997503121 0.0036458333333333334 0.00749063670411985
10 0.9921875 0.22815230961298377 0.0020833333333333333 0.008114856429463172
10 0.9760416666666667 0.2287765293383271 0.003125 0.00686641697877653
10 0.4309895833333333 0.23252184769038703 0.0078125 0.003121098626716604
1 0.41770833333333335 0.23220973782771537 0.007291666666666667 0.003745318352059925
10 0.4309895833333333 0.23720349563046192 0.0067708333333333336 0.004993757802746567
1 0.4171875 0.23845193508114856 0.005208333333333333 0.0024968789013732834
10 0.49375 0.24001248439450687 0.007291666666666667 0.003121098626716604
10 0.9244791666666666 0.24313358302122348 0.003125 0.009363295880149813
1 0.2994791666666667 0.24344569288389514 0.003125 0.011235955056179775
1 0.41640625 0.24625468164794007 0.0036458333333333334 0.003121098626716604
1 0.42890625 0.24656679151061173 0.005729166666666666 0.003745318352059925
10 0.1578125 0.2468789013732834 0.003125 0.010611735330836454
10 0.44895833333333335 0.24968789013732834 0.0020833333333333333 0.00749063670411985
1 0.4421875 0.25124843945068664 0.0020833333333333333 0.008114856429463172
10 0.45859375 0.25124843945068664 0.0015625 0.008114856429463172
10 0.4700520833333333 0.25187265917602997 0.0005208333333333333 0.008114856429463172
1 0.45260416666666664 0.2515605493133583 0.0020833333333333333 0.00749063670411985
1 0.46484375 0.25218476903870163 0.0015625 0.008739076154806492
10 0.47890625 0.25218476903870163 0.0015625 0.00749063670411985
1 0.4752604166666667 0.25218476903870163 0.0015625 0.008739076154806492
10 0.22760416666666666 0.25218476903870163 0.0020833333333333333 0.011235955056179775
1 0.5067708333333333 0.2524968789013733 0.0020833333333333333 0.00686641697877653
10 0.49583333333333335 0.25280898876404495 0.0010416666666666667 0.009987515605493134
1 0.4859375 0.2534332084893883 0.0020833333333333333 0.008739076154806492
1 0.5005208333333333 0.2534332084893883 0.0020833333333333333 0.008739076154806492
10 0.9252604166666667 0.2562421972534332 0.0036458333333333334 0.0056179775280898875
10 0.011979166666666667 0.25936329588014984 0.004166666666666667 0.003121098626716604
10 0.3 0.2596754057428215 0.004166666666666667 0.009987515605493134
1 0.13203125 0.2596754057428215 0.0026041666666666665 0.009987515605493134
1 0.06432291666666666 0.2596754057428215 0.0078125 0.003745318352059925
10 0.08333333333333333 0.2602996254681648 0.007291666666666667 0.004993757802746567
1 0.15755208333333334 0.2631086142322097 0.0026041666666666665 0.009363295880149813
1 0.0109375 0.26685393258426965 0.004166666666666667 0.003121098626716604
1 0.54921875 0.2696629213483146 0.0015625 0.008739076154806492
1 0.22708333333333333 0.2705992509363296 0.0010416666666666667 0.01435705368289638
1 0.5541666666666667 0.2712234706616729 0.0020833333333333333 0.009363295880149813
1 0.4903645833333333 0.2727840199750312 0.005729166666666666 0.003745318352059925
10 0.29921875 0.2743445692883895 0.0026041666666666665 0.009363295880149813
1 0.28932291666666665 0.2746566791510612 0.0067708333333333336 0.0024968789013732834
1 0.13229166666666667 0.27715355805243447 0.004166666666666667 0.008739076154806492
1 0.43645833333333334 0.2784019975031211 0.0020833333333333333 0.00749063670411985
10 0.4421875 0.2784019975031211 0.0020833333333333333 0.011235955056179775
10 0.2903645833333333 0.28121098626716606 0.005729166666666666 0.003121098626716604
1 0.4901041666666667 0.28214731585518105 0.005208333333333333 0.003745318352059925
10 0.55390625 0.284019975031211 0.0026041666666666665 0.00749063670411985
10 0.5479166666666667 0.2843320848938826 0.0020833333333333333 0.010611735330836454
1 0.22708333333333333 0.28807740324594255 0.004166666666666667 0.010611735330836454
10 0.28984375 0.2883895131086142 0.0067708333333333336 0.003745318352059925
10 0.98671875 0.29057428214731584 0.0026041666666666665 0.009363295880149813
10 0.9815104166666667 0.29119850187265917 0.0026041666666666665 0.008114856429463172
10 0.9752604166666666 0.2908863920099875 0.0015625 0.009987515605493134
1 0.9911458333333333 0.29119850187265917 0.003125 0.008114856429463172
10 0.996875 0.2908863920099875 0.0020833333333333333 0.008739076154806492
1 0.15755208333333334 0.2940074906367041 0.0036458333333333334 0.011235955056179775
1 0.01015625 0.2955680399500624 0.005729166666666666 0.004369538077403246
1 0.06354166666666666 0.29619225967540574 0.007291666666666667 0.004369538077403246
10 0.43854166666666666 0.2965043695380774 0.00625 0.0024968789013732834
1 0.6572916666666667 0.2974406991260924 0.0020833333333333333 0.009363295880149813
1 0.0828125 0.29712858926342073 0.004166666666666667 0.004993757802746567
1 0.6518229166666667 0.29775280898876405 0.0026041666666666665 0.009987515605493134
10 0.4231770833333333 0.2990012484394507 0.0067708333333333336 0.003745318352059925
1 0.5541666666666667 0.3021223470661673 0.0010416666666666667 0.008739076154806492
10 0.43776041666666665 0.30274656679151063 0.0078125 0.0024968789013732834
1 0.5395833333333333 0.30274656679151063 0.003125 0.008739076154806492
1 0.546875 0.3030586766541823 0.0020833333333333333 0.009363295880149813
10 0.06328125 0.30649188514357056 0.0067708333333333336 0.003745318352059925
10 0.08307291666666666 0.3074282147315855 0.0078125 0.003121098626716604
10 0.9815104166666667 0.30867665418227214 0.0026041666666666665 0.00686641697877653
10 0.9911458333333333 0.3089887640449438 0.0020833333333333333 0.00749063670411985
10 0.9958333333333333 0.3089887640449438 0.0020833333333333333 0.00749063670411985
10 0.98515625 0.30930087390761546 0.0015625 0.008114856429463172
10 0.22838541666666667 0.3089887640449438 0.0026041666666666665 0.011235955056179775
10 0.15546875 0.30930087390761546 0.0036458333333333334 0.009363295880149813
10 0.9645833333333333 0.3099250936329588 0.0020833333333333333 0.0056179775280898875
10 0.9692708333333333 0.3099250936329588 0.0020833333333333333 0.00686641697877653
10 0.9752604166666666 0.3099250936329588 0.0026041666666666665 0.00686641697877653
12 0.28411458333333334 0.3099250936329588 0.018229166666666668 0.03058676654182272
10 0.43802083333333336 0.3099250936329588 0.008333333333333333 0.003121098626716604
1 0.13125 0.31023720349563044 0.005208333333333333 0.009987515605493134
1 0.4901041666666667 0.3146067415730337 0.008333333333333333 0.004993757802746567
10 0.30026041666666664 0.316167290886392 0.0026041666666666665 0.010611735330836454
10 0.4244791666666667 0.317103620474407 0.007291666666666667 0.0024968789013732834
1 0.4375 0.3177278401997503 0.00625 0.0024968789013732834
2 0.24661458333333333 0.3196004993757803 0.0234375 0.34207240948813983
2 0.10078125 0.3211610486891386 0.019270833333333334 0.3439450686641698
2 0.034375 0.3208489388264669 0.030208333333333334 0.3470661672908864
1 0.48932291666666666 0.3249063670411985 0.0067708333333333336 0.003121098626716604
2 0.17630208333333333 0.32802746566791513 0.016145833333333335 0.34519350811485644
2 0.3184895833333333 0.3283395755305868 0.0203125 0.3408239700374532
10 0.37604166666666666 0.3292759051186018 0.0020833333333333333 0.008114856429463172
10 0.38671875 0.32990012484394504 0.0026041666666666665 0.009363295880149813
1 0.37083333333333335 0.32990012484394504 0.003125 0.009363295880149813
10 0.4083333333333333 0.32990012484394504 0.0020833333333333333 0.009363295880149813
1 0.41432291666666665 0.3295880149812734 0.0015625 0.008739076154806492
1 0.38125 0.32990012484394504 0.0020833333333333333 0.008114856429463172
1 0.39869791666666665 0.3302122347066167 0.0026041666666666665 0.008739076154806492
10 0.3927083333333333 0.3302122347066167 0.003125 0.011235955056179775
10 0.40338541666666666 0.3311485642946317 0.0026041666666666665 0.010611735330836454
1 0.4895833333333333 0.33208489388264667 0.007291666666666667 0.0024968789013732834
1 0.30078125 0.3342696629213483 0.0036458333333333334 0.010611735330836454
1 0.0640625 0.33614232209737827 0.008333333333333333 0.00686641697877653
10 0.5622395833333333 0.33707865168539325 0.0015625 0.00749063670411985
1 0.5552083333333333 0.33801498127340823 0.003125 0.008114856429463172
1 0.5411458333333333 0.33801498127340823 0.004166666666666667 0.010611735330836454
1 0.5263020833333333 0.33863920099875156 0.0026041666666666665 0.009363295880149813
10 0.534375 0.33863920099875156 0.0020833333333333333 0.010611735330836454
10 0.5484375 0.3383270911360799 0.0020833333333333333 0.00749063670411985
1 0.37109375 0.34519350811485644 0.0026041666666666665 0.009987515605493134
10 0.37604166666666666 0.3461298377028714 0.0020833333333333333 0.009363295880149813
1 0.3815104166666667 0.34581772784019976 0.0026041666666666665 0.008739076154806492
10 0.48828125 0.34581772784019976 0.0067708333333333336 0.003745318352059925
10 0.4080729166666667 0.3464419475655431 0.0015625 0.00749063670411985
10 0.39791666666666664 0.34675405742821475 0.0020833333333333333 0.008114856429463172
10 0.3927083333333333 0.3470661672908864 0.0020833333333333333 0.009987515605493134
10 0.48854166666666665 0.3523720349563046 0.00625 0.003121098626716604
1 0.08203125 0.35268414481897625 0.005729166666666666 0.003745318352059925
1 0.22708333333333333 0.3586142322097378 0.003125 0.010611735330836454
1 0.15572916666666667 0.3586142322097378 0.003125 0.008114856429463172
10 0.48854166666666665 0.35923845193508114 0.00625 0.003121098626716604
1 0.34401041666666665 0.3595505617977528 0.008854166666666666 0.003745318352059925
1 0.2986979166666667 0.36142322097378277 0.0036458333333333334 0.011235955056179775
1 0.5763020833333333 0.36142322097378277 0.0026041666666666665 0.009987515605493134
10 0.41302083333333334 0.3617353308364544 0.00625 0.0018726591760299626
1 0.6026041666666667 0.36235955056179775 0.0010416666666666667 0.008114856429463172
1 0.5817708333333333 0.36235955056179775 0.0020833333333333333 0.009363295880149813
1 0.5716145833333334 0.3620474406991261 0.0026041666666666665 0.00749063670411985
1 0.5869791666666667 0.36235955056179775 0.0020833333333333333 0.008114856429463172
1 0.5986979166666667 0.36235955056179775 0.0026041666666666665 0.009363295880149813
1 0.60859375 0.36298377028714107 0.0036458333333333334 0.008114856429463172
1 0.6177083333333333 0.3636079900124844 0.0020833333333333333 0.008114856429463172
1 0.59296875 0.36329588014981273 0.0036458333333333334 0.008739076154806492
1 0.6138020833333333 0.3636079900124844 0.0026041666666666665 0.00686641697877653
10 0.41328125 0.36797752808988765 0.005729166666666666 0.003121098626716604
1 0.42526041666666664 0.3682896379525593 0.008854166666666666 0.003745318352059925
1 0.13411458333333334 0.3682896379525593 0.0067708333333333336 0.003745318352059925
1 0.0625 0.3698501872659176 0.00625 0.0018726591760299626
1 0.5463541666666667 0.3707865168539326 0.003125 0.008739076154806492
1 0.54609375 0.37297128589263423 0.0026041666666666665 0.009363295880149813
1 0.5510416666666667 0.37265917602996257 0.0020833333333333333 0.008739076154806492
1 0.4234375 0.3767166042446941 0.00625 0.003121098626716604
10 0.41328125 0.37702871410736577 0.0046875 0.0024968789013732834
10 0.5864583333333333 0.3782771535580524 0.003125 0.008739076154806492
10 0.5809895833333333 0.3782771535580524 0.0026041666666666665 0.00749063670411985
1 0.59765625 0.37890137328339574 0.0026041666666666665 0.008739076154806492
10 0.5755208333333334 0.37890137328339574 0.0020833333333333333 0.008739076154806492
1 0.5708333333333333 0.37890137328339574 0.003125 0.00749063670411985
1 0.5916666666666667 0.37952559300873906 0.0020833333333333333 0.009987515605493134
10 0.61640625 0.37952559300873906 0.0015625 0.009987515605493134
10 0.6338541666666667 0.37952559300873906 0.003125 0.009987515605493134
10 0.6388020833333333 0.37952559300873906 0.0015625 0.009987515605493134
10 0.6059895833333333 0.3801498127340824 0.0026041666666666665 0.009987515605493134
1 0.6221354166666667 0.38046192259675404 0.0015625 0.009363295880149813
1 0.6265625 0.3801498127340824 0.0010416666666666667 0.008739076154806492
10 0.41354166666666664 0.38264669163545567 0.005208333333333333 0.0024968789013732834
1 0.42265625 0.38295880149812733 0.005729166666666666 0.003121098626716604
10 0.43723958333333335 0.383270911360799 0.0067708333333333336 0.003745318352059925
10 0.95 0.3838951310861423 0.0020833333333333333 0.009987515605493134
10 0.9526041666666667 0.384207240948814 0.004166666666666667 0.008114856429463172
5 0.378125 0.38607990012484394 0.0375 0.05056179775280899
1 0.34375 0.38670411985018727 0.00625 0.003121098626716604
10 0.784375 0.3888888888888889 0.005208333333333333 0.003745318352059925
10 0.41380208333333335 0.3888888888888889 0.005729166666666666 0.0024968789013732834
1 0.42421875 0.3898252184769039 0.0078125 0.004369538077403246
10 0.9606770833333333 0.3904494382022472 0.0078125 0.003121098626716604
1 0.43697916666666664 0.3904494382022472 0.007291666666666667 0.003121098626716604
1 0.9986979166666666 0.39013732833957554 0.0015625 0.008739076154806492
1 0.5375 0.3945068664169788 0.003125 0.00749063670411985
1 0.5520833333333334 0.39481897627965046 0.0020833333333333333 0.008114856429463172
10 0.9627604166666667 0.39481897627965046 0.005729166666666666 0.003121098626716604
10 0.6041666666666666 0.3951310861423221 0.0020833333333333333 0.00749063670411985
10 0.4127604166666667 0.3954431960049938 0.0036458333333333334 0.003121098626716604
10 0.59921875 0.3954431960049938 0.0015625 0.009363295880149813
10 0.5713541666666667 0.3954431960049938 0.0020833333333333333 0.008114856429463172
10 0.5809895833333333 0.3954431960049938 0.0015625 0.00686641697877653
1 0.5591145833333333 0.3954431960049938 0.0036458333333333334 0.010611735330836454
10 0.5768229166666666 0.39575530586766544 0.0015625 0.008739076154806492
1 0.5588541666666667 0.3960674157303371 0.003125 0.009363295880149813
10 0.6322916666666667 0.39575530586766544 0.0020833333333333333 0.008739076154806492
10 0.7869791666666667 0.39575530586766544 0.005208333333333333 0.003745318352059925
10 0.6161458333333333 0.3960674157303371 0.0020833333333333333 0.009363295880149813
10 0.7736979166666667 0.39637952559300876 0.0067708333333333336 0.003745318352059925
1 0.43671875 0.39637952559300876 0.0067708333333333336 0.0024968789013732834
1 0.621875 0.3970037453183521 0.0020833333333333333 0.008739076154806492
1 0.6278645833333333 0.3970037453183521 0.0015625 0.008739076154806492
10 0.6385416666666667 0.3970037453183521 0.0020833333333333333 0.008739076154806492
10 0.9979166666666667 0.3995006242197253 0.003125 0.003745318352059925
10 0.34375 0.4010611735330836 0.007291666666666667 0.003121098626716604
10 0.9619791666666667 0.4019975031210986 0.00625 0.0024968789013732834
10 0.41354166666666664 0.40262172284644193 0.005208333333333333 0.0024968789013732834
1 0.4234375 0.40262172284644193 0.00625 0.003745318352059925
1 0.43697916666666664 0.4029338327091136 0.007291666666666667 0.0018726591760299626
1 0.13359375 0.40324594257178525 0.005729166666666666 0.0024968789013732834
10 0.7856770833333333 0.4044943820224719 0.0078125 0.0024968789013732834
10 0.7723958333333333 0.40480649188514356 0.004166666666666667 0.0018726591760299626
1 0.51484375 0.4060549313358302 0.0067708333333333336 0.003121098626716604
10 0.34322916666666664 0.4069912609238452 0.008333333333333333 0.003745318352059925
1 0.43723958333333335 0.40823970037453183 0.0078125 0.0024968789013732834
10 0.4119791666666667 0.40886392009987516 0.005208333333333333 0.0024968789013732834
1 0.4236979166666667 0.4091760299625468 0.0078125 0.003121098626716604
10 0.9611979166666667 0.4094881398252185 0.005729166666666666 0.0024968789013732834
10 0.78671875 0.4110486891385768 0.0067708333333333336 0.004369538077403246
10 0.7723958333333333 0.41136079900124844 0.004166666666666667 0.0024968789013732834
10 0.48932291666666666 0.41136079900124844 0.0078125 0.003745318352059925
5 0.284375 0.41292134831460675 0.014583333333333334 0.01435705368289638
10 0.34322916666666664 0.4135455680399501 0.008333333333333333 0.003121098626716604
1 0.4375 0.4141697877652934 0.007291666666666667 0.003121098626716604
10 0.4125 0.4151061173533084 0.005208333333333333 0.003745318352059925
10 0.9619791666666667 0.4157303370786517 0.007291666666666667 0.003745318352059925
10 0.48880208333333336 0.418227215980025 0.0067708333333333336 0.003745318352059925
1 0.9986979166666666 0.41916354556804 0.0015625 0.004369538077403246
1 0.4236979166666667 0.4210362047440699 0.0046875 0.0018726591760299626
10 0.4125 0.4216604244694132 0.005208333333333333 0.003121098626716604
1 0.43776041666666665 0.42134831460674155 0.005729166666666666 0.0024968789013732834
1 0.3416666666666667 0.42384519350811484 0.0020833333333333333 0.008739076154806492
10 0.9604166666666667 0.42384519350811484 0.005208333333333333 0.003745318352059925
10 0.3575520833333333 0.42384519350811484 0.0026041666666666665 0.008739076154806492
10 0.37421875 0.4247815230961298 0.0015625 0.008114856429463172
10 0.3684895833333333 0.42446941323345816 0.0026041666666666665 0.00749063670411985
10 0.36302083333333335 0.4247815230961298 0.0020833333333333333 0.008114856429463172
1 0.48880208333333336 0.42446941323345816 0.0067708333333333336 0.0024968789013732834
1 0.37890625 0.42446941323345816 0.0026041666666666665 0.008739076154806492
1 0.35 0.42696629213483145 0.004166666666666667 0.0149812734082397
1 0.4119791666666667 0.4291510611735331 0.004166666666666667 0.0018726591760299626
1 0.42265625 0.4288389513108614 0.0046875 0.0024968789013732834
1 0.440625 0.43164794007490637 0.0020833333333333333 0.00686641697877653
1 0.3216145833333333 0.0149812734082397 0.005729166666666666 0.003745318352059925
1 0.20052083333333334 0.4394506866416979 0.005208333333333333 0.011235955056179775
1 0.3375 0.016229712858926344 0.00625 0.003745318352059925
10 0.36822916666666666 0.4410112359550562 0.003125 0.010611735330836454
10 0.3580729166666667 0.4410112359550562 0.0026041666666666665 0.009363295880149813
10 0.3729166666666667 0.4410112359550562 0.0020833333333333333 0.008114856429463172
1 0.15546875 0.44132334581772786 0.0036458333333333334 0.009987515605493134
10 0.36302083333333335 0.4416354556803995 0.0020833333333333333 0.010611735330836454
10 0.37890625 0.4416354556803995 0.0026041666666666665 0.009363295880149813
1 0.5153645833333333 0.44288389513108617 0.009895833333333333 0.0056179775280898875
1 0.878125 0.44350811485642944 0.007291666666666667 0.003121098626716604
1 0.4401041666666667 0.4438202247191011 0.0020833333333333333 0.00749063670411985
1 0.8364583333333333 0.44413233458177276 0.008333333333333333 0.004369538077403246