5 0.5630890052356021 0.49966666666666665 0.15026178010471203 0.19533333333333333
10 0.034031413612565446 0.6606666666666666 0.015706806282722512 0.014666666666666666
1 0.6390052356020942 0.48533333333333334 0.01832460732984293 0.012
1 0.7138743455497382 0.4653333333333333 0.022513089005235604 0.028
10 0.7280104712041885 0.4623333333333333 0.008900523560209424 0.020666666666666667
10 0.6971204188481676 0.4723333333333333 0.009947643979057591 0.020666666666666667
1 0.6884816753926701 0.47733333333333333 0.011518324607329843 0.02666666666666667
1 0.6787958115183246 0.481 0.013089005235602094 0.023333333333333334
1 0.9039267015706807 0.415 0.014136125654450262 0.03266666666666666
1 0.9232984293193718 0.4096666666666667 0.012041884816753926 0.026
1 0.8680628272251308 0.427 0.010471204188481676 0.027333333333333334
1 0.8853403141361257 0.4216666666666667 0.011518324607329843 0.024666666666666667
1 0.9424083769633508 0.405 0.014659685863874346 0.028666666666666667
1 0.9607329842931938 0.4 0.013612565445026177 0.028
2 0.3102094240837696 0.591 0.3345549738219895 0.14333333333333334
10 0.6390052356020942 0.495 0.016230366492146597 0.011333333333333334
10 0.03691099476439791 0.672 0.016230366492146597 0.012
10 0.7390052356020942 0.4876666666666667 0.009947643979057591 0.020666666666666667
1 0.7222513089005236 0.49233333333333335 0.009947643979057591 0.023333333333333334
10 0.7303664921465969 0.49066666666666664 0.009424083769633508 0.02
10 0.7465968586387435 0.486 0.009424083769633508 0.02
10 0.7120418848167539 0.49633333333333335 0.010471204188481676 0.020666666666666667
1 0.6845549738219895 0.5046666666666667 0.012041884816753926 0.024
1 0.6945026178010472 0.5016666666666667 0.009947643979057591 0.023333333333333334
10 0.011256544502617802 0.152 0.01832460732984293 0.016
10 0.6455497382198953 0.5243333333333333 0.015706806282722512 0.012666666666666666
10 0.44659685863874343 0.583 0.01780104712041885 0.016666666666666666
10 0.21649214659685864 0.6526666666666666 0.01099476439790576 0.02266666666666667
10 0.20654450261780105 0.656 0.01099476439790576 0.021333333333333333
1 0.2256544502617801 0.6506666666666666 0.009424083769633508 0.021333333333333333
1 0.23481675392670157 0.6483333333333333 0.01099476439790576 0.022
1 0.9303664921465968 0.44533333333333336 0.014659685863874346 0.030666666666666665
1 0.9484293193717277 0.44033333333333335 0.017277486910994764 0.03266666666666666
10 0.19842931937172775 0.6613333333333333 0.010471204188481676 0.02266666666666667
10 0.08612565445026178 0.6946666666666667 0.017277486910994764 0.014666666666666666
1 0.874869109947644 0.4623333333333333 0.009424083769633508 0.026
1 0.9107329842931937 0.45266666666666666 0.015183246073298429 0.029333333333333333
1 0.9670157068062827 0.436 0.016753926701570682 0.029333333333333333
1 0.8929319371727749 0.4593333333333333 0.013089005235602094 0.028
10 0.6460732984293194 0.5366666666666666 0.01780104712041885 0.016
1 0.0824607329842932 0.7133333333333334 0.013089005235602094 0.024
1 0.09293193717277487 0.7106666666666667 0.01099476439790576 0.024
5 0.41701570680628275 0.6173333333333333 0.06753926701570681 0.07733333333333334
10 0.6492146596858639 0.5493333333333333 0.01780104712041885 0.013333333333333334
5 0.35602094240837695 0.636 0.06282722513089005 0.076
10 0.7793193717277487 0.5143333333333333 0.008900523560209424 0.020666666666666667
10 0.6515706806282723 0.561 0.016230366492146597 0.012666666666666666
1 0.975130890052356 0.4696666666666667 0.014136125654450262 0.03
1 0.9178010471204189 0.4866666666666667 0.01780104712041885 0.032
1 0.8992146596858639 0.49333333333333335 0.016230366492146597 0.029333333333333333
1 0.881151832460733 0.49833333333333335 0.012565445026178011 0.027333333333333334
1 0.2801047120418848 0.675 0.012565445026178011 0.026
5 0.7227748691099476 0.5456666666666666 0.08848167539267016 0.08466666666666667
1 0.9363874345549739 0.4826666666666667 0.012041884816753926 0.029333333333333333
1 0.2717277486910995 0.678 0.011518324607329843 0.025333333333333333
1 0.9552356020942409 0.4776666666666667 0.014136125654450262 0.028666666666666667
1 0.2332460732984293 0.691 0.013089005235602094 0.026
10 0.4513089005235602 0.627 0.011518324607329843 0.022
1 0.2520942408376963 0.685 0.012041884816753926 0.027333333333333334
1 0.225130890052356 0.6936666666666667 0.012565445026178011 0.026
1 0.21387434554973822 0.697 0.012041884816753926 0.027333333333333334
1 0.187434554973822 0.705 0.010471204188481676 0.024666666666666667
1 0.1769633507853403 0.708 0.010471204188481676 0.024
1 0.2424083769633508 0.689 0.010471204188481676 0.026
1 0.38979057591623034 0.6453333333333333 0.012041884816753926 0.02666666666666667
1 0.19581151832460733 0.7033333333333334 0.010471204188481676 0.024
1 0.299738219895288 0.6723333333333333 0.01099476439790576 0.027333333333333334
1 0.2054973821989529 0.7013333333333334 0.009947643979057591 0.02266666666666667
1 0.3091623036649215 0.6706666666666666 0.01099476439790576 0.024
1 0.26204188481675394 0.6843333333333333 0.01099476439790576 0.026
1 0.28900523560209423 0.6766666666666666 0.013612565445026177 0.024
1 0.1581151832460733 0.7146666666666667 0.010471204188481676 0.024
1 0.16753926701570682 0.7126666666666667 0.010471204188481676 0.024
10 0.4612565445026178 0.627 0.011518324607329843 0.022
10 0.4806282722513089 0.6213333333333333 0.010471204188481676 0.021333333333333333
10 0.47094240837696333 0.625 0.014136125654450262 0.024666666666666667
1 0.4884816753926702 0.6203333333333333 0.012565445026178011 0.028666666666666667
10 0.6536649214659686 0.5726666666666667 0.017277486910994764 0.013333333333333334
10 0.7835078534031413 0.5356666666666666 0.013089005235602094 0.020666666666666667
10 0.6403141361256545 0.5866666666666667 0.012565445026178011 0.02266666666666667
10 0.787696335078534 0.558 0.009947643979057591 0.018666666666666668
10 0.10471204188481675 0.7613333333333333 0.010471204188481676 0.02
10 0.11178010471204189 0.7603333333333333 0.012041884816753926 0.022
1 0.9806282722513089 0.5066666666666667 0.015706806282722512 0.032
1 0.9227748691099477 0.5233333333333333 0.012041884816753926 0.028
1 0.9054973821989529 0.5286666666666666 0.013089005235602094 0.02666666666666667
1 0.8879581151832461 0.5343333333333333 0.011518324607329843 0.024666666666666667
1 0.9617801047120419 0.5126666666666667 0.015706806282722512 0.030666666666666665
1 0.9424083769633508 0.5193333333333333 0.012565445026178011 0.02666666666666667
2 0.34895287958115184 0.6943333333333334 0.35340314136125656 0.14333333333333334
1 0.6887434554973823 0.6116666666666667 0.01099476439790576 0.027333333333333334
10 0.7159685863874345 0.6036666666666667 0.008900523560209424 0.020666666666666667
10 0.725130890052356 0.6016666666666667 0.009424083769633508 0.020666666666666667
10 0.7073298429319371 0.6066666666666667 0.010471204188481676 0.02
1 0.7573298429319372 0.5923333333333334 0.009947643979057591 0.023333333333333334
10 0.768586387434555 0.5893333333333334 0.009424083769633508 0.021333333333333333
10 0.7358638743455498 0.5996666666666667 0.009947643979057591 0.020666666666666667
10 0.7442408376963351 0.5973333333333334 0.009947643979057591 0.018666666666666668
1 0.7840314136125655 0.5876666666666667 0.01099476439790576 0.022
1 0.793717277486911 0.585 0.012565445026178011 0.027333333333333334
10 0.6785340314136126 0.6196666666666667 0.010471204188481676 0.020666666666666667
10 0.6494764397905759 0.6516666666666666 0.01099476439790576 0.020666666666666667
10 0.6578534031413612 0.6493333333333333 0.009947643979057591 0.02266666666666667
2 0.3795811518324607 0.7443333333333333 0.5308900523560209 0.19533333333333333
10 0.6992146596858638 0.6536666666666666 0.01832460732984293 0.015333333333333332
10 0.7410994764397906 0.6593333333333333 0.009947643979057591 0.017333333333333333
10 0.750261780104712 0.6563333333333333 0.010471204188481676 0.020666666666666667
10 0.7596858638743456 0.6553333333333333 0.011518324607329843 0.02266666666666667
5 0.7141361256544503 0.6783333333333333 0.041884816753926704 0.048666666666666664
10 0.7586387434554974 0.6793333333333333 0.018848167539267015 0.013333333333333334
1 0.7821989528795812 0.6733333333333333 0.011518324607329843 0.025333333333333333
1 0.7397905759162303 0.6856666666666666 0.012565445026178011 0.027333333333333334
10 0.6842931937172775 0.7033333333333334 0.011518324607329843 0.021333333333333333
10 0.6565445026178011 0.7116666666666667 0.010471204188481676 0.020666666666666667
10 0.6649214659685864 0.7093333333333334 0.012565445026178011 0.02266666666666667
10 0.675130890052356 0.707 0.009947643979057591 0.020666666666666667
1 0.343717277486911 0.8096666666666666 0.015183246073298429 0.027333333333333334
1 0.5261780104712042 0.759 0.010471204188481676 0.028666666666666667
5 0.09005235602094241 0.8763333333333333 0.10785340314136126 0.246
1 0.7570680628272252 0.6923333333333334 0.019895287958115182 0.014
5 0.675130890052356 0.7436666666666667 0.04450261780104712 0.051333333333333335
5 0.7717277486910995 0.7173333333333334 0.041884816753926704 0.04666666666666667
5 0.7230366492146597 0.7323333333333333 0.0387434554973822 0.046
1 0.7015706806282722 0.7483333333333333 0.013612565445026177 0.027333333333333334
1 0.75 0.7336666666666667 0.012041884816753926 0.024666666666666667
2 0.3968586387434555 0.8426666666666667 0.5308900523560209 0.20133333333333334
2 0.25863874345549737 0.10433333333333333 0.43455497382198954 0.16333333333333333
10 0.6816753926701571 0.7736666666666666 0.01780104712041885 0.015333333333333332
10 0.9481675392670157 0.6953333333333334 0.016753926701570682 0.013333333333333334
10 0.7819371727748691 0.75 0.009947643979057591 0.018666666666666668
10 0.7439790575916231 0.7606666666666667 0.012565445026178011 0.024
1 0.7719895287958115 0.753 0.009947643979057591 0.023333333333333334
1 0.7916230366492146 0.7476666666666667 0.011518324607329843 0.024666666666666667
1 0.7539267015706806 0.7596666666666667 0.010471204188481676 0.022
10 0.7633507853403141 0.757 0.011518324607329843 0.022
10 0.8007853403141362 0.7456666666666667 0.01099476439790576 0.022
10 0.8107329842931937 0.743 0.009947643979057591 0.020666666666666667
1 0.8198952879581152 0.741 0.009424083769633508 0.023333333333333334
5 0.9034031413612565 0.7253333333333334 0.07277486910994764 0.058666666666666666
10 0.3798429319371728 0.8943333333333333 0.012041884816753926 0.023333333333333334
10 0.5960732984293193 0.8306666666666667 0.013089005235602094 0.02266666666666667
10 0.3704188481675393 0.8973333333333333 0.008900523560209424 0.021333333333333333
10 0.3036649214659686 0.917 0.011518324607329843 0.022
10 0.38979057591623034 0.892 0.01099476439790576 0.02266666666666667
10 0.3507853403141361 0.903 0.008376963350785341 0.020666666666666667
10 0.28534031413612565 0.9233333333333333 0.009424083769633508 0.02
10 0.3230366492146597 0.9123333333333333 0.011518324607329843 0.019333333333333334
10 0.5790575916230366 0.8376666666666667 0.016753926701570682 0.03133333333333333
1 0.2193717277486911 0.9433333333333334 0.010471204188481676 0.024
10 0.36282722513089005 0.9013333333333333 0.009424083769633508 0.024
10 0.2099476439790576 0.9456666666666667 0.013612565445026177 0.023333333333333334
1 0.9518324607329843 0.728 0.011518324607329843 0.024
10 0.9418848167539267 0.7513333333333333 0.009424083769633508 0.02
10 0.9557591623036649 0.7493333333333333 0.008900523560209424 0.017333333333333333
5 0.7730366492146596 0.8073333333333333 0.17643979057591622 0.13733333333333334
1 0.9337696335078534 0.773 0.013089005235602094 0.027333333333333334
1 0.856020942408377 0.7986666666666666 0.008376963350785341 0.021333333333333333
10 0.9450261780104712 0.7723333333333333 0.013612565445026177 0.023333333333333334
10 0.9586387434554974 0.7683333333333333 0.012565445026178011 0.023333333333333334
1 0.8696335078534031 0.7946666666666666 0.010471204188481676 0.02266666666666667
2 0.41465968586387436 0.9163333333333333 0.5382198952879581 0.166
1 0.8594240837696335 0.8236666666666667 0.009947643979057591 0.024666666666666667
10 0.8696335078534031 0.8206666666666667 0.009424083769633508 0.02
10 0.9193717277486911 0.8113333333333334 0.010471204188481676 0.02
10 0.9073298429319372 0.816 0.010471204188481676 0.02
1 0.8738219895287959 0.8443333333333334 0.012565445026178011 0.023333333333333334
10 0.9227748691099477 0.832 0.009947643979057591 0.018666666666666668
10 0.5400523560209424 0.9546666666666667 0.009947643979057591 0.018666666666666668
10 0.5311518324607329 0.9576666666666667 0.008900523560209424 0.019333333333333334
10 0.5034031413612565 0.9666666666666667 0.012041884816753926 0.021333333333333333
10 0.6633507853403141 0.92 0.013612565445026177 0.024
10 0.5510471204188482 0.953 0.013089005235602094 0.024666666666666667
10 0.5607329842931937 0.95 0.010471204188481676 0.02
10 0.512565445026178 0.965 0.009424083769633508 0.022
10 0.5782722513089005 0.9456666666666667 0.009947643979057591 0.022
10 0.6353403141361257 0.9293333333333333 0.012041884816753926 0.021333333333333333
1 0.9753926701570681 0.8296666666666667 0.011518324607329843 0.026
10 0.5232984293193718 0.9626666666666667 0.01099476439790576 0.024
10 0.9557591623036649 0.8373333333333334 0.009947643979057591 0.021333333333333333
10 0.9654450261780104 0.8346666666666667 0.010471204188481676 0.02
1 0.9848167539267015 0.8293333333333334 0.012565445026178011 0.02666666666666667
10 0.993717277486911 0.827 0.011518324607329843 0.024666666666666667
1 0.868848167539267 0.874 0.012041884816753926 0.025333333333333333
1 0.8976439790575916 0.867 0.012041884816753926 0.024666666666666667
5 0.8028795811518324 0.8893333333333333 0.14293193717277486 0.104
5 0.5824607329842932 0.051666666666666666 0.09895287958115183 0.10333333333333333
2 0.4269633507853403 0.9686666666666667 0.5178010471204189 0.06133333333333333
1 0.874607329842932 0.8996666666666666 0.005759162303664921 0.007333333333333333
1 0.007068062827225131 0.20833333333333334 0.014136125654450262 0.015333333333333332
10 0.033769633507853405 0.20233333333333334 0.017277486910994764 0.014
1 0.681151832460733 0.017333333333333333 0.020942408376963352 0.013333333333333334
1 0.03481675392670157 0.21433333333333332 0.01832460732984293 0.014
1 0.00968586387434555 0.222 0.0193717277486911 0.017333333333333333
1 0.8031413612565445 0.0026666666666666666 0.012565445026178011 0.005333333333333333
2 0.26910994764397905 0.15 0.4481675392670157 0.17733333333333334
1 0.5426701570680629 0.08666666666666667 0.012041884816753926 0.024
2 0.2780104712041885 0.19933333333333333 0.4356020942408377 0.16533333333333333
1 0.6426701570680629 0.104 0.012041884816753926 0.024
1 0.5505235602094241 0.14 0.013089005235602094 0.02266666666666667
5 0.7418848167539267 0.09666666666666666 0.15602094240837697 0.19333333333333333
2 0.28534031413612565 0.24766666666666667 0.5706806282722513 0.214
1 0.6740837696335078 0.15533333333333332 0.01099476439790576 0.02266666666666667
1 0.6853403141361256 0.15233333333333332 0.010471204188481676 0.024666666666666667
5 0.6070680628272251 0.175 0.1 0.138
1 0.8612565445026178 0.105 0.015706806282722512 0.034
5 0.9141361256544502 0.09166666666666666 0.06910994764397906 0.138
10 0.09973821989528796 0.3333333333333333 0.012041884816753926 0.02
10 0.5429319371727749 0.20333333333333334 0.011518324607329843 0.024
1 0.11020942408376963 0.331 0.013089005235602094 0.024666666666666667
2 0.05680628272251309 0.3546666666666667 0.08429319371727749 0.06533333333333333
2 0.4130890052356021 0.25333333333333335 0.23036649214659685 0.108
10 0.6866492146596859 0.176 0.009947643979057591 0.018666666666666668
10 0.5476439790575917 0.228 0.011518324607329843 0.021333333333333333
10 0.5573298429319372 0.22566666666666665 0.008900523560209424 0.020666666666666667
10 0.5282722513089005 0.236 0.016753926701570682 0.014666666666666666
1 0.017015706806282723 0.3903333333333333 0.012041884816753926 0.026
1 0.0075916230366492145 0.39466666666666667 0.012041884816753926 0.025333333333333333
1 0.5678010471204189 0.22966666666666666 0.01099476439790576 0.024666666666666667
10 0.29528795811518327 0.31233333333333335 0.01780104712041885 0.015333333333333332
2 0.19659685863874346 0.3433333333333333 0.18795811518324607 0.1
10 0.5329842931937173 0.24633333333333332 0.014659685863874346 0.012666666666666666
1 0.8094240837696335 0.17033333333333334 0.013612565445026177 0.022
10 0.6976439790575916 0.203 0.009947643979057591 0.020666666666666667
10 0.2955497382198953 0.32666666666666666 0.009947643979057591 0.018666666666666668
10 0.5363874345549738 0.25766666666666665 0.014136125654450262 0.012666666666666666
10 0.8861256544502618 0.157 0.008900523560209424 0.018
2 0.06387434554973823 0.401 0.08691099476439791 0.056666666666666664
10 0.020680628272251308 0.41433333333333333 0.009947643979057591 0.020666666666666667
10 0.5337696335078534 0.265 0.0193717277486911 0.022
2 0.4198952879581152 0.2996666666666667 0.22827225130890053 0.10466666666666667
2 0.25287958115183246 0.071 0.43664921465968587 0.142
10 0.29921465968586386 0.3473333333333333 0.008900523560209424 0.02
10 0.7544502617801047 0.21333333333333335 0.010471204188481676 0.02
5 0.5641361256544503 0.269 0.041361256544502616 0.05
10 0.7442408376963351 0.21666666666666667 0.012041884816753926 0.02
10 0.28848167539267017 0.359 0.015706806282722512 0.011333333333333334
10 0.12774869109947645 0.407 0.016753926701570682 0.015333333333333332
10 0.2709424083769634 0.366 0.014136125654450262 0.012
10 0.16361256544502617 0.397 0.01832460732984293 0.014
10 0.1450261780104712 0.403 0.016753926701570682 0.012666666666666666
1 0.0049738219895287955 0.44733333333333336 0.009947643979057591 0.025333333333333333
1 0.02801047120418848 0.43966666666666665 0.009947643979057591 0.020666666666666667
10 0.9452879581151833 0.17166666666666666 0.008900523560209424 0.019333333333333334
1 0.011518324607329843 0.44633333333333336 0.011518324607329843 0.024666666666666667
10 0.8240837696335078 0.208 0.016753926701570682 0.016
10 0.9196335078534031 0.18033333333333335 0.01099476439790576 0.022
10 0.937434554973822 0.176 0.01099476439790576 0.021333333333333333
10 0.9295811518324607 0.18 0.013089005235602094 0.02266666666666667
10 0.7489528795811519 0.23833333333333334 0.012041884816753926 0.024666666666666667
10 0.7578534031413613 0.236 0.01099476439790576 0.021333333333333333
5 0.6308900523560209 0.27366666666666667 0.0387434554973822 0.046
10 0.5285340314136125 0.305 0.01099476439790576 0.020666666666666667
1 0.6536649214659686 0.27166666666666667 0.012041884816753926 0.024666666666666667
10 0.8170157068062828 0.22833333333333333 0.017277486910994764 0.016666666666666666
10 0.9065445026178011 0.20766666666666667 0.01832460732984293 0.014
2 0.27408376963350783 0.39566666666666667 0.3261780104712042 0.13266666666666665
10 0.5675392670157068 0.31266666666666665 0.008376963350785341 0.017333333333333333
10 0.5599476439790576 0.31566666666666665 0.007853403141361256 0.018
10 0.8094240837696335 0.243 0.01780104712041885 0.016666666666666666
10 0.5518324607329843 0.32033333333333336 0.012565445026178011 0.018
10 0.6445026178010471 0.29533333333333334 0.019895287958115182 0.016
10 0.5350785340314136 0.32866666666666666 0.010471204188481676 0.018666666666666668
10 0.5094240837696336 0.33766666666666667 0.008376963350785341 0.018
10 0.518324607329843 0.33566666666666667 0.009424083769633508 0.023333333333333334
10 0.5259162303664922 0.334 0.008900523560209424 0.02
10 0.8034031413612566 0.255 0.016230366492146597 0.012666666666666666
5 0.07329842931937172 0.4696666666666667 0.07853403141361257 0.10066666666666667
10 0.026963350785340314 0.5083333333333333 0.017277486910994764 0.014
10 0.15287958115183245 0.4746666666666667 0.010471204188481676 0.021333333333333333
10 0.14293193717277486 0.47733333333333333 0.012565445026178011 0.021333333333333333
10 0.02931937172774869 0.5206666666666667 0.016753926701570682 0.013333333333333334
1 0.2117801047120419 0.4726666666666667 0.009947643979057591 0.02266666666666667
10 0.24450261780104712 0.46366666666666667 0.010471204188481676 0.019333333333333334
10 0.22539267015706807 0.4703333333333333 0.009947643979057591 0.020666666666666667
10 0.2342931937172775 0.468 0.01099476439790576 0.02
10 0.15026178010471203 0.496 0.012565445026178011 0.02266666666666667
1 0.17277486910994763 0.49033333333333334 0.009424083769633508 0.022
10 0.1586387434554974 0.49566666666666664 0.010471204188481676 0.020666666666666667
1 0.18403141361256545 0.48833333333333334 0.012041884816753926 0.026
1 0.19397905759162304 0.4856666666666667 0.01099476439790576 0.023333333333333334
10 0.13979057591623037 0.5013333333333333 0.012565445026178011 0.021333333333333333
10 0.10549738219895288 0.5176666666666667 0.009947643979057591 0.022
10 0.08664921465968586 0.5246666666666666 0.01099476439790576 0.02
10 0.6099476439790575 0.396 0.018848167539267015 0.014666666666666666
2 0.29345549738219895 0.49266666666666664 0.32722513089005234 0.14133333333333334
1 0.47984293193717276 0.45466666666666666 0.009947643979057591 0.021333333333333333
1 0.021727748691099478 0.5906666666666667 0.017277486910994764 0.013333333333333334
1 0.47146596858638745 0.46 0.013089005235602094 0.025333333333333333
10 0.024083769633507852 0.603 0.016753926701570682 0.012666666666666666
10 0.6638743455497382 0.42633333333333334 0.008376963350785341 0.019333333333333334
10 0.025392670157068063 0.615 0.016230366492146597 0.014
10 0.6479057591623036 0.43533333333333335 0.009947643979057591 0.021333333333333333
10 0.6395287958115183 0.438 0.008900523560209424 0.02
10 0.6298429319371728 0.44166666666666665 0.008376963350785341 0.018
10 0.2112565445026178 0.569 0.009947643979057591 0.023333333333333334
5 0.693979057591623 0.42966666666666664 0.04031413612565445 0.042
10 0.028272251308900525 0.626 0.015706806282722512 0.013333333333333334
1 0.7191099476439791 0.42633333333333334 0.009947643979057591 0.022
5 0.09031413612565445 0.6116666666666667 0.11675392670157068 0.12733333333333333
10 0.181151832460733 0.5893333333333334 0.009424083769633508 0.02
10 0.16518324607329843 0.5946666666666667 0.009947643979057591 0.018666666666666668
10 0.15523560209424084 0.598 0.009947643979057591 0.018666666666666668
10 0.1730366492146597 0.593 0.008900523560209424 0.019333333333333334
10 0.6384816753926702 0.456 0.016230366492146597 0.010666666666666666
10 0.14764397905759163 0.601 0.008376963350785341 0.020666666666666667
10 0.030366492146596858 0.638 0.015706806282722512 0.012
10 0.031675392670157065 0.6493333333333333 0.017277486910994764 0.013333333333333334