10 0.8045602605863192 0.5218934911242603 0.04017372421281216 0.022485207100591716
10 0.8099891422366993 0.535207100591716 0.04343105320304017 0.03017751479289941
5 0.5567318132464713 0.5846153846153846 0.1004343105320304 0.05325443786982249
5 0.6813246471226927 0.5650887573964497 0.0988056460369164 0.05562130177514793
2 0.36020629750271443 0.07071005917159763 0.4609120521172638 0.11183431952662722
2 0.6110206297502715 0.6340236686390532 0.247014115092291 0.08106508875739644
2 0.28691639522258416 0.6908284023668639 0.3957654723127036 0.10828402366863905
1 0.16422366992399565 0.7656804733727811 0.02008686210640608 0.0378698224852071
1 0.6083061889250815 0.6884615384615385 0.021172638436482084 0.04437869822485207
5 0.6631378935939196 0.6801775147928995 0.10369163952225842 0.06094674556213018
1 0.18729641693811075 0.7650887573964497 0.021715526601520086 0.04142011834319527
2 0.23507057546145493 0.7571005917159763 0.021715526601520086 0.04082840236686391
1 0.23669923995656894 0.7591715976331361 0.023887079261672096 0.04378698224852071
1 0.21389793702497287 0.764792899408284 0.021715526601520086 0.045562130177514794
1 0.7833876221498371 0.6724852071005917 0.023887079261672096 0.051479289940828406
2 0.6316503800217155 0.7399408284023669 0.253528773072747 0.08579881656804733
2 0.30510314875135724 0.7982248520710059 0.40608034744842564 0.10887573964497041
5 0.7179695982627579 0.028402366863905324 0.1775244299674267 0.05680473372781065
1 0.8099891422366993 0.014497041420118343 0.02280130293159609 0.028994082840236687
5 0.5662323561346363 0.8005917159763314 0.1270358306188925 0.06863905325443787
1 0.48642779587404994 0.814792899408284 0.02714440825190011 0.033136094674556214
1 0.6248642779587406 0.04585798816568047 0.01737242128121607 0.038461538461538464
10 0.9028230184581976 0.7745562130177515 0.038002171552660155 0.023668639053254437
10 0.8382193268186754 0.7855029585798816 0.04343105320304017 0.028994082840236687
1 0.9383821932681867 0.7887573964497041 0.041802388707926165 0.020118343195266272
2 0.6457654723127035 0.8428994082840237 0.24592833876221498 0.0893491124260355
2 0.31813246471226925 0.9011834319526627 0.40608034744842564 0.11597633136094675
5 0.3298045602605863 0.9505917159763314 0.12106406080347448 0.06331360946745562
1 0.25895765472312704 0.9639053254437869 0.023887079261672096 0.040236686390532544
1 0.22122692725298587 0.9718934911242604 0.025515743756786103 0.042011834319526625
1 0.1984256243213898 0.9763313609467456 0.02225841476655809 0.036686390532544376
1 0.24402823018458197 0.9683431952662722 0.024429967426710098 0.04319526627218935
2 0.8786644951140065 0.014201183431952662 0.11237785016286644 0.028402366863905324
2 0.6647665580890336 0.9467455621301775 0.251357220412595 0.08994082840236686
2 0.3360477741585233 0.9736686390532544 0.4158523344191097 0.051479289940828406
5 0.9391965255157437 0.8739644970414201 0.12052117263843648 0.12781065088757396
1 0.8789359391965255 0.9313609467455621 0.01737242128121607 0.020118343195266272
2 0.36780673181324647 0.10946745562130178 0.46199782844733983 0.11242603550295859
2 0.8816503800217155 0.03284023668639053 0.11292073832790445 0.04082840236686391
5 0.7290988056460369 0.07426035502958579 0.1791530944625407 0.07633136094674556
1 0.6327361563517915 0.09289940828402367 0.02008686210640608 0.0485207100591716
1 0.8194896851248643 0.060650887573964495 0.016829533116178068 0.03254437869822485
2 0.03610206297502715 0.2062130177514793 0.0722041259500543 0.24792899408284025
2 0.3705211726384365 0.1502958579881657 0.46525515743756785 0.11124260355029586
2 0.8868078175895765 0.06360946745562131 0.11129207383279044 0.038461538461538464
10 0.006514657980456026 0.2230769230769231 0.013029315960912053 0.04497041420118343
5 0.10152008686210641 0.20710059171597633 0.11400651465798045 0.2757396449704142
2 0.8897937024972855 0.08609467455621302 0.11183496199782844 0.038461538461538464
2 0.3786644951140065 0.186094674556213 0.46525515743756785 0.1165680473372781
1 0.8251900108577633 0.11065088757396449 0.01737242128121607 0.029585798816568046
1 0.6387079261672095 0.14408284023668638 0.016829533116178068 0.0242603550295858
5 0.7309989142236699 0.12928994082840237 0.1731813246471227 0.07633136094674556
2 0.8946796959826275 0.11686390532544379 0.11074918566775244 0.03964497041420118
2 0.8973941368078175 0.1378698224852071 0.11074918566775244 0.03431952662721893
2 0.38192182410423453 0.22633136094674555 0.4598262757871878 0.11183431952662722
1 0.01031487513572204 0.3032544378698225 0.01737242128121607 0.03372781065088758
1 0.6490228013029316 0.19349112426035503 0.026601520086862108 0.040236686390532544
1 0.8344191096634094 0.16390532544378697 0.016286644951140065 0.029585798816568046
5 0.74457111834962 0.18284023668639054 0.16992399565689467 0.06153846153846154
2 0.3528773072747014 0.04408284023668639 0.4603691639522258 0.08816568047337278
2 0.9025515743756786 0.16982248520710058 0.11020629750271443 0.03550295857988166
2 0.39060803474484257 0.26479289940828404 0.46525515743756785 0.11301775147928994
1 0.033659066232356136 0.3375739644970414 0.029315960912052116 0.018343195266272188
1 0.6533659066232356 0.24644970414201184 0.023344191096634093 0.03372781065088758
5 0.9030944625407166 0.20473372781065088 0.12214983713355049 0.06035502958579882
5 0.7266558089033659 0.23727810650887574 0.12323561346362649 0.06153846153846154
1 0.13110749185667753 0.3479289940828402 0.03637350705754615 0.028402366863905324
1 0.09066232356134636 0.3559171597633136 0.029315960912052116 0.027810650887573965
2 0.3935939196525516 0.30414201183431955 0.4603691639522258 0.1136094674556213
10 0.8314332247557004 0.22899408284023667 0.021172638436482084 0.05088757396449704
10 0.8165038002171553 0.23254437869822486 0.02714440825190011 0.05325443786982249
1 0.3268186753528773 0.3449704142011834 0.04777415852334419 0.02485207100591716
10 0.03610206297502715 0.41272189349112426 0.041802388707926165 0.027810650887573965
1 0.5884907709011944 0.321301775147929 0.038002171552660155 0.02603550295857988
1 0.02280130293159609 0.4470414201183432 0.01737242128121607 0.0242603550295858
5 0.499457111834962 0.371301775147929 0.12920738327904452 0.06331360946745562
5 0.6289359391965255 0.3514792899408284 0.1264929424538545 0.06272189349112427
5 0.11156351791530944 0.4556213017751479 0.1742671009771987 0.11005917159763313
10 0.2016829533116178 0.4455621301775148 0.026601520086862108 0.05207100591715976
1 0.4367535287730728 0.41834319526627217 0.025515743756786103 0.04970414201183432
1 0.2269272529858849 0.4556213017751479 0.0249728555917481 0.047337278106508875
1 0.7247557003257329 0.37011834319526626 0.04234527687296417 0.027810650887573965
5 0.3357763300760043 0.44349112426035503 0.18838219326818675 0.2017751479289941
5 0.9058089033659066 0.35325443786982247 0.1786102062975027 0.20118343195266272
1 0.8121606948968513 0.38076923076923075 0.02823018458197611 0.045562130177514794
1 0.6031487513572205 0.4227810650887574 0.033659066232356136 0.021893491124260357
1 0.028501628664495113 0.5396449704142012 0.016829533116178068 0.03076923076923077
10 0.2258414766558089 0.521301775147929 0.023887079261672096 0.05088757396449704
5 0.5179153094462541 0.47307692307692306 0.1281216069489685 0.06568047337278106
5 0.1281216069489685 0.5411242603550296 0.18132464712269272 0.11420118343195267
5 0.6441368078175895 0.4532544378698225 0.1254071661237785 0.06863905325443787
10 0.02008686210640608 0.5763313609467455 0.03257328990228013 0.02485207100591716
10 0.23914223669923995 0.5535502958579882 0.03637350705754615 0.027810650887573965
10 0.021172638436482084 0.5976331360946746 0.02823018458197611 0.02603550295857988
1 0.3542345276872964 0.5458579881656804 0.02985884907709012 0.023076923076923078
10 0.8238327904451683 0.46745562130177515 0.019001085776330078 0.04142011834319527
10 0.8094462540716613 0.47071005917159764 0.019543973941368076 0.04319526627218935
10 0.8743213897937026 0.4636094674556213 0.03420195439739414 0.023076923076923078
1 0.01710097719869707 0.6159763313609468 0.015743756786102063 0.027218934911242602
2 0.5977198697068404 0.5304733727810651 0.24647122692725298 0.0834319526627219
2 0.2730727470141151 0.5878698224852071 0.40825190010857765 0.10946745562130178
1 0.9367535287730727 0.48195266272189347 0.02985884907709012 0.023076923076923078
10 0.7988599348534202 0.505621301775148 0.039630836047774155 0.028994082840236687