5 0.6499495967741935 0.5325 0.11441532258064516 0.17214285714285715
10 0.8180443548387096 0.05071428571428571 0.006048387096774193 0.014285714285714285
1 0.7638608870967742 0.05142857142857143 0.007560483870967742 0.017142857142857144
10 0.8026713709677419 0.05178571428571429 0.0015120967741935483 0.013571428571428571
1 0.8611391129032258 0.5332142857142858 0.008568548387096774 0.013571428571428571
10 0.7174899193548387 0.54 0.00655241935483871 0.014285714285714285
5 0.49143145161290325 0.5464285714285714 0.10987903225806452 0.20857142857142857
1 0.37651209677419356 0.5546428571428571 0.012096774193548387 0.010714285714285714
10 0.8646673387096774 0.5578571428571428 0.009576612903225807 0.022857142857142857
1 0.31401209677419356 0.5589285714285714 0.007056451612903226 0.007857142857142858
10 0.9289314516129032 0.054642857142857146 0.017137096774193547 0.015
5 0.8432459677419355 0.5782142857142857 0.023185483870967742 0.04071428571428572
10 0.8888608870967742 0.5910714285714286 0.01965725806451613 0.020714285714285713
10 0.9178427419354839 0.5907142857142857 0.01310483870967742 0.015714285714285715
1 0.5836693548387096 0.5935714285714285 0.004032258064516129 0.01
1 0.4256552419354839 0.6103571428571428 0.005544354838709678 0.013571428571428571
5 0.29788306451612906 0.6128571428571429 0.08870967741935484 0.09857142857142857
1 0.6796875 0.6189285714285714 0.008568548387096774 0.005
1 0.3460181451612903 0.6246428571428572 0.003528225806451613 0.015
1 0.7003528225806451 0.6253571428571428 0.0045362903225806455 0.012142857142857143
10 0.9553931451612904 0.06107142857142857 0.008568548387096774 0.005
1 0.24924395161290322 0.6332142857142857 0.0045362903225806455 0.013571428571428571
12 0.22379032258064516 0.6439285714285714 0.016129032258064516 0.015
5 0.8941532258064516 0.6542857142857142 0.025201612903225805 0.037142857142857144
5 0.8440020161290323 0.6582142857142858 0.026713709677419355 0.04071428571428572
1 0.24269153225806453 0.6607142857142857 0.009576612903225807 0.005714285714285714
1 0.5093245967741935 0.6632142857142858 0.009576612903225807 0.005
10 0.5486391129032258 0.6682142857142858 0.009576612903225807 0.0064285714285714285
1 0.29712701612903225 0.6685714285714286 0.009576612903225807 0.008571428571428572
10 0.6577620967741935 0.6696428571428571 0.011088709677419355 0.010714285714285714
10 0.7245463709677419 0.6696428571428571 0.014616935483870967 0.010714285714285714
10 0.5483870967741935 0.6767857142857143 0.008064516129032258 0.007857142857142858
10 0.6575100806451613 0.6771428571428572 0.010584677419354838 0.007142857142857143
5 0.5698084677419355 0.6821428571428572 0.028729838709677418 0.037142857142857144
5 0.6378528225806451 0.6825 0.03578629032258065 0.03785714285714286
5 0.7038810483870968 0.6867857142857143 0.027721774193548387 0.03357142857142857
10 0.5471270161290323 0.6907142857142857 0.008568548387096774 0.007142857142857143
10 0.5473790322580645 0.7021428571428572 0.009072580645161291 0.008571428571428572
1 0.6328125 0.7057142857142857 0.008568548387096774 0.005714285714285714
10 0.6038306451612904 0.7067857142857142 0.004032258064516129 0.013571428571428571
1 0.5672883064516129 0.7064285714285714 0.009576612903225807 0.007142857142857143
1 0.6993447580645161 0.7075 0.007560483870967742 0.007857142857142858
1 0.3636592741935484 0.7335714285714285 0.005544354838709678 0.015714285714285715
10 0.35786290322580644 0.07142857142857142 0.017137096774193547 0.015714285714285715
1 0.3555947580645161 0.7346428571428572 0.003528225806451613 0.015
1 0.38306451612903225 0.7425 0.008064516129032258 0.016428571428571428
10 0.24722782258064516 0.7585714285714286 0.02066532258064516 0.018571428571428572
10 0.22530241935483872 0.76 0.019153225806451613 0.015714285714285715
10 0.9558971774193549 0.07571428571428572 0.009576612903225807 0.005714285714285714
1 0.7278225806451613 0.7896428571428571 0.005040322580645161 0.013571428571428571
12 0.23009072580645162 0.795 0.013608870967741936 0.02
12 0.2590725806451613 0.7953571428571429 0.01310483870967742 0.020714285714285713
5 0.751008064516129 0.8025 0.03024193548387097 0.055
10 0.9289314516129032 0.07857142857142857 0.018145161290322582 0.02142857142857143
1 0.7278225806451613 0.8182142857142857 0.004032258064516129 0.016428571428571428
10 0.717741935483871 0.8189285714285715 0.010080645161290322 0.0064285714285714285
1 0.29788306451612906 0.8332142857142857 0.059475806451612906 0.09214285714285714
10 0.22227822580645162 0.8428571428571429 0.018145161290322582 0.022857142857142857
10 0.9536290322580645 0.085 0.007056451612903226 0.002857142857142857
1 0.7323588709677419 0.8832142857142857 0.02217741935483871 0.03785714285714286
1 0.7719254032258065 0.8828571428571429 0.027721774193548387 0.041428571428571426
1 0.3470262096774194 0.9214285714285714 0.02469758064516129 0.03857142857142857
1 0.3878528225806452 0.9339285714285714 0.041834677419354836 0.06785714285714285
1 0.19732862903225806 0.9382142857142857 0.027721774193548387 0.04642857142857143
10 0.3581149193548387 0.09214285714285714 0.014616935483870967 0.014285714285714285
1 0.4576612903225806 0.9532142857142857 0.02721774193548387 0.03642857142857143
5 0.5861895161290323 0.9603571428571429 0.028225806451612902 0.05071428571428571
5 0.546875 0.9625 0.023185483870967742 0.03642857142857143
5 0.501008064516129 0.9646428571428571 0.02721774193548387 0.04071428571428572
1 0.5619959677419355 0.9767857142857143 0.005040322580645161 0.012142857142857143
1 0.6040826612903226 0.9782142857142857 0.0045362903225806455 0.013571428571428571
1 0.5211693548387096 0.9782142857142857 0.0020161290322580645 0.015
10 0.954133064516129 0.09678571428571428 0.006048387096774193 0.007857142857142858
1 0.28931451612903225 0.09964285714285714 0.029233870967741934 0.039285714285714285
1 0.8467741935483871 0.1025 0.005040322580645161 0.010714285714285714
1 0.8402217741935484 0.1025 0.0020161290322580645 0.012142857142857143
1 0.8523185483870968 0.1025 0.0030241935483870967 0.012142857142857143
1 0.8336693548387096 0.10285714285714286 0.005040322580645161 0.011428571428571429
10 0.9543850806451613 0.10964285714285714 0.008568548387096774 0.0064285714285714285
10 0.35962701612903225 0.11178571428571428 0.02066532258064516 0.015
1 0.7661290322580645 0.11857142857142858 0.005040322580645161 0.017142857142857144
1 0.7731854838709677 0.11857142857142858 0.004032258064516129 0.012857142857142857
1 0.7855342741935484 0.11964285714285715 0.003528225806451613 0.013571428571428571
10 0.6355846774193549 0.11928571428571429 0.025201612903225805 0.024285714285714285
1 0.8460181451612904 0.12 0.003528225806451613 0.012857142857142857
1 0.7804939516129032 0.12035714285714286 0.005544354838709678 0.015
1 0.852570564516129 0.12071428571428572 0.003528225806451613 0.012857142857142857
1 0.8326612903225806 0.12107142857142857 0.005040322580645161 0.015
1 0.8392137096774194 0.12071428571428572 0.005040322580645161 0.011428571428571429
10 0.5214213709677419 0.12107142857142857 0.022681451612903226 0.027857142857142858
10 0.9556451612903226 0.12178571428571429 0.006048387096774193 0.005
1 0.928679435483871 0.1325 0.0045362903225806455 0.013571428571428571
10 0.9538810483870968 0.13428571428571429 0.00655241935483871 0.002857142857142857
10 0.9546370967741935 0.1432142857142857 0.008064516129032258 0.0035714285714285713
1 0.6116431451612904 0.14607142857142857 0.0045362903225806455 0.015
1 0.5708165322580645 0.14642857142857144 0.00655241935483871 0.012857142857142857
10 0.057711693548387094 0.1525 0.010584677419354838 0.0064285714285714285
1 0.28830645161290325 0.15285714285714286 0.02721774193548387 0.041428571428571426
1 0.35408266129032256 0.15464285714285714 0.028729838709677418 0.04214285714285714
10 0.954133064516129 0.15571428571428572 0.008064516129032258 0.007142857142857143
10 0.05695564516129032 0.16464285714285715 0.008064516129032258 0.005
1 0.8598790322580645 0.165 0.004032258064516129 0.012857142857142857
1 0.6711189516129032 0.1657142857142857 0.010584677419354838 0.024285714285714285
10 0.9538810483870968 0.1682142857142857 0.007560483870967742 0.0064285714285714285
1 0.7943548387096774 0.16964285714285715 0.006048387096774193 0.016428571428571428
10 0.056451612903225805 0.17642857142857143 0.009072580645161291 0.007142857142857143
1 0.4873991935483871 0.17642857142857143 0.005040322580645161 0.014285714285714285
10 0.7053931451612904 0.17642857142857143 0.00655241935483871 0.024285714285714285
1 0.39591733870967744 0.1775 0.00655241935483871 0.015
10 0.6925403225806451 0.17714285714285713 0.011088709677419355 0.018571428571428572
10 0.7167338709677419 0.17964285714285713 0.009072580645161291 0.023571428571428573
10 0.9538810483870968 0.1792857142857143 0.007560483870967742 0.005714285714285714
1 0.8399697580645161 0.18357142857142858 0.0045362903225806455 0.012857142857142857
1 0.7840221774193549 0.18464285714285714 0.0045362903225806455 0.012142857142857143
1 0.8518145161290323 0.18464285714285714 0.0030241935483870967 0.009285714285714286
1 0.7641129032258065 0.185 0.006048387096774193 0.011428571428571429
1 0.7777217741935484 0.18535714285714286 0.005040322580645161 0.016428571428571428
1 0.8462701612903226 0.185 0.004032258064516129 0.01
1 0.7714213709677419 0.185 0.0045362903225806455 0.012857142857142857
1 0.8344254032258065 0.18714285714285714 0.005544354838709678 0.014285714285714285
5 0.09727822580645161 0.1875 0.025201612903225805 0.04071428571428572
10 0.057459677419354836 0.1875 0.010080645161290322 0.005
1 0.3147681451612903 0.18928571428571428 0.008568548387096774 0.017142857142857144
10 0.9548891129032258 0.19071428571428573 0.007560483870967742 0.002857142857142857
1 0.5413306451612904 0.19071428571428573 0.005040322580645161 0.014285714285714285
10 0.5982862903225806 0.19607142857142856 0.024193548387096774 0.013571428571428571
10 0.057459677419354836 0.19857142857142857 0.009072580645161291 0.005714285714285714
1 0.11441532258064516 0.1992857142857143 0.006048387096774193 0.014285714285714285
10 0.8455141129032258 0.20142857142857143 0.003528225806451613 0.012857142857142857
10 0.953125 0.2017857142857143 0.008064516129032258 0.007857142857142858
10 0.8387096774193549 0.20214285714285715 0.004032258064516129 0.011428571428571429
10 0.8530745967741935 0.20285714285714285 0.005544354838709678 0.012857142857142857
1 0.9284274193548387 0.20285714285714285 0.004032258064516129 0.02
10 0.8344254032258065 0.20464285714285715 0.0045362903225806455 0.016428571428571428
1 0.7182459677419355 0.2067857142857143 0.008064516129032258 0.013571428571428571
10 0.05619959677419355 0.21071428571428572 0.009576612903225807 0.005714285714285714
10 0.9511088709677419 0.21392857142857144 0.01310483870967742 0.007857142857142858
10 0.05720766129032258 0.22321428571428573 0.009576612903225807 0.0064285714285714285
10 0.5919858870967742 0.22428571428571428 0.017641129032258066 0.014285714285714285
10 0.952116935483871 0.22678571428571428 0.010080645161290322 0.007857142857142858
1 0.3951612903225806 0.2292857142857143 0.004032258064516129 0.014285714285714285
10 0.055443548387096774 0.23357142857142857 0.008064516129032258 0.005714285714285714
10 0.9538810483870968 0.2382142857142857 0.008568548387096774 0.007857142857142858
10 0.6628024193548387 0.2417857142857143 0.012096774193548387 0.023571428571428573
10 0.6529737903225806 0.24142857142857144 0.011592741935483871 0.02
10 0.05670362903225806 0.24607142857142858 0.009576612903225807 0.0064285714285714285
1 0.6176915322580645 0.24785714285714286 0.008568548387096774 0.018571428571428572
1 0.6295362903225806 0.25357142857142856 0.009072580645161291 0.018571428571428572
10 0.056451612903225805 0.2575 0.008064516129032258 0.0064285714285714285
5 0.09627016129032258 0.26035714285714284 0.025201612903225805 0.03357142857142857
10 0.9551411290322581 0.2617857142857143 0.009072580645161291 0.010714285714285714
5 0.5965221774193549 0.2639285714285714 0.029737903225806453 0.04071428571428572
5 0.4810987903225806 0.2642857142857143 0.12046370967741936 0.16142857142857142
1 0.6693548387096774 0.2692857142857143 0.009072580645161291 0.017142857142857144
1 0.11542338709677419 0.26964285714285713 0.004032258064516129 0.016428571428571428
10 0.057711693548387094 0.27071428571428574 0.007560483870967742 0.007142857142857143
1 0.3394657258064516 0.2717857142857143 0.00655241935483871 0.013571428571428571
1 0.6176915322580645 0.27285714285714285 0.00655241935483871 0.014285714285714285
1 0.9299395161290323 0.2739285714285714 0.008064516129032258 0.013571428571428571
5 0.23941532258064516 0.2764285714285714 0.07762096774193548 0.11428571428571428
10 0.05670362903225806 0.28214285714285714 0.007560483870967742 0.005714285714285714
10 0.953125 0.28535714285714286 0.012096774193548387 0.005
1 0.3949092741935484 0.2875 0.0045362903225806455 0.012142857142857143
5 0.7920866935483871 0.29214285714285715 0.0811491935483871 0.10571428571428572
10 0.056451612903225805 0.29392857142857143 0.009072580645161291 0.0064285714285714285
10 0.9543850806451613 0.2978571428571429 0.009576612903225807 0.004285714285714286
10 0.05720766129032258 0.30464285714285716 0.009576612903225807 0.0064285714285714285
1 0.8467741935483871 0.3082142857142857 0.004032258064516129 0.013571428571428571
10 0.9546370967741935 0.31 0.011088709677419355 0.007142857142857143
10 0.05670362903225806 0.3171428571428571 0.007560483870967742 0.005714285714285714
5 0.5965221774193549 0.3171428571428571 0.022681451612903226 0.03428571428571429
1 0.4183467741935484 0.31857142857142856 0.006048387096774193 0.011428571428571429
5 0.09904233870967742 0.3289285714285714 0.023689516129032258 0.03642857142857143
10 0.05594758064516129 0.33 0.010080645161290322 0.007142857142857143
10 0.05670362903225806 0.34035714285714286 0.007560483870967742 0.0064285714285714285
1 0.11391129032258064 0.3442857142857143 0.004032258064516129 0.017142857142857144
10 0.05670362903225806 0.3532142857142857 0.009576612903225807 0.0064285714285714285
10 0.056451612903225805 0.36464285714285716 0.008064516129032258 0.009285714285714286
1 0.2505040322580645 0.37214285714285716 0.007056451612903226 0.012857142857142857
10 0.05594758064516129 0.3757142857142857 0.009072580645161291 0.005714285714285714
10 0.055443548387096774 0.3871428571428571 0.009072580645161291 0.007142857142857143
1 0.7290826612903226 0.39071428571428574 0.0045362903225806455 0.011428571428571429
1 0.3084677419354839 0.39464285714285713 0.009072580645161291 0.007857142857142858
5 0.09778225806451613 0.3989285714285714 0.024193548387096774 0.03642857142857143
10 0.05594758064516129 0.39964285714285713 0.010080645161290322 0.0064285714285714285
1 0.3767641129032258 0.4014285714285714 0.008568548387096774 0.008571428571428572
5 0.8470262096774194 0.4032142857142857 0.026713709677419355 0.04071428571428572
1 0.11617943548387097 0.4107142857142857 0.005544354838709678 0.017142857142857144
10 0.05619959677419355 0.4117857142857143 0.009576612903225807 0.005
1 0.6013104838709677 0.41535714285714287 0.006048387096774193 0.015
1 0.8608870967741935 0.4164285714285714 0.006048387096774193 0.011428571428571429
10 0.704133064516129 0.4175 0.02721774193548387 0.025
10 0.05670362903225806 0.42464285714285716 0.007560483870967742 0.010714285714285714
1 0.508820564516129 0.4342857142857143 0.008568548387096774 0.01
10 0.05670362903225806 0.435 0.007560483870967742 0.007142857142857143
1 0.6091229838709677 0.4446428571428571 0.008568548387096774 0.005
10 0.05695564516129032 0.4467857142857143 0.008064516129032258 0.0064285714285714285
5 0.2998991935483871 0.44857142857142857 0.0846774193548387 0.09571428571428571
5 0.09753024193548387 0.4546428571428571 0.027721774193548387 0.03214285714285714
10 0.057711693548387094 0.4585714285714286 0.007560483870967742 0.007142857142857143
5 0.8450100806451613 0.4610714285714286 0.01965725806451613 0.035
1 0.3460181451612903 0.4607142857142857 0.007560483870967742 0.012857142857142857
1 0.24899193548387097 0.4685714285714286 0.004032258064516129 0.012857142857142857
1 0.7079133064516129 0.47 0.0045362903225806455 0.011428571428571429
10 0.05670362903225806 0.4710714285714286 0.008568548387096774 0.005
1 0.8616431451612904 0.475 0.0045362903225806455 0.017142857142857144
10 0.04788306451612903 0.48178571428571426 0.015120967741935484 0.012142857142857143
5 0.38130040322580644 0.48214285714285715 0.028729838709677418 0.037142857142857144
1 0.5506552419354839 0.4860714285714286 0.0045362903225806455 0.010714285714285714
1 0.3971774193548387 0.49892857142857144 0.005040322580645161 0.013571428571428571
10 0.046875 0.5003571428571428 0.015120967741935484 0.013571428571428571
1 0.7182459677419355 0.5017857142857143 0.007056451612903226 0.02214285714285714
1 0.2777217741935484 0.5042857142857143 0.010080645161290322 0.007142857142857143
1 0.7467237903225806 0.04928571428571429 0.003528225806451613 0.014285714285714285
1 0.7961189516129032 0.04964285714285714 0.00655241935483871 0.013571428571428571
1 0.42817540322580644 0.5153571428571428 0.005544354838709678 0.015
1 0.8130040322580645 0.04964285714285714 0.004032258064516129 0.012142857142857143
10 0.7527721774193549 0.04928571428571429 0.005544354838709678 0.015714285714285715
10 0.954133064516129 0.04928571428571429 0.010080645161290322 0.01
1 0.7799899193548387 0.05 0.005544354838709678 0.014285714285714285
5 0.8434979838709677 0.5225 0.025705645161290324 0.04071428571428572
10 0.8341733870967742 0.05035714285714286 0.0030241935483870967 0.013571428571428571
1 0.8296370967741935 0.05 0.007056451612903226 0.014285714285714285
10 0.7694052419354839 0.05071428571428571 0.005544354838709678 0.012857142857142857