1 0.2815242494226328 0.4524128686327078 0.005080831408775982 0.004915102770330653
1 0.2822170900692841 0.4671581769436997 0.007390300230946882 0.004021447721179625
1 0.31662817551963046 0.4720732797140304 0.03464203233256351 0.030831099195710455
1 0.09584295612009237 0.4740840035746202 0.04295612009237875 0.040214477211796246
1 0.2815242494226328 0.47542448614834676 0.008775981524249422 0.004468275245755138
1 0.2833718244803695 0.4906166219839142 0.008775981524249422 0.006255585344057194
1 0.12655889145496535 0.4932975871313673 0.02401847575057737 0.020554066130473638
10 0.36351039260969975 0.493521000893655 0.008314087759815243 0.004915102770330653
10 0.3272517321016166 0.4964253798033959 0.006928406466512702 0.005361930294906166
10 0.3628175519630485 0.4973190348525469 0.011547344110854504 0.0035746201966041107
10 0.15219399538106235 0.5 0.005080831408775982 0.014298480786416443
10 0.3316397228637413 0.5 0.009237875288683603 0.004468275245755138
1 0.2810623556581986 0.5006702412868632 0.006928406466512702 0.003127792672028597
1 0.2812933025404157 0.5044682752457551 0.008314087759815243 0.005361930294906166
1 0.09353348729792148 0.5140750670241286 0.04203233256351039 0.04155495978552279
1 0.281986143187067 0.5218945487042002 0.008775981524249422 0.005361930294906166
1 0.2808314087759815 0.5259159964253798 0.008314087759815243 0.0035746201966041107
1 0.49168591224018476 0.5462466487935657 0.006004618937644342 0.010277033065236819
5 0.13648960739030022 0.548704200178731 0.024480369515011546 0.02680965147453083
5 0.13210161662817552 0.5810991957104558 0.022170900692840646 0.022788203753351208
1 0.07829099307159354 0.5971849865951743 0.013394919168591224 0.004915102770330653
10 0.14457274826789837 0.5987488829311886 0.002771362586605081 0.00804289544235925
10 0.1397228637413395 0.599195710455764 0.005080831408775982 0.00804289544235925
10 0.1505773672055427 0.5996425379803396 0.005542725173210162 0.009830205540661306
10 0.15473441108545036 0.5996425379803396 0.003695150115473441 0.00804289544235925
1 0.07759815242494227 0.6018766756032171 0.012009237875288684 0.004468275245755138
1 0.08106235565819861 0.6074620196604111 0.008775981524249422 0.004915102770330653
10 0.26420323325635103 0.06099195710455764 0.0018475750577367205 0.004915102770330653
10 0.27390300230946885 0.06099195710455764 0.004618937644341801 0.00580875781948168
10 0.08060046189376444 0.6137176050044683 0.006004618937644342 0.002234137622877569
10 0.08036951501154735 0.618632707774799 0.006466512702078522 0.003127792672028597
1 0.5219399538106235 0.6195263628239499 0.010161662817551964 0.00938337801608579
1 0.6750577367205542 0.620420017873101 0.007852193995381063 0.00938337801608579
1 0.6344110854503464 0.6210902591599643 0.011547344110854504 0.00804289544235925
1 0.5690531177829099 0.6219839142091153 0.006466512702078522 0.0071492403932082215
1 0.1420323325635104 0.639633601429848 0.041108545034642036 0.04334226988382484
1 0.18683602771362587 0.6425379803395889 0.04387990762124711 0.03306523681858802
10 0.1346420323325635 0.06523681858802502 0.006004618937644342 0.005361930294906166
1 0.7 0.6704647006255585 0.011547344110854504 0.006702412868632708
1 0.6441108545034642 0.6724754244861484 0.012471131639722863 0.006255585344057194
10 0.14595842956120092 0.685656836461126 0.004618937644341801 0.011170688114387846
1 0.14988452655889145 0.06925826630920465 0.006928406466512702 0.010723860589812333
10 0.1886836027713626 0.06925826630920465 0.008775981524249422 0.005361930294906166
1 0.17875288683602772 0.06970509383378017 0.007390300230946882 0.012511170688114389
10 0.27390300230946885 0.06992850759606792 0.003695150115473441 0.004915102770330653
10 0.14064665127020784 0.7053172475424486 0.003233256351039261 0.006702412868632708
10 0.26836027713625865 0.07082216264521894 0.0018475750577367205 0.006702412868632708
1 0.2533487297921478 0.07082216264521894 0.011547344110854504 0.006702412868632708
10 0.1258660508083141 0.7064343163538874 0.003233256351039261 0.004468275245755138
1 0.1323325635103926 0.7066577301161752 0.005080831408775982 0.010277033065236819
10 0.26420323325635103 0.07149240393208221 0.003695150115473441 0.0071492403932082215
5 0.22702078521939953 0.07193923145665773 0.020785219399538105 0.020554066130473638
10 0.19145496535796766 0.717828418230563 0.004157043879907622 0.006702412868632708
10 0.14364896073903002 0.7180518319928507 0.005542725173210162 0.009830205540661306
10 0.1300230946882217 0.7189454870420018 0.003233256351039261 0.0071492403932082215
10 0.1515011547344111 0.718722073279714 0.005542725173210162 0.00938337801608579
10 0.12424942263279445 0.7191689008042895 0.003695150115473441 0.007596067917783735
10 0.14826789838337182 0.7193923145665773 0.004618937644341801 0.00804289544235925
1 0.22886836027713625 0.7189454870420018 0.005080831408775982 0.0071492403932082215
1 0.16697459584295613 0.7193923145665773 0.004157043879907622 0.008936550491510277
1 0.1997690531177829 0.7191689008042895 0.004157043879907622 0.00938337801608579
10 0.11593533487297922 0.7193923145665773 0.002771362586605081 0.006255585344057194
1 0.21916859122401847 0.7200625558534406 0.0023094688221709007 0.007596067917783735
1 0.18267898383371825 0.7200625558534406 0.004157043879907622 0.00938337801608579
1 0.24526558891454966 0.7222966934763181 0.003695150115473441 0.007596067917783735
1 0.9665127020785219 0.7222966934763181 0.03187066974595843 0.026362823949955316
1 0.5838337182448037 0.7339142091152815 0.02678983833718245 0.031724754244861486
1 0.4399538106235566 0.7350312779267203 0.03926096997690531 0.03127792672028597
1 0.5124711316397229 0.735254691689008 0.03556581986143187 0.034405719392314564
1 0.7561200923787529 0.7359249329758714 0.03233256351039261 0.03663985701519214
1 0.4780600461893764 0.7363717605004468 0.03325635103926097 0.032171581769437
10 0.8833718244803695 0.7361483467381591 0.0023094688221709007 0.01385165326184093
1 0.5524249422632794 0.7363717605004468 0.03048498845265589 0.03663985701519214
10 0.9099307159353349 0.7363717605004468 0.003695150115473441 0.01161751563896336
1 0.7267898383371825 0.7368185880250223 0.03648960739030023 0.03127792672028597
10 0.8928406466512702 0.7365951742627346 0.003695150115473441 0.01385165326184093
10 0.9011547344110854 0.7365951742627346 0.0018475750577367205 0.00938337801608579
10 0.8879907621247113 0.7372654155495979 0.005080831408775982 0.0160857908847185
1 0.6173210161662818 0.7374888293118856 0.03187066974595843 0.031724754244861486
10 0.9150115473441108 0.7379356568364611 0.004618937644341801 0.011170688114387846
1 0.6535796766743649 0.7392761394101877 0.03233256351039261 0.03261840929401251
1 0.6884526558891455 0.7401697944593387 0.029099307159353348 0.030831099195710455
5 0.3466512702078522 0.7464253798033958 0.025404157043879907 0.027256478999106343
10 0.1720554272517321 0.07573726541554959 0.0023094688221709007 0.00580875781948168
1 0.3069284064665127 0.7513404825737265 0.03002309468822171 0.026362823949955316
1 0.784526558891455 0.7533512064343163 0.016166281755196306 0.025022341376228777
1 0.24688221709006927 0.7651921358355674 0.007852193995381063 0.002234137622877569
1 0.24665127020785219 0.7689901697944593 0.007390300230946882 0.002680965147453083
10 0.8739030023094688 0.7705540661304736 0.008314087759815243 0.003127792672028597
10 0.24757505773672056 0.7725647899910635 0.009237875288683603 0.004468275245755138
10 0.6789838337182448 0.773011617515639 0.004618937644341801 0.00804289544235925
10 0.08683602771362586 0.7759159964253798 0.007390300230946882 0.004915102770330653
5 0.5228637413394919 0.7763628239499554 0.03140877598152425 0.0290437890974084
1 0.7905311778290993 0.7788203753351206 0.013394919168591224 0.005361930294906166
10 0.8704387990762125 0.7788203753351206 0.009699769053117783 0.002680965147453083
10 0.0861431870669746 0.781277926720286 0.008775981524249422 0.003127792672028597
10 0.08568129330254041 0.7855227882037533 0.010623556581986143 0.004468275245755138
10 0.08568129330254041 0.7917783735478106 0.008775981524249422 0.004468275245755138
10 0.3039260969976905 0.7946827524575514 0.013856812933025405 0.006702412868632708
5 0.5542725173210161 0.7949061662198391 0.03879907621247113 0.03038427167113494
10 0.3390300230946882 0.7951295799821269 0.014780600461893764 0.008489722966934763
5 0.9212471131639722 0.7946827524575514 0.056812933025404154 0.07640750670241286
10 0.3235565819861432 0.7949061662198391 0.004157043879907622 0.00804289544235925
10 0.3277136258660508 0.7953529937444147 0.003233256351039261 0.006255585344057194
10 0.3200923787528868 0.7962466487935657 0.002771362586605081 0.008936550491510277
10 0.0861431870669746 0.7960232350312779 0.009699769053117783 0.003127792672028597
10 0.31478060046189377 0.7960232350312779 0.003233256351039261 0.007596067917783735
1 0.2632794457274827 0.7971403038427167 0.03879907621247113 0.032171581769437
5 0.16789838337182447 0.7975871313672922 0.10577367205542725 0.09919571045576407
10 0.08545034642032333 0.8002680965147453 0.008314087759815243 0.004468275245755138
10 0.07413394919168591 0.8007149240393209 0.005080831408775982 0.0017873100983020554
1 0.6903002309468822 0.8058534405719392 0.0023094688221709007 0.007596067917783735
5 0.7794457274826789 0.8092046470062556 0.03187066974595843 0.02770330652368186
10 0.0745958429561201 0.8100983020554066 0.005080831408775982 0.0035746201966041107
10 0.0859122401847575 0.8100983020554066 0.008314087759815243 0.0035746201966041107
10 0.0861431870669746 0.8145665773011618 0.010623556581986143 0.0035746201966041107
10 0.871593533487298 0.8161304736371761 0.009237875288683603 0.002234137622877569
1 0.4182448036951501 0.8165773011617515 0.0023094688221709007 0.010277033065236819
1 0.405080831408776 0.8170241286863271 0.005542725173210162 0.011170688114387846
1 0.41431870669745957 0.8174709562109026 0.004618937644341801 0.011170688114387846
1 0.4235565819861432 0.8181411974977658 0.003695150115473441 0.014298480786416443
1 0.4094688221709007 0.8183646112600537 0.003233256351039261 0.011170688114387846
1 0.669284064665127 0.8185880250223414 0.011085450346420323 0.005361930294906166
10 0.08683602771362586 0.8203753351206434 0.008314087759815243 0.004468275245755138
1 0.9762124711316397 0.8210455764075067 0.022632794457274827 0.020107238605898123
10 0.07436489607390301 0.8237265415549598 0.009237875288683603 0.004021447721179625
10 0.08660508083140878 0.824396782841823 0.006004618937644342 0.002680965147453083
1 0.07020785219399538 0.8342269883824843 0.011085450346420323 0.0035746201966041107
1 0.5801385681293303 0.8351206434316354 0.028637413394919167 0.021447721179624665
10 0.08683602771362586 0.8384718498659517 0.003695150115473441 0.003127792672028597
10 0.7473441108545035 0.8386952636282395 0.0018475750577367205 0.0071492403932082215
1 0.9750577367205543 0.839142091152815 0.011085450346420323 0.005361930294906166
10 0.7420323325635104 0.8393655049151028 0.004157043879907622 0.00938337801608579
10 0.44665127020785217 0.8393655049151028 0.014780600461893764 0.004915102770330653
10 0.7528868360277137 0.8398123324396782 0.006466512702078522 0.00938337801608579
10 0.7371824480369515 0.8395889186773905 0.003695150115473441 0.009830205540661306
1 0.6787528868360277 0.8400357462019661 0.012471131639722863 0.004468275245755138
10 0.8826789838337182 0.840929401251117 0.003695150115473441 0.006255585344057194
1 0.9741339491916859 0.8438337801608579 0.012933025404157044 0.003127792672028597
10 0.0859122401847575 0.8449508489722967 0.009237875288683603 0.005361930294906166
10 0.8889145496535796 0.8494191242180519 0.008775981524249422 0.0035746201966041107
1 0.07136258660508084 0.8498659517426274 0.010623556581986143 0.005361930294906166
10 0.9263279445727483 0.8523235031277927 0.003233256351039261 0.012064343163538873
10 0.08545034642032333 0.8525469168900804 0.008314087759815243 0.005361930294906166
10 0.9314087759815243 0.8529937444146559 0.005080831408775982 0.009830205540661306
10 0.9168591224018475 0.8532171581769437 0.0018475750577367205 0.012957998212689902
10 0.9214780600461894 0.8536639857015192 0.004618937644341801 0.012064343163538873
1 0.06882217090069284 0.853887399463807 0.012009237875288684 0.004468275245755138
10 0.9401847575057737 0.8545576407506702 0.004157043879907622 0.00938337801608579
1 0.04803695150115474 0.854781054512958 0.012933025404157044 0.0035746201966041107
10 0.7159353348729792 0.8550044682752458 0.004618937644341801 0.006702412868632708
10 0.8900692840646651 0.8552278820375335 0.008314087759815243 0.0035746201966041107
1 0.25196304849884527 0.8565683646112601 0.014318706697459584 0.006255585344057194
10 0.0859122401847575 0.8572386058981233 0.008314087759815243 0.003127792672028597
10 0.04803695150115474 0.8590259159964254 0.010161662817551964 0.003127792672028597
10 0.08637413394919169 0.8617068811438785 0.008314087759815243 0.00580875781948168
10 0.17136258660508083 0.08623771224307418 0.006466512702078522 0.0071492403932082215
10 0.19907621247113164 0.08623771224307418 0.004618937644341801 0.005361930294906166
1 0.047113163972286376 0.863941018766756 0.011085450346420323 0.00580875781948168
10 0.04734411085450346 0.8675156389633601 0.011547344110854504 0.00580875781948168
10 0.8997690531177829 0.8693029490616622 0.004618937644341801 0.00938337801608579
10 0.8905311778290993 0.8701966041108132 0.004618937644341801 0.011170688114387846
10 0.04734411085450346 0.8710902591599643 0.010623556581986143 0.004915102770330653
10 0.16166281755196305 0.08735478105451296 0.003695150115473441 0.004915102770330653
1 0.1856812933025404 0.08735478105451296 0.003695150115473441 0.00938337801608579
10 0.9103926096997691 0.8715370866845398 0.005542725173210162 0.008489722966934763
10 0.8953810623556582 0.8719839142091153 0.005080831408775982 0.00938337801608579
1 0.12286374133949192 0.8748882931188561 0.004618937644341801 0.009830205540661306
10 0.1815242494226328 0.8757819481680071 0.004618937644341801 0.008936550491510277
1 0.18060046189376444 0.08802502234137623 0.003695150115473441 0.009830205540661306
10 0.23071593533487297 0.8757819481680071 0.006004618937644342 0.010723860589812333
10 0.17736720554272517 0.8762287756925826 0.004618937644341801 0.008936550491510277
1 0.1092378752886836 0.8760053619302949 0.003233256351039261 0.006702412868632708
10 0.18660508083140878 0.8762287756925826 0.004618937644341801 0.009830205540661306
1 0.2161662817551963 0.8764521894548705 0.006466512702078522 0.012064343163538873
1 0.13071593533487297 0.8764521894548705 0.003695150115473441 0.007596067917783735
1 0.09815242494226328 0.8764521894548705 0.0023094688221709007 0.00580875781948168
10 0.20092378752886836 0.8764521894548705 0.005542725173210162 0.00938337801608579
10 0.23556581986143188 0.8768990169794459 0.003695150115473441 0.008489722966934763
10 0.15265588914549655 0.8766756032171582 0.004157043879907622 0.01161751563896336
1 0.14757505773672056 0.8768990169794459 0.004157043879907622 0.010277033065236819
1 0.10415704387990762 0.8768990169794459 0.004157043879907622 0.008489722966934763
1 0.15704387990762125 0.8771224307417337 0.003695150115473441 0.009830205540661306
10 0.19676674364896074 0.8771224307417337 0.007390300230946882 0.013404825737265416
1 0.11570438799076213 0.8775692582663092 0.004157043879907622 0.010723860589812333
1 0.14041570438799075 0.877792672028597 0.005542725173210162 0.011170688114387846
1 0.1353348729792148 0.8775692582663092 0.004618937644341801 0.012511170688114389
10 0.38660508083140877 0.8873994638069705 0.007390300230946882 0.005361930294906166
10 0.31986143187066973 0.8880697050938338 0.008775981524249422 0.004915102770330653
1 0.2540415704387991 0.08891867739052725 0.009237875288683603 0.005361930294906166
10 0.19907621247113164 0.889633601429848 0.004618937644341801 0.009830205540661306
10 0.4810623556581986 0.8903038427167114 0.013394919168591224 0.006702412868632708
10 0.19214780600461895 0.8909740840035746 0.002771362586605081 0.0071492403932082215
10 0.933256351039261 0.8916443252904379 0.008775981524249422 0.004021447721179625
10 0.3418013856812933 0.8923145665773011 0.008314087759815243 0.005361930294906166
10 0.320554272517321 0.894325290437891 0.009237875288683603 0.00580875781948168
10 0.9318706697459584 0.9005808757819481 0.009699769053117783 0.004021447721179625
1 0.14018475750577367 0.09048257372654156 0.03002309468822171 0.030831099195710455
10 0.22979214780600463 0.09137622877569258 0.008775981524249422 0.004021447721179625
5 0.9318706697459584 0.9262734584450402 0.008775981524249422 0.004468275245755138
10 0.23140877598152426 0.926496872207328 0.007390300230946882 0.004915102770330653
10 0.7053117782909931 0.9311885612153709 0.013856812933025405 0.004468275245755138
1 0.14018475750577367 0.9340929401251117 0.006928406466512702 0.008489722966934763
1 0.15612009237875288 0.934763181411975 0.002771362586605081 0.010723860589812333
1 0.3 0.9345397676496873 0.013394919168591224 0.004021447721179625
1 0.16120092378752887 0.9349865951742627 0.003695150115473441 0.012957998212689902
10 0.2346420323325635 0.9349865951742627 0.006466512702078522 0.003127792672028597
1 0.146189376443418 0.9352100089365505 0.005080831408775982 0.01161751563896336
1 0.902540415704388 0.9374441465594281 0.008314087759815243 0.0160857908847185
1 0.892147806004619 0.9385612153708669 0.005080831408775982 0.015638963360142984
1 0.9210161662817552 0.9392314566577301 0.004618937644341801 0.010723860589812333
10 0.29884526558891455 0.9414655942806077 0.012009237875288684 0.005361930294906166
10 0.21916859122401847 0.9425826630920465 0.007852193995381063 0.004915102770330653
10 0.22124711316397228 0.951295799821269 0.005542725173210162 0.0071492403932082215
10 0.23325635103926096 0.957774798927614 0.008314087759815243 0.004021447721179625
10 0.2300230946882217 0.09629133154602323 0.006466512702078522 0.003127792672028597
10 0.23071593533487297 0.10142984807864164 0.007852193995381063 0.0035746201966041107
10 0.5235565819861432 0.1016532618409294 0.014318706697459584 0.004915102770330653
10 0.2304849884526559 0.10701519213583557 0.010161662817551964 0.004915102770330653
10 0.2300230946882217 0.11058981233243968 0.006466512702078522 0.002234137622877569
1 0.2572748267898383 0.1114834673815907 0.010161662817551964 0.004021447721179625
10 0.0861431870669746 0.11282394995531725 0.004157043879907622 0.01385165326184093
1 0.1351039260969977 0.11394101876675604 0.009699769053117783 0.01161751563896336
10 0.2302540415704388 0.11483467381590706 0.006928406466512702 0.0035746201966041107
1 0.07136258660508084 0.11550491510277033 0.007852193995381063 0.01385165326184093
10 0.22979214780600463 0.11907953529937444 0.006004618937644342 0.003127792672028597
10 0.23094688221709006 0.12377122430741734 0.006466512702078522 0.002680965147453083
1 0.248729792147806 0.12377122430741734 0.011547344110854504 0.004468275245755138
5 0.18452655889145497 0.12846291331546023 0.06420323325635104 0.0612153708668454
1 0.35288683602771365 0.1342716711349419 0.02771362586605081 0.02546916890080429
1 0.32217090069284066 0.13471849865951743 0.023556581986143188 0.027256478999106343
10 0.06327944572748267 0.13650580875781948 0.008314087759815243 0.004915102770330653
5 0.08914549653579677 0.13963360142984807 0.024942263279445726 0.021894548704200177
1 0.11778290993071594 0.14075067024128687 0.009237875288683603 0.0035746201966041107
10 0.0628175519630485 0.14209115281501342 0.006466512702078522 0.004468275245755138
10 0.5912240184757506 0.14253798033958892 0.005542725173210162 0.009830205540661306
10 0.6069284064665127 0.14298480786416443 0.003695150115473441 0.008936550491510277
10 0.584526558891455 0.14387846291331546 0.005080831408775982 0.009830205540661306
1 0.11732101616628175 0.145218945487042 0.007390300230946882 0.0035746201966041107
5 0.5496535796766744 0.14588918677390528 0.023094688221709007 0.01742627345844504
1 0.48475750577367205 0.14588918677390528 0.029099307159353348 0.03261840929401251
1 0.248729792147806 0.14722966934763182 0.013394919168591224 0.007596067917783735
1 0.2346420323325635 0.14722966934763182 0.015704387990762125 0.00580875781948168
1 0.5207852193995381 0.1499106344950849 0.03002309468822171 0.027256478999106343
1 0.1187066974595843 0.15125111706881145 0.010161662817551964 0.004915102770330653
10 0.24826789838337182 0.1530384271671135 0.010623556581986143 0.004021447721179625
10 0.5702078521939954 0.15862377122430743 0.012471131639722863 0.006255585344057194
1 0.40808314087759817 0.16063449508489722 0.03279445727482679 0.0290437890974084
10 0.24826789838337182 0.16108132260947275 0.009699769053117783 0.004021447721179625
1 0.09260969976905312 0.1648793565683646 0.005080831408775982 0.010723860589812333
1 0.09815242494226328 0.16644325290437892 0.005080831408775982 0.011170688114387846
5 0.13117782909930717 0.16979445933869527 0.02401847575057737 0.016979445933869526
10 0.553810623556582 0.17247542448614836 0.014780600461893764 0.005361930294906166
10 0.5397228637413395 0.17381590705987487 0.012471131639722863 0.0035746201966041107
1 0.058198614318706696 0.1758266309204647 0.008314087759815243 0.004915102770330653
1 0.1979214780600462 0.17873100983020554 0.005080831408775982 0.010723860589812333
1 0.19122401847575057 0.17917783735478104 0.005542725173210162 0.009830205540661306
1 0.06235565819861432 0.1816353887399464 0.011085450346420323 0.003127792672028597
1 0.4676674364896074 0.1836461126005362 0.021709006928406466 0.020554066130473638
1 0.0558891454965358 0.18967828418230562 0.005542725173210162 0.006702412868632708
1 0.1468822170900693 0.1970509383378016 0.009237875288683603 0.013404825737265416
10 0.31685912240184755 0.1970509383378016 0.008314087759815243 0.004468275245755138
5 0.10207852193995381 0.20040214477211796 0.016628175519630486 0.020107238605898123
10 0.3170900692840647 0.20285969615728328 0.005080831408775982 0.002680965147453083
10 0.31778290993071595 0.2068811438784629 0.005542725173210162 0.002680965147453083
10 0.07921478060046189 0.20777479892761394 0.006928406466512702 0.006255585344057194
1 0.4254041570438799 0.21090259159964253 0.003695150115473441 0.008936550491510277
10 0.3173210161662818 0.21201966041108133 0.007390300230946882 0.004021447721179625
5 0.48729792147806006 0.21224307417336907 0.021247113163972285 0.01519213583556747
1 0.9466512702078522 0.21224307417336907 0.04480369515011547 0.03038427167113494
5 0.35150115473441107 0.2214030384271671 0.02956120092378753 0.07372654155495978
10 0.07713625866050808 0.2229669347631814 0.007390300230946882 0.002680965147453083
1 0.7325635103926097 0.22319034852546918 0.03325635103926097 0.02993744414655943
1 0.9069284064665127 0.2240840035746202 0.03187066974595843 0.036193029490616625
10 0.31755196304849886 0.225201072386059 0.006928406466512702 0.0035746201966041107
10 0.3053117782909931 0.225201072386059 0.010161662817551964 0.004468275245755138
10 0.4251732101616628 0.2256478999106345 0.013394919168591224 0.00804289544235925
1 0.7685912240184758 0.22542448614834673 0.03233256351039261 0.02993744414655943
1 0.8748267898383372 0.2256478999106345 0.03510392609699769 0.03663985701519214
1 0.6660508083140878 0.22609472743521 0.028637413394919167 0.03127792672028597
1 0.838568129330254 0.22676496872207327 0.03464203233256351 0.035299374441465595
1 0.6988452655889146 0.2272117962466488 0.039722863741339494 0.031724754244861486
1 0.8048498845265589 0.2287756925826631 0.029099307159353348 0.02680965147453083
10 0.31755196304849886 0.22989276139410186 0.009699769053117783 0.004915102770330653
10 0.30508083140877595 0.22989276139410186 0.007852193995381063 0.003127792672028597
1 0.2161662817551963 0.23458445040214476 0.03418013856812933 0.040214477211796246
10 0.10508083140877598 0.2517873100983021 0.006928406466512702 0.010277033065236819
1 0.1323325635103926 0.256478999106345 0.024480369515011546 0.02770330652368186
5 0.4484988452655889 0.2575960679177837 0.025866050808314087 0.024575513851653262
10 0.5438799076212472 0.2587131367292225 0.017090069284064664 0.0071492403932082215
1 0.47782909930715933 0.26630920464700625 0.03048498845265589 0.032171581769437
10 0.5445727482678984 0.26943699731903487 0.020323325635103928 0.0071492403932082215
10 0.5441108545034642 0.2810545129579982 0.018475750577367205 0.0071492403932082215
1 0.12863741339491916 0.2940125111706881 0.025404157043879907 0.022341376228775692
1 0.46674364896073905 0.29848078641644327 0.03002309468822171 0.03395889186773905
1 0.425635103926097 0.2993744414655943 0.03926096997690531 0.03127792672028597
1 0.38729792147806 0.2998212689901698 0.03094688221709007 0.03663985701519214
1 0.2812933025404157 0.3040661304736372 0.011085450346420323 0.003127792672028597
1 0.28036951501154733 0.30831099195710454 0.007390300230946882 0.0035746201966041107
1 0.31501154734411085 0.3092046470062556 0.03602771362586605 0.03842716711349419
1 0.34872979214780603 0.3107685433422699 0.03140877598152425 0.03798033958891868
1 0.4981524249422633 0.3174709562109026 0.006004618937644342 0.014745308310991957
1 0.2815242494226328 0.3194816800714924 0.011547344110854504 0.004468275245755138
1 0.2806004618937644 0.3248436103663986 0.008775981524249422 0.0035746201966041107
1 0.28013856812933025 0.33489722966934765 0.007852193995381063 0.003127792672028597
1 0.2806004618937644 0.33847184986595175 0.008775981524249422 0.004021447721179625
1 0.49214780600461894 0.34226988382484363 0.011547344110854504 0.006255585344057194
1 0.1325635103926097 0.34673815907059874 0.02401847575057737 0.02770330652368186
10 0.4907621247113164 0.3521000893655049 0.006928406466512702 0.00804289544235925
1 0.4674364896073903 0.35232350312779265 0.006466512702078522 0.00580875781948168
10 0.4912240184757506 0.355674709562109 0.006004618937644342 0.006255585344057194
1 0.2812933025404157 0.3585790884718499 0.008314087759815243 0.004021447721179625
1 0.46697459584295614 0.35969615728328863 0.010161662817551964 0.0071492403932082215
10 0.4914549653579677 0.36081322609472744 0.008314087759815243 0.003127792672028597
1 0.28036951501154733 0.3626005361930295 0.006466512702078522 0.004915102770330653
10 0.4909930715935335 0.3652815013404826 0.008314087759815243 0.004021447721179625
1 0.46697459584295614 0.36751563896336015 0.008314087759815243 0.007596067917783735
10 0.4912240184757506 0.3693029490616622 0.008775981524249422 0.002234137622877569
1 0.2806004618937644 0.37511170688114387 0.008775981524249422 0.004021447721179625
10 0.10392609699769054 0.37779267202859695 0.004618937644341801 0.011170688114387846
1 0.2806004618937644 0.3791331546023235 0.007852193995381063 0.004021447721179625
1 0.10184757505773671 0.38806970509383376 0.012471131639722863 0.00580875781948168
1 0.2806004618937644 0.38918677390527256 0.006004618937644342 0.002680965147453083
10 0.10415704387990762 0.3983467381590706 0.006928406466512702 0.011170688114387846
1 0.2808314087759815 0.4072832886505809 0.006466512702078522 0.003127792672028597
1 0.09191685912240184 0.427390527256479 0.050808314087759814 0.04423592493297587
1 0.13418013856812933 0.44168900804289546 0.024480369515011546 0.031724754244861486
1 0.35889145496535796 0.44325290437890974 0.03325635103926097 0.03395889186773905