5 0.5342243823410288 0.5190623390005152 0.1166464155528554 0.15301391035548687
10 0.026933981368975294 0.524214322514168 0.013365735115431349 0.009788768675940238
1 0.6057108140947752 0.526275115919629 0.01660591332523289 0.006697578567748583
1 0.6771972458485217 0.5283359093250901 0.017820980153908466 0.02215352910870685
10 0.690562980963953 0.5296239052035033 0.005670311867152693 0.01854714064914992
10 0.6611988659376266 0.5303967027305513 0.00688537869582827 0.018031942297784646
1 0.6749696233292831 0.05332302936630603 0.00688537869582827 0.02009273570324575
1 0.6520858647225597 0.5321998969603298 0.007290400972053463 0.02369912416280268
1 0.6427703523693803 0.5329726944873776 0.008910490076954233 0.02009273570324575
1 0.8584447144592953 0.5332302936630603 0.00850546780072904 0.028851107676455434
1 0.8770757391656541 0.5340030911901081 0.007695423248278655 0.023183925811437404
1 0.8234102875658161 0.5342606903657908 0.0064803564196030785 0.02472952086553323
1 0.8404212231672742 0.5340030911901081 0.007290400972053463 0.02215352910870685
1 0.89469420818145 0.5342606903657908 0.009720534629404616 0.02472952086553323
1 0.9125151883353585 0.5347758887171561 0.008910490076954233 0.02472952086553323
2 0.28979343863912516 0.5345182895414735 0.31227217496962334 0.04585265327150953
10 0.6044957472660997 0.5350334878928388 0.014175779667881734 0.006697578567748583
10 0.02814904819765087 0.5350334878928388 0.014175779667881734 0.0077279752704791345
10 0.6962332928311057 0.5548686244204019 0.0064803564196030785 0.01854714064914992
1 0.6806399351964358 0.5553838227717671 0.006075334143377886 0.020607934054611025
10 0.6883353584447145 0.5558990211231324 0.006075334143377886 0.01751674394641937
10 0.7037262049412718 0.5558990211231324 0.006075334143377886 0.01751674394641937
10 0.6707168894289186 0.5561566202988151 0.007290400972053463 0.018031942297784646
1 0.6441879303361685 0.5561566202988151 0.007695423248278655 0.0211231324059763
1 0.6535034426893479 0.5561566202988151 0.006075334143377886 0.0211231324059763
10 0.9850141757796679 0.5574446161772282 0.014580801944106925 0.010303967027305513
10 0.09092750101255569 0.05641421947449768 0.015795868772782502 0.010819165378670788
10 0.6051032806804374 0.5638845955692942 0.01377075739165654 0.008758371973209686
10 0.414742810854597 0.5641421947449768 0.01539084649655731 0.012364760432766615
10 0.19441069258809235 0.5659453889747553 0.007290400972053463 0.02009273570324575
10 0.18489266909680033 0.5659453889747553 0.007695423248278655 0.018031942297784646
1 0.20311867152693397 0.5664605873261206 0.006075334143377886 0.0190623390005152
1 0.21162413932766302 0.5667181865018032 0.00688537869582827 0.019577537351880475
1 0.07087889833940866 0.0571870170015456 0.017820980153908466 0.010303967027305513
1 0.8768732280275415 0.5677485832045337 0.009720534629404616 0.026790314270994334
1 0.89469420818145 0.5680061823802164 0.011340623734305387 0.02833590932509016
10 0.17638720129607127 0.5685213807315816 0.00688537869582827 0.02009273570324575
10 0.9842041312272175 0.5687789799072643 0.016200891049007696 0.00927357032457496
10 0.0694613203726205 0.5687789799072643 0.014985824220332119 0.010303967027305513
1 0.8238153098420413 0.5690365790829469 0.004860267314702308 0.024214322514167955
1 0.8586472255974078 0.5692941782586296 0.010530579181855002 0.02472952086553323
1 0.9119076549210207 0.5695517774343122 0.011745646010530578 0.025244719216898505
1 0.8412312677197246 0.5703245749613601 0.008910490076954233 0.02472952086553323
10 0.6034831915755366 0.5749613601236476 0.01539084649655731 0.011334363730036065
1 0.06277845281490482 0.5850077279752705 0.008910490076954233 0.0211231324059763
1 0.07209396516808425 0.5850077279752705 0.007290400972053463 0.0211231324059763
5 0.3827460510328068 0.5875837197320969 0.05427298501417578 0.05821741370427615
10 0.6049007695423249 0.5878413189077795 0.015795868772782502 0.00824317362184441
5 0.3240178209801539 0.5878413189077795 0.049412717699473474 0.05873261205564142
10 0.728635074929121 0.5904173106646059 0.005670311867152693 0.01854714064914992
10 0.6046982584042122 0.598145285935085 0.014580801944106925 0.00824317362184441
1 0.913730255164034 0.6017516743946419 0.008910490076954233 0.026790314270994334
1 0.8590522478736331 0.6022668727460072 0.012150668286755772 0.027820710973724884
1 0.8412312677197246 0.6022668727460072 0.011340623734305387 0.02472952086553323
1 0.8240178209801539 0.6030396702730552 0.007695423248278655 0.024214322514167955
1 0.24868367760226812 0.6032972694487377 0.008100445524503848 0.02266872746007213
5 0.6723369785338194 0.6030396702730552 0.0745240988254354 0.0592478104070067
1 0.8768732280275415 0.6032972694487377 0.007290400972053463 0.026790314270994334
1 0.24058323207776428 0.603812467800103 0.007290400972053463 0.02266872746007213
1 0.8942891859052248 0.6040700669757857 0.008910490076954233 0.025244719216898505
1 0.20311867152693397 0.6043276661514683 0.00850546780072904 0.02266872746007213
10 0.4115026326447955 0.6048428645028336 0.008100445524503848 0.01854714064914992
1 0.22134467395706764 0.604585265327151 0.007695423248278655 0.024214322514167955
1 0.19522073714054272 0.6053580628541989 0.008100445524503848 0.02266872746007213
1 0.18489266909680033 0.6053580628541989 0.007695423248278655 0.02472952086553323
1 0.15937626569461322 0.6056156620298815 0.006075334143377886 0.02215352910870685
1 0.1492507087889834 0.6056156620298815 0.00688537869582827 0.0211231324059763
1 0.2124341838801134 0.6056156620298815 0.006075334143377886 0.023183925811437404
1 0.3533819360064804 0.6056156620298815 0.007695423248278655 0.024214322514167955
1 0.16727420008100446 0.6058732612055642 0.0064803564196030785 0.021638330757341576
1 0.2669096800324018 0.6063884595569294 0.0064803564196030785 0.02472952086553323
1 0.17638720129607127 0.6063884595569294 0.006075334143377886 0.020607934054611025
1 0.2752126366950182 0.6063884595569294 0.00688537869582827 0.021638330757341576
1 0.23086269744835966 0.6069036579082947 0.0064803564196030785 0.02369912416280268
1 0.2561765897124342 0.606646058732612 0.009315512353179425 0.0211231324059763
1 0.13102470635884975 0.6069036579082947 0.00688537869582827 0.021638330757341576
1 0.13973268529769137 0.606646058732612 0.0064803564196030785 0.0211231324059763
10 0.42122316727420006 0.6076764554353427 0.008100445524503848 0.0190623390005152
10 0.4398541919805589 0.6076764554353427 0.007290400972053463 0.0190623390005152
10 0.4303361684892669 0.6084492529623905 0.01012555690562981 0.020607934054611025
1 0.4469420818144998 0.6092220504894384 0.007695423248278655 0.02627511591962906
10 0.6046982584042122 0.6097372488408037 0.01539084649655731 0.008758371973209686
10 0.728635074929121 0.6107676455435342 0.009720534629404616 0.017001545595054096
10 0.5903199675982179 0.618753219989696 0.00850546780072904 0.019577537351880475
10 0.7292426083434589 0.6324059763008758 0.00688537869582827 0.017001545595054096
10 0.0749291211016606 0.6347243688820196 0.007290400972053463 0.01751674394641937
10 0.08201701093560146 0.6352395672333848 0.00850546780072904 0.01854714064914992
1 0.9129202106115837 0.636527563111798 0.010530579181855002 0.02730551262235961
1 0.8580396921830701 0.6370427614631633 0.00688537869582827 0.025244719216898505
1 0.841028756581612 0.6370427614631633 0.00850546780072904 0.023183925811437404
10 0.9797488861887403 0.6375579598145286 0.005670311867152693 0.015971148892323546
1 0.8240178209801539 0.6378155589902113 0.00688537869582827 0.021638330757341576
1 0.8950992304576751 0.6378155589902113 0.010530579181855002 0.026790314270994334
1 0.8762656946132037 0.6380731581658938 0.007695423248278655 0.023183925811437404
2 0.3080194410692588 0.6383307573415765 0.33171324422843257 0.0401854714064915
1 0.6302146618063994 0.6543019062339 0.0064803564196030785 0.02472952086553323
10 0.6565411097610369 0.6548171045852653 0.005670311867152693 0.01854714064914992
10 0.6652490886998785 0.6545595054095827 0.006075334143377886 0.018031942297784646
10 0.6480356419603078 0.6548171045852653 0.007290400972053463 0.01751674394641937
1 0.6960307816929932 0.655074703760948 0.006075334143377886 0.0211231324059763
10 0.7061563385986229 0.6555899021123133 0.006075334143377886 0.0190623390005152
10 0.6753746456055083 0.6566202988150438 0.00688537869582827 0.018031942297784646
10 0.6828675577156743 0.6563626996393611 0.0064803564196030785 0.01648634724368882
1 0.721142162818955 0.657908294693457 0.00688537869582827 0.019577537351880475
1 0.7304576751721344 0.6581658938691396 0.007695423248278655 0.024214322514167955
10 0.6196840826245443 0.6589386913961875 0.007290400972053463 0.01854714064914992
10 0.9805589307411907 0.6782586295723854 0.0064803564196030785 0.018031942297784646
10 0.588294856217092 0.6800618238021638 0.007695423248278655 0.01751674394641937
10 0.5959902794653706 0.6803194229778464 0.006075334143377886 0.02009273570324575
2 0.32725799918995546 0.6924265842349304 0.5014175779667882 0.0401854714064915
10 0.6332523288780882 0.6955177743431221 0.015795868772782502 0.010303967027305513
10 0.6699068448764682 0.7114889232354457 0.007290400972053463 0.014425553838227717
10 0.6788173349534224 0.711231324059763 0.007290400972053463 0.018031942297784646
10 0.6879303361684893 0.7130345182895415 0.007695423248278655 0.019577537351880475
5 0.6425678412312678 0.7217928902627512 0.033616848926690965 0.03709428129829984
10 0.6826650465775618 0.734672849046883 0.01660591332523289 0.00824317362184441
1 0.7055488051842851 0.734672849046883 0.007290400972053463 0.02266872746007213
1 0.6642365330093155 0.7349304482225657 0.008100445524503848 0.024214322514167955
10 0.6111786148238153 0.7362184441009789 0.008100445524503848 0.01854714064914992
10 0.5848521668691778 0.7367336424523442 0.007290400972053463 0.01854714064914992
10 0.5923450789793439 0.7372488408037094 0.00850546780072904 0.019577537351880475
10 0.6024706358849736 0.737506439979392 0.00688537869582827 0.018031942297784646
1 0.284325637910085 0.7418856259659969 0.010530579181855002 0.02369912416280268
1 0.4580801944106926 0.7442040185471407 0.005670311867152693 0.02627511591962906
5 0.03867962737950587 0.7449768160741885 0.06439854191980558 0.23802163833075735
1 0.6792223572296476 0.7457496136012365 0.017820980153908466 0.008758371973209686
10 0.9803564196030782 0.747552807831015 0.006075334143377886 0.01648634724368882
1 0.9803564196030782 0.7691911385883565 0.005265289590927501 0.021638330757341576
5 0.5965978128797084 0.7707367336424523 0.03564196030781693 0.03915507470376095
5 0.6881328473066018 0.7722823286965482 0.03402187120291616 0.03503348789283874
5 0.6415552855407047 0.7733127253992788 0.03078169299311462 0.03503348789283874
10 0.9623329283110571 0.7746007212776919 0.007290400972053463 0.0190623390005152
10 0.944309437019036 0.7753735188047398 0.006075334143377886 0.01854714064914992
10 0.9351964358039693 0.7753735188047398 0.007290400972053463 0.01751674394641937
10 0.9534224382341029 0.7756311179804225 0.007290400972053463 0.018031942297784646
10 0.9718509518023492 0.7764039155074703 0.009315512353179425 0.019577537351880475
1 0.6196840826245443 0.7818134981968058 0.008910490076954233 0.024214322514167955
1 0.6656541109761037 0.7820710973724884 0.007695423248278655 0.021638330757341576
2 0.3266504657756177 0.7861926841834106 0.5002025111381126 0.04636785162287481
2 0.32280275415147835 0.07908294693456981 0.4090724989874443 0.03657908294693457
10 0.9617253948967193 0.7952086553323029 0.005265289590927501 0.015971148892323546
10 0.9544349939246659 0.7954662545079856 0.005265289590927501 0.01648634724368882
10 0.916767922235723 0.7988150437918599 0.005265289590927501 0.015971148892323546
10 0.9086674767112192 0.7993302421432251 0.005265289590927501 0.018031942297784646
10 0.9258809234507898 0.7990726429675425 0.007290400972053463 0.01648634724368882
10 0.5974078574321587 0.7995878413189078 0.01539084649655731 0.010303967027305513
10 0.8523693803159174 0.7995878413189078 0.014985824220332119 0.00927357032457496
10 0.9353989469420818 0.8001030396702731 0.006075334143377886 0.01854714064914992
10 0.6921830700688538 0.8044822256568779 0.0064803564196030785 0.017001545595054096
10 0.655933576346699 0.8047398248325606 0.00850546780072904 0.020607934054611025
1 0.683070068853787 0.8049974240082431 0.006075334143377886 0.0211231324059763
1 0.7012960712839206 0.8049974240082431 0.00688537869582827 0.02215352910870685
1 0.6654515998379911 0.8057702215352911 0.0064803564196030785 0.019577537351880475
10 0.6741595787768327 0.8060278207109737 0.007695423248278655 0.0190623390005152
10 0.7102065613608749 0.8057702215352911 0.00688537869582827 0.019577537351880475
10 0.7197245848521668 0.8062854198866564 0.0064803564196030785 0.01854714064914992
1 0.7282300526528959 0.8062854198866564 0.005670311867152693 0.020607934054611025
5 0.8063993519643581 0.8145285935085008 0.06318347509113001 0.0381246780010304
1 0.9825840421223168 0.08268933539412673 0.011340623734305387 0.023183925811437404
10 0.3029566626164439 0.8281813498196806 0.008100445524503848 0.02009273570324575
10 0.5099230457675172 0.8281813498196806 0.008910490076954233 0.0190623390005152
10 0.29424868367760226 0.8284389489953632 0.005265289590927501 0.019577537351880475
10 0.2300526528959093 0.8289541473467285 0.008100445524503848 0.01854714064914992
10 0.31247468610773593 0.8286965481710459 0.00688537869582827 0.02009273570324575
10 0.2754151478331308 0.8292117465224111 0.004860267314702308 0.0190623390005152
10 0.2128392061563386 0.8297269448737764 0.006075334143377886 0.018031942297784646
10 0.24807614418793034 0.8297269448737764 0.00850546780072904 0.017001545595054096
10 0.4933171324422843 0.8302421432251417 0.011340623734305387 0.02730551262235961
1 0.1490481976508708 0.8302421432251417 0.0064803564196030785 0.0211231324059763
10 0.286350749291211 0.8302421432251417 0.005670311867152693 0.0211231324059763
10 0.14034021871202917 0.8302421432251417 0.009315512353179425 0.02009273570324575
1 0.8503442689347914 0.8304997424008244 0.007695423248278655 0.020607934054611025
10 0.8373835560955852 0.848531684698609 0.006075334143377886 0.01751674394641937
10 0.8501417577966788 0.85059247810407 0.0064803564196030785 0.015455950540958269
5 0.6745646010530579 0.854198866563627 0.1535034426893479 0.0865533230293663
10 0.9266909680032401 0.8611540443070582 0.014580801944106925 0.0077279752704791345
10 0.9447144592952612 0.8616692426584235 0.015795868772782502 0.0077279752704791345
1 0.8264479546375051 0.8660484286450283 0.00850546780072904 0.02369912416280268
1 0.7515188335358445 0.8686244204018547 0.0044552450384771165 0.019577537351880475
10 0.8365735115431349 0.868366821226172 0.009315512353179425 0.02009273570324575
10 0.8499392466585662 0.868366821226172 0.00850546780072904 0.02009273570324575
1 0.764277035236938 0.8688820195775373 0.0064803564196030785 0.02009273570324575
1 0.03989469420818145 0.8766099948480165 0.007695423248278655 0.0211231324059763
2 0.32746051032806806 0.8766099948480165 0.5058728230052653 0.04997424008243174
10 0.021061158363710003 0.8768675940236991 0.005670311867152693 0.01854714064914992
10 0.012150668286755772 0.8768675940236991 0.007290400972053463 0.01854714064914992
10 0.03017415957877683 0.8773827923750644 0.00688537869582827 0.01854714064914992
1 0.9499797488861887 0.8794435857805255 0.00688537869582827 0.019577537351880475
10 0.9404617253948967 0.8794435857805255 0.007290400972053463 0.019577537351880475
1 0.9309437019036046 0.8799587841318908 0.00850546780072904 0.02266872746007213
10 0.9222357229647631 0.8802163833075735 0.008910490076954233 0.018031942297784646
1 0.7509113001215066 0.8923235445646573 0.005670311867152693 0.021638330757341576
10 0.7604293236127987 0.89258114374034 0.006075334143377886 0.018031942297784646
10 0.8068043742405833 0.8974755280783101 0.007290400972053463 0.01751674394641937
10 0.7948562170919401 0.8974755280783101 0.00688537869582827 0.01751674394641937
1 0.9791413527744026 0.9021123132405976 0.009315512353179425 0.02266872746007213
1 0.7600243013365735 0.9142194744976816 0.00850546780072904 0.02009273570324575
10 0.8068043742405833 0.9170530654301906 0.007290400972053463 0.01648634724368882
1 0.97893884163629 0.9260690365790829 0.008910490076954233 0.023183925811437404
10 0.43863912515188336 0.9258114374034003 0.007290400972053463 0.01648634724368882
10 0.42972863507492914 0.9260690365790829 0.005670311867152693 0.017001545595054096
10 0.4036046982584042 0.9265842349304482 0.00850546780072904 0.018031942297784646
5 0.9293236127987039 0.09299330242143225 0.0749291211016606 0.10870685213807316
10 0.5562980963953017 0.9273570324574961 0.009315512353179425 0.020607934054611025
10 0.4491697043337384 0.9276146316331788 0.008910490076954233 0.0211231324059763
10 0.4582827055488052 0.9281298299845441 0.00688537869582827 0.018031942297784646
10 0.41170514378290807 0.9283874291602267 0.005265289590927501 0.019577537351880475
10 0.47448359659781286 0.9283874291602267 0.006075334143377886 0.019577537351880475
10 0.5295666261644391 0.9283874291602267 0.00850546780072904 0.01854714064914992
10 0.25658161198865936 0.9283874291602267 0.00850546780072904 0.02369912416280268
10 0.09194005670311867 0.9289026275115919 0.011340623734305387 0.020607934054611025
10 0.12069663831510732 0.9286450283359093 0.008100445524503848 0.023183925811437404
10 0.17618469015795868 0.9286450283359093 0.0064803564196030785 0.018031942297784646
1 0.16707168894289187 0.9289026275115919 0.007695423248278655 0.02472952086553323
1 0.8545970028351559 0.9291602266872746 0.007290400972053463 0.023183925811437404
10 0.15836371000405022 0.9289026275115919 0.0064803564196030785 0.021638330757341576
10 0.4218307006885379 0.9294178258629573 0.00688537869582827 0.021638330757341576
1 0.13102470635884975 0.9299330242143226 0.007695423248278655 0.02266872746007213
10 0.8355609558525718 0.9301906233900051 0.0064803564196030785 0.0190623390005152
10 0.8446739570676387 0.9307058217413704 0.00688537869582827 0.018031942297784646
1 0.8633049817739976 0.9307058217413704 0.007695423248278655 0.023183925811437404
10 0.8718104495747266 0.9314786192684184 0.007695423248278655 0.020607934054611025
1 0.7509113001215066 0.9404945904173106 0.008100445524503848 0.02215352910870685
1 0.7780477926285946 0.9422977846470891 0.008100445524503848 0.021638330757341576
5 0.688537869582827 0.9474497681607419 0.12555690562980965 0.0844925296239052
5 0.6298096395301742 0.095311695002576 0.07209396516808425 0.12364760432766615
2 0.3246253543944917 0.9685729005667182 0.4912920210611584 0.03915507470376095
1 0.751721344673957 0.9721792890262752 0.004050222762251924 0.019577537351880475
10 0.6200891049007695 0.979392065945389 0.005670311867152693 0.019577537351880475
1 0.07513163223977319 0.1056156620298815 0.015795868772782502 0.00927357032457496
10 0.10287565816119887 0.10793405461102525 0.01539084649655731 0.008758371973209686
1 0.979951397326853 0.10947964966512107 0.015795868772782502 0.009788768675940238
1 0.7213446739570676 0.11257083977331273 0.01863102470635885 0.0077279752704791345
1 0.10206561360874848 0.11901081916537867 0.016200891049007696 0.00927357032457496
1 0.07594167679222358 0.1192684183410613 0.019036046982584043 0.010819165378670788
10 0.9815714864317537 0.1213292117465224 0.014985824220332119 0.010819165378670788
1 0.8361684892669097 0.12313240597630087 0.007695423248278655 0.020607934054611025
2 0.3250303766707169 0.12313240597630087 0.4208181449979749 0.04636785162287481
1 0.872620494127177 0.12493560020607934 0.015795868772782502 0.010819165378670788
1 0.9803564196030782 0.13137557959814528 0.01660591332523289 0.014425553838227717
1 0.5840421223167275 0.13884595569294178 0.008100445524503848 0.0211231324059763
10 0.979951397326853 0.16795466254507985 0.013365735115431349 0.013395157135497167
2 0.3250303766707169 0.17053065430190623 0.41028756581611986 0.0381246780010304
10 0.9793438639125152 0.178516228748068 0.01701093560145808 0.006697578567748583
1 0.6723369785338194 0.18109222050489437 0.008100445524503848 0.0211231324059763
1 0.5824220332118266 0.18959299330242144 0.009720534629404616 0.019577537351880475
10 0.9793438639125152 0.1901081916537867 0.014580801944106925 0.0061823802163833074
5 0.7640745240988255 0.19680577022153528 0.12110166059133252 0.1566202988150438
10 0.9787363304981774 0.20041215868109222 0.013365735115431349 0.012364760432766615
10 0.9827865532604293 0.21148892323544566 0.01660591332523289 0.008758371973209686
2 0.31004455245038476 0.21226172076249356 0.5690562980963954 0.03709428129829984
10 0.9823815309842041 0.2269448737764039 0.017415957877683273 0.0077279752704791345
1 0.6921830700688538 0.23621844410097886 0.007290400972053463 0.02009273570324575
1 0.7025111381125962 0.23621844410097886 0.006075334143377886 0.02215352910870685
5 0.6285945727014985 0.23647604327666152 0.07614418793033617 0.11025244719216898
10 0.9827865532604293 0.23724884080370942 0.017415957877683273 0.005667181865018032
1 0.8703928716079384 0.24085522926326636 0.009720534629404616 0.030396702730551263
5 0.9321587687322803 0.24162802679031428 0.06601863102470636 0.1184956208140134
10 0.14074524098825436 0.2444616177228233 0.00850546780072904 0.017001545595054096
10 0.5650060753341434 0.24471921689850593 0.007290400972053463 0.020607934054611025
1 0.15066828675577157 0.2452344152498712 0.008910490076954233 0.021638330757341576
10 0.9833940866747671 0.24781040700669757 0.017820980153908466 0.00824317362184441
2 0.09862292426083434 0.25244719216898504 0.07330903199675982 0.04121586810922205
2 0.43884163628999595 0.256053580628542 0.2134467395706764 0.04121586810922205
10 0.7002835155933577 0.2575991756826378 0.0064803564196030785 0.01648634724368882
10 0.5654110976103686 0.26867594023699126 0.008100445524503848 0.018031942297784646
10 0.5743215876873228 0.26867594023699126 0.005670311867152693 0.018031942297784646
10 0.5469825840421223 0.2704791344667697 0.014175779667881734 0.010303967027305513
1 0.023288780882948563 0.27408552292632665 0.00850546780072904 0.02266872746007213
1 0.0159983799108951 0.273827923750644 0.00688537869582827 0.0190623390005152
1 0.05609558525718915 0.2743431221020093 0.007695423248278655 0.023183925811437404
1 0.047185095180234914 0.2751159196290572 0.007695423248278655 0.021638330757341576
1 0.5830295666261645 0.27563111798042245 0.00688537869582827 0.021638330757341576
10 0.3219927095990279 0.2771767130345183 0.01539084649655731 0.010303967027305513
2 0.22742000810044552 0.2789799072642968 0.17213446739570676 0.04585265327150953
10 0.548602673147023 0.28129829984544047 0.012555690562980963 0.00824317362184441
1 0.8130822195220737 0.28567748583204533 0.01012555690562981 0.018031942297784646
10 0.7057513163223977 0.28593508500772796 0.00688537869582827 0.01854714064914992
10 0.3201701093560146 0.2910870685213807 0.00688537869582827 0.01648634724368882
10 0.5500202511138113 0.29237506439979394 0.012150668286755772 0.008758371973209686
10 0.8847711624139327 0.294435857805255 0.006075334143377886 0.015971148892323546
2 0.09720534629404617 0.29675425038639874 0.07776427703523693 0.03194229778464709
10 0.055690562980963955 0.29726944873776406 0.00688537869582827 0.01854714064914992
10 0.5467800729040098 0.2982998454404946 0.016200891049007696 0.01648634724368882
2 0.4372215471850952 0.2993302421432251 0.21182665046577562 0.0381246780010304
10 0.9866342648845686 0.3083462132921175 0.007290400972053463 0.0190623390005152
2 0.32341028756581613 0.03142709943328181 0.4135277440259214 0.04533745492014426
10 0.3203726204941272 0.3101494075218959 0.005670311867152693 0.01751674394641937
10 0.7555690562980963 0.3104070066975786 0.00688537869582827 0.018031942297784646
5 0.5735115431348724 0.3106646058732612 0.03321182665046578 0.0381246780010304
10 0.7458485216686918 0.31092220504894386 0.00850546780072904 0.017001545595054096
1 0.9572701498582422 0.31452859350850076 0.007695423248278655 0.0211231324059763
10 0.3080194410692588 0.31839258114374036 0.014175779667881734 0.0072127769191138585
10 0.1541109761036857 0.318650180319423 0.014175779667881734 0.010819165378670788
10 0.2914135277440259 0.3196805770221535 0.012555690562980963 0.008758371973209686
10 0.18833535844471447 0.3196805770221535 0.016200891049007696 0.008758371973209686
10 0.17071688942891858 0.31993817619783615 0.014985824220332119 0.00824317362184441
1 0.03442689347914135 0.32199896960329727 0.008910490076954233 0.021638330757341576
1 0.0585257189145403 0.32251416795466253 0.00688537869582827 0.01854714064914992
1 0.015593357634669907 0.32251416795466253 0.00850546780072904 0.02266872746007213
1 0.025111381125961927 0.32251416795466253 0.0064803564196030785 0.020607934054611025
10 0.935803969218307 0.3230293663060278 0.005265289590927501 0.01751674394641937
1 0.04191980558930741 0.32328696548171043 0.007695423248278655 0.0211231324059763
10 0.8201701093560145 0.3240597630087584 0.014580801944106925 0.011334363730036065
10 0.9110976103685703 0.3240597630087584 0.00688537869582827 0.019577537351880475
10 0.9277035236938032 0.3250901597114889 0.007695423248278655 0.01854714064914992
10 0.9200081004455245 0.32663575476558476 0.009315512353179425 0.019577537351880475
10 0.7460510328068044 0.3315301391035549 0.008100445524503848 0.0211231324059763
10 0.7549615228837586 0.33204533745492015 0.007290400972053463 0.018031942297784646
5 0.6338598622924261 0.3317877382792375 0.03078169299311462 0.03503348789283874
10 0.535641960307817 0.33359093250901595 0.007695423248278655 0.018031942297784646
1 0.6545159983799109 0.336424523441525 0.008100445524503848 0.021638330757341576
10 0.8100445524503848 0.34106130860381245 0.014580801944106925 0.012364760432766615
1 0.868570271364925 0.0347758887171561 0.00688537869582827 0.02009273570324575
10 0.8944916970433374 0.3454404945904173 0.01660591332523289 0.008758371973209686
2 0.2891859052247874 0.3475012879958784 0.30619684082624543 0.03760947964966512
10 0.8851761846901579 0.03529108706852138 0.00850546780072904 0.017001545595054096
10 0.5694613203726205 0.3508500772797527 0.005670311867152693 0.015455950540958269
10 0.5617658971243419 0.35110767645543534 0.004860267314702308 0.015971148892323546
10 0.8003240178209802 0.3521380731581659 0.014580801944106925 0.01184956208140134
10 0.5542729850141758 0.3534260690365791 0.009315512353179425 0.014425553838227717
10 0.6425678412312678 0.35522926326635756 0.017415957877683273 0.010819165378670788
10 0.8594572701498583 0.03554868624420402 0.007290400972053463 0.019577537351880475
10 0.8793033616848926 0.03580628541988665 0.007290400972053463 0.02009273570324575
10 0.5370595382746051 0.3562596599690881 0.007290400972053463 0.015971148892323546
10 0.5121506682867558 0.3572900566718186 0.005265289590927501 0.015971148892323546
10 0.5206561360874848 0.3580628541988666 0.005265289590927501 0.020607934054611025
10 0.5279465370595383 0.3588356517259145 0.005265289590927501 0.018031942297784646
10 0.7932361279870392 0.3611540443070582 0.014175779667881734 0.00824317362184441
5 0.09457270149858242 0.3616692426584235 0.06115836371000405 0.0783101494075219
10 0.04637505062778453 0.384080370942813 0.014985824220332119 0.009788768675940238
10 0.16585662211421628 0.3866563626996394 0.00688537869582827 0.0190623390005152
10 0.15633859862292426 0.3866563626996394 0.008910490076954233 0.018031942297784646
10 0.04576751721344674 0.39618753219989694 0.014580801944106925 0.00927357032457496
1 0.22012960712839205 0.4005667181865018 0.006075334143377886 0.02009273570324575
10 0.2509113001215067 0.40159711488923233 0.00688537869582827 0.017001545595054096
10 0.23248278655326043 0.40211231324059765 0.0064803564196030785 0.018031942297784646
10 0.24098825435398946 0.4026275115919629 0.007290400972053463 0.017001545595054096
10 0.1601863102470636 0.40649149922720246 0.00850546780072904 0.019577537351880475
1 0.18185500202511137 0.40649149922720246 0.005670311867152693 0.019577537351880475
10 0.16788173349534224 0.4072642967542504 0.00688537869582827 0.018031942297784646
1 0.1919805589307412 0.4077794951056157 0.007290400972053463 0.023183925811437404
1 0.201093560145808 0.4077794951056157 0.00688537869582827 0.0211231324059763
10 0.14945321992709598 0.40752189592993304 0.008910490076954233 0.01854714064914992
10 0.11583637100040502 0.41318907779495107 0.0064803564196030785 0.019577537351880475
10 0.09740785743215877 0.4144770736733642 0.007695423248278655 0.017001545595054096
10 0.5941676792223572 0.437403400309119 0.016200891049007696 0.00927357032457496
2 0.29060348319157553 0.44049459041731065 0.30498177399756987 0.04636785162287481
1 0.4667881733495342 0.45620814013395156 0.00688537869582827 0.0190623390005152
1 0.02754151478331308 0.4577537351880474 0.01539084649655731 0.008758371973209686
1 0.4576751721344674 0.45826893353941267 0.008910490076954233 0.02215352910870685
1 0.5846496557310652 0.04611025244719217 0.007695423248278655 0.0190623390005152
10 0.027339003645200487 0.46908809891808345 0.014985824220332119 0.008758371973209686
10 0.6385176184690158 0.47990726429675423 0.005265289590927501 0.017001545595054096
10 0.026731470230862697 0.4806800618238022 0.01377075739165654 0.00927357032457496
10 0.6225192385581207 0.4835136527563112 0.0064803564196030785 0.0190623390005152
10 0.6140137707573916 0.48377125193199383 0.005670311867152693 0.01751674394641937
10 0.604293236127987 0.48402885110767646 0.005670311867152693 0.015971148892323546
10 0.20311867152693397 0.48737764039155074 0.006075334143377886 0.020607934054611025
5 0.6652490886998785 0.49021123132405975 0.033616848926690965 0.030396702730551263
10 0.02754151478331308 0.4909840288511077 0.01377075739165654 0.00927357032457496
10 0.975901174564601 0.49407521895929934 0.006075334143377886 0.01751674394641937
1 0.6879303361684893 0.49407521895929934 0.006075334143377886 0.019577537351880475
5 0.08647225597407858 0.4945904173106646 0.09518023491292021 0.09376609994848016
10 0.17233697853381935 0.49871200412158684 0.006075334143377886 0.01751674394641937
10 0.15735115431348723 0.49871200412158684 0.00688537869582827 0.01648634724368882
10 0.1478331308221952 0.49974240082431737 0.0064803564196030785 0.01648634724368882
10 0.1648440664236533 0.49948480164863474 0.005670311867152693 0.017001545595054096
10 0.6103685702713649 0.49974240082431737 0.014580801944106925 0.006697578567748583
10 0.14034021871202917 0.5 0.005265289590927501 0.0190623390005152
10 0.027744025921425677 0.502833590932509 0.014175779667881734 0.00824317362184441
10 0.02713649250708789 0.5131375579598145 0.01539084649655731 0.00824317362184441
10 0.9752936411502633 0.5141679546625451 0.005670311867152693 0.019577537351880475