1 0.9706858407079646 0.5350162866449512 0.04092920353982301 0.02008686210640608
1 0.9585176991150443 0.5700325732899023 0.051991150442477874 0.021715526601520086
1 0.6050884955752213 0.7733441910966341 0.07300884955752213 0.030944625407166124
10 0.6803097345132744 0.8333333333333334 0.05088495575221239 0.06406080347448426
10 0.5625 0.8230184581976113 0.051991150442477874 0.06623235613463627
10 0.5293141592920354 0.8211183496199783 0.05420353982300885 0.06460369163952226
2 0.019358407079646017 0.8127035830618893 0.03871681415929203 0.21498371335504887
2 0.8241150442477876 0.9025515743756786 0.09955752212389381 0.13300760043431054
1 0.9651548672566371 0.09337676438653637 0.03871681415929203 0.023887079261672096
10 0.6952433628318584 0.07057546145494029 0.018805309734513276 0.013029315960912053
10 0.7118362831858407 0.0730184581976113 0.02101769911504425 0.014657980456026058
10 0.5873893805309734 0.07111834961997829 0.01991150442477876 0.014115092290988056
5 0.7190265486725663 0.10097719869706841 0.10398230088495575 0.04668838219326819
1 0.9242256637168141 0.1262214983713355 0.02765486725663717 0.009229098805646038
1 0.5807522123893806 0.09581976112920738 0.022123893805309734 0.017915309446254073
12 0.5243362831858407 0.09609120521172639 0.06637168141592921 0.04125950054288816
10 0.7688053097345132 0.12160694896851248 0.017699115044247787 0.014115092290988056
1 0.6283185840707964 0.10966340933767643 0.048672566371681415 0.031487513572204126
5 0.9170353982300885 0.1490228013029316 0.07300884955752213 0.03854505971769816
2 0.2323008849557522 0.10722041259500543 0.17256637168141592 0.21444082519001087
10 0.5287610619469026 0.14277958740499458 0.017699115044247787 0.013029315960912053
10 0.49944690265486724 0.14277958740499458 0.025442477876106196 0.008686210640608035
10 0.4153761061946903 0.18675352877307275 0.051991150442477874 0.0499457111834962
10 0.45077433628318586 0.19055374592833876 0.04756637168141593 0.0499457111834962