2 0.43417008196721313 0.05092592592592592 0.23616803278688525 0.10185185185185185
1 0.1447233606557377 0.6361882716049383 0.0353483606557377 0.05015432098765432
2 0.6767418032786885 0.07561728395061729 0.24180327868852458 0.13580246913580246
1 0.3199282786885246 0.6797839506172839 0.024077868852459015 0.041666666666666664
1 0.3212090163934426 0.6824845679012346 0.025614754098360656 0.03935185185185185
1 0.21260245901639344 0.6658950617283951 0.01331967213114754 0.013888888888888888
1 0.38729508196721313 0.6940586419753086 0.03278688524590164 0.04861111111111111
1 0.24001024590163936 0.6720679012345679 0.017930327868852458 0.035493827160493825
1 0.38729508196721313 0.6967592592592593 0.028688524590163935 0.041666666666666664
1 0.35348360655737704 0.7037037037037037 0.015368852459016393 0.026234567901234566
1 0.35399590163934425 0.7044753086419753 0.02663934426229508 0.032407407407407406
1 0.2843237704918033 0.7195216049382716 0.007172131147540984 0.016203703703703703
1 0.22925204918032788 0.7133487654320988 0.00973360655737705 0.020833333333333332
1 0.09118852459016394 0.7137345679012346 0.03381147540983607 0.05401234567901234
1 0.08811475409836066 0.7156635802469136 0.02459016393442623 0.04089506172839506
1 0.38729508196721313 0.7704475308641975 0.02663934426229508 0.04243827160493827
1 0.3831967213114754 0.8344907407407407 0.02663934426229508 0.04089506172839506
2 0.8506659836065574 0.13040123456790123 0.08350409836065574 0.1574074074074074
1 0.7722848360655737 0.16242283950617284 0.004610655737704918 0.013117283950617283
5 0.7118340163934426 0.1743827160493827 0.0353483606557377 0.07407407407407407
1 0.9769467213114754 0.2337962962962963 0.010245901639344262 0.009259259259259259
1 0.6854508196721312 0.19135802469135801 0.005122950819672131 0.015432098765432098
1 0.7594774590163934 0.2029320987654321 0.0117827868852459 0.007716049382716049
2 0.20440573770491804 0.19521604938271606 0.2305327868852459 0.3904320987654321
1 0.6111680327868853 0.24189814814814814 0.005122950819672131 0.017746913580246913
1 0.5599385245901639 0.23804012345679013 0.007172131147540984 0.017746913580246913
1 0.5663422131147541 0.23919753086419754 0.007684426229508197 0.018518518518518517
1 0.6214139344262295 0.24845679012345678 0.00819672131147541 0.015432098765432098
1 0.5614754098360656 0.25617283950617287 0.010245901639344262 0.007716049382716049
1 0.6921106557377049 0.27739197530864196 0.010245901639344262 0.010030864197530864
5 0.5858094262295082 0.2665895061728395 0.030225409836065573 0.03935185185185185
1 0.7374487704918032 0.29552469135802467 0.04559426229508197 0.05709876543209876
1 0.5489241803278688 0.2681327160493827 0.007684426229508197 0.014660493827160493
1 0.6175717213114754 0.28587962962962965 0.007684426229508197 0.016203703703703703
5 0.6529200819672131 0.2966820987654321 0.053790983606557374 0.1257716049382716
1 0.5806864754098361 0.28896604938271603 0.0117827868852459 0.011574074074074073
1 0.5642930327868853 0.3090277777777778 0.00665983606557377 0.016203703703703703
1 0.7049180327868853 0.3325617283950617 0.0235655737704918 0.037037037037037035
5 0.5906762295081968 0.3221450617283951 0.025614754098360656 0.033179012345679014
1 0.7663934426229508 0.35223765432098764 0.02971311475409836 0.05787037037037037
1 0.6075819672131147 0.33024691358024694 0.007172131147540984 0.013888888888888888
1 0.8014856557377049 0.3680555555555556 0.03432377049180328 0.07253086419753087
1 0.7374487704918032 0.3576388888888889 0.025102459016393443 0.06095679012345679
1 0.561219262295082 0.33101851851851855 0.007684426229508197 0.013888888888888888
1 0.6060450819672131 0.3881172839506173 0.03278688524590164 0.04938271604938271
1 0.501280737704918 0.4027777777777778 0.0353483606557377 0.05092592592592592
1 0.5079405737704918 0.4548611111111111 0.04252049180327869 0.04861111111111111
5 0.33350409836065575 0.43016975308641975 0.039959016393442626 0.07330246913580248
1 0.9795081967213115 0.5451388888888888 0.027663934426229508 0.04089506172839506
1 0.6308913934426229 0.4895833333333333 0.021004098360655737 0.04243827160493827
5 0.7394979508196722 0.5223765432098766 0.16649590163934427 0.24228395061728394
1 0.42418032786885246 0.49691358024691357 0.014344262295081968 0.033950617283950615
1 0.4016393442622951 0.498070987654321 0.027663934426229508 0.04089506172839506
1 0.5053790983606558 0.5146604938271605 0.0507172131147541 0.06327160493827161
1 0.9720799180327869 0.5929783950617284 0.033299180327868855 0.04552469135802469
5 0.9070184426229508 0.6018518518518519 0.08760245901639344 0.17592592592592593
1 0.2630635245901639 0.5138888888888888 0.02612704918032787 0.033950617283950615
1 0.461577868852459 0.5459104938271605 0.025614754098360656 0.03935185185185185
1 0.43263319672131145 0.5443672839506173 0.021004098360655737 0.031635802469135804
1 0.19313524590163936 0.5127314814814815 0.035860655737704916 0.04861111111111111
5 0.5914446721311475 0.5779320987654321 0.07940573770491803 0.1095679012345679
1 0.2612704918032787 0.5432098765432098 0.015368852459016393 0.029320987654320986
1 0.4969262295081967 0.5844907407407407 0.035860655737704916 0.05941358024691358
1 0.3985655737704918 0.5690586419753086 0.03381147540983607 0.06404320987654322
1 0.429047131147541 0.5914351851851852 0.018954918032786885 0.03935185185185185
1 0.2863729508196721 0.5721450617283951 0.022540983606557378 0.034722222222222224
1 0.46798155737704916 0.6060956790123457 0.033299180327868855 0.04552469135802469
2 0.9549180327868853 0.12229938271604938 0.08913934426229508 0.11805555555555555
1 0.22079918032786885 0.5883487654320988 0.022540983606557378 0.02700617283950617
1 0.19774590163934427 0.5972222222222222 0.007172131147540984 0.016975308641975308
1 0.17981557377049182 0.6060956790123457 0.010245901639344262 0.006944444444444444
1 0.18084016393442623 0.6165123456790124 0.011270491803278689 0.009259259259259259
1 0.21157786885245902 0.6261574074074074 0.02151639344262295 0.02854938271604938