1 0.7200932159502849 0.12841191066997518 0.006732263076126359 0.028535980148883373
1 0.7348524080787157 0.13089330024813894 0.006214396685655101 0.034739454094292806
10 0.905748316934231 0.13399503722084366 0.008285862247540134 0.03225806451612903
1 0.8982392542723977 0.1346153846153846 0.006732263076126359 0.031017369727047148
10 0.2659243915069912 0.1346153846153846 0.006732263076126359 0.031017369727047148
1 0.8267736923873641 0.1358560794044665 0.007767995857068877 0.026054590570719603
1 0.8883997928534438 0.1358560794044665 0.007767995857068877 0.028535980148883373
1 0.8200414293112377 0.13647642679900746 0.007767995857068877 0.02729528535980149
10 0.29026411185914036 0.13647642679900746 0.007767995857068877 0.02977667493796526
10 0.6807353702744692 0.13647642679900746 0.007767995857068877 0.03225806451612903
1 0.8612118073537027 0.13647642679900746 0.0072501294665976174 0.02729528535980149
1 0.8684619368203004 0.13647642679900746 0.0072501294665976174 0.02977667493796526
1 0.8821853961677887 0.13647642679900746 0.006732263076126359 0.02977667493796526
1 0.8544795442775763 0.13647642679900746 0.0072501294665976174 0.02729528535980149
10 0.6732263076126359 0.13771712158808933 0.006214396685655101 0.03225806451612903
1 0.8751941998964268 0.13771712158808933 0.006214396685655101 0.02977667493796526
1 0.7791299844640083 0.13771712158808933 0.006732263076126359 0.02729528535980149
1 0.7853443811496634 0.13709677419354838 0.006732263076126359 0.028535980148883373
1 0.799585706887623 0.13833746898263027 0.0072501294665976174 0.026054590570719603
1 0.8342827550491974 0.13709677419354838 0.0072501294665976174 0.028535980148883373
1 0.84774728120145 0.13771712158808933 0.0072501294665976174 0.02729528535980149
1 0.806576903158985 0.13833746898263027 0.006732263076126359 0.028535980148883373
1 0.813568099430347 0.13833746898263027 0.006214396685655101 0.028535980148883373
1 0.8410150181253236 0.13833746898263027 0.006214396685655101 0.028535980148883373
1 0.7928534438114966 0.13895781637717122 0.006214396685655101 0.02729528535980149
1 0.7581563956499223 0.13957816377171217 0.006214396685655101 0.033498759305210915
1 0.7651475919212843 0.13957816377171217 0.006732263076126359 0.033498759305210915
1 0.7723977213878819 0.13895781637717122 0.005696530295183843 0.03225806451612903
1 0.744432936302434 0.13957816377171217 0.006732263076126359 0.033498759305210915
1 0.7516830657690315 0.1401985111662531 0.005696530295183843 0.03225806451612903
1 0.9171413775245987 0.15694789081885857 0.008285862247540134 0.04590570719602978
10 0.743656136716727 0.17493796526054592 0.0072501294665976174 0.02977667493796526
10 0.7514241325737959 0.17431761786600497 0.006214396685655101 0.028535980148883373
10 0.09632314862765406 0.17431761786600497 0.0072501294665976174 0.033498759305210915
1 0.0859658208182289 0.1761786600496278 0.010357327809425169 0.03970223325062035
10 0.7309684101501812 0.18982630272952852 0.015018125323666495 0.01488833746898263
1 0.8979803210771621 0.2022332506203474 0.006214396685655101 0.034739454094292806
10 0.7314862765406525 0.20905707196029777 0.013982392542723977 0.016129032258064516
1 0.7462454686690834 0.20967741935483872 0.015535991714137753 0.02729528535980149
1 0.3671672708441222 0.2227047146401985 0.013464526152252718 0.018610421836228287
10 0.7317452097358882 0.22952853598014888 0.013464526152252718 0.01488833746898263
10 0.8933195235629208 0.23511166253101737 0.014500258933195235 0.016129032258064516
10 0.36742620403935783 0.2413151364764268 0.013982392542723977 0.018610421836228287
10 0.7307094769549456 0.24751861042183623 0.014500258933195235 0.016129032258064516
1 0.7467633350595546 0.24937965260545905 0.014500258933195235 0.019851116625310174
10 0.8933195235629208 0.25496277915632753 0.013464526152252718 0.018610421836228287
10 0.7307094769549456 0.2661290322580645 0.014500258933195235 0.016129032258064516
5 0.8384256861729674 0.2704714640198511 0.04557224236147074 0.11910669975186104
10 0.930864836872087 0.27109181141439204 0.01605385810460901 0.018610421836228287
10 0.9456240290005179 0.271712158808933 0.014500258933195235 0.017369727047146403
1 0.893837389953392 0.27357320099255583 0.013464526152252718 0.016129032258064516
1 0.8731227343345417 0.28287841191067 0.013464526152252718 0.01488833746898263
1 0.746504401864319 0.2847394540942928 0.013982392542723977 0.018610421836228287
10 0.7312273433454168 0.2859801488833747 0.013464526152252718 0.016129032258064516
10 0.9451061626100467 0.28970223325062033 0.012428793371310202 0.016129032258064516
1 0.9313827032625582 0.29156327543424315 0.013982392542723977 0.019851116625310174
10 0.7312273433454168 0.304590570719603 0.013464526152252718 0.016129032258064516
10 0.9458829621957535 0.30955334987593053 0.015018125323666495 0.018610421836228287
10 0.6794407042982911 0.31699751861042186 0.013464526152252718 0.02357320099255583
10 0.6636457793889177 0.3182382133995037 0.018125323666494046 0.02357320099255583
10 0.6918694976696013 0.3219602977667494 0.006214396685655101 0.028535980148883373
1 0.7467633350595546 0.3232009925558313 0.014500258933195235 0.02109181141439206
10 0.7314862765406525 0.3250620347394541 0.013982392542723977 0.017369727047146403
1 0.9316416364577939 0.3294044665012407 0.013464526152252718 0.02109181141439206
10 0.9461418953909891 0.33002481389578164 0.014500258933195235 0.019851116625310174
10 0.7317452097358882 0.34305210918114143 0.014500258933195235 0.02109181141439206
10 0.9461418953909891 0.34925558312655086 0.013464526152252718 0.018610421836228287
10 0.6706369756602797 0.34987593052109184 0.0072501294665976174 0.03225806451612903
1 0.6631279129984464 0.35049627791563276 0.007767995857068877 0.031017369727047148
1 0.5497151734852408 0.3523573200992556 0.01294665976178146 0.019851116625310174
10 0.5354738477472812 0.3529776674937965 0.014500258933195235 0.018610421836228287
10 0.3511134127395132 0.3629032258064516 0.010357327809425169 0.016129032258064516
1 0.9311237700673226 0.36786600496277916 0.013464526152252718 0.018610421836228287
10 0.9461418953909891 0.36724565756823824 0.014500258933195235 0.017369727047146403
10 0.6996374935266702 0.3715880893300248 0.006214396685655101 0.031017369727047148
1 0.6804764370792336 0.3709677419354839 0.009321595028482652 0.03970223325062035
10 0.6921284308648369 0.3715880893300248 0.007767995857068877 0.031017369727047148
1 0.9192128430864837 0.37655086848635233 0.008285862247540134 0.031017369727047148
1 0.8713102019678923 0.3771712158808933 0.008803728638011392 0.03225806451612903
1 0.8871051268772656 0.37655086848635233 0.0072501294665976174 0.033498759305210915
1 0.8394614189539099 0.37655086848635233 0.008285862247540134 0.031017369727047148
1 0.9026411185914034 0.3771712158808933 0.0072501294665976174 0.03225806451612903
1 0.8549974106680477 0.37779156327543423 0.008285862247540134 0.033498759305210915
1 0.7568617296737442 0.3790322580645161 0.008803728638011392 0.03598014888337469
1 0.7731745209735889 0.3790322580645161 0.009321595028482652 0.033498759305210915
1 0.7900051786639047 0.3790322580645161 0.007767995857068877 0.031017369727047148
1 0.7410668047643708 0.3790322580645161 0.009321595028482652 0.03598014888337469
1 0.8078715691351631 0.37965260545905705 0.0072501294665976174 0.03225806451612903
1 0.6478508544795443 0.38275434243176176 0.0072501294665976174 0.031017369727047148
10 0.6708959088555153 0.38399503722084366 0.007767995857068877 0.031017369727047148
10 0.6631279129984464 0.38399503722084366 0.007767995857068877 0.033498759305210915
10 0.6315380631796996 0.38399503722084366 0.008803728638011392 0.033498759305210915
10 0.6406007250129466 0.38461538461538464 0.006214396685655101 0.034739454094292806
10 0.5326255825996893 0.3883374689826303 0.006732263076126359 0.02977667493796526
10 0.5243397203521492 0.4057071960297767 0.008803728638011392 0.03225806451612903
10 0.8790781978249611 0.4100496277915633 0.006732263076126359 0.028535980148883373
10 0.9104091144484723 0.4106699751861042 0.008285862247540134 0.03225806451612903
10 0.9262040393578457 0.4112903225806452 0.008803728638011392 0.031017369727047148
10 0.8871051268772656 0.4112903225806452 0.0072501294665976174 0.028535980148883373
10 0.8946141895390989 0.4112903225806452 0.007767995857068877 0.031017369727047148
10 0.8625064733298808 0.4119106699751861 0.007767995857068877 0.02977667493796526
10 0.870792335577421 0.4112903225806452 0.007767995857068877 0.031017369727047148
10 0.9026411185914034 0.4112903225806452 0.008285862247540134 0.031017369727047148
10 0.918953909891248 0.4112903225806452 0.007767995857068877 0.03598014888337469
10 0.8552563438632833 0.412531017369727 0.006732263076126359 0.031017369727047148
10 0.8472294148109788 0.4119106699751861 0.0072501294665976174 0.02977667493796526
10 0.8392024857586743 0.4137717121588089 0.007767995857068877 0.031017369727047148
10 0.3516312791299845 0.4137717121588089 0.010357327809425169 0.013647642679900745
10 0.7734334541688245 0.413151364764268 0.006732263076126359 0.02977667493796526
10 0.7990678404971517 0.4137717121588089 0.006214396685655101 0.031017369727047148
10 0.8236664940445365 0.413151364764268 0.007767995857068877 0.02977667493796526
10 0.7900051786639047 0.4137717121588089 0.007767995857068877 0.033498759305210915
10 0.8148627654065251 0.4137717121588089 0.006732263076126359 0.031017369727047148
10 0.7490937338166753 0.4143920595533499 0.006732263076126359 0.03225806451612903
10 0.8306576903158985 0.4150124069478908 0.006214396685655101 0.031017369727047148
10 0.7408078715691352 0.4150124069478908 0.006732263076126359 0.031017369727047148
10 0.7646297255308131 0.4150124069478908 0.006732263076126359 0.028535980148883373
1 0.6789228379078198 0.41563275434243174 0.006214396685655101 0.02977667493796526
10 0.7573795960642155 0.4150124069478908 0.006732263076126359 0.031017369727047148
10 0.6626100466079752 0.4162531017369727 0.007767995857068877 0.028535980148883373
10 0.6711548420507509 0.4162531017369727 0.008285862247540134 0.031017369727047148
10 0.6869497669601243 0.41687344913151364 0.007767995857068877 0.02977667493796526
10 0.6949766960124288 0.4174937965260546 0.008285862247540134 0.031017369727047148
10 0.6548420507509063 0.4174937965260546 0.005696530295183843 0.028535980148883373
10 0.6481097876747799 0.41811414392059554 0.006732263076126359 0.02977667493796526
10 0.5326255825996893 0.42245657568238215 0.006732263076126359 0.028535980148883373
10 0.5248575867426204 0.43796526054590573 0.006732263076126359 0.02977667493796526
5 0.43940963231486274 0.43796526054590573 0.15898498187467633 0.369727047146402
10 0.5331434489901605 0.4522332506203474 0.006732263076126359 0.028535980148883373
10 0.3529259451061626 0.45471464019851116 0.010875194199896427 0.011166253101736972
1 0.6481097876747799 0.45471464019851116 0.005696530295183843 0.031017369727047148
10 0.5248575867426204 0.47022332506203474 0.005696530295183843 0.02977667493796526
10 0.861729673744174 0.47146401985111663 0.0072501294665976174 0.02729528535980149
10 0.8705334023821854 0.47208436724565755 0.0072501294665976174 0.031017369727047148
5 0.2713619886069394 0.4739454094292804 0.09010875194199897 0.21588089330024815
10 0.8534438114966338 0.4739454094292804 0.0072501294665976174 0.02977667493796526
10 0.5334023821853962 0.4838709677419355 0.006214396685655101 0.02729528535980149
1 0.7307094769549456 0.48945409429280395 0.012428793371310202 0.05086848635235732
1 0.746504401864319 0.48945409429280395 0.011910926980838944 0.05086848635235732
10 0.3529259451061626 0.49503722084367247 0.00983946141895391 0.01488833746898263
2 0.33221128948731227 0.05024813895781638 0.14344899016053858 0.07568238213399504
1 0.8296219575349559 0.4981389578163772 0.012428793371310202 0.05334987593052109
10 0.9210253754531331 0.500620347394541 0.00983946141895391 0.05086848635235732
1 0.9414810978767478 0.5031017369727047 0.009321595028482652 0.04094292803970223
1 0.8871051268772656 0.5024813895781638 0.0072501294665976174 0.02977667493796526
10 0.5253754531330916 0.5037220843672456 0.005696530295183843 0.02729528535980149
1 0.9518384256861729 0.5055831265508685 0.010357327809425169 0.038461538461538464
1 0.8521491455204557 0.5074441687344913 0.006732263076126359 0.02977667493796526
1 0.8433454168824444 0.5080645161290323 0.00983946141895391 0.038461538461538464
10 0.8604350077679959 0.5086848635235732 0.006732263076126359 0.02977667493796526
2 0.13982392542723976 0.05148883374689826 0.14293112377006734 0.07568238213399504
1 0.8682030036250648 0.5086848635235732 0.006732263076126359 0.03225806451612903
1 0.8772656654583117 0.5099255583126551 0.009321595028482652 0.03970223325062035
10 0.9104091144484723 0.5099255583126551 0.0072501294665976174 0.02977667493796526
10 0.5334023821853962 0.5161290322580645 0.005178663904712584 0.02977667493796526
1 0.8091662351113412 0.53287841191067 0.013982392542723977 0.018610421836228287
10 0.5256343863283273 0.5347394540942928 0.006214396685655101 0.02729528535980149
1 0.9375970999482134 0.543424317617866 0.006732263076126359 0.02977667493796526
10 0.9306059036768514 0.5446650124069479 0.006214396685655101 0.03225806451612903
10 0.9225789746245469 0.544044665012407 0.007767995857068877 0.028535980148883373
1 0.914810978767478 0.5465260545905707 0.006732263076126359 0.031017369727047148
10 0.9070429829104091 0.5459057071960298 0.007767995857068877 0.02977667493796526
10 0.3560331434489902 0.5465260545905707 0.00983946141895391 0.013647642679900745
10 0.781460383221129 0.5558312655086849 0.009321595028482652 0.038461538461538464
10 0.3555152770585189 0.5614143920595533 0.00983946141895391 0.011166253101736972
10 0.6470740548938374 0.5818858560794045 0.00983946141895391 0.03970223325062035
10 0.21491455204557225 0.5862282878411911 0.008285862247540134 0.028535980148883373
10 0.1986017607457276 0.586848635235732 0.007767995857068877 0.03225806451612903
10 0.20611082340756084 0.5874689826302729 0.0072501294665976174 0.031017369727047148
1 0.9106680476437079 0.597394540942928 0.017089590885551526 0.02357320099255583
5 0.8573278094251683 0.6017369727047146 0.06784049715173485 0.10421836228287841
10 0.3394614189539099 0.6054590570719603 0.015018125323666495 0.017369727047146403
1 0.3537027446918695 0.6060794044665012 0.012428793371310202 0.016129032258064516
10 0.7941481097876748 0.6116625310173698 0.006732263076126359 0.03225806451612903
10 0.8024339720352149 0.6135235732009926 0.006732263076126359 0.033498759305210915
1 0.5354738477472812 0.6160049627791563 0.0072501294665976174 0.033498759305210915
1 0.5277058518902124 0.6166253101736973 0.008285862247540134 0.03225806451612903
1 0.2278612118073537 0.6209677419354839 0.0072501294665976174 0.028535980148883373
1 0.2366649404453651 0.6228287841191067 0.0072501294665976174 0.03225806451612903
10 0.21439668565510098 0.6222084367245657 0.0072501294665976174 0.03598014888337469
10 0.9109269808389435 0.6222084367245657 0.016571724495080268 0.02357320099255583
1 0.35344381149663384 0.6234491315136477 0.011910926980838944 0.013647642679900745
10 0.3394614189539099 0.6234491315136477 0.01294665976178146 0.016129032258064516
1 0.958829621957535 0.6339950372208437 0.022268254790264112 0.02481389578163772
1 0.9205075090626619 0.6507444168734491 0.013982392542723977 0.018610421836228287
1 0.9593474883480062 0.6656327543424317 0.022268254790264112 0.028535980148883373
1 0.40031071983428274 0.6730769230769231 0.008285862247540134 0.033498759305210915
10 0.391765924391507 0.674317617866005 0.006732263076126359 0.031017369727047148
10 0.38373899533920247 0.674937965260546 0.0072501294665976174 0.02977667493796526
1 0.9212843086483687 0.674937965260546 0.013464526152252718 0.017369727047146403
1 0.35422061108234076 0.6774193548387096 0.006214396685655101 0.02481389578163772
12 0.7560849300880372 0.6774193548387096 0.03728638011393061 0.05955334987593052
1 0.36121180735370273 0.6774193548387096 0.005696530295183843 0.02729528535980149
1 0.8257379596064215 0.6916873449131513 0.007767995857068877 0.03598014888337469
1 0.8340238218539617 0.6935483870967742 0.007767995857068877 0.03225806451612903
10 0.8524080787156914 0.6941687344913151 0.0072501294665976174 0.031017369727047148
10 0.8700155359917141 0.6941687344913151 0.0072501294665976174 0.031017369727047148
1 0.8609528741584671 0.6947890818858561 0.007767995857068877 0.03722084367245657
1 0.8430864836872087 0.6947890818858561 0.0072501294665976174 0.03225806451612903
1 0.8798549974106681 0.6960297766749379 0.009321595028482652 0.04218362282878412
1 0.9181771103055412 0.6960297766749379 0.014500258933195235 0.01488833746898263
1 0.9500258933195236 0.6960297766749379 0.006732263076126359 0.03225806451612903
10 0.9334541688244433 0.6978908188585607 0.007767995857068877 0.031017369727047148
10 0.8997928534438115 0.7009925558312655 0.022268254790264112 0.02729528535980149
1 0.47721387881926464 0.7028535980148883 0.008803728638011392 0.033498759305210915
10 0.3689798032107716 0.705955334987593 0.006732263076126359 0.02977667493796526
10 0.36147074054893835 0.7078163771712159 0.006214396685655101 0.028535980148883373
10 0.3845157949249094 0.7084367245657568 0.007767995857068877 0.03225806451612903
10 0.9192128430864837 0.7227047146401985 0.014500258933195235 0.016129032258064516
1 0.4681512169860176 0.7233250620347395 0.009321595028482652 0.03722084367245657
10 0.8997928534438115 0.7307692307692307 0.022268254790264112 0.02481389578163772
10 0.8262558259968928 0.7326302729528535 0.007767995857068877 0.028535980148883373
10 0.8521491455204557 0.7332506203473945 0.007767995857068877 0.03225806451612903
10 0.8340238218539617 0.7338709677419355 0.006732263076126359 0.031017369727047148
1 0.8430864836872087 0.7344913151364765 0.0072501294665976174 0.03225806451612903
1 0.359658208182289 0.7363523573200993 0.013982392542723977 0.016129032258064516
1 0.4779906784049715 0.739454094292804 0.0072501294665976174 0.03225806451612903
10 0.6144484722941481 0.7425558312655087 0.013982392542723977 0.02109181141439206
1 0.359658208182289 0.7555831265508685 0.01294665976178146 0.01488833746898263
1 0.6017607457276023 0.7593052109181141 0.0072501294665976174 0.03970223325062035
1 0.6178146038322113 0.7710918114143921 0.021750388399792854 0.026054590570719603
10 0.4267219057483169 0.7779156327543424 0.006214396685655101 0.02977667493796526
10 0.43500776799585705 0.7772952853598015 0.006214396685655101 0.028535980148883373
10 0.6338684619368203 0.8107940446650124 0.008285862247540134 0.034739454094292806
12 0.6180735370274469 0.8107940446650124 0.018125323666494046 0.03598014888337469
1 0.6776281719316416 0.8107940446650124 0.010875194199896427 0.05086848635235732
1 0.4262040393578457 0.8132754342431762 0.006214396685655101 0.028535980148883373
10 0.3669083376488866 0.8132754342431762 0.006732263076126359 0.026054590570719603
10 0.37441740031071985 0.8126550868486352 0.0072501294665976174 0.02729528535980149
1 0.6620921802175039 0.8138957816377171 0.01294665976178146 0.05459057071960298
10 0.3599171413775246 0.815136476426799 0.006214396685655101 0.02977667493796526
1 0.8881408596582082 0.826302729528536 0.010357327809425169 0.03970223325062035
10 0.42698083894355254 0.8449131513647643 0.007767995857068877 0.03225806451612903
10 0.4342309684101502 0.8461538461538461 0.006732263076126359 0.02729528535980149
10 0.4482133609528742 0.8467741935483871 0.006732263076126359 0.031017369727047148
10 0.4414810978767478 0.8467741935483871 0.004660797514241326 0.028535980148883373
10 0.41895390989124803 0.847394540942928 0.0072501294665976174 0.03225806451612903
1 0.6030554117037804 0.857940446650124 0.010875194199896427 0.043424317617866005
10 0.7216468151216986 0.8622828784119106 0.00983946141895391 0.038461538461538464
10 0.7848265147591921 0.8622828784119106 0.00983946141895391 0.03722084367245657
1 0.6877265665458312 0.8635235732009926 0.016571724495080268 0.017369727047146403
5 0.36328327291558776 0.901985111662531 0.02848265147591921 0.09429280397022333
12 0.6817711030554117 0.9168734491315137 0.056447436561367165 0.08188585607940446
1 0.8415328845157949 0.9193548387096774 0.010357327809425169 0.04218362282878412
1 0.8524080787156914 0.9187344913151365 0.009321595028482652 0.04094292803970223
1 0.7537545313309166 0.9193548387096774 0.00983946141895391 0.04218362282878412
1 0.7423614707405489 0.9212158808933002 0.010875194199896427 0.04094292803970223
12 0.7977731745209736 0.924937965260546 0.038839979285344384 0.07816377171215881
10 0.7700673226307613 0.9547146401985112 0.016571724495080268 0.02357320099255583