5 0.5255511022044088 0.5089285714285714 0.14228456913827656 0.18494897959183673
10 0.019288577154308616 0.6514668367346939 0.011523046092184368 0.013392857142857142
1 0.5984468937875751 0.4968112244897959 0.01753507014028056 0.011479591836734694
1 0.6708416833667334 0.47959183673469385 0.021042084168336674 0.026785714285714284
10 0.6841182364729459 0.477359693877551 0.008517034068136272 0.019770408163265307
10 0.654559118236473 0.4856505102040816 0.009519038076152305 0.019770408163265307
1 0.5889278557114228 0.007334183673469388 0.010521042084168337 0.014668367346938776
1 0.6457915831663327 0.4897959183673469 0.011022044088176353 0.025510204081632654
1 0.6367735470941884 0.49394132653061223 0.012024048096192385 0.022321428571428572
1 0.8532064128256514 0.43526785714285715 0.013026052104208416 0.03125
1 0.8717434869739479 0.43080357142857145 0.011022044088176353 0.024872448979591837
1 0.8181362725450901 0.446109693877551 0.01002004008016032 0.02614795918367347
1 0.8349198396793587 0.4416454081632653 0.010521042084168337 0.023596938775510203
1 0.8900300601202404 0.4263392857142857 0.013527054108216433 0.0274234693877551
1 0.907314629258517 0.4215561224489796 0.013026052104208416 0.026785714285714284
2 0.28256513026052105 0.5911989795918368 0.32064128256513025 0.13010204081632654
10 0.5984468937875751 0.5060586734693877 0.015531062124248497 0.010841836734693877
10 0.0217935871743487 0.6623086734693877 0.012525050100200401 0.010841836734693877
10 0.6946392785571143 0.5009566326530612 0.009519038076152305 0.019770408163265307
1 0.6781062124248497 0.5054209183673469 0.009519038076152305 0.022321428571428572
10 0.6863727454909819 0.5038265306122449 0.009018036072144289 0.01913265306122449
10 0.7019038076152304 0.5 0.009018036072144289 0.01913265306122449
10 0.6688376753507014 0.5092474489795918 0.01002004008016032 0.019770408163265307
1 0.6420340681362725 0.5165816326530612 0.011523046092184368 0.02295918367346939
1 0.6515531062124249 0.5137117346938775 0.009519038076152305 0.022321428571428572
10 0.9842184368737475 0.42538265306122447 0.016533066132264528 0.01403061224489796
10 0.005761523046092184 0.16454081632653061 0.011523046092184368 0.015306122448979591
10 0.6042084168336673 0.5347576530612245 0.01503006012024048 0.01211734693877551
10 0.4133266533066132 0.5864158163265306 0.017034068136272545 0.01594387755102041
10 0.19238476953907815 0.6479591836734694 0.01002004008016032 0.021683673469387755
10 0.18261523046092185 0.6514668367346939 0.010521042084168337 0.019770408163265307
1 0.20090180360721444 0.6460459183673469 0.009018036072144289 0.02040816326530612
1 0.2099198396793587 0.6444515306122449 0.01002004008016032 0.021045918367346938
1 0.8777555110220441 0.4649234693877551 0.014028056112224449 0.029336734693877552
1 0.8957915831663327 0.460140306122449 0.01603206412825651 0.03125
10 0.17459919839679358 0.65625 0.009519038076152305 0.021683673469387755
10 0.9854709418837675 0.43686224489795916 0.017034068136272545 0.012755102040816327
10 0.06688376753507014 0.6849489795918368 0.016533066132264528 0.01403061224489796
1 0.8246492985971944 0.4799107142857143 0.009018036072144289 0.024872448979591837
1 0.8589679358717435 0.4716198979591837 0.014529058116232466 0.0274234693877551
1 0.9128256513026052 0.45663265306122447 0.01603206412825651 0.02806122448979592
1 0.841933867735471 0.47767857142857145 0.012525050100200401 0.026785714285714284
10 0.6047094188376754 0.5462372448979592 0.017034068136272545 0.014668367346938776
1 0.06312625250501001 0.7028061224489796 0.012024048096192385 0.02295918367346939
1 0.07339679358717435 0.7008928571428571 0.010521042084168337 0.02295918367346939
5 0.3847695390781563 0.6186224489795918 0.06412825651302605 0.07270408163265306
10 0.6077154308617234 0.5583545918367347 0.017034068136272545 0.01211734693877551
5 0.32615230460921846 0.6355229591836735 0.05911823647294589 0.07206632653061225
10 0.7327154308617234 0.5277423469387755 0.008517034068136272 0.019770408163265307
10 0.6094689378757515 0.5698341836734694 0.015531062124248497 0.01211734693877551
1 0.9203406813627254 0.4888392857142857 0.013026052104208416 0.028698979591836735
1 0.8657314629258517 0.5044642857142857 0.017034068136272545 0.030612244897959183
1 0.8474448897795591 0.5095663265306123 0.015531062124248497 0.02806122448979592
1 0.8301603206412825 0.5146683673469388 0.012024048096192385 0.025510204081632654
1 0.2532565130260521 0.6705994897959183 0.011523046092184368 0.024872448979591837
5 0.6778557114228457 0.5564413265306123 0.0841683366733467 0.07971938775510204
1 0.8832665330661322 0.5006377551020408 0.011022044088176353 0.02806122448979592
1 0.24473947895791584 0.673469387755102 0.010521042084168337 0.02423469387755102
1 0.9013026052104208 0.49649234693877553 0.013026052104208416 0.0274234693877551
1 0.20791583166332667 0.6846301020408163 0.012024048096192385 0.024872448979591837
10 0.4168336673346693 0.6285076530612245 0.011022044088176353 0.021045918367346938
1 0.2257014028056112 0.6801658163265306 0.011523046092184368 0.02614795918367347
1 0.2001503006012024 0.6878188775510204 0.011523046092184368 0.024872448979591837
1 0.18912825651302606 0.6903698979591837 0.011523046092184368 0.02614795918367347
1 0.16357715430861725 0.6973852040816326 0.009519038076152305 0.023596938775510203
1 0.1533066132264529 0.7002551020408163 0.01002004008016032 0.02295918367346939
1 0.21668336673346694 0.6833545918367347 0.009519038076152305 0.024872448979591837
1 0.3584669338677355 0.6447704081632653 0.011523046092184368 0.025510204081632654
1 0.1718436873747495 0.6957908163265306 0.01002004008016032 0.02295918367346939
1 0.2717935871743487 0.6686862244897959 0.010521042084168337 0.02614795918367347
1 0.1813627254509018 0.6938775510204082 0.009018036072144289 0.021683673469387755
1 0.280811623246493 0.6670918367346939 0.010521042084168337 0.02295918367346939
1 0.23547094188376755 0.6795280612244898 0.01002004008016032 0.024872448979591837
1 0.2612725450901804 0.6721938775510204 0.012525050100200401 0.02295918367346939
1 0.13577154308617234 0.7066326530612245 0.01002004008016032 0.02295918367346939
1 0.14428857715430862 0.704719387755102 0.01002004008016032 0.02295918367346939
10 0.42685370741482964 0.6291454081632653 0.011022044088176353 0.021045918367346938
10 0.4453907815631262 0.6237244897959183 0.01002004008016032 0.02040816326530612
10 0.436372745490982 0.6269132653061225 0.013026052104208416 0.02295918367346939
1 0.4531563126252505 0.623405612244898 0.011523046092184368 0.0274234693877551
10 0.6114729458917836 0.5806760204081632 0.016533066132264528 0.01211734693877551
10 0.7359719438877755 0.548469387755102 0.012024048096192385 0.01913265306122449
10 0.5989478957915831 0.5943877551020408 0.011523046092184368 0.021683673469387755
10 0.7402304609218436 0.5695153061224489 0.009519038076152305 0.017857142857142856
10 0.08366733466933868 0.75 0.01002004008016032 0.01913265306122449
10 0.0909318637274549 0.748405612244898 0.011523046092184368 0.021045918367346938
1 0.9253507014028056 0.5245535714285714 0.01503006012024048 0.029974489795918366
1 0.8697394789579158 0.5395408163265306 0.011022044088176353 0.026785714285714284
1 0.8532064128256514 0.5440051020408163 0.012024048096192385 0.025510204081632654
10 0.9924849699398798 0.5073341836734694 0.008016032064128256 0.01721938775510204
1 0.8359218436873748 0.5494260204081632 0.010521042084168337 0.023596938775510203
1 0.9070641282565131 0.5302933673469388 0.014529058116232466 0.028698979591836735
1 0.8885270541082164 0.5357142857142857 0.011523046092184368 0.025510204081632654
2 0.3181362725450902 0.6906887755102041 0.33867735470941884 0.13010204081632654
1 0.6445390781563126 0.6189413265306123 0.010521042084168337 0.02614795918367347
10 0.6710921843687375 0.6119260204081632 0.008517034068136272 0.019770408163265307
10 0.6798597194388778 0.6100127551020408 0.009018036072144289 0.019770408163265307
10 0.6628256513026052 0.6147959183673469 0.01002004008016032 0.01913265306122449
1 0.7106713426853707 0.6017219387755102 0.009519038076152305 0.022321428571428572
10 0.7209418837675351 0.5994897959183674 0.009018036072144289 0.02040816326530612
10 0.689629258517034 0.6087372448979592 0.009519038076152305 0.019770408163265307
10 0.6978957915831663 0.6065051020408163 0.009018036072144289 0.017857142857142856
1 0.7359719438877755 0.5978954081632653 0.01002004008016032 0.021045918367346938
1 0.7454909819639278 0.5956632653061225 0.012024048096192385 0.025510204081632654
10 0.6347695390781564 0.6259566326530612 0.01002004008016032 0.019770408163265307
10 0.9974949899799599 0.5481505102040817 0.004008016032064128 0.019770408163265307
10 0.6067134268537074 0.6565688775510204 0.01002004008016032 0.019770408163265307
10 0.6147294589178357 0.6543367346938775 0.009018036072144289 0.021683673469387755
2 0.34694388777555113 0.7391581632653061 0.5095190380761523 0.1760204081632653
10 0.6540581162324649 0.6594387755102041 0.01753507014028056 0.01403061224489796
10 0.6943887775551102 0.6654974489795918 0.009018036072144289 0.01594387755102041
10 0.7029058116232465 0.6629464285714286 0.01002004008016032 0.019770408163265307
10 0.7121743486973948 0.6616709183673469 0.010521042084168337 0.021045918367346938
5 0.6680861723446894 0.6830357142857143 0.039579158316633264 0.04591836734693878
10 0.7109218436873748 0.6849489795918368 0.018036072144288578 0.012755102040816327
1 0.7332164328657315 0.6798469387755102 0.010521042084168337 0.02423469387755102
1 0.6923847695390781 0.6906887755102041 0.012024048096192385 0.025510204081632654
10 0.6392785571142284 0.7066326530612245 0.011022044088176353 0.02040816326530612
10 0.6127254509018036 0.7133290816326531 0.01002004008016032 0.019770408163265307
10 0.6204909819639278 0.7123724489795918 0.011523046092184368 0.021683673469387755
10 0.6305110220440882 0.7101403061224489 0.009519038076152305 0.019770408163265307
1 0.312124248496994 0.8007015306122449 0.014028056112224449 0.02614795918367347
1 0.4872244488977956 0.7560586734693877 0.009519038076152305 0.0274234693877551
5 0.0748997995991984 0.8683035714285714 0.08667334669338678 0.25191326530612246
1 0.7089178356713427 0.6970663265306123 0.01903807615230461 0.012755102040816327
5 0.6302605210420842 0.7448979591836735 0.04208416833667335 0.04846938775510204
5 0.7226953907815631 0.7216198979591837 0.039579158316633264 0.04400510204081633
5 0.6761022044088176 0.7346938775510204 0.03657314629258517 0.04336734693877551
10 0.9959919839679359 0.6495535714285714 0.0070140280561122245 0.021045918367346938
10 0.9804609218436874 0.6552933673469388 0.009018036072144289 0.019770408163265307
10 0.9709418837675351 0.6575255102040817 0.01002004008016032 0.01913265306122449
10 0.9894789579158316 0.6536989795918368 0.01002004008016032 0.01913265306122449
1 0.6548096192384769 0.7496811224489796 0.013026052104208416 0.02614795918367347
1 0.7016533066132264 0.7369260204081632 0.011523046092184368 0.023596938775510203
2 0.36197394789579157 0.8332270408163265 0.5095190380761523 0.18176020408163265
2 0.23947895791583165 0.1246811224489796 0.4168336673346693 0.14732142857142858
10 0.9979959919839679 0.6696428571428571 0.003006012024048096 0.017857142857142856
10 0.9932364729458918 0.6721938775510204 0.00751503006012024 0.017857142857142856
10 0.9561623246492986 0.685905612244898 0.00751503006012024 0.01721938775510204
10 0.9481462925851704 0.6887755102040817 0.008517034068136272 0.01913265306122449
10 0.9651803607214429 0.6843112244897959 0.009519038076152305 0.017857142857142856
10 0.6357715430861723 0.7735969387755102 0.017034068136272545 0.01403061224489796
10 0.8917835671342685 0.704719387755102 0.01603206412825651 0.012755102040816327
10 0.9749498997995992 0.6820790816326531 0.009018036072144289 0.019770408163265307
10 0.7319639278557114 0.7531887755102041 0.009018036072144289 0.017857142857142856
10 0.6956412825651302 0.7627551020408163 0.011523046092184368 0.02295918367346939
1 0.7226953907815631 0.7554209183673469 0.009519038076152305 0.022321428571428572
1 0.7412324649298597 0.7509566326530612 0.010521042084168337 0.023596938775510203
1 0.7051603206412825 0.7617984693877551 0.009519038076152305 0.021045918367346938
10 0.7139278557114228 0.7592474489795918 0.011022044088176353 0.021045918367346938
10 0.75 0.7496811224489796 0.01002004008016032 0.021045918367346938
10 0.7592685370741483 0.7471301020408163 0.009519038076152305 0.019770408163265307
1 0.7685370741482966 0.7452168367346939 0.009018036072144289 0.022321428571428572
5 0.8484468937875751 0.7321428571428571 0.06963927855711423 0.0548469387755102
10 0.34519038076152303 0.8823341836734694 0.011022044088176353 0.022321428571428572
10 0.5531062124248497 0.8258928571428571 0.012024048096192385 0.021683673469387755
10 0.3366733466933868 0.8852040816326531 0.008016032064128256 0.02040816326530612
10 0.2725450901803607 0.9027423469387755 0.011022044088176353 0.021045918367346938
10 0.35521042084168336 0.8801020408163265 0.01002004008016032 0.021683673469387755
10 0.3173847695390782 0.890625 0.00751503006012024 0.019770408163265307
10 0.25501002004008017 0.9081632653061225 0.009018036072144289 0.01913265306122449
10 0.2905811623246493 0.8982780612244898 0.011022044088176353 0.018494897959183673
10 0.5368236472945892 0.8325892857142857 0.015531062124248497 0.029974489795918366
1 0.19138276553106212 0.9260204081632653 0.01002004008016032 0.02295918367346939
10 0.3286573146292585 0.889030612244898 0.009018036072144289 0.02295918367346939
10 0.18261523046092185 0.9282525510204082 0.012525050100200401 0.022321428571428572
1 0.8947895791583166 0.7356505102040817 0.011022044088176353 0.022321428571428572
10 0.8847695390781564 0.7576530612244898 0.009018036072144289 0.01913265306122449
10 0.8985470941883767 0.7563775510204082 0.008517034068136272 0.016581632653061226
5 0.7224448897795591 0.8077168367346939 0.1683366733466934 0.12818877551020408
10 0.9767034068136272 0.7461734693877551 0.015531062124248497 0.011479591836734694
10 0.9927354709418837 0.7420280612244898 0.013527054108216433 0.01211734693877551
1 0.8770040080160321 0.7783801020408163 0.012525050100200401 0.02614795918367347
1 0.8023547094188377 0.8010204081632653 0.00751503006012024 0.02040816326530612
10 0.8875250501002004 0.7777423469387755 0.012525050100200401 0.022321428571428572
10 0.9010521042084169 0.7745535714285714 0.011523046092184368 0.022321428571428572
1 0.8148797595190381 0.7978316326530612 0.009519038076152305 0.021683673469387755
1 0.08942885771543087 0.9948979591836735 0.011523046092184368 0.008928571428571428
2 0.3780060120240481 0.9148596938775511 0.5165330661322646 0.1690051020408163
10 0.9934869739478958 0.7611607142857143 0.01002004008016032 0.021045918367346938
1 0.9839679358717435 0.7637117346938775 0.012024048096192385 0.024872448979591837
10 0.9754509018036072 0.7665816326530612 0.012024048096192385 0.02040816326530612
1 0.8051102204408818 0.8249362244897959 0.009018036072144289 0.023596938775510203
10 0.8151302605210421 0.8227040816326531 0.009018036072144289 0.01913265306122449
10 0.8627254509018036 0.8150510204081632 0.01002004008016032 0.01913265306122449
10 0.8507014028056112 0.8188775510204082 0.01002004008016032 0.01913265306122449
1 0.8183867735470942 0.8447066326530612 0.011523046092184368 0.022321428571428572
10 0.8659819639278558 0.8348214285714286 0.009519038076152305 0.017857142857142856
10 0.4977454909819639 0.9432397959183674 0.009519038076152305 0.017857142857142856
10 0.48897795591182364 0.9467474489795918 0.008016032064128256 0.018494897959183673
10 0.4626753507014028 0.9540816326530612 0.011523046092184368 0.02040816326530612
5 0.8509519038076152 0.019770408163265307 0.093687374749499 0.039540816326530615
10 0.6164829659318637 0.9132653061224489 0.012525050100200401 0.02295918367346939
10 0.5082665330661322 0.9422831632653061 0.012525050100200401 0.023596938775510203
10 0.5175350701402806 0.9400510204081632 0.01002004008016032 0.01913265306122449
10 0.47119238476953906 0.953125 0.008517034068136272 0.021045918367346938
10 0.5345691382765531 0.935905612244898 0.009018036072144289 0.021045918367346938
10 0.5894288577154309 0.9215561224489796 0.011523046092184368 0.02040816326530612
10 0.3156312625250501 0.9907525510204082 0.013026052104208416 0.01721938775510204
1 0.9160821643286573 0.8338647959183674 0.010521042084168337 0.024872448979591837
10 0.48171342685370744 0.9508928571428571 0.010521042084168337 0.02295918367346939
10 0.8970440881763527 0.8399234693877551 0.009519038076152305 0.02040816326530612
10 0.906312625250501 0.8380102040816326 0.01002004008016032 0.01913265306122449
1 0.9251002004008017 0.8329081632653061 0.011523046092184368 0.025510204081632654
10 0.9341182364729459 0.8316326530612245 0.011523046092184368 0.02295918367346939
1 0.813376753507014 0.8737244897959183 0.011523046092184368 0.02423469387755102
1 0.8409318637274549 0.8676658163265306 0.011523046092184368 0.023596938775510203
5 0.7520040080160321 0.8976403061224489 0.13927855711422846 0.11798469387755102
5 0.5501002004008017 0.06473214285714286 0.09318637274549098 0.12946428571428573
2 0.39028056112224446 0.9652423469387755 0.5 0.06823979591836735
1 0.8196392785571143 0.9049744897959183 0.0070140280561122245 0.02040816326530612
10 0.689128256513026 0.9480229591836735 0.008517034068136272 0.021045918367346938
1 0.002004008016032064 0.21875 0.004008016032064128 0.01403061224489796
10 0.023296593186372744 0.21301020408163265 0.016533066132264528 0.012755102040816327
1 0.6452905811623246 0.05038265306122449 0.02004008016032064 0.012755102040816327
1 0.024298597194388778 0.22480867346938777 0.01753507014028056 0.013392857142857142
1 0.0045090180360721445 0.2315051020408163 0.009018036072144289 0.016581632653061226
1 0.7622745490981964 0.029336734693877552 0.011523046092184368 0.02295918367346939
2 0.24899799599198397 0.16868622448979592 0.42985971943887774 0.1600765306122449
1 0.7993486973947895 0.021364795918367346 0.01753507014028056 0.014668367346938776
1 0.9085671342685371 0.004145408163265306 0.019539078156312624 0.008290816326530613
1 0.5117735470941884 0.11352040816326531 0.011523046092184368 0.02295918367346939
10 0.9140781563126252 0.03443877551020408 0.015531062124248497 0.016581632653061226
2 0.25701402805611223 0.21556122448979592 0.41783567134268534 0.14923469387755103
10 0.9150801603206413 0.04623724489795918 0.01753507014028056 0.010841836734693877
1 0.6069639278557114 0.13201530612244897 0.011523046092184368 0.02295918367346939
1 0.5182865731462926 0.16454081632653061 0.012525050100200401 0.021683673469387755
10 0.9168336673346693 0.057716836734693876 0.01503006012024048 0.009566326530612245
5 0.7019038076152304 0.12372448979591837 0.14729458917835672 0.19005102040816327
10 0.9180861723446894 0.06792091836734694 0.015531062124248497 0.01594387755102041
10 0.9240981963927856 0.078125 0.01753507014028056 0.013392857142857142
2 0.2687875751503006 0.2617984693877551 0.5375751503006012 0.19196428571428573
10 0.9266032064128257 0.0940688775510204 0.018537074148296594 0.01211734693877551
1 0.6367735470941884 0.18239795918367346 0.01002004008016032 0.021683673469387755
1 0.6475450901803608 0.1795280612244898 0.009519038076152305 0.023596938775510203
5 0.5721442885771543 0.1992984693877551 0.09418837675350701 0.13073979591836735
10 0.9283567134268537 0.10459183673469388 0.018036072144288578 0.01020408163265306
1 0.8161322645290581 0.13807397959183673 0.01503006012024048 0.032525510204081634
5 0.8782565130260521 0.12244897959183673 0.08617234468937876 0.1364795918367347
10 0.08466933867735471 0.3399234693877551 0.011022044088176353 0.01913265306122449
10 0.5105210420841684 0.22544642857142858 0.011022044088176353 0.022321428571428572
1 0.09443887775551102 0.3383290816326531 0.012525050100200401 0.023596938775510203
10 0.9308617234468938 0.11479591836734694 0.01903807615230461 0.012755102040816327
2 0.0435871743486974 0.3596938775510204 0.08016032064128256 0.061224489795918366
2 0.38527054108216435 0.2700892857142857 0.22044088176352705 0.09885204081632654
10 0.6482965931863728 0.20153061224489796 0.009018036072144289 0.017857142857142856
10 0.5145290581162325 0.2493622448979592 0.011022044088176353 0.02040816326530612
10 0.5237975951903807 0.2464923469387755 0.008517034068136272 0.019770408163265307
10 0.4964929859719439 0.2557397959183674 0.01603206412825651 0.01403061224489796
1 0.005260521042084168 0.39285714285714285 0.010521042084168337 0.025510204081632654
1 0.5340681362725451 0.25095663265306123 0.01002004008016032 0.023596938775510203
10 0.2720440881763527 0.3239795918367347 0.017034068136272545 0.01403061224489796
2 0.17710420841683366 0.3517219387755102 0.17985971943887777 0.09247448979591837
10 0.500501002004008 0.2659438775510204 0.014028056112224449 0.011479591836734694
1 0.7660320641282565 0.1992984693877551 0.013026052104208416 0.021045918367346938
10 0.6585671342685371 0.22863520408163265 0.009519038076152305 0.019770408163265307
10 0.2722945891783567 0.3380102040816326 0.009519038076152305 0.017857142857142856
10 0.5035070140280561 0.2771045918367347 0.013026052104208416 0.01211734693877551
10 0.8394288577154309 0.18781887755102042 0.008517034068136272 0.01721938775510204
2 0.04909819639278557 0.40465561224489793 0.08316633266533066 0.05293367346938776
10 0.008266533066132264 0.4161352040816326 0.009519038076152305 0.019770408163265307
10 0.500751503006012 0.2844387755102041 0.018537074148296594 0.02040816326530612
2 0.3912825651302605 0.31441326530612246 0.218436873747495 0.09566326530612244
10 0.9438877755511023 0.1747448979591837 0.01002004008016032 0.02040816326530612
2 0.23296593186372747 0.08067602040816327 0.4218436873747495 0.14987244897959184
10 0.2753006012024048 0.35778061224489793 0.008517034068136272 0.01913265306122449
10 0.7124248496993988 0.23915816326530612 0.01002004008016032 0.01913265306122449
5 0.530060120240481 0.2889030612244898 0.03907815631262525 0.047193877551020405
10 0.7029058116232465 0.2423469387755102 0.011022044088176353 0.01913265306122449
1 0.9158316633266533 0.18877551020408162 0.011022044088176353 0.02295918367346939
10 0.2650300601202405 0.36894132653061223 0.01503006012024048 0.010841836734693877
10 0.11022044088176353 0.41103316326530615 0.01603206412825651 0.014668367346938776
10 0.24824649298597196 0.375 0.013527054108216433 0.011479591836734694
10 0.14453907815631262 0.40274234693877553 0.01753507014028056 0.013392857142857142
10 0.12725450901803606 0.40720663265306123 0.01603206412825651 0.01211734693877551
1 0.014779559118236472 0.4403698979591837 0.009519038076152305 0.019770408163265307
10 0.8957915831663327 0.203125 0.008016032064128256 0.018494897959183673
1 0.0022545090180360722 0.446109693877551 0.0045090180360721445 0.023596938775510203
10 0.779559118236473 0.23533163265306123 0.01603206412825651 0.015306122448979591
10 0.8712424849699398 0.21141581632653061 0.01002004008016032 0.021045918367346938
10 0.8880260521042084 0.20758928571428573 0.010521042084168337 0.019770408163265307
10 0.8805110220440882 0.2110969387755102 0.012525050100200401 0.021683673469387755
10 0.7066633266533067 0.26307397959183676 0.011523046092184368 0.023596938775510203
10 0.7156813627254509 0.2611607142857143 0.010521042084168337 0.019770408163265307
5 0.593937875751503 0.2940051020408163 0.03657314629258517 0.04336734693877551
10 0.4954909819639279 0.3223852040816326 0.01002004008016032 0.019770408163265307
1 0.6154809619238477 0.2930484693877551 0.011523046092184368 0.023596938775510203
10 0.7720440881763527 0.25478316326530615 0.01603206412825651 0.01594387755102041
10 0.8584669338677354 0.23692602040816327 0.01753507014028056 0.013392857142857142
2 0.250751503006012 0.4033801020408163 0.31312625250501 0.12053571428571429
10 0.532565130260521 0.33035714285714285 0.008016032064128256 0.016581632653061226
10 0.5253006012024048 0.33322704081632654 0.00751503006012024 0.01721938775510204
10 0.7647795591182365 0.2688137755102041 0.016533066132264528 0.01594387755102041
10 0.5172845691382766 0.336734693877551 0.011523046092184368 0.016581632653061226
10 0.6067134268537074 0.3156887755102041 0.01903807615230461 0.015306122448979591
10 0.501503006012024 0.34438775510204084 0.01002004008016032 0.017857142857142856
10 0.47645290581162325 0.352359693877551 0.008016032064128256 0.01721938775510204
10 0.4849699398797595 0.3510841836734694 0.009018036072144289 0.022321428571428572
10 0.49223446893787576 0.3494897959183674 0.008517034068136272 0.01913265306122449
10 0.7587675350701403 0.28029336734693877 0.015531062124248497 0.01211734693877551
5 0.057615230460921846 0.46970663265306123 0.07414829659318638 0.09502551020408163
10 0.013026052104208416 0.5060586734693877 0.01603206412825651 0.013392857142857142
10 0.13326653306613226 0.4764030612244898 0.01002004008016032 0.02040816326530612
10 0.12424849699398798 0.4789540816326531 0.012024048096192385 0.02040816326530612
10 0.01503006012024048 0.5178571428571429 0.01603206412825651 0.012755102040816327
1 0.1903807615230461 0.475765306122449 0.009018036072144289 0.021683673469387755
10 0.2216933867735471 0.46779336734693877 0.009519038076152305 0.018494897959183673
10 0.2031563126252505 0.47353316326530615 0.009519038076152305 0.019770408163265307
10 0.21142284569138275 0.4719387755102041 0.01002004008016032 0.01913265306122449
10 0.1310120240480962 0.4968112244897959 0.011523046092184368 0.021683673469387755
1 0.15255511022044088 0.4920280612244898 0.008517034068136272 0.021045918367346938
10 0.13877755511022044 0.4971301020408163 0.01002004008016032 0.019770408163265307
1 0.16332665330661322 0.4901147959183674 0.011022044088176353 0.024872448979591837
1 0.17259519038076152 0.4875637755102041 0.010521042084168337 0.022321428571428572
10 0.12074148296593186 0.5019132653061225 0.012024048096192385 0.02040816326530612
10 0.08817635270541083 0.5162627551020408 0.009018036072144289 0.021045918367346938
10 0.06963927855711423 0.5229591836734694 0.01002004008016032 0.01913265306122449
10 0.5718937875751503 0.4107142857142857 0.01753507014028056 0.01403061224489796
2 0.2680360721442886 0.4961734693877551 0.313627254509018 0.1288265306122449
1 0.4471442885771543 0.4642857142857143 0.009519038076152305 0.02040816326530612
1 0.00876753507014028 0.5841836734693877 0.012525050100200401 0.011479591836734694
1 0.438627254509018 0.46938775510204084 0.012525050100200401 0.02423469387755102
1 0.4967434869739479 0.02040816326530612 0.010521042084168337 0.02040816326530612
10 0.010771543086172345 0.5963010204081632 0.012525050100200401 0.011479591836734694
10 0.623496993987976 0.4413265306122449 0.00751503006012024 0.017857142857142856
10 0.012024048096192385 0.6071428571428571 0.012024048096192385 0.012755102040816327
10 0.6079659318637275 0.44961734693877553 0.009519038076152305 0.02040816326530612
10 0.5994488977955912 0.45153061224489793 0.008517034068136272 0.01913265306122449
10 0.5901803607214429 0.45503826530612246 0.008016032064128256 0.01721938775510204
10 0.18812625250501003 0.5679209183673469 0.009519038076152305 0.022321428571428572
5 0.6520541082164328 0.444515306122449 0.03857715430861723 0.039540816326530615
10 0.014278557114228457 0.6183035714285714 0.012525050100200401 0.01211734693877551
10 0.9644288577154309 0.36415816326530615 0.009018036072144289 0.01913265306122449
1 0.6758517034068137 0.44228316326530615 0.009018036072144289 0.021045918367346938
5 0.07239478957915832 0.6058673469387755 0.11072144288577154 0.11989795918367346
10 0.1593186372745491 0.5867346938775511 0.009018036072144289 0.01913265306122449
10 0.1440380761523046 0.5911989795918368 0.009519038076152305 0.017857142857142856
10 0.1342685370741483 0.5943877551020408 0.009018036072144289 0.017857142857142856
10 0.15130260521042085 0.5902423469387755 0.008016032064128256 0.018494897959183673
10 0.5981963927855711 0.46875 0.01503006012024048 0.01020408163265306
10 0.12725450901803606 0.5972576530612245 0.008016032064128256 0.019770408163265307
10 0.016533066132264528 0.6297831632653061 0.012024048096192385 0.010841836734693877
10 0.018036072144288578 0.6403061224489796 0.012024048096192385 0.011479591836734694
10 0.9671843687374749 0.38424744897959184 0.008517034068136272 0.021045918367346938