2 0.8365320979483786 0.09452054794520548 0.07213765718067505 0.0684931506849315
10 0.31568497683653207 0.1178082191780822 0.008603573792190603 0.010958904109589041
5 0.34497021839841163 0.12876712328767123 0.03673064195896757 0.10593607305936073
10 0.31585043017868963 0.13150684931506848 0.008934480476505625 0.012785388127853882
10 0.3826935804103243 0.13378995433789953 0.008934480476505625 0.026484018264840183
5 0.7677035076108537 0.13515981735159818 0.02316346790205162 0.052968036529680365
10 0.06982131039046989 0.1410958904109589 0.009265387160820648 0.019178082191780823
10 0.10605559232296492 0.1415525114155251 0.009596293845135672 0.02009132420091324
10 0.1186300463269358 0.1410958904109589 0.009596293845135672 0.017351598173515982
10 0.08189940436796823 0.1415525114155251 0.010258107213765718 0.0182648401826484
10 0.09397749834546658 0.14246575342465753 0.009265387160820648 0.02009132420091324
10 0.05542686962276638 0.14337899543378996 0.005625413633355393 0.025570776255707764
10 0.22236929185969556 0.14520547945205478 0.010589013898080741 0.02009132420091324
10 0.19556585043017868 0.14520547945205478 0.010589013898080741 0.021917808219178082
10 0.31601588352084714 0.1461187214611872 0.009927200529450696 0.012785388127853882
10 0.20896757114493714 0.14657534246575343 0.009596293845135672 0.019178082191780823
10 0.31551952349437457 0.16118721461187216 0.010258107213765718 0.011872146118721462
1 0.5794176042356055 0.16757990867579908 0.025810721376571807 0.057534246575342465
10 0.7954996690933157 0.16940639269406393 0.00727994705493051 0.026484018264840183
10 0.3737590999338187 0.17625570776255708 0.009596293845135672 0.012785388127853882
10 0.9859364659166115 0.17990867579908676 0.00628722700198544 0.0273972602739726
10 0.8295830575777631 0.18493150684931506 0.009927200529450696 0.0136986301369863
10 0.8393448047650562 0.18493150684931506 0.009596293845135672 0.0136986301369863
10 0.8196558570483123 0.18538812785388128 0.009265387160820648 0.012785388127853882
10 0.221542025148908 0.18584474885844748 0.010258107213765718 0.021004566210045664
10 0.8590337524818001 0.18584474885844748 0.009265387160820648 0.0136986301369863
10 0.8097286565188617 0.18584474885844748 0.009265387160820648 0.0136986301369863
10 0.8491065519523494 0.18538812785388128 0.009265387160820648 0.012785388127853882
10 0.19556585043017868 0.1872146118721461 0.009927200529450696 0.0182648401826484
10 0.20896757114493714 0.18767123287671234 0.009596293845135672 0.019178082191780823
5 0.7677035076108537 0.20365296803652969 0.02183984116479153 0.05114155251141553
2 0.04169424222369292 0.22420091324200914 0.036399735274652546 0.1780821917808219
1 0.9404367968232958 0.23150684931506849 0.027134348113831898 0.028310502283105023
1 0.8601919258769027 0.23470319634703196 0.009596293845135672 0.012785388127853882
5 0.6762078093977498 0.2589041095890411 0.06254136333553938 0.09954337899543379
1 0.33338848444738584 0.25981735159817354 0.004301786896095301 0.0228310502283105
1 0.32048312375909993 0.26118721461187216 0.004963600264725348 0.0273972602739726
1 0.3271012574454004 0.26073059360730594 0.004963600264725348 0.026484018264840183
10 0.3128722700198544 0.26118721461187216 0.004963600264725348 0.025570776255707764
10 0.765221707478491 0.26575342465753427 0.00628722700198544 0.029223744292237442
10 0.6312045003309067 0.27031963470319637 0.008934480476505625 0.010958904109589041
5 0.8219722038385175 0.2771689497716895 0.042356055592322965 0.07945205479452055
5 0.3939444076770351 0.2821917808219178 0.024156187954996692 0.05114155251141553
5 0.29781601588352086 0.29954337899543376 0.015221707478491065 0.038356164383561646
10 0.7655526141628061 0.29954337899543376 0.00628722700198544 0.0273972602739726
10 0.34215751158173396 0.3 0.003970880211780278 0.024657534246575342
5 0.3544010589013898 0.30091324200913244 0.013236267372600927 0.033789954337899546
1 0.3239576439444077 0.3095890410958904 0.027134348113831898 0.014611872146118721
1 0.07875579086697551 0.3187214611872146 0.022501654533421574 0.0547945205479452
10 0.8472865651886168 0.33059360730593607 0.00628722700198544 0.029223744292237442
10 0.6305426869622767 0.3319634703196347 0.008934480476505625 0.011872146118721462
10 0.4172733289212442 0.3333333333333333 0.007941760423560556 0.012785388127853882
10 0.7653871608206486 0.33515981735159817 0.0066181336863004635 0.0273972602739726
5 0.5102581072137657 0.33744292237442924 0.09927200529450694 0.2730593607305936
10 0.4171078755790867 0.34657534246575344 0.008934480476505625 0.011872146118721462
5 0.21773659827928524 0.3547945205479452 0.033752481800132364 0.154337899543379
5 0.14179351422898742 0.35570776255707764 0.034083388484447384 0.15616438356164383
10 0.4171078755790867 0.36164383561643837 0.009596293845135672 0.014611872146118721
5 0.3931171409662475 0.36712328767123287 0.02183984116479153 0.05114155251141553
10 0.5701522170747849 0.3675799086757991 0.0066181336863004635 0.026484018264840183
5 0.6298808735936466 0.3689497716894977 0.023494374586366645 0.0547945205479452
10 0.765221707478491 0.3684931506849315 0.00628722700198544 0.026484018264840183
5 0.35886829913964263 0.3698630136986301 0.022170747849106553 0.038356164383561646
10 0.60704831237591 0.3721461187214612 0.008934480476505625 0.011872146118721462
5 0.30972865651886167 0.3721461187214612 0.02183984116479153 0.039269406392694065
10 0.4169424222369292 0.37579908675799084 0.009265387160820648 0.011872146118721462
1 0.03888153540701522 0.3835616438356164 0.02018530774321641 0.0547945205479452
10 0.4169424222369292 0.38858447488584474 0.008603573792190603 0.011872146118721462
1 0.0799139642620781 0.39680365296803655 0.01886168100595632 0.053881278538812784
10 0.7655526141628061 0.4045662100456621 0.006949040370615486 0.025570776255707764
10 0.9622766379880874 0.4050228310502283 0.0066181336863004635 0.028310502283105023
10 0.9202514890800794 0.40684931506849314 0.0066181336863004635 0.030136986301369864
10 0.32875579086697554 0.4077625570776256 0.004963600264725348 0.026484018264840183
10 0.849602911978822 0.408675799086758 0.005625413633355393 0.028310502283105023
5 0.30890138980807413 0.4351598173515982 0.022170747849106553 0.03744292237442922
10 0.7650562541363336 0.4365296803652968 0.0066181336863004635 0.025570776255707764
10 0.41545334215751156 0.43789954337899545 0.008934480476505625 0.011872146118721462
5 0.3927862342819325 0.44018264840182647 0.02316346790205162 0.052968036529680365
10 0.2888815354070152 0.44337899543378995 0.005294506949040371 0.024657534246575342
10 0.34116479152878887 0.46301369863013697 0.005294506949040371 0.0273972602739726
10 0.8520847121111846 0.4712328767123288 0.0066181336863004635 0.029223744292237442
10 0.8304103242885507 0.471689497716895 0.006949040370615486 0.026484018264840183
2 0.6191264063534083 0.4785388127853881 0.060225016545334215 0.05114155251141553
1 0.07958305757776307 0.4785388127853881 0.018199867637326273 0.05662100456621005
10 0.9050297816015883 0.4785388127853881 0.0066181336863004635 0.0273972602739726
1 0.03888153540701522 0.47899543378995435 0.018199867637326273 0.05570776255707763
10 0.39295168762409 0.480365296803653 0.009596293845135672 0.014611872146118721
1 0.2473527465254798 0.4817351598173516 0.02614162806088683 0.057534246575342465
1 0.21492389146260754 0.4821917808219178 0.01886168100595632 0.05662100456621005
1 0.13500992720052946 0.4831050228310502 0.02316346790205162 0.058447488584474884
1 0.42736598279285243 0.4849315068493151 0.01753805426869623 0.052968036529680365
5 0.8750827266710788 0.4917808219178082 0.022170747849106553 0.052054794520547946
10 0.8302448709463931 0.5068493150684932 0.00727994705493051 0.0273972602739726
10 0.8524156187954997 0.5068493150684932 0.00727994705493051 0.025570776255707764
10 0.9050297816015883 0.5132420091324201 0.00727994705493051 0.023744292237442923
10 0.13054268696227664 0.5365296803652968 0.00628722700198544 0.026484018264840183
10 0.0971211118464593 0.5365296803652968 0.00628722700198544 0.026484018264840183
10 0.20681667769688947 0.5378995433789955 0.005956320317670417 0.0273972602739726
10 0.16230972865651885 0.5378995433789955 0.00628722700198544 0.0273972602739726
10 0.82180675049636 0.5561643835616439 0.004963600264725348 0.025570776255707764
10 0.8274321641297154 0.55662100456621 0.004963600264725348 0.024657534246575342
10 0.8158504301786896 0.5575342465753425 0.004963600264725348 0.026484018264840183
10 0.8330575777630708 0.5575342465753425 0.004301786896095301 0.026484018264840183
5 0.27663798808735934 0.5684931506849316 0.018530774321641297 0.06484018264840183
10 0.3110522832561218 0.5707762557077626 0.005294506949040371 0.023744292237442923
10 0.29930509596293847 0.5707762557077626 0.004963600264725348 0.025570776255707764
10 0.3054268696227664 0.5712328767123288 0.004632693580410324 0.026484018264840183
10 0.3168431502316347 0.5716894977168949 0.004963600264725348 0.025570776255707764
5 0.7959960291197882 0.5840182648401826 0.02746525479814692 0.053881278538812784
10 0.9048643282594309 0.5894977168949772 0.007610853739245533 0.026484018264840183
5 0.8745863666446062 0.6027397260273972 0.02183984116479153 0.05114155251141553
5 0.33520847121111846 0.6091324200913242 0.026472534745201854 0.052968036529680365
5 0.5043017868960953 0.6164383561643836 0.018530774321641297 0.0639269406392694
5 0.3714427531436135 0.6168949771689498 0.01886168100595632 0.06484018264840183
5 0.5579086697551291 0.617351598173516 0.019192587690271344 0.062100456621004566
5 0.6103573792190602 0.617351598173516 0.01886168100595632 0.062100456621004566
5 0.4513567174056916 0.6178082191780822 0.01786896095301125 0.06484018264840183
5 0.6373262739907346 0.6178082191780822 0.019192587690271344 0.06301369863013699
5 0.4245532759761747 0.617351598173516 0.01786896095301125 0.062100456621004566
5 0.47799470549305095 0.617351598173516 0.019523494374586368 0.062100456621004566
5 0.3982461945731304 0.6178082191780822 0.01886168100595632 0.06118721461187215
5 0.5312706816677697 0.6182648401826484 0.019523494374586368 0.0639269406392694
5 0.5838848444738584 0.6182648401826484 0.018199867637326273 0.0639269406392694
10 0.8327266710787558 0.6191780821917808 0.004963600264725348 0.029223744292237442
10 0.8160158835208471 0.6191780821917808 0.005294506949040371 0.0273972602739726
10 0.8272667107875579 0.6196347031963471 0.004632693580410324 0.028310502283105023
10 0.8219722038385175 0.6196347031963471 0.005294506949040371 0.028310502283105023
10 0.7498345466578424 0.6214611872146119 0.005956320317670417 0.028310502283105023
10 0.6947385837193911 0.6214611872146119 0.005625413633355393 0.024657534246575342
10 0.9051952349437459 0.6246575342465753 0.006949040370615486 0.025570776255707764
10 0.27068166776968894 0.6296803652968036 0.009927200529450696 0.017351598173515982
10 0.2576108537392455 0.630593607305936 0.009596293845135672 0.019178082191780823
10 0.2824288550628723 0.630593607305936 0.010258107213765718 0.019178082191780823
10 0.3113831899404368 0.6360730593607306 0.004632693580410324 0.026484018264840183
10 0.299470549305096 0.6365296803652968 0.004632693580410324 0.025570776255707764
10 0.3168431502316347 0.6360730593607306 0.004301786896095301 0.024657534246575342
10 0.3054268696227664 0.636986301369863 0.004632693580410324 0.026484018264840183
10 0.7508272667107876 0.0639269406392694 0.008603573792190603 0.010958904109589041
10 0.3552283256121774 0.6602739726027397 0.010919920582395765 0.0182648401826484
2 0.04185969556585043 0.691324200913242 0.024818001323626736 0.2374429223744292
2 0.9755129053606882 0.7009132420091324 0.022501654533421574 0.245662100456621
2 0.10555923229649239 0.07534246575342465 0.08868299139642621 0.06301369863013699
10 0.2941760423560556 0.7570776255707763 0.0006618133686300463 0.0018264840182648401
10 0.292686962276638 0.7684931506849315 0.005625413633355393 0.028310502283105023
10 0.09728656518861681 0.7684931506849315 0.009927200529450696 0.0228310502283105
10 0.29798146922567836 0.7684931506849315 0.004963600264725348 0.026484018264840183
10 0.1457643944407677 0.769406392694064 0.009596293845135672 0.019178082191780823
10 0.1214427531436135 0.7703196347031963 0.009927200529450696 0.021004566210045664
10 0.8964262078093977 0.771689497716895 0.009927200529450696 0.02009132420091324
10 0.48510919920582396 0.7721461187214612 0.011250827266710787 0.021004566210045664
10 0.5094308405029782 0.7721461187214612 0.01158173395102581 0.024657534246575342
10 0.9209133024487095 0.7721461187214612 0.010589013898080741 0.021004566210045664
10 0.8724354731965586 0.7721461187214612 0.010258107213765718 0.021004566210045664
10 0.5339179351422899 0.7726027397260274 0.01158173395102581 0.021917808219178082
1 0.4439113170086036 0.7753424657534247 0.02018530774321641 0.06575342465753424
10 0.750992720052945 0.07808219178082192 0.008934480476505625 0.011872146118721462
1 0.8318994043679683 0.7771689497716895 0.021178027796161483 0.06940639269406393
1 0.8477829252150894 0.7808219178082192 0.003970880211780278 0.029223744292237442
1 0.18266048974189278 0.7831050228310502 0.0066181336863004635 0.07579908675799087
10 0.35506287227001987 0.7840182648401827 0.009927200529450696 0.015525114155251141
1 0.4626075446724024 0.7840182648401827 0.005956320317670417 0.028310502283105023
10 0.7643944407677035 0.7867579908675799 0.02183984116479153 0.030136986301369864
1 0.16131700860357379 0.7885844748858447 0.00628722700198544 0.030136986301369864
1 0.5493050959629384 0.7890410958904109 0.005294506949040371 0.0273972602739726
1 0.9364659166115156 0.7908675799086758 0.004632693580410324 0.025570776255707764
10 0.40502978160158837 0.7917808219178082 0.02183984116479153 0.0273972602739726
10 0.35506287227001987 0.7990867579908676 0.009927200529450696 0.012785388127853882
10 0.7819324950363997 0.08127853881278539 0.008603573792190603 0.01643835616438356
10 0.30195234943745863 0.8091324200913242 0.009596293845135672 0.014611872146118721
10 0.3552283256121774 0.8155251141552512 0.010258107213765718 0.014611872146118721
1 0.6292190602250165 0.8155251141552512 0.006949040370615486 0.1004566210045662
5 0.3257776307081403 0.817351598173516 0.025479814692256783 0.05114155251141553
1 0.6662806088682991 0.8187214611872146 0.005625413633355393 0.10684931506849316
1 0.7031767041694242 0.819634703196347 0.007941760423560556 0.108675799086758
10 0.764228987425546 0.8228310502283105 0.021508934480476506 0.029223744292237442
10 0.4051952349437459 0.8273972602739726 0.022170747849106553 0.029223744292237442
10 0.30195234943745863 0.828310502283105 0.009596293845135672 0.014611872146118721
10 0.3553937789543349 0.8310502283105022 0.009927200529450696 0.012785388127853882
10 0.5891793514228988 0.8356164383561644 0.00628722700198544 0.0273972602739726
10 0.5969556585043018 0.8360730593607306 0.005956320317670417 0.028310502283105023
10 0.6047319655857049 0.8360730593607306 0.00628722700198544 0.028310502283105023
10 0.5802448709463931 0.8356164383561644 0.005625413633355393 0.0273972602739726
10 0.3552283256121774 0.8465753424657534 0.009596293845135672 0.012785388127853882
10 0.7758107213765718 0.85662100456621 0.021508934480476506 0.031050228310502283
2 0.5087690271343481 0.8602739726027397 0.10688285903375248 0.10776255707762557
10 0.4053606882859034 0.8621004566210045 0.021178027796161483 0.0273972602739726
10 0.35506287227001987 0.8621004566210045 0.009927200529450696 0.014611872146118721
2 0.12342819324950365 0.8634703196347032 0.10655195234943746 0.09406392694063927
2 0.8962607544672402 0.8648401826484018 0.1029119788219722 0.091324200913242
1 0.4439113170086036 0.8844748858447489 0.010258107213765718 0.033789954337899546
1 0.8280939774983455 0.8885844748858448 0.009596293845135672 0.03287671232876712
2 0.9770019854401059 0.8894977168949771 0.022170747849106553 0.09497716894977169
10 0.7759761747187294 0.891324200913242 0.021178027796161483 0.029223744292237442
1 0.19324950363997354 0.8931506849315068 0.010589013898080741 0.038356164383561646
10 0.4055261416280609 0.897716894977169 0.02084712111184646 0.029223744292237442