10 0.7712369597615499 0.45207311636201514 0.009687034277198211 0.005349977708426215
2 0.020305514157973173 0.45764600980829245 0.02645305514157973 0.08203299152920196
5 0.06818181818181818 0.4592064199732501 0.03204172876304024 0.034774855104770394
1 0.056445603576751116 0.4777084262148908 0.009314456035767511 0.00490414623272403
10 0.8869225037257824 0.5354436023183237 0.010059612518628911 0.005349977708426215
1 0.805886736214605 0.5383415069103878 0.004470938897168405 0.010254123941150245
10 0.8107302533532041 0.53878733838609 0.004470938897168405 0.011145786892554615
10 0.8152011922503726 0.5392331698617923 0.005216095380029807 0.012037449843958983
1 0.8243293591654247 0.5403477485510477 0.004843517138599106 0.012483281319661168
1 0.8586065573770492 0.5407935800267499 0.006333830104321907 0.014266607222469906
1 0.8668032786885246 0.541016495764601 0.006333830104321907 0.012929112795363353
10 0.8869225037257824 0.5414623272403032 0.010059612518628911 0.00490414623272403
1 0.8492921013412816 0.541239411502452 0.005588673621460507 0.015158270173874276
1 0.8332712369597616 0.5416852429781542 0.006333830104321907 0.013374944271065538
1 0.8410953800298062 0.5414623272403032 0.006333830104321907 0.012929112795363353
1 0.8776080476900149 0.5416852429781542 0.004843517138599106 0.012483281319661168
10 0.8872950819672131 0.5470352206865805 0.010804769001490314 0.005349977708426215
10 0.20678092399403875 0.5563976816763263 0.009687034277198211 0.005349977708426215
10 0.19746646795827125 0.5570664288898797 0.00894187779433681 0.00490414623272403
1 0.18759314456035767 0.5568435131520285 0.009314456035767511 0.005349977708426215
5 0.3951192250372578 0.5581810075791351 0.03166915052160954 0.03031654034774855
12 0.3500372578241431 0.5586268390548372 0.05476900149031297 0.045474810521622826
10 0.6801415797317437 0.5595185020062416 0.0033532041728763042 0.01069995541685243
10 0.6756706408345753 0.5599643334819439 0.004843517138599106 0.0115916183682568
10 0.6708271236959762 0.5615247436469015 0.004843517138599106 0.011145786892554615
1 0.24087183308494783 0.5673205528310299 0.02347242921013413 0.02808738296923763
12 0.2129284649776453 0.5740080249665627 0.03464977645305514 0.02719572001783326
10 0.22242921013412817 0.05929558626839055 0.009687034277198211 0.005349977708426215
10 0.1676602086438152 0.05951850200624164 0.004098360655737705 0.011145786892554615
10 0.1721311475409836 0.05974141774409273 0.004098360655737705 0.01069995541685243
10 0.16263040238450074 0.05996433348194383 0.004098360655737705 0.011145786892554615
1 0.15480625931445605 0.5978600089166295 0.0033532041728763042 0.01069995541685243
2 0.09966467958271237 0.5978600089166295 0.03315946348733234 0.0838163174320107
10 0.15108047690014903 0.5983058403923317 0.004843517138599106 0.0115916183682568
10 0.15964977645305514 0.5983058403923317 0.004843517138599106 0.0115916183682568
10 0.146795827123696 0.5985287561301827 0.004470938897168405 0.012037449843958983
1 0.4293964232488823 0.6009808292465448 0.028688524590163935 0.03388319215336603
1 0.07190760059612519 0.6034329023629068 0.004470938897168405 0.010254123941150245
12 0.027198211624441134 0.603878733838609 0.013412816691505217 0.014712438698172091
1 0.23491058122205663 0.603878733838609 0.010059612518628911 0.00490414623272403
2 0.011549925484351714 0.6047703967900133 0.01564828614008942 0.03343736067766384
12 0.3848733233979136 0.6056620597414177 0.05067064083457526 0.04057066428889879
1 0.3194858420268256 0.6058849754792688 0.004843517138599106 0.0115916183682568
10 0.32880029806259314 0.6061078912171199 0.005588673621460507 0.012037449843958983
1 0.24646050670640834 0.6065537226928222 0.004098360655737705 0.011145786892554615
1 0.32470193740685543 0.6067766384306732 0.0026080476900149033 0.0115916183682568
12 0.04992548435171386 0.6139099420419082 0.010432190760059613 0.015158270173874276
1 0.35283159463487335 0.6190370040124833 0.004470938897168405 0.011145786892554615
10 0.47783159463487335 0.6188140882746321 0.004098360655737705 0.01069995541685243
10 0.48640089418777943 0.6190370040124833 0.004098360655737705 0.011145786892554615
1 0.039865871833084945 0.6190370040124833 0.00894187779433681 0.00490414623272403
10 0.47261549925484353 0.6194828354881855 0.004843517138599106 0.012037449843958983
5 0.15238450074515647 0.6194828354881855 0.03278688524590164 0.03165403477485511
1 0.3403502235469449 0.6241640659830584 0.009314456035767511 0.005349977708426215
10 0.19001490312965721 0.06263932233615693 0.010432190760059613 0.00490414623272403
1 0.06743666169895678 0.6272848863129737 0.026825633383010434 0.034774855104770394
1 0.36140089418777943 0.6277307177886758 0.009687034277198211 0.006241640659830584
1 0.3412816691505216 0.6290682122157825 0.010432190760059613 0.005349977708426215
10 0.4731743666169896 0.6301827909050379 0.004470938897168405 0.011145786892554615
10 0.47764530551415796 0.6306286223807401 0.0037257824143070045 0.011145786892554615
10 0.4858420268256334 0.6306286223807401 0.004470938897168405 0.012037449843958983
1 0.34072280178837555 0.6362015158270173 0.00856929955290611 0.006241640659830584
12 0.9426229508196722 0.6366473473027195 0.011922503725782414 0.015158270173874276
12 0.027384500745156484 0.6397681676326349 0.015275707898658718 0.014266607222469906
1 0.15070789865871834 0.6402139991083371 0.004098360655737705 0.0115916183682568
10 0.16225782414307005 0.6404369148461881 0.004843517138599106 0.011145786892554615
10 0.14008941877794337 0.6406598305840392 0.0037257824143070045 0.0115916183682568
2 0.012108792846497764 0.6406598305840392 0.01751117734724292 0.03566651805617477
10 0.14511922503725783 0.6408827463218904 0.004098360655737705 0.011145786892554615
10 0.15592399403874813 0.6411056620597414 0.004098360655737705 0.0115916183682568
10 0.9241803278688525 0.6426660722246991 0.009314456035767511 0.00490414623272403
10 0.2222429210134128 0.06442264823896567 0.009314456035767511 0.00490414623272403
1 0.3835692995529061 0.6495764600980829 0.027198211624441134 0.03299152920196166
1 0.22093889716840537 0.6502452073116362 0.010432190760059613 0.0057958091841284
10 0.49944113263785395 0.06576014266607222 0.010059612518628911 0.004012483281319661
5 0.2406855439642325 0.06620597414177441 0.026825633383010434 0.024520731163620153
1 0.3403502235469449 0.6567097637093179 0.009314456035767511 0.005349977708426215
10 0.16449329359165424 0.6582701738742756 0.005588673621460507 0.012929112795363353
1 0.031110283159463487 0.6647347302719572 0.009314456035767511 0.005349977708426215
5 0.28688524590163933 0.06709763709317877 0.02384500745156483 0.02541239411502452
1 0.33997764530551416 0.6725367810967454 0.00856929955290611 0.0057958091841284
1 0.42921013412816694 0.6738742755238519 0.030551415797317436 0.03522068658047258
2 0.01564828614008942 0.6743201069995541 0.022354694485842028 0.03165403477485511
10 0.3401639344262295 0.6776638430673205 0.009687034277198211 0.004458314757021846
5 0.2807377049180328 0.6792242532322782 0.10767511177347243 0.12617030762371823
5 0.1646795827123696 0.6794471689701292 0.03427719821162444 0.029424877396344182
2 0.09780178837555886 0.6798930004458315 0.030923994038748136 0.08114132857779759
10 0.3401639344262295 0.6830138207757468 0.009687034277198211 0.006241640659830584
1 0.22056631892697467 0.6832367365135978 0.00894187779433681 0.0057958091841284
10 0.22056631892697467 0.6890325456977262 0.00894187779433681 0.004012483281319661
10 0.3405365126676602 0.6912617030762371 0.009687034277198211 0.0057958091841284
1 0.35562593144560356 0.6917075345519393 0.009314456035767511 0.00490414623272403
10 0.2088301043219076 0.6917075345519393 0.010059612518628911 0.006687472135532769
10 0.22019374068554395 0.6961658493089612 0.009687034277198211 0.00490414623272403
1 0.34072280178837555 0.6968345965225144 0.009314456035767511 0.004458314757021846
10 0.14809985096870343 0.06999554168524298 0.004843517138599106 0.0115916183682568
10 0.419709388971684 0.06999554168524298 0.004843517138599106 0.0115916183682568
10 0.16859165424739195 0.700624164065983 0.005588673621460507 0.011145786892554615
10 0.15666915052160954 0.700401248328132 0.004098360655737705 0.00980829246544806
10 0.22019374068554395 0.7015158270173875 0.009687034277198211 0.0057958091841284
10 0.3409090909090909 0.7019616584930896 0.009687034277198211 0.00490414623272403
10 0.22019374068554395 0.7070887204636648 0.009687034277198211 0.005349977708426215
10 0.3403502235469449 0.7075345519393669 0.009314456035767511 0.005349977708426215
10 0.12593144560357675 0.7082032991529202 0.009687034277198211 0.00490414623272403
10 0.22019374068554395 0.7122157824342399 0.009687034277198211 0.004012483281319661
12 0.17455290611028315 0.7144449398127508 0.010059612518628911 0.013820775746767721
1 0.3405365126676602 0.7168970129291128 0.00894187779433681 0.005349977708426215
1 0.15499254843517138 0.7171199286669638 0.004470938897168405 0.012929112795363353
10 0.22056631892697467 0.717565760142666 0.00894187779433681 0.00490414623272403
2 0.7162816691505216 0.719794917521177 0.5346497764530551 0.029870708872046365
10 0.34072280178837555 0.7220240748996879 0.010059612518628911 0.0057958091841284
10 0.22019374068554395 0.722246990637539 0.009687034277198211 0.004458314757021846
1 0.12518628912071536 0.7240303165403478 0.00819672131147541 0.004458314757021846
10 0.22019374068554395 0.7275969683459652 0.00894187779433681 0.005349977708426215
10 0.21982116244411326 0.7333927775300936 0.009687034277198211 0.005349977708426215
1 0.2092026825633383 0.734284440481498 0.009314456035767511 0.004458314757021846
10 0.22000745156482862 0.7387427552385198 0.009314456035767511 0.005349977708426215
1 0.10991058122205663 0.739188586714222 0.03278688524590164 0.03209986625055729
10 0.4996274217585693 0.07445385644226482 0.009687034277198211 0.004458314757021846
1 0.2321162444113264 0.7481052162282658 0.0037257824143070045 0.01069995541685243
10 0.26620715350223545 0.7483281319661168 0.004098360655737705 0.012037449843958983
1 0.23602831594634874 0.7483281319661168 0.004098360655737705 0.010254123941150245
10 0.22708643815201193 0.748773963441819 0.004843517138599106 0.011145786892554615
1 0.24049925484351714 0.7489968791796701 0.004098360655737705 0.00980829246544806
10 0.2615499254843517 0.7492197949175212 0.0037257824143070045 0.012037449843958983
10 0.27533532041728764 0.7492197949175212 0.004470938897168405 0.012037449843958983
1 0.24906855439642325 0.7492197949175212 0.0033532041728763042 0.012037449843958983
1 0.25353949329359166 0.7494427106553723 0.004098360655737705 0.012483281319661168
1 0.2570789865871833 0.7496656263932233 0.0037257824143070045 0.012929112795363353
10 0.2799925484351714 0.7496656263932233 0.004843517138599106 0.011145786892554615
1 0.24478390461997018 0.7492197949175212 0.004470938897168405 0.010254123941150245
1 0.2706780923994039 0.7496656263932233 0.004098360655737705 0.012037449843958983
1 0.31184798807749625 0.7494427106553723 0.005216095380029807 0.00980829246544806
2 0.7136736214605067 0.7521176995095854 0.5294336810730254 0.03388319215336603
12 0.39940387481371087 0.7605884975479269 0.022354694485842028 0.04190815871600535
12 0.42921013412816694 0.7612572447614802 0.02608047690014903 0.04235399019170753
10 0.2788748137108793 0.7619259919750334 0.010804769001490314 0.005349977708426215
10 0.29433681073025336 0.7650468123049488 0.005216095380029807 0.0115916183682568
1 0.1343144560357675 0.7666072224699064 0.009314456035767511 0.00490414623272403
1 0.2807377049180328 0.7712884529647793 0.004843517138599106 0.0115916183682568
1 0.2758941877794337 0.7712884529647793 0.004098360655737705 0.0115916183682568
10 0.044150521609538 0.7746321890325457 0.010059612518628911 0.00490414623272403
10 0.043964232488822655 0.7810967454302273 0.009687034277198211 0.006241640659830584
12 0.9588301043219076 0.7837717342844405 0.029433681073025336 0.028533214444939812
1 0.40704172876304023 0.7860008916629514 0.010059612518628911 0.006241640659830584
12 0.09631147540983606 0.7906821221578243 0.013040238450074515 0.014712438698172091
12 0.08271236959761549 0.7911279536335265 0.012667660208643815 0.014712438698172091
2 0.019187779433681072 0.7920196165849309 0.03315946348733234 0.20641997325011147
10 0.43982861400894185 0.7931341952741864 0.010059612518628911 0.006241640659830584
1 0.3701564828614009 0.7933571110120374 0.03390461997019374 0.04235399019170753
2 0.2539120715350224 0.796923762817655 0.01602086438152012 0.06553722692822113
2 0.22391952309985097 0.7973695942933571 0.01639344262295082 0.06553722692822113
5 0.4105812220566319 0.8011591618368257 0.023099850968703428 0.0231832367365136
1 0.43405365126676604 0.804279982166741 0.00819672131147541 0.004458314757021846
12 0.11698956780923994 0.806732055283103 0.011177347242921014 0.01560410164957646
10 0.113822652757079 0.0809184128399465 0.010059612518628911 0.0057958091841284
12 0.10357675111773472 0.8080695497102095 0.011922503725782414 0.01649576460098083
12 0.09109538002980626 0.8082924654480607 0.012295081967213115 0.016049933125278644
10 0.4295827123695976 0.8096299598751672 0.00819672131147541 0.004458314757021846
5 0.15108047690014903 0.8118591172536781 0.044336810730253355 0.06241640659830584
10 0.43908345752608047 0.8143111903700401 0.010059612518628911 0.0057958091841284
10 0.4293964232488823 0.8143111903700401 0.00856929955290611 0.004012483281319661
2 0.7222429210134128 0.8154257690592955 0.5450819672131147 0.03209986625055729
1 0.39809985096870343 0.8156486847971467 0.009314456035767511 0.00490414623272403
10 0.11736214605067063 0.8178778421756576 0.009687034277198211 0.00490414623272403
10 0.18293591654247393 0.8189924208649131 0.005216095380029807 0.012483281319661168
10 0.4293964232488823 0.8194382523406153 0.009314456035767511 0.005349977708426215
10 0.10637108792846497 0.8230049041462327 0.004843517138599106 0.0115916183682568
10 0.10208643815201192 0.8234507356219349 0.004470938897168405 0.0115916183682568
1 0.11717585692995529 0.8238965670976371 0.009314456035767511 0.006241640659830584
10 0.42492548435171384 0.8303611234953188 0.010059612518628911 0.0057958091841284
12 0.4374068554396423 0.830806954971021 0.012667660208643815 0.014712438698172091
10 0.4463487332339791 0.8343736067766384 0.004470938897168405 0.012037449843958983
12 0.4232488822652757 0.8412839946500222 0.012667660208643815 0.012483281319661168
12 0.437779433681073 0.845296477931342 0.011177347242921014 0.015158270173874276
10 0.44597615499254845 0.8468568880962996 0.004470938897168405 0.012037449843958983
10 0.4990685543964232 0.08493089612126616 0.00856929955290611 0.0057958091841284
2 0.7233606557377049 0.8481943825234062 0.543591654247392 0.03522068658047258
12 0.3582339791356185 0.8528756130182791 0.01825633383010432 0.03031654034774855
12 0.3779806259314456 0.8530985287561302 0.01825633383010432 0.02808738296923763
10 0.13859910581222057 0.8546589389210878 0.004470938897168405 0.0115916183682568
1 0.147354694485842 0.85510477039679 0.004098360655737705 0.0115916183682568
10 0.1587183308494784 0.855327686134641 0.0037257824143070045 0.010254123941150245
10 0.113822652757079 0.08604547481052162 0.010059612518628911 0.006241640659830584
1 0.0786140089418778 0.8571110120374499 0.009687034277198211 0.0057958091841284
12 0.22559612518628913 0.862460989745876 0.011549925484351714 0.01560410164957646
12 0.23714605067064085 0.862460989745876 0.012295081967213115 0.014712438698172091
12 0.27347242921013415 0.862238074008025 0.011177347242921014 0.016049933125278644
12 0.4269746646795827 0.8626839054837272 0.013412816691505217 0.015158270173874276
12 0.24981371087928464 0.862460989745876 0.011549925484351714 0.01649576460098083
12 0.2615499254843517 0.8626839054837272 0.011922503725782414 0.016049933125278644
10 0.21646795827123697 0.8635755684351315 0.004470938897168405 0.0115916183682568
10 0.14400149031296572 0.08649130628622381 0.010059612518628911 0.004458314757021846
10 0.4977645305514158 0.8678109674543023 0.0037257824143070045 0.010254123941150245
10 0.5020491803278688 0.8678109674543023 0.004843517138599106 0.011145786892554615
12 0.07973174366616989 0.8691484618814088 0.011177347242921014 0.01560410164957646
10 0.24198956780923994 0.08738296923762817 0.004843517138599106 0.01069995541685243
10 0.07097615499254843 0.8704859563085153 0.004843517138599106 0.012037449843958983
10 0.22540983606557377 0.876727596968346 0.004470938897168405 0.010254123941150245
10 0.24795081967213115 0.876727596968346 0.004843517138599106 0.011145786892554615
10 0.23491058122205663 0.8769505127061971 0.004843517138599106 0.0115916183682568
10 0.22112518628912073 0.8769505127061971 0.004098360655737705 0.0115916183682568
10 0.2395678092399404 0.8771734284440481 0.004470938897168405 0.011145786892554615
10 0.23025335320417287 0.8771734284440481 0.004470938897168405 0.012037449843958983
10 0.2162816691505216 0.8771734284440481 0.004098360655737705 0.011145786892554615
10 0.24347988077496274 0.8771734284440481 0.004843517138599106 0.011145786892554615
10 0.2667660208643815 0.8771734284440481 0.005961251862891207 0.011145786892554615
10 0.25745156482861403 0.8773963441818993 0.005216095380029807 0.0115916183682568
10 0.26229508196721313 0.8776192599197503 0.004470938897168405 0.011145786892554615
10 0.2757078986587183 0.8773963441818993 0.004470938897168405 0.012483281319661168
10 0.27142324888226527 0.8773963441818993 0.004843517138599106 0.01069995541685243
10 0.2529806259314456 0.8778421756576015 0.004470938897168405 0.0115916183682568
10 0.15145305514157972 0.8858671422202408 0.010059612518628911 0.006241640659830584
10 0.16095380029806258 0.8856442264823896 0.009687034277198211 0.004012483281319661
10 0.8224664679582713 0.8925546143557735 0.0033532041728763042 0.00980829246544806
10 0.8355067064083458 0.8925546143557735 0.004098360655737705 0.012483281319661168
10 0.8179955290611028 0.8930004458314758 0.004843517138599106 0.0115916183682568
10 0.8550670640834576 0.8927775300936246 0.004470938897168405 0.011145786892554615
10 0.8904619970193741 0.8927775300936246 0.0037257824143070045 0.011145786892554615
10 0.8679210134128167 0.8932233615693268 0.005588673621460507 0.011145786892554615
10 0.8448211624441133 0.8932233615693268 0.004843517138599106 0.011145786892554615
10 0.8500372578241431 0.8932233615693268 0.004843517138599106 0.011145786892554615
10 0.8591654247391952 0.8930004458314758 0.0037257824143070045 0.0115916183682568
10 0.9036885245901639 0.8930004458314758 0.005588673621460507 0.0115916183682568
1 0.1358047690014903 0.8932233615693268 0.0033532041728763042 0.010254123941150245
10 0.8811475409836066 0.8934462773071778 0.004470938897168405 0.0115916183682568
10 0.23137108792846497 0.8932233615693268 0.004470938897168405 0.011145786892554615
10 0.8990312965722802 0.893669193045029 0.0037257824143070045 0.011145786892554615
10 0.23640089418777943 0.8934462773071778 0.004098360655737705 0.0115916183682568
10 0.8761177347242921 0.893669193045029 0.004098360655737705 0.011145786892554615
10 0.11195976154992549 0.8934462773071778 0.004098360655737705 0.01069995541685243
10 0.12593144560357675 0.8938921087828801 0.005216095380029807 0.0115916183682568
10 0.14046199701937406 0.8938921087828801 0.004470938897168405 0.01069995541685243
10 0.2406855439642325 0.8938921087828801 0.004470938897168405 0.013374944271065538
10 0.12090163934426229 0.8941150245207312 0.004843517138599106 0.012037449843958983
10 0.13077496274217584 0.8938921087828801 0.005216095380029807 0.0115916183682568
10 0.11624441132637854 0.8941150245207312 0.004470938897168405 0.011145786892554615
10 0.1443740685543964 0.8941150245207312 0.004098360655737705 0.011145786892554615
10 0.15331594634873325 0.8941150245207312 0.004843517138599106 0.010254123941150245
10 0.1739940387481371 0.8941150245207312 0.004470938897168405 0.011145786892554615
1 0.16002235469448584 0.8943379402585823 0.004098360655737705 0.00980829246544806
10 0.16933681073025336 0.8941150245207312 0.004098360655737705 0.010254123941150245
1 0.16449329359165424 0.8945608559964333 0.004098360655737705 0.009362460989745877
10 0.19504470938897167 0.8943379402585823 0.004843517138599106 0.012483281319661168
10 0.18666169895678092 0.8947837717342845 0.0037257824143070045 0.01069995541685243
10 0.35171385991058124 0.8950066874721355 0.004470938897168405 0.011145786892554615
10 0.371274217585693 0.8950066874721355 0.004098360655737705 0.011145786892554615
10 0.14884500745156484 0.8950066874721355 0.004098360655737705 0.011145786892554615
10 0.36475409836065575 0.8952296032099867 0.005216095380029807 0.0115916183682568
10 0.3472429210134128 0.8952296032099867 0.005216095380029807 0.01069995541685243
10 0.5482488822652757 0.8987962550156041 0.00856929955290611 0.004458314757021846
10 0.5672503725782414 0.8990191707534552 0.010059612518628911 0.0057958091841284
10 0.5575633383010432 0.8987962550156041 0.009314456035767511 0.004458314757021846
10 0.5389344262295082 0.8990191707534552 0.010059612518628911 0.00490414623272403
10 0.49944113263785395 0.09005795809184128 0.009314456035767511 0.005349977708426215
10 0.8057004470938898 0.903254569772626 0.009314456035767511 0.004458314757021846
10 0.8179955290611028 0.9068212215782434 0.009314456035767511 0.005349977708426215
10 0.805886736214605 0.9090503789567543 0.009687034277198211 0.005349977708426215
10 0.805886736214605 0.9141774409273294 0.009687034277198211 0.0057958091841284
2 0.3215350223546945 0.9213107445385644 0.19523099850968703 0.04235399019170753
10 0.9159836065573771 0.9219794917521177 0.010059612518628911 0.005349977708426215
2 0.5163934426229508 0.9222024074899688 0.19448584202682564 0.04413731609451627
2 0.15629657228017885 0.9228711547035221 0.13524590163934427 0.04101649576460098
10 0.9157973174366617 0.9271065537226928 0.009687034277198211 0.00490414623272403
10 0.9288375558867362 0.927775300936246 0.009687034277198211 0.005349977708426215
10 0.9159836065573771 0.9324565314311191 0.009314456035767511 0.00490414623272403
5 0.8679210134128167 0.9378065091395452 0.080849478390462 0.0753455193936692
10 0.8174366616989568 0.9592064199732501 0.009687034277198211 0.00490414623272403
10 0.8079359165424739 0.9596522514489523 0.00856929955290611 0.0057958091841284
10 0.8176229508196722 0.9647793134195274 0.009314456035767511 0.005349977708426215
10 0.8658718330849479 0.9783771734284441 0.009687034277198211 0.0057958091841284
10 0.8757451564828614 0.9781542576905929 0.010059612518628911 0.006241640659830584
10 0.8947466467958272 0.9783771734284441 0.010804769001490314 0.007579135086937138
10 0.07917287630402385 0.09808292465448061 0.005588673621460507 0.012483281319661168
2 0.020678092399403873 0.10008916629514043 0.03166915052160954 0.07891217119928667
10 0.14157973174366617 0.1043245653143112 0.009687034277198211 0.005349977708426215
10 0.9245529061102832 0.10900579580918413 0.010059612518628911 0.00490414623272403
10 0.1413934426229508 0.10922871154703521 0.009314456035767511 0.004458314757021846
10 0.9131892697466468 0.10945162728488632 0.009687034277198211 0.00490414623272403
10 0.4988822652757079 0.11190370040124833 0.00894187779433681 0.004458314757021846
5 0.28912071535022354 0.11390994204190816 0.05886736214605067 0.06999554168524298
10 0.14195230998509686 0.11457868925546144 0.009687034277198211 0.005349977708426215
10 0.9135618479880775 0.11502452073116362 0.009687034277198211 0.0035666518056174765
10 0.9239940387481371 0.11524743646901471 0.00894187779433681 0.0057958091841284
5 0.18181818181818182 0.11569326794471689 0.06333830104321908 0.09942041908158716
10 0.9021982116244411 0.12193490860454748 0.009314456035767511 0.0057958091841284
5 0.09817436661698957 0.12594739188586715 0.03390461997019374 0.03878733838609006
10 0.14120715350223548 0.12617030762371823 0.010432190760059613 0.005349977708426215
10 0.49850968703427717 0.1270619705751226 0.00894187779433681 0.005349977708426215
10 0.8906482861400894 0.1275078020508248 0.00856929955290611 0.005349977708426215
10 0.9016393442622951 0.12906821221578244 0.00819672131147541 0.00490414623272403
10 0.5201192250372578 0.12973695942933572 0.00894187779433681 0.005349977708426215
10 0.5100596125186289 0.1299598751671868 0.00894187779433681 0.0057958091841284
10 0.14064828614008942 0.13174320106999554 0.00856929955290611 0.00490414623272403
10 0.8900894187779433 0.13397235844850647 0.00894187779433681 0.00490414623272403
10 0.9027570789865872 0.13374944271065536 0.009687034277198211 0.004458314757021846
5 0.8684798807749627 0.1355327686134641 0.030551415797317436 0.03209986625055729
10 0.5555141579731744 0.13909942041908158 0.0037257824143070045 0.012483281319661168
10 0.5096870342771982 0.13999108337048596 0.00894187779433681 0.004458314757021846
10 0.5199329359165424 0.14088274632189032 0.010059612518628911 0.006241640659830584
10 0.540424739195231 0.14935354436023182 0.010804769001490314 0.005349977708426215
10 0.25055886736214605 0.1500222915737851 0.00856929955290611 0.00490414623272403
10 0.6141952309985097 0.15180561747659385 0.009314456035767511 0.0057958091841284
10 0.6058122205663189 0.15381185911725367 0.0037257824143070045 0.01069995541685243
10 0.12257824143070045 0.15448060633080696 0.00894187779433681 0.006687472135532769
10 0.5724664679582713 0.15425769059295585 0.004843517138599106 0.01069995541685243
10 0.5642697466467959 0.15470352206865803 0.0033532041728763042 0.01069995541685243
10 0.07730998509687034 0.15492643780650914 0.004098360655737705 0.011145786892554615
10 0.10488077496274217 0.15492643780650914 0.004098360655737705 0.011145786892554615
10 0.559612518628912 0.15470352206865803 0.005216095380029807 0.0115916183682568
10 0.25055886736214605 0.15492643780650914 0.00856929955290611 0.0057958091841284
10 0.09072280178837556 0.15514935354436024 0.005588673621460507 0.0115916183682568
10 0.5685543964232489 0.15514935354436024 0.0029806259314456036 0.01069995541685243
10 0.10078241430700446 0.15537226928221132 0.0033532041728763042 0.010254123941150245
10 0.10935171385991058 0.15559518502006242 0.004098360655737705 0.01069995541685243
10 0.6141952309985097 0.15782434239857335 0.00856929955290611 0.005349977708426215
10 0.12239195230998509 0.16027641551493535 0.009314456035767511 0.0057958091841284
10 0.5499254843517138 0.1676326348640214 0.0029806259314456036 0.008916629514043692
10 0.5547690014903129 0.1676326348640214 0.0037257824143070045 0.01069995541685243
10 0.5728390461997019 0.1678555506018725 0.004098360655737705 0.011145786892554615
10 0.5678092399403875 0.1678555506018725 0.004470938897168405 0.011145786892554615
10 0.169150521609538 0.16963887650468124 0.011177347242921014 0.007579135086937138
12 0.763785394932936 0.18011591618368256 0.026825633383010434 0.04190815871600535
12 0.6807004470938898 0.18056174765938476 0.023099850968703428 0.043691484618814086
12 0.9290238450074516 0.18123049487293802 0.02421758569299553 0.043245653143111906
2 0.019932935916542473 0.1818992420864913 0.030178837555886736 0.08292465448060633
12 0.8261922503725783 0.1847971466785555 0.022727272727272728 0.03878733838609006
5 0.7183308494783904 0.18724921979491752 0.026825633383010434 0.02139991083370486
5 0.8662444113263785 0.19193045028979047 0.02459016393442623 0.020954079358002677
5 0.057190760059612517 0.20040124832813197 0.02496274217585693 0.04859563085153812
12 0.7639716840536512 0.2249219794917521 0.02645305514157973 0.043245653143111906
12 0.8328986587183308 0.2255907267053054 0.030178837555886736 0.03923316986179224
12 0.6603949329359166 0.22603655818100757 0.02496274217585693 0.043691484618814086
12 0.9279061102831595 0.22625947391885867 0.02645305514157973 0.04057066428889879
12 0.47540983606557374 0.2284886312973696 0.011177347242921014 0.014712438698172091
10 0.5668777943368107 0.2362906821221578 0.009314456035767511 0.005349977708426215
10 0.5249627421758569 0.23673651359786002 0.004470938897168405 0.00980829246544806
10 0.5296199701937406 0.2371823450735622 0.0033532041728763042 0.00980829246544806
10 0.537816691505216 0.23740526081141328 0.004098360655737705 0.011145786892554615
10 0.5339046199701938 0.23740526081141328 0.0037257824143070045 0.010254123941150245
10 0.5206780923994039 0.23740526081141328 0.0033532041728763042 0.011145786892554615
10 0.5083830104321908 0.23762817654926438 0.0033532041728763042 0.01069995541685243
10 0.5126676602086438 0.23740526081141328 0.0037257824143070045 0.010254123941150245
10 0.5163934426229508 0.23762817654926438 0.0037257824143070045 0.01069995541685243
12 0.4642324888226528 0.2398573339277753 0.012667660208643815 0.015158270173874276
10 0.0381892697466468 0.24476148016049934 0.009314456035767511 0.005349977708426215
10 0.448397913561848 0.24944271065537227 0.004843517138599106 0.011145786892554615
2 0.018815201192250372 0.2501114578689255 0.027943368107302535 0.05617476593847526
10 0.0381892697466468 0.2501114578689255 0.009314456035767511 0.005349977708426215
10 0.46348733233979134 0.25100312082032994 0.010432190760059613 0.005349977708426215
10 0.5668777943368107 0.2521176995095854 0.009314456035767511 0.00490414623272403
10 0.5760059612518629 0.25234061524743645 0.00894187779433681 0.005349977708426215
10 0.5126676602086438 0.2550156041016496 0.00819672131147541 0.005349977708426215
10 0.5665052160953801 0.2585822559072671 0.00856929955290611 0.005349977708426215
10 0.5761922503725783 0.2588051716451181 0.00856929955290611 0.00490414623272403
10 0.0381892697466468 0.2605884975479269 0.009314456035767511 0.0057958091841284
10 0.5130402384500745 0.26081141328577795 0.00894187779433681 0.005349977708426215
10 0.5132265275707899 0.26660722246990637 0.009314456035767511 0.004458314757021846
10 0.0381892697466468 0.26660722246990637 0.010059612518628911 0.005349977708426215
10 0.5760059612518629 0.26660722246990637 0.009687034277198211 0.005349977708426215
10 0.5661326378539493 0.2690592955862684 0.00856929955290611 0.003120820329915292
10 0.5130402384500745 0.2712884529647793 0.00894187779433681 0.004012483281319661
10 0.5665052160953801 0.2755238519839501 0.00856929955290611 0.004458314757021846
10 0.5761922503725783 0.2755238519839501 0.010059612518628911 0.005349977708426215
5 0.5387481371087929 0.27686134641105664 0.040238450074515646 0.06419973250111458
10 0.0378166915052161 0.27819884083816315 0.009314456035767511 0.006241640659830584
10 0.5765648286140089 0.2808738296923763 0.00856929955290611 0.004458314757021846
10 0.5670640834575261 0.2808738296923763 0.009687034277198211 0.006241640659830584
10 0.0378166915052161 0.28377173428444047 0.010059612518628911 0.0057958091841284
10 0.5767511177347243 0.2864467231386536 0.009687034277198211 0.00490414623272403
10 0.5672503725782414 0.28711547035220686 0.009314456035767511 0.004458314757021846
10 0.0374441132637854 0.29402585822559074 0.009314456035767511 0.0057958091841284
10 0.5856929955290611 0.2949175211769951 0.005216095380029807 0.012037449843958983
10 0.500558867362146 0.29625501560410167 0.009314456035767511 0.00490414623272403
10 0.5665052160953801 0.2967008470798038 0.010059612518628911 0.004012483281319661
12 0.577682563338301 0.2984841729826126 0.010059612518628911 0.014712438698172091
10 0.5130402384500745 0.3000445831475702 0.010432190760059613 0.006241640659830584
10 0.0374441132637854 0.3000445831475702 0.010059612518628911 0.007133303611234953
10 0.5007451564828614 0.3007133303611235 0.00856929955290611 0.0057958091841284
10 0.5933308494783904 0.30093624609897457 0.004843517138599106 0.0115916183682568
10 0.5670640834575261 0.30227374052608114 0.009687034277198211 0.006241640659830584
10 0.4485842026825633 0.30271957200178334 0.011177347242921014 0.004458314757021846
10 0.606371087928465 0.3029424877396344 0.010059612518628911 0.006687472135532769
2 0.018815201192250372 0.3053945608559964 0.027198211624441134 0.05260811413285778
10 0.5128539493293591 0.30584039233169863 0.010059612518628911 0.005349977708426215
10 0.5676229508196722 0.3069549710209541 0.010059612518628911 0.004012483281319661
10 0.5128539493293591 0.31096745430227374 0.010059612518628911 0.00490414623272403
10 0.0374441132637854 0.31119037004012484 0.010059612518628911 0.005349977708426215
5 0.6261177347242921 0.31364244315648687 0.027943368107302535 0.034329023629068214
10 0.5132265275707899 0.3154257690592956 0.00856929955290611 0.004012483281319661
10 0.5571907600596125 0.31631743201069995 0.004843517138599106 0.011145786892554615
12 0.6557377049180327 0.31631743201069995 0.010432190760059613 0.013820775746767721
10 0.0374441132637854 0.31676326348640216 0.010059612518628911 0.0057958091841284
10 0.5668777943368107 0.3174320106999554 0.00856929955290611 0.005349977708426215
10 0.6059985096870343 0.3265715559518502 0.010804769001490314 0.0057958091841284
1 0.7811102831594635 0.3270173874275524 0.01676602086438152 0.008470798038341507
12 0.6842399403874814 0.3352652697280428 0.013040238450074515 0.015158270173874276
12 0.6630029806259314 0.335711101203745 0.011549925484351714 0.016049933125278644
1 0.7812965722801788 0.3408381631743201 0.01713859910581222 0.010254123941150245
12 0.6445603576751118 0.343067320552831 0.011177347242921014 0.014712438698172091
2 0.13636363636363635 0.3464110566205974 0.03427719821162444 0.34239857333927776
2 0.20268256333830104 0.3468568880962996 0.03278688524590164 0.3397235844850646
2 0.2708643815201192 0.3468568880962996 0.03278688524590164 0.3415069103878734
10 0.6887108792846498 0.34774855104770397 0.009314456035767511 0.005349977708426215
12 0.6151266766020864 0.3479714667855551 0.037257824143070044 0.028979045920642
2 0.3371833084947839 0.34774855104770397 0.03427719821162444 0.3432902362906821
2 0.4035022354694486 0.3495318769505127 0.03502235469448584 0.3432902362906821
1 0.8012295081967213 0.3522068658047258 0.015275707898658718 0.008916629514043692
10 0.6888971684053651 0.352652697280428 0.00894187779433681 0.004458314757021846
5 0.6706408345752608 0.35421310744538564 0.022354694485842028 0.020954079358002677
10 0.6533159463487332 0.3566651805617477 0.005588673621460507 0.0115916183682568
10 0.7773845007451565 0.3568880962995988 0.010059612518628911 0.00490414623272403
10 0.688338301043219 0.3571110120374498 0.009314456035767511 0.005349977708426215
10 0.7421758569299552 0.35755684351315203 0.009687034277198211 0.005349977708426215
10 0.7773845007451565 0.36290682122157825 0.010059612518628911 0.007133303611234953
1 0.7663934426229508 0.36469014712438697 0.011177347242921014 0.006241640659830584
10 0.6002235469448585 0.36847971466785556 0.009687034277198211 0.00490414623272403
1 0.7660208643815202 0.3727151136870263 0.011177347242921014 0.006241640659830584
2 0.021423248882265277 0.3729380294248774 0.029433681073025336 0.08337048595630851
10 0.6002235469448585 0.37338386090057957 0.009687034277198211 0.0057958091841284
10 0.11400894187779434 0.3753901025412394 0.009687034277198211 0.004458314757021846
10 0.5579359165424739 0.3778421756576014 0.009314456035767511 0.00490414623272403
5 0.09519374068554397 0.38051716451181455 0.02496274217585693 0.04681230494872938
10 0.11345007451564829 0.38542131074453856 0.009314456035767511 0.006687472135532769
10 0.5670640834575261 0.3880962995987517 0.00894187779433681 0.00490414623272403
10 0.11363636363636363 0.396121266161391 0.009687034277198211 0.00490414623272403
10 0.6054396423248882 0.4048149799375836 0.0067064083457526085 0.008916629514043692
2 0.470193740685544 0.4257690592955863 0.03129657228017884 0.29870708872046364
1 0.0471311475409836 0.4362460989745876 0.009314456035767511 0.004012483281319661
1 0.077123695976155 0.44048149799375835 0.009687034277198211 0.004458314757021846