10 0.7294642857142857 0.09340148698884758 0.01011904761904762 0.02695167286245353
1 0.23154761904761906 0.09572490706319703 0.014285714285714285 0.024163568773234202
10 0.7157738095238095 0.10130111524163568 0.020833333333333332 0.022304832713754646
5 0.36488095238095236 0.10223048327137546 0.02142857142857143 0.03903345724907063
10 0.3449404761904762 0.10687732342007435 0.01607142857142857 0.013011152416356878
1 0.8538690476190476 0.11524163568773234 0.01130952380952381 0.024163568773234202
10 0.6815476190476191 0.12314126394052044 0.009523809523809525 0.02137546468401487
10 0.6535714285714286 0.12267657992565056 0.013095238095238096 0.01486988847583643
1 0.6309523809523809 0.12825278810408922 0.011904761904761904 0.024163568773234202
5 0.8264880952380952 0.13011152416356878 0.044642857142857144 0.05204460966542751
1 0.8639880952380953 0.1324349442379182 0.007738095238095238 0.11245353159851301
1 0.6440476190476191 0.14358736059479554 0.016666666666666666 0.017657992565055763
5 0.7752976190476191 0.14637546468401488 0.050595238095238096 0.11059479553903345
10 0.09642857142857143 0.14684014869888476 0.008333333333333333 0.016728624535315983
10 0.6285714285714286 0.14869888475836432 0.010714285714285714 0.011152416356877323
5 0.16488095238095238 0.1496282527881041 0.013095238095238096 0.027881040892193308
10 0.8529761904761904 0.15009293680297398 0.013095238095238096 0.02695167286245353
5 0.5883928571428572 0.1607806691449814 0.06964285714285715 0.15427509293680297
1 0.6291666666666667 0.17053903345724908 0.010714285714285714 0.03438661710037175
1 0.5505952380952381 0.17286245353159851 0.010714285714285714 0.006505576208178439
5 0.23720238095238094 0.1733271375464684 0.019642857142857142 0.03438661710037175
1 0.1744047619047619 0.17843866171003717 0.005952380952380952 0.024163568773234202
1 0.53125 0.17890334572490707 0.01607142857142857 0.04368029739776952
1 0.9178571428571428 0.1779739776951673 0.014285714285714285 0.017657992565055763
1 0.16398809523809524 0.17843866171003717 0.01130952380952381 0.022304832713754646
10 0.6613095238095238 0.18401486988847585 0.010714285714285714 0.024163568773234202
1 0.4979166666666667 0.1854089219330855 0.01488095238095238 0.03066914498141264
1 0.6407738095238096 0.18633828996282528 0.008928571428571428 0.02695167286245353
1 0.8419642857142857 0.18773234200743494 0.017261904761904763 0.05204460966542751
10 0.88125 0.18773234200743494 0.006547619047619048 0.013011152416356878
1 0.8970238095238096 0.18819702602230484 0.011904761904761904 0.012081784386617101
1 0.5502976190476191 0.19005576208178437 0.006547619047619048 0.010223048327137546
1 0.5142857142857142 0.19144981412639406 0.011904761904761904 0.01486988847583643
1 0.7571428571428571 0.20027881040892193 0.05714285714285714 0.013940520446096654
1 0.11726190476190476 0.2016728624535316 0.013095238095238096 0.01486988847583643
1 0.23363095238095238 0.20492565055762083 0.0125 0.015799256505576207
1 0.500297619047619 0.20724907063197026 0.008928571428571428 0.016728624535315983
1 0.6404761904761904 0.20864312267657992 0.004761904761904762 0.015799256505576207
1 0.6532738095238095 0.2100371747211896 0.01488095238095238 0.022304832713754646
10 0.8717261904761905 0.21189591078066913 0.01130952380952381 0.022304832713754646
1 0.5211309523809524 0.21236059479553904 0.008928571428571428 0.02973977695167286
10 0.9184523809523809 0.21328996282527882 0.013095238095238096 0.05297397769516728
1 0.5517857142857143 0.2142193308550186 0.014285714285714285 0.02137546468401487
10 0.20357142857142857 0.21514869888475838 0.047619047619047616 0.023234200743494422
10 0.09285714285714286 0.21886617100371747 0.005952380952380952 0.013940520446096654
10 0.44285714285714284 0.22211895910780668 0.008333333333333333 0.020446096654275093
1 0.5345238095238095 0.22351301115241637 0.013095238095238096 0.05111524163568773
10 0.06279761904761905 0.22444237918215612 0.005357142857142857 0.019516728624535316
10 0.6779761904761905 0.22490706319702602 0.01904761904761905 0.016728624535315983
1 0.033035714285714286 0.22723048327137546 0.006547619047619048 0.015799256505576207
10 0.5011904761904762 0.22769516728624536 0.009523809523809525 0.01858736059479554
1 0.45357142857142857 0.23048327137546468 0.013095238095238096 0.03345724907063197
1 0.8892857142857142 0.23048327137546468 0.02857142857142857 0.01486988847583643
1 0.46577380952380953 0.23094795539033458 0.01369047619047619 0.02695167286245353
1 0.15029761904761904 0.23141263940520446 0.017261904761904763 0.048327137546468404
10 0.09285714285714286 0.23187732342007436 0.005952380952380952 0.010223048327137546
1 0.5502976190476191 0.24024163568773235 0.01369047619047619 0.03810408921933085
10 0.6663690476190476 0.24349442379182157 0.007738095238095238 0.01486988847583643
10 0.033928571428571426 0.24395910780669144 0.007142857142857143 0.017657992565055763
10 0.6946428571428571 0.24488847583643122 0.013095238095238096 0.019516728624535316
1 0.919047619047619 0.245817843866171 0.015476190476190477 0.015799256505576207
1 0.08988095238095238 0.24860594795539034 0.014285714285714285 0.02137546468401487
10 0.8360119047619048 0.24953531598513012 0.025595238095238095 0.05855018587360595
10 0.919047619047619 0.26394052044609667 0.015476190476190477 0.024163568773234202
10 0.7666666666666667 0.26812267657992567 0.030952380952380953 0.028810408921933085
10 0.09285714285714286 0.26858736059479554 0.004761904761904762 0.01486988847583643
1 0.5505952380952381 0.270910780669145 0.007142857142857143 0.010223048327137546
1 0.25892857142857145 0.2746282527881041 0.005952380952380952 0.017657992565055763
10 0.2732142857142857 0.2760223048327137 0.016666666666666666 0.016728624535315983
10 0.4455357142857143 0.27648698884758366 0.01011904761904762 0.010223048327137546
1 0.45803571428571427 0.27695167286245354 0.01130952380952381 0.013011152416356878
1 0.32916666666666666 0.2778810408921933 0.007142857142857143 0.017657992565055763
10 0.0744047619047619 0.2778810408921933 0.007142857142857143 0.020446096654275093
10 0.46875 0.2783457249070632 0.007738095238095238 0.012081784386617101
10 0.038392857142857145 0.2788104089219331 0.004166666666666667 0.016728624535315983
10 0.34285714285714286 0.28066914498141265 0.016666666666666666 0.016728624535315983
10 0.55 0.2829925650557621 0.008333333333333333 0.017657992565055763
1 0.44642857142857145 0.2862453531598513 0.013095238095238096 0.00929368029739777
1 0.9151785714285714 0.2894981412639405 0.008928571428571428 0.02137546468401487
10 0.45803571428571427 0.29182156133828996 0.007738095238095238 0.01858736059479554
1 0.5502976190476191 0.30111524163568776 0.007738095238095238 0.01858736059479554
1 0.562202380952381 0.30529739776951675 0.008928571428571428 0.008364312267657992
1 0.09553571428571428 0.30855018587360594 0.022023809523809525 0.024163568773234202
10 0.44583333333333336 0.3099442379182156 0.011904761904761904 0.03903345724907063
10 0.48273809523809524 0.3173791821561338 0.016666666666666666 0.022304832713754646
10 0.46875 0.3187732342007435 0.007738095238095238 0.040892193308550186
5 0.4101190476190476 0.32202602230483274 0.05714285714285714 0.056691449814126396
10 0.3517857142857143 0.3550185873605948 0.014285714285714285 0.01486988847583643
10 0.48779761904761904 0.3559479553903346 0.01130952380952381 0.020446096654275093
10 0.5014880952380952 0.358271375464684 0.008928571428571428 0.017657992565055763
1 0.3508928571428571 0.3712825278810409 0.01488095238095238 0.019516728624535316
10 0.48660714285714285 0.37685873605947956 0.01130952380952381 0.017657992565055763
10 0.5053571428571428 0.37685873605947956 0.010714285714285714 0.017657992565055763
1 0.49523809523809526 0.3777881040892193 0.002380952380952381 0.017657992565055763
10 0.5235119047619048 0.39358736059479554 0.029166666666666667 0.015799256505576207
10 0.500297619047619 0.39358736059479554 0.01011904761904762 0.017657992565055763
1 0.48988095238095236 0.3949814126394052 0.014285714285714285 0.013011152416356878
1 0.48601190476190476 0.4075278810408922 0.01130952380952381 0.017657992565055763
10 0.7559523809523809 0.40985130111524165 0.010714285714285714 0.013011152416356878
10 0.7824404761904762 0.4093866171003718 0.006547619047619048 0.015799256505576207
1 0.5008928571428571 0.4093866171003718 0.005357142857142857 0.017657992565055763
1 0.7696428571428572 0.40985130111524165 0.010714285714285714 0.016728624535315983
10 0.49404761904761907 0.4103159851301115 0.0035714285714285713 0.013940520446096654
10 0.518154761904762 0.40985130111524165 0.03273809523809524 0.01486988847583643
5 0.4220238095238095 0.40985130111524165 0.12380952380952381 0.13382899628252787
10 0.80625 0.4340148698884758 0.007738095238095238 0.03345724907063197
10 0.7913690476190476 0.4354089219330855 0.01130952380952381 0.019516728624535316
10 0.7654761904761904 0.4358736059479554 0.015476190476190477 0.013011152416356878
1 0.7523809523809524 0.43633828996282525 0.0035714285714285713 0.013940520446096654
5 0.14523809523809525 0.4368029739776952 0.04880952380952381 0.03345724907063197
1 0.7645833333333333 0.4507434944237918 0.03273809523809524 0.016728624535315983
5 0.8377976190476191 0.4642193308550186 0.03869047619047619 0.05111524163568773
10 0.7604166666666666 0.4679368029739777 0.0125 0.015799256505576207
1 0.7755952380952381 0.46933085501858735 0.013095238095238096 0.026022304832713755
1 0.1907738095238095 0.46886617100371747 0.017261904761904763 0.02137546468401487
10 0.7910714285714285 0.47351301115241634 0.013095238095238096 0.03810408921933085
1 0.10863095238095238 0.4739776951672863 0.018452380952380953 0.016728624535315983
1 0.6645833333333333 0.48420074349442377 0.01369047619047619 0.016728624535315983
1 0.19047619047619047 0.4888475836431227 0.014285714285714285 0.01486988847583643
10 0.15327380952380953 0.49117100371747213 0.007738095238095238 0.017657992565055763
1 0.10863095238095238 0.4921003717472119 0.01607142857142857 0.013940520446096654
10 0.1419642857142857 0.4921003717472119 0.004166666666666667 0.017657992565055763
10 0.14761904761904762 0.491635687732342 0.0035714285714285713 0.01486988847583643
1 0.16785714285714284 0.4930297397769517 0.004761904761904762 0.015799256505576207
1 0.13035714285714287 0.49349442379182157 0.004761904761904762 0.016728624535315983
10 0.16220238095238096 0.4944237918215613 0.006547619047619048 0.015799256505576207
10 0.6592261904761905 0.49674721189591076 0.018452380952380953 0.015799256505576207
1 0.6827380952380953 0.4972118959107807 0.014285714285714285 0.024163568773234202
1 0.7026785714285714 0.49767657992565056 0.007738095238095238 0.02695167286245353
1 0.10952380952380952 0.5051115241635687 0.013095238095238096 0.012081784386617101
1 0.7214285714285714 0.5088289962825279 0.013095238095238096 0.02137546468401487
10 0.6276785714285714 0.512546468401487 0.007738095238095238 0.039962825278810406
5 0.5723214285714285 0.5134758364312267 0.020833333333333332 0.03438661710037175
10 0.6875 0.5139405204460966 0.02261904761904762 0.013011152416356878
1 0.17351190476190476 0.516728624535316 0.004166666666666667 0.013011152416356878
1 0.1806547619047619 0.5190520446096655 0.004166666666666667 0.015799256505576207
1 0.18571428571428572 0.5204460966542751 0.0035714285714285713 0.01486988847583643
1 0.6669642857142857 0.5204460966542751 0.005357142857142857 0.013011152416356878
1 0.7544642857142857 0.5255576208178439 0.018452380952380953 0.05111524163568773
1 0.7377976190476191 0.5320631970260223 0.007738095238095238 0.017657992565055763
1 0.7098214285714286 0.5339219330855018 0.01011904761904762 0.019516728624535316
10 0.7806547619047619 0.533457249070632 0.007738095238095238 0.024163568773234202
1 0.17708333333333334 0.5362453531598513 0.01130952380952381 0.016728624535315983
10 0.6675595238095238 0.5371747211895911 0.006547619047619048 0.022304832713754646
1 0.7854166666666667 0.5390334572490706 0.006547619047619048 0.01858736059479554
10 0.10327380952380952 0.5413568773234201 0.006547619047619048 0.023234200743494422
1 0.1125 0.5432156133828996 0.007142857142857143 0.02137546468401487
10 0.6419642857142858 0.5450743494423792 0.026785714285714284 0.028810408921933085
5 0.8413690476190476 0.5455390334572491 0.0494047619047619 0.05018587360594796
1 0.1761904761904762 0.5571561338289963 0.013095238095238096 0.015799256505576207
5 0.19523809523809524 0.5669144981412639 0.015476190476190477 0.03531598513011153
1 0.10833333333333334 0.5678438661710037 0.016666666666666666 0.01486988847583643
1 0.7220238095238095 0.5780669144981413 0.04285714285714286 0.03345724907063197
1 0.17589285714285716 0.5841078066914498 0.006547619047619048 0.015799256505576207
1 0.10892857142857143 0.5841078066914498 0.015476190476190477 0.013940520446096654
10 0.6330357142857143 0.5859665427509294 0.022023809523809525 0.02137546468401487
1 0.7642857142857142 0.5882899628252788 0.009523809523809525 0.04460966542750929
1 0.16071428571428573 0.5920074349442379 0.016666666666666666 0.016728624535315983
1 0.12857142857142856 0.5938661710037175 0.013095238095238096 0.01486988847583643
1 0.7095238095238096 0.5971189591078067 0.007142857142857143 0.006505576208178439
10 0.7232142857142857 0.5961895910780669 0.014285714285714285 0.010223048327137546
1 0.7389880952380953 0.6068773234200744 0.01130952380952381 0.03345724907063197
1 0.17559523809523808 0.6073420074349443 0.008333333333333333 0.02695167286245353
10 0.7092261904761905 0.608271375464684 0.01369047619047619 0.013940520446096654
1 0.7232142857142857 0.6129182156133829 0.011904761904761904 0.017657992565055763
1 0.1056547619047619 0.6138475836431226 0.007738095238095238 0.02137546468401487
10 0.1574404761904762 0.6152416356877324 0.008928571428571428 0.024163568773234202
10 0.1449404761904762 0.6152416356877324 0.007738095238095238 0.024163568773234202
10 0.12142857142857143 0.6152416356877324 0.007142857142857143 0.020446096654275093
1 0.5723214285714285 0.6171003717472119 0.03154761904761905 0.040892193308550186
5 0.8005952380952381 0.6310408921933085 0.04523809523809524 0.07063197026022305
5 0.6684523809523809 0.6361524163568774 0.02976190476190476 0.04368029739776952
10 0.9348214285714286 0.6463754646840149 0.0125 0.017657992565055763
10 0.7467261904761905 0.6468401486988847 0.01011904761904762 0.031598513011152414
1 0.9574404761904762 0.6477695167286245 0.027976190476190477 0.01858736059479554
1 0.9113095238095238 0.6491635687732342 0.02857142857142857 0.02137546468401487
5 0.6235119047619048 0.658457249070632 0.024404761904761905 0.039962825278810406
5 0.7220238095238095 0.6621747211895911 0.03214285714285714 0.05297397769516728
10 0.64375 0.6663568773234201 0.01130952380952381 0.01486988847583643
5 0.6705357142857142 0.6682156133828996 0.024404761904761905 0.026022304832713755
5 0.18482142857142858 0.6696096654275093 0.022023809523809525 0.041821561338289966
1 0.7473214285714286 0.6747211895910781 0.01011904761904762 0.022304832713754646
1 0.1288690476190476 0.6891263940520446 0.006547619047619048 0.023234200743494422
1 0.10476190476190476 0.6895910780669146 0.005952380952380952 0.024163568773234202
1 0.1386904761904762 0.6895910780669146 0.009523809523809525 0.024163568773234202
1 0.11636904761904762 0.6905204460966543 0.01130952380952381 0.031598513011152414
1 0.15029761904761904 0.6909851301115242 0.01011904761904762 0.023234200743494422
1 0.1625 0.6928438661710037 0.009523809523809525 0.02137546468401487
5 0.6726190476190477 0.6965613382899628 0.02142857142857143 0.032527881040892194
5 0.6244047619047619 0.6979553903345725 0.02619047619047619 0.040892193308550186
1 0.6470238095238096 0.6993494423791822 0.01904761904761905 0.04553903345724907
5 0.9083333333333333 0.699814126394052 0.04523809523809524 0.08364312267657993
5 0.9574404761904762 0.7021375464684015 0.03988095238095238 0.09014869888475836
1 0.5791666666666667 0.7086431226765799 0.036904761904761905 0.047397769516728624
5 0.8645833333333334 0.7132899628252788 0.03630952380952381 0.06970260223048327
1 0.7895833333333333 0.7142193308550185 0.01011904761904762 0.010223048327137546
10 0.6863095238095238 0.7197955390334573 0.02261904761904762 0.02695167286245353
1 0.1744047619047619 0.7235130111524164 0.005952380952380952 0.017657992565055763
10 0.18095238095238095 0.7244423791821561 0.004761904761904762 0.019516728624535316
1 0.18601190476190477 0.7239776951672863 0.004166666666666667 0.01486988847583643
1 0.6678571428571428 0.724907063197026 0.014285714285714285 0.024163568773234202
10 0.7904761904761904 0.7300185873605948 0.008333333333333333 0.017657992565055763
1 0.7633928571428571 0.7314126394052045 0.01607142857142857 0.01486988847583643
1 0.6601190476190476 0.745817843866171 0.017857142857142856 0.02137546468401487
10 0.7761904761904762 0.7467472118959108 0.04047619047619048 0.015799256505576207
1 0.18035714285714285 0.7518587360594795 0.01904761904761905 0.027881040892193308
1 0.5860119047619048 0.7527881040892194 0.033928571428571426 0.031598513011152414
1 0.9232142857142858 0.7592936802973977 0.014285714285714285 0.022304832713754646
10 0.9086309523809524 0.7620817843866171 0.007738095238095238 0.022304832713754646
1 0.9735119047619047 0.7620817843866171 0.024404761904761905 0.026022304832713755
10 0.9568452380952381 0.7634758364312267 0.008928571428571428 0.017657992565055763
10 0.15625 0.7890334572490706 0.006547619047619048 0.022304832713754646
10 0.17023809523809524 0.7904275092936803 0.007142857142857143 0.023234200743494422
10 0.1800595238095238 0.7904275092936803 0.007738095238095238 0.02137546468401487
10 0.1130952380952381 0.7927509293680297 0.007142857142857143 0.022304832713754646
10 0.12261904761904761 0.7927509293680297 0.009523809523809525 0.024163568773234202
10 0.14821428571428572 0.7936802973977695 0.004761904761904762 0.016728624535315983
10 0.10386904761904762 0.7946096654275093 0.01011904761904762 0.01858736059479554
1 0.8023809523809524 0.08178438661710037 0.009523809523809525 0.031598513011152414
1 0.8279761904761904 0.08596654275092937 0.004761904761904762 0.015799256505576207
1 0.6419642857142858 0.09061338289962825 0.04345238095238095 0.0362453531598513