10 0.03224043715846994 0.1572512647554806 0.007650273224043716 0.01770657672849916
1 0.47650273224043715 0.6669477234401349 0.012021857923497269 0.011804384485666104
10 0.024043715846994537 0.15978077571669477 0.008743169398907104 0.021079258010118045
1 0.4062841530054645 0.6888701517706577 0.012568306010928962 0.013490725126475547
1 0.21530054644808744 0.7318718381112985 0.012021857923497269 0.011804384485666104
10 0.01557377049180328 0.16146711635750421 0.00819672131147541 0.021079258010118045
1 0.17841530054644808 0.7407251264755481 0.012568306010928962 0.012647554806070826
1 0.8554644808743169 0.5973861720067454 0.010382513661202186 0.010961214165261383
2 0.3073770491803279 0.7428330522765598 0.573224043715847 0.16863406408094436
10 0.9459016393442623 0.607504215851602 0.014207650273224045 0.010961214165261383
10 0.9469945355191257 0.6197301854974705 0.013114754098360656 0.011804384485666104
10 0.8051912568306011 0.00505902192242833 0.00819672131147541 0.01011804384485666
10 0.7825136612021858 0.006745362563237774 0.008743169398907104 0.013490725126475547
10 0.774863387978142 0.008010118043844857 0.008743169398907104 0.016020236087689713
2 0.3103825136612022 0.7993254637436762 0.5693989071038251 0.1736930860033727
1 0.8073770491803278 0.6913996627318718 0.00819672131147541 0.01854974704890388
10 0.7609289617486339 0.0096964586846543 0.007103825136612022 0.016020236087689713
10 0.76775956284153 0.00885328836424958 0.008743169398907104 0.01770657672849916
10 0.7967213114754098 0.0054806070826306915 0.007650273224043716 0.010961214165261383
1 0.7319672131147541 0.7200674536256324 0.011475409836065573 0.01517706576728499
5 0.8754098360655738 0.7158516020236088 0.030601092896174863 0.05564924114671164
2 0.3122950819672131 0.8494940978077572 0.559016393442623 0.16947723440134907
12 0.8319672131147541 0.005902192242833052 0.016939890710382512 0.011804384485666104
10 0.4808743169398907 0.8351602023608768 0.013114754098360656 0.00927487352445194
1 0.464207650273224 0.8402192242833052 0.01366120218579235 0.012647554806070826
1 0.30573770491803276 0.8743676222596964 0.01366120218579235 0.011804384485666104
10 0.8702185792349727 0.7542158516020236 0.01366120218579235 0.016020236087689713
10 0.8860655737704918 0.7516863406408094 0.01366120218579235 0.016020236087689713
5 0.9057377049180327 0.013069139966273187 0.047540983606557376 0.026138279932546374
10 0.46557377049180326 0.8537099494097807 0.012021857923497269 0.012647554806070826
10 0.4825136612021858 0.8499156829679595 0.012021857923497269 0.01517706576728499
1 0.15300546448087432 0.927487352445194 0.007650273224043716 0.02023608768971332
10 0.48387978142076504 0.8642495784148398 0.012568306010928962 0.01517706576728499
10 0.46557377049180326 0.8680438448566611 0.013114754098360656 0.01433389544688027
10 0.4852459016393443 0.8785834738617201 0.012021857923497269 0.011804384485666104
1 0.09344262295081968 0.9835581787521079 0.008743169398907104 0.021079258010118045
12 0.37076502732240435 0.928752107925801 0.014754098360655738 0.02782462057335582
10 0.3882513661202186 0.927487352445194 0.012568306010928962 0.013490725126475547
10 0.6617486338797814 0.8739460370994941 0.013114754098360656 0.012647554806070826
5 0.8759562841530054 0.8309443507588533 0.16065573770491803 0.12563237774030353
2 0.21639344262295082 0.9662731871838112 0.16721311475409836 0.0657672849915683
1 0.380327868852459 0.9532040472175379 0.006557377049180328 0.01770657672849916
10 0.7669398907103825 0.8697301854974705 0.012568306010928962 0.010961214165261383
10 0.9587431693989071 0.8360033726812817 0.011475409836065573 0.010961214165261383
10 0.76775956284153 0.8811129848229342 0.012021857923497269 0.011804384485666104
10 0.559016393442623 0.927487352445194 0.012021857923497269 0.011804384485666104
10 0.5734972677595629 0.9253794266441822 0.011475409836065573 0.012647554806070826
10 0.48442622950819675 0.945193929173693 0.010382513661202186 0.011804384485666104
10 0.4969945355191257 0.9426644182124789 0.01366120218579235 0.011804384485666104
10 0.9603825136612022 0.846964586846543 0.012568306010928962 0.010961214165261383
5 0.7166666666666667 0.8920741989881956 0.08360655737704918 0.1433389544688027
10 0.3814207650273224 0.9742833052276559 0.007650273224043716 0.0193929173693086
1 0.7685792349726775 0.8920741989881956 0.012568306010928962 0.011804384485666104
10 0.575136612021858 0.9363406408094435 0.010382513661202186 0.00927487352445194
10 0.4989071038251366 0.9536256323777403 0.012021857923497269 0.01011804384485666
12 0.464207650273224 0.9633220910623946 0.014754098360655738 0.02782462057335582
12 0.559016393442623 0.9456155143338955 0.015300546448087432 0.024451939291736932
12 0.48360655737704916 0.9637436762225969 0.01639344262295082 0.026981450252951095
10 0.5 0.9645868465430016 0.012021857923497269 0.01011804384485666
10 0.5756830601092896 0.9489881956155143 0.012568306010928962 0.012647554806070826
1 0.9352459016393443 0.8857504215851602 0.012568306010928962 0.012647554806070826
10 0.7773224043715847 0.02824620573355818 0.00819672131147541 0.01770657672849916
10 0.807103825136612 0.021500843170320406 0.007650273224043716 0.01770657672849916
10 0.8142076502732241 0.01981450252951096 0.007650273224043716 0.0193929173693086
10 0.7699453551912568 0.02993254637436762 0.007650273224043716 0.01770657672849916
10 0.7849726775956284 0.026981450252951095 0.00819672131147541 0.01854974704890388
10 0.7994535519125683 0.024451939291736932 0.007650273224043716 0.01854974704890388
10 0.7631147540983606 0.03204047217537943 0.00819672131147541 0.01854974704890388
5 0.8497267759562842 0.9144182124789207 0.05136612021857923 0.03794266441821248
5 0.5622950819672131 0.9763912310286678 0.05136612021857923 0.0387858347386172
5 0.48743169398907105 0.9865092748735245 0.05245901639344262 0.025295109612141653
2 0.3330601092896175 0.9890387858347386 0.2442622950819672 0.02023608768971332
10 0.9423497267759563 0.008431703204047217 0.012568306010928962 0.01011804384485666
2 0.4355191256830601 0.1205733558178752 0.2185792349726776 0.10118043844856661
10 0.8229508196721311 0.03752107925801012 0.008743169398907104 0.0193929173693086
1 0.7650273224043715 0.050590219224283306 0.008743169398907104 0.021922428330522766
1 0.8789617486338798 0.025295109612141653 0.011475409836065573 0.011804384485666104
10 0.7937158469945356 0.045109612141652614 0.00819672131147541 0.0193929173693086
10 0.8081967213114755 0.04131534569983136 0.006557377049180328 0.01517706576728499
10 0.8010928961748633 0.04342327150084317 0.007650273224043716 0.01770657672849916
10 0.8163934426229508 0.03962900505902192 0.007650273224043716 0.02023608768971332
1 0.7718579234972678 0.049325463743676225 0.009289617486338797 0.021079258010118045
1 0.7795081967213114 0.048903878583473864 0.00819672131147541 0.01854974704890388
1 0.7866120218579234 0.047639123102866776 0.00819672131147541 0.021079258010118045
10 0.9431693989071038 0.01897133220910624 0.01092896174863388 0.010961214165261383
1 0.7510928961748634 0.06618887015177066 0.012568306010928962 0.012647554806070826
1 0.7215846994535519 0.09696458684654301 0.012568306010928962 0.013490725126475547
10 0.6592896174863389 0.1205733558178752 0.011475409836065573 0.011804384485666104
10 0.7224043715846995 0.10961214165261383 0.013114754098360656 0.013490725126475547
2 0.4527322404371585 0.17327150084317033 0.18633879781420765 0.09359190556492411
1 0.7237704918032787 0.12099494097807757 0.011475409836065573 0.010961214165261383
10 0.6595628415300546 0.13532883642495785 0.01092896174863388 0.010961214165261383
10 0.6453551912568306 0.13827993254637436 0.013114754098360656 0.01517706576728499
5 0.3008196721311475 0.2166947723440135 0.047540983606557376 0.11467116357504216
10 0.3404371584699454 0.21290050590219226 0.012021857923497269 0.010961214165261383
10 0.6614754098360656 0.14966273187183812 0.012568306010928962 0.012647554806070826
10 0.6306010928961748 0.1564080944350759 0.012021857923497269 0.012647554806070826
10 0.6467213114754098 0.15219224283305227 0.011475409836065573 0.010961214165261383
10 0.725136612021858 0.13870151770657674 0.012021857923497269 0.012647554806070826
1 0.7068306010928962 0.14249578414839797 0.01366120218579235 0.011804384485666104
10 0.3412568306010929 0.224283305227656 0.012568306010928962 0.011804384485666104
10 0.6631147540983606 0.163575042158516 0.011475409836065573 0.011804384485666104
10 0.6478142076502732 0.16694772344013492 0.01366120218579235 0.013490725126475547
10 0.34289617486338797 0.23440134907251264 0.01366120218579235 0.011804384485666104
1 0.2830601092896175 0.25927487352445194 0.009836065573770493 0.022765598650927487
5 0.9204918032786885 0.13111298482293424 0.047540983606557376 0.08010118043844856
10 0.4204918032786885 0.2436762225969646 0.012568306010928962 0.011804384485666104
1 0.7289617486338797 0.17706576728499157 0.012021857923497269 0.011804384485666104
1 0.8896174863387978 0.15472175379426645 0.007650273224043716 0.0193929173693086
10 0.4210382513661202 0.25843170320404724 0.011475409836065573 0.010961214165261383
5 0.8155737704918032 0.1876053962900506 0.13278688524590163 0.20489038785834737
10 0.42295081967213116 0.2727655986509275 0.013114754098360656 0.010961214165261383
1 0.9172131147540984 0.17706576728499157 0.010382513661202186 0.011804384485666104
1 0.7333333333333333 0.2188026981450253 0.012021857923497269 0.012647554806070826
10 0.7057377049180328 0.22596964586846544 0.012568306010928962 0.011804384485666104
1 0.7180327868852459 0.22344013490725126 0.013114754098360656 0.013490725126475547
1 0.4412568306010929 0.2951096121416526 0.012568306010928962 0.013490725126475547
10 0.7191256830601093 0.23566610455311973 0.012021857923497269 0.012647554806070826
1 0.3103825136612022 0.3246205733558179 0.013114754098360656 0.013490725126475547
10 0.7344262295081967 0.2327150084317032 0.012021857923497269 0.011804384485666104
10 0.3117486338797814 0.05902192242833052 0.012568306010928962 0.011804384485666104
10 0.7349726775956285 0.25 0.012021857923497269 0.012647554806070826
1 0.8997267759562841 0.21838111298482293 0.009289617486338797 0.021922428330522766
12 0.03333333333333333 0.4072512647554806 0.06666666666666667 0.07925801011804384
5 0.9297814207650273 0.23313659359190556 0.048633879781420766 0.08684654300168634
1 0.5475409836065573 0.32504215851602025 0.015300546448087432 0.016020236087689713
10 0.03579234972677595 0.1239460370994941 0.007103825136612022 0.01854974704890388
10 0.02896174863387978 0.1260539629005059 0.007650273224043716 0.0193929173693086
1 0.7562841530054645 0.2870994940978078 0.013114754098360656 0.01433389544688027
12 0.016666666666666666 0.1294266441821248 0.018032786885245903 0.02782462057335582
10 0.5562841530054645 0.011804384485666104 0.012021857923497269 0.011804384485666104
1 0.5527322404371585 0.357504215851602 0.012568306010928962 0.013490725126475547
12 0.03907103825136612 0.474283305227656 0.07049180327868852 0.07504215851602024
1 0.9174863387978142 0.28414839797639124 0.008743169398907104 0.02023608768971332
10 0.6073770491803279 0.3617200674536256 0.011475409836065573 0.011804384485666104
5 0.39672131147540984 0.41526138279932545 0.14754098360655737 0.2251264755480607
10 0.6090163934426229 0.37352445193929174 0.012568306010928962 0.01011804384485666
1 0.5565573770491803 0.39038785834738615 0.012568306010928962 0.013490725126475547
10 0.6092896174863388 0.3849072512647555 0.012021857923497269 0.010961214165261383
10 0.6101092896174863 0.39502529510961215 0.012568306010928962 0.012647554806070826
10 0.5576502732240437 0.40640809443507586 0.011475409836065573 0.011804384485666104
2 0.4273224043715847 0.048060708263069137 0.22404371584699453 0.09612141652613827
10 0.03360655737704918 0.53035413153457 0.012568306010928962 0.011804384485666104
10 0.04972677595628415 0.5269814502529511 0.013114754098360656 0.011804384485666104
10 0.6114754098360655 0.40682967959527827 0.013114754098360656 0.010961214165261383
10 0.06420765027322405 0.5379426644182125 0.01366120218579235 0.013490725126475547
10 0.02103825136612022 0.5472175379426644 0.014754098360655738 0.013490725126475547
1 0.05081967213114754 0.5413153456998314 0.012021857923497269 0.011804384485666104
10 0.03579234972677595 0.5451096121416527 0.012568306010928962 0.010961214165261383
10 0.08852459016393442 0.5345699831365935 0.008743169398907104 0.02023608768971332
1 0.5609289617486338 0.433389544688027 0.012568306010928962 0.011804384485666104
1 0.9166666666666666 0.3617200674536256 0.014754098360655738 0.011804384485666104
10 0.6139344262295082 0.428752107925801 0.010382513661202186 0.010961214165261383
1 0.05191256830601093 0.5543844856661045 0.012021857923497269 0.012647554806070826
1 0.06584699453551912 0.5518549747048904 0.014754098360655738 0.01433389544688027
1 0.036885245901639344 0.5590219224283305 0.012568306010928962 0.011804384485666104
10 0.022404371584699455 0.561973018549747 0.013114754098360656 0.010961214165261383
10 0.6144808743169399 0.4413996627318718 0.011475409836065573 0.012647554806070826
10 0.31338797814207653 0.07630691399662731 0.012568306010928962 0.012647554806070826
10 0.6158469945355192 0.4523608768971332 0.012021857923497269 0.012647554806070826
10 0.557103825136612 0.026559865092748734 0.012568306010928962 0.010961214165261383
10 0.5087431693989071 0.5012647554806071 0.008743169398907104 0.01770657672849916
1 0.5377049180327869 0.4945193929173693 0.006557377049180328 0.01770657672849916
10 0.530327868852459 0.4974704890387858 0.007103825136612022 0.016863406408094434
10 0.5150273224043715 0.5 0.00819672131147541 0.01854974704890388
10 0.4786885245901639 0.5080101180438449 0.008743169398907104 0.0193929173693086
10 0.4937158469945355 0.5050590219224284 0.00819672131147541 0.02023608768971332
10 0.48715846994535517 0.5071669477234402 0.00819672131147541 0.021079258010118045
10 0.5010928961748634 0.5042158516020236 0.008743169398907104 0.02023608768971332
2 0.5959016393442623 0.484822934232715 0.07923497267759563 0.42833052276559863
5 0.04289617486338798 0.6058178752107926 0.05191256830601093 0.0851602023608769
1 0.32103825136612024 0.5480607082630692 0.012568306010928962 0.011804384485666104
10 0.6185792349726776 0.4856661045531197 0.01092896174863388 0.011804384485666104
10 0.46229508196721314 0.5223440134907251 0.012021857923497269 0.01433389544688027
1 0.07103825136612021 0.6066610455311973 0.007650273224043716 0.0193929173693086
1 0.337431693989071 0.551433389544688 0.011475409836065573 0.011804384485666104
1 0.1650273224043716 0.5906408094435076 0.012021857923497269 0.010961214165261383
10 0.44344262295081965 0.5311973018549747 0.011475409836065573 0.011804384485666104
1 0.32103825136612024 0.5590219224283305 0.012568306010928962 0.011804384485666104
10 0.5393442622950819 0.5172849915682968 0.007650273224043716 0.01770657672849916
10 0.510655737704918 0.5236087689713322 0.006010928961748634 0.01517706576728499
1 0.5469945355191257 0.5164418212478921 0.006557377049180328 0.01770657672849916
10 0.5251366120218579 0.521079258010118 0.006557377049180328 0.01854974704890388
10 0.5325136612021858 0.519814502529511 0.00819672131147541 0.0193929173693086
10 0.5024590163934426 0.5261382799325464 0.006010928961748634 0.01854974704890388
10 0.49562841530054647 0.5274030354131535 0.006557377049180328 0.01770657672849916
10 0.4882513661202186 0.53035413153457 0.006010928961748634 0.01854974704890388
10 0.5174863387978142 0.5236087689713322 0.007650273224043716 0.02023608768971332
10 0.47185792349726774 0.5358347386172007 0.01366120218579235 0.010961214165261383
10 0.44426229508196724 0.5421585160202361 0.012021857923497269 0.011804384485666104
10 0.3226775956284153 0.5691399662731872 0.011475409836065573 0.01011804384485666
5 0.11748633879781421 0.6193086003372681 0.08306010928961749 0.15598650927487354
5 0.21967213114754097 0.5965430016863407 0.08196721311475409 0.1543001686340641
1 0.4592896174863388 0.5489038785834739 0.010382513661202186 0.01011804384485666
10 0.4456284153005464 0.5539629005059022 0.012568306010928962 0.011804384485666104
10 0.47295081967213115 0.5480607082630692 0.012568306010928962 0.011804384485666104
1 0.3237704918032787 0.5809443507588533 0.01366120218579235 0.011804384485666104
10 0.3112021857923497 0.5838954468802698 0.011475409836065573 0.010961214165261383
1 0.029508196721311476 0.654300168634064 0.007650273224043716 0.021922428330522766
1 0.46174863387978143 0.5615514333895447 0.013114754098360656 0.011804384485666104
1 0.47295081967213115 0.5590219224283305 0.01366120218579235 0.011804384485666104
1 0.1685792349726776 0.6256323777403036 0.012568306010928962 0.011804384485666104
1 0.44754098360655736 0.5649241146711635 0.015300546448087432 0.011804384485666104
1 0.04180327868852459 0.6551433389544689 0.011475409836065573 0.013490725126475547
1 0.5491803278688525 0.5446880269814502 0.007650273224043716 0.01854974704890388
10 0.056557377049180325 0.6521922428330523 0.011475409836065573 0.012647554806070826
1 0.0715846994535519 0.6496627318718381 0.012021857923497269 0.012647554806070826
1 0.44726775956284154 0.5767284991568297 0.010382513661202186 0.011804384485666104
1 0.7915300546448087 0.5063237774030354 0.009289617486338797 0.021079258010118045
10 0.44781420765027324 0.5872681281618887 0.011475409836065573 0.010961214165261383
1 0.32349726775956283 0.6142495784148398 0.008743169398907104 0.022765598650927487
1 0.5510928961748633 0.5657672849915683 0.00819672131147541 0.01854974704890388
5 0.5166666666666667 0.5767284991568297 0.06721311475409836 0.08094435075885328
1 0.44972677595628413 0.5978077571669477 0.013114754098360656 0.01011804384485666
1 0.4486338797814208 0.6104553119730185 0.01092896174863388 0.011804384485666104
1 0.5530054644808743 0.5885328836424958 0.007650273224043716 0.016863406408094434
2 0.9625683060109289 0.5071669477234402 0.07377049180327869 0.49325463743676223
2 0.8997267759562841 0.5278246205733558 0.08579234972677596 0.4806070826306914
2 0.753551912568306 0.5657672849915683 0.08852459016393442 0.48903878583473864
2 0.680327868852459 0.5813659359190556 0.08415300546448087 0.484822934232715
2 0.8234972677595629 0.5497470489038786 0.08961748633879782 0.4856661045531197
10 0.9308743169398908 0.5324620573355818 0.01366120218579235 0.012647554806070826