1 0.4115070093457944 0.8508403361344538 0.053154205607476634 0.05798319327731093
1 0.9033294392523364 0.9491596638655462 0.06950934579439252 0.052941176470588235
1 0.9573598130841121 0.13403361344537815 0.02219626168224299 0.08319327731092437
1 0.9810163551401869 0.14369747899159663 0.02394859813084112 0.08403361344537816
12 0.5046728971962616 0.25798319327731095 0.06775700934579439 0.08907563025210084
2 0.04030373831775701 0.3096638655462185 0.029205607476635514 0.2596638655462185
1 0.23802570093457945 0.3445378151260504 0.02511682242990654 0.07899159663865546
1 0.3463785046728972 0.37058823529411766 0.053738317757009345 0.05042016806722689
1 0.4337032710280374 0.37184873949579833 0.035630841121495324 0.08823529411764706
12 0.23539719626168223 0.04747899159663865 0.03271028037383177 0.052941176470588235
2 0.040011682242990655 0.6672268907563025 0.03329439252336448 0.11092436974789915
1 0.6708528037383178 0.6794117647058824 0.0227803738317757 0.08991596638655462
2 0.0455607476635514 0.8058823529411765 0.03154205607476635 0.13109243697478992