1 0.783935546875 0.46775012696800405 0.00341796875 0.009141696292534281
1 0.720947265625 0.47105129507364146 0.00439453125 0.009649568308786187
1 0.705078125 0.4713052310817674 0.00390625 0.0111731843575419
10 0.7353515625 0.4718131030980193 0.00390625 0.01015744032503809
1 0.69970703125 0.47155916708989337 0.00390625 0.011681056373793804
1 0.71533203125 0.4718131030980193 0.00390625 0.01015744032503809
10 0.74072265625 0.4723209751142712 0.0029296875 0.01015744032503809
10 0.730224609375 0.4720670391061452 0.00341796875 0.009649568308786187
10 0.751220703125 0.4720670391061452 0.00439453125 0.011681056373793804
1 0.709716796875 0.4720670391061452 0.00341796875 0.009649568308786187
10 0.7255859375 0.4723209751142712 0.0029296875 0.01015744032503809
10 0.7568359375 0.4728288471305231 0.00390625 0.0111731843575419
10 0.74560546875 0.47257491112239713 0.00390625 0.010665312341289994
1 0.83642578125 0.473336719146775 0.0048828125 0.009141696292534281
1 0.84423828125 0.4743524631792788 0.00390625 0.013204672422549517
1 0.807861328125 0.4771457592686643 0.00537109375 0.009649568308786187
1 0.780517578125 0.47892331132554594 0.00439453125 0.009141696292534281
10 0.669677734375 0.48120873539867953 0.00927734375 0.0045708481462671405
10 0.623291015625 0.48324022346368717 0.01025390625 0.0035551041137633316
1 0.611572265625 0.48527171152869475 0.01025390625 0.0045708481462671405
2 0.029541015625 0.48628745556119857 0.05517578125 0.25444388014220415
10 0.6689453125 0.48628745556119857 0.0087890625 0.00558659217877095
10 0.669677734375 0.4918740477399695 0.01025390625 0.00558659217877095
10 0.611328125 0.4923819197562214 0.0087890625 0.00558659217877095
10 0.623046875 0.4926358557643474 0.009765625 0.005078720162519045
1 0.817138671875 0.49923819197562214 0.00341796875 0.007110208227526663
10 0.826171875 0.5091416962925343 0.01171875 0.0045708481462671405
10 0.612548828125 0.5142204164550533 0.00830078125 0.00558659217877095
10 0.622802734375 0.5144743524631793 0.00927734375 0.007110208227526663
10 0.611328125 0.5198070086338242 0.0107421875 0.00558659217877095
10 0.623046875 0.520822752666328 0.0126953125 0.00558659217877095
10 0.422119140625 0.053580497714575924 0.00537109375 0.009649568308786187
10 0.451171875 0.053580497714575924 0.00390625 0.011681056373793804
10 0.445556640625 0.053580497714575924 0.00439453125 0.009649568308786187
10 0.41015625 0.053326561706449976 0.005859375 0.01218892839004571
10 0.4287109375 0.053326561706449976 0.0048828125 0.01218892839004571
10 0.4560546875 0.053326561706449976 0.00390625 0.01015744032503809
10 0.43359375 0.053326561706449976 0.00390625 0.0111731843575419
10 0.440185546875 0.05408836973082783 0.00341796875 0.010665312341289994
2 0.037109375 0.054596241747079735 0.0556640625 0.02488572879634332
10 0.849365234375 0.5472320975114271 0.00927734375 0.006602336211274758
10 0.838134765625 0.5472320975114271 0.01025390625 0.00558659217877095
10 0.65087890625 0.5561198577958355 0.0048828125 0.0111731843575419
12 0.6923828125 0.5566277298120873 0.0166015625 0.013204672422549517
12 0.642822265625 0.5566277298120873 0.01025390625 0.014220416455053326
12 0.624267578125 0.5568816658202133 0.01220703125 0.01574403250380904
1 0.675537109375 0.5576434738445911 0.00634765625 0.016251904520060943
10 0.63330078125 0.558151345860843 0.00390625 0.0111731843575419
10 0.7041015625 0.5611985779583545 0.005859375 0.01218892839004571
10 0.63330078125 0.5680548501777553 0.0126953125 0.0035551041137633316
1 0.202880859375 0.056881665820213305 0.01220703125 0.005078720162519045
10 0.633056640625 0.5731335703402742 0.01123046875 0.0035551041137633316
10 0.711669921875 0.5769426104621636 0.00341796875 0.01218892839004571
12 0.722900390625 0.5769426104621636 0.01611328125 0.014220416455053326
10 0.690185546875 0.5787201625190452 0.01123046875 0.0045708481462671405
10 0.5234375 0.05815134586084307 0.0185546875 0.00558659217877095
10 0.42919921875 0.5843067546978161 0.0126953125 0.00558659217877095
10 0.690185546875 0.5843067546978161 0.01123046875 0.0035551041137633316
5 0.6630859375 0.5873539867953276 0.0322265625 0.042153377348908075
10 0.429443359375 0.5898933468765871 0.01220703125 0.0045708481462671405
10 0.690185546875 0.5901472828847131 0.01123046875 0.004062976130015236
10 0.71142578125 0.5898933468765871 0.0048828125 0.010665312341289994
12 0.722900390625 0.5911630269172169 0.01513671875 0.013204672422549517
10 0.629150390625 0.595733875063484 0.01025390625 0.005078720162519045
1 0.4248046875 0.5972574911122397 0.0107421875 0.005078720162519045
10 0.619384765625 0.5985271711528695 0.00537109375 0.010665312341289994
10 0.434814453125 0.5995429151853733 0.00537109375 0.010665312341289994
10 0.4248046875 0.6025901472828847 0.009765625 0.0045708481462671405
10 0.64013671875 0.6056373793803962 0.0087890625 0.0045708481462671405
1 0.15087890625 0.06043676993397664 0.0048828125 0.01218892839004571
10 0.248291015625 0.06094464195022854 0.01025390625 0.005078720162519045
1 0.68994140625 0.6066531234128999 0.0107421875 0.0045708481462671405
5 0.885986328125 0.06094464195022854 0.04052734375 0.04062976130015236
1 0.177490234375 0.061452513966480445 0.01123046875 0.004062976130015236
1 0.67578125 0.6145251396648045 0.0048828125 0.01015744032503809
1 0.748779296875 0.6323006602336211 0.00439453125 0.013204672422549517
10 0.619384765625 0.649060436769934 0.01025390625 0.005078720162519045
10 0.618896484375 0.6564245810055865 0.01025390625 0.006602336211274758
10 0.247802734375 0.06653123412899949 0.01123046875 0.005078720162519045
10 0.617919921875 0.6632808532249873 0.01025390625 0.005078720162519045
1 0.424560546875 0.0670391061452514 0.00341796875 0.0111731843575419
10 0.43017578125 0.0670391061452514 0.00390625 0.009141696292534281
1 0.4521484375 0.06780091416962926 0.005859375 0.011681056373793804
1 0.44482421875 0.06780091416962926 0.0048828125 0.011681056373793804
10 0.629638671875 0.6767394616556628 0.00830078125 0.006602336211274758
1 0.45947265625 0.0680548501777552 0.0048828125 0.0111731843575419
1 0.615234375 0.681056373793804 0.005859375 0.009141696292534281
12 0.6494140625 0.7028948704926359 0.0166015625 0.01218892839004571
2 0.029052734375 0.7221940071102082 0.04833984375 0.2254951752158456
1 0.64501953125 0.723463687150838 0.01953125 0.008633824276282377
1 0.15869140625 0.0733875063484002 0.0048828125 0.010665312341289994
1 0.64208984375 0.733621127475876 0.01953125 0.008633824276282377
1 0.1640625 0.07364144235652616 0.00390625 0.0111731843575419
1 0.16943359375 0.07364144235652616 0.005859375 0.0111731843575419
1 0.448486328125 0.7625698324022346 0.00830078125 0.0045708481462671405
10 0.447265625 0.7671406805485018 0.009765625 0.0035551041137633316
1 0.447998046875 0.7732351447435246 0.00927734375 0.0035551041137633316
1 0.447509765625 0.7783138649060437 0.00927734375 0.0035551041137633316
10 0.055908203125 0.08024377856780092 0.00537109375 0.01218892839004571
1 0.362548828125 0.8070086338242762 0.00634765625 0.015236160487557136
10 0.090576171875 0.8270695784662265 0.00341796875 0.010665312341289994
1 0.378662109375 0.8280853224987303 0.01220703125 0.00558659217877095
1 0.239013671875 0.08329101066531235 0.00439453125 0.01015744032503809
10 0.08154296875 0.8354494667343829 0.009765625 0.006094464195022855
10 0.066162109375 0.8364652107668867 0.00537109375 0.01015744032503809
10 0.060302734375 0.8369730827831386 0.00439453125 0.013204672422549517
10 0.016357421875 0.8443372270187912 0.00439453125 0.010665312341289994
1 0.334228515625 0.8450990350431691 0.00537109375 0.01218892839004571
1 0.33349609375 0.845606907059421 0.0048828125 0.013204672422549517
1 0.36181640625 0.8463687150837989 0.005859375 0.012696800406297613
10 0.330810546875 0.861858811579482 0.01123046875 0.006094464195022855
1 0.010009765625 0.8740477399695277 0.00244140625 0.0111731843575419
10 0.44970703125 0.8748095479939055 0.0087890625 0.0045708481462671405
10 0.4365234375 0.8750634840020315 0.01171875 0.007110208227526663
10 0.449951171875 0.8811579481970544 0.00927734375 0.004062976130015236
1 0.010498046875 0.8831894362620619 0.00537109375 0.01015744032503809
1 0.121826171875 0.8831894362620619 0.00439453125 0.01015744032503809
1 0.853759765625 0.8895378364652108 0.00830078125 0.019807008633824275
1 0.010498046875 0.8963941086846114 0.00439453125 0.01015744032503809
1 0.121826171875 0.8969019807008634 0.00537109375 0.0111731843575419
10 0.38525390625 0.8979177247333672 0.0078125 0.017267648552564754
1 0.0927734375 0.9078212290502793 0.005859375 0.0035551041137633316
10 0.384765625 0.9136617572371762 0.005859375 0.0111731843575419
10 0.105712890625 0.9187404773996953 0.00341796875 0.01015744032503809
10 0.096923828125 0.9192483494159471 0.01220703125 0.0030472320975114273
10 0.78515625 0.9215337734890807 0.0048828125 0.010665312341289994
1 0.352294921875 0.9243270695784662 0.00537109375 0.01218892839004571
10 0.589111328125 0.9268664296597258 0.00244140625 0.0111731843575419
5 0.805419921875 0.9288979177247334 0.02880859375 0.02031488065007618
12 0.63525390625 0.9304215337734891 0.0126953125 0.017267648552564754
10 0.514892578125 0.9314372778059928 0.01025390625 0.005078720162519045
1 0.392578125 0.9319451498222447 0.0107421875 0.004062976130015236
10 0.78515625 0.9324530218384967 0.00390625 0.009141696292534281
10 0.345458984375 0.9367699339766379 0.00537109375 0.011681056373793804
10 0.35205078125 0.9375317420010157 0.00390625 0.01218892839004571
10 0.392822265625 0.9375317420010157 0.00927734375 0.0030472320975114273
5 0.37109375 0.9385474860335196 0.03125 0.03961401726764855
10 0.009765625 0.9400711020822753 0.0048828125 0.0111731843575419
10 0.391845703125 0.9423565261554089 0.01025390625 0.0025393600812595226
1 0.79638671875 0.9428643981716608 0.01171875 0.006602336211274758
10 0.786376953125 0.9448958862366683 0.00537109375 0.010665312341289994
1 0.388916015625 0.952006094464195 0.00439453125 0.009649568308786187
10 0.508056640625 0.952260030472321 0.01025390625 0.005078720162519045
10 0.528076171875 0.9563230066023362 0.00830078125 0.005078720162519045
1 0.335693359375 0.9608938547486033 0.00830078125 0.006094464195022855
10 0.212646484375 0.10284408329101066 0.01025390625 0.0035551041137633316
1 0.501708984375 0.11198577958354494 0.01123046875 0.0045708481462671405
1 0.6611328125 0.11249365159979685 0.0078125 0.0045708481462671405
1 0.621337890625 0.1127475876079228 0.00830078125 0.005078720162519045
10 0.501953125 0.12214321990858304 0.0078125 0.0025393600812595226
1 0.363037109375 0.12392077196546471 0.00634765625 0.0111731843575419
1 0.213134765625 0.12468257998984256 0.00927734375 0.00558659217877095
10 0.50146484375 0.12772981208735398 0.009765625 0.0045708481462671405
10 0.138427734375 0.1287455561198578 0.00927734375 0.00558659217877095
1 0.201904296875 0.1287455561198578 0.01025390625 0.00558659217877095
1 0.39697265625 0.1287455561198578 0.0029296875 0.008633824276282377
2 0.032470703125 0.13153885220924327 0.04443359375 0.09344845099035043
10 0.499755859375 0.13280853224987305 0.01220703125 0.0045708481462671405
10 0.499755859375 0.1389029964448959 0.01123046875 0.0035551041137633316
10 0.209228515625 0.1409344845099035 0.01318359375 0.006602336211274758
12 0.1923828125 0.15236160487557135 0.015625 0.01218892839004571
10 0.213134765625 0.15413915693245303 0.01025390625 0.0045708481462671405
1 0.40234375 0.15591670898933468 0.00390625 0.01218892839004571
1 0.4072265625 0.15591670898933468 0.00390625 0.01218892839004571
1 0.42138671875 0.15617064499746064 0.00390625 0.010665312341289994
1 0.096435546875 0.15667851701371255 0.00927734375 0.0045708481462671405
1 0.4150390625 0.1569324530218385 0.0029296875 0.01015744032503809
10 0.213134765625 0.15820213306246825 0.00927734375 0.0045708481462671405
10 0.070068359375 0.16175723717623158 0.01318359375 0.006602336211274758
10 0.097412109375 0.16455053326561705 0.01220703125 0.006094464195022855
1 0.20556640625 0.16759776536312848 0.0048828125 0.01218892839004571
1 0.21240234375 0.16886744540375825 0.005859375 0.011681056373793804
10 0.375 0.21813103098019299 0.0029296875 0.010665312341289994
12 0.171630859375 0.21990858303707467 0.01220703125 0.016251904520060943
1 0.631103515625 0.2211782630777044 0.00830078125 0.00558659217877095
12 0.153564453125 0.22092432706957846 0.01123046875 0.014220416455053326
2 0.17724609375 0.0228542407313357 0.099609375 0.0335195530726257
10 0.244140625 0.24200101574403252 0.005859375 0.011681056373793804
1 0.286376953125 0.24225495175215844 0.00439453125 0.01218892839004571
1 0.301513671875 0.2425088877602844 0.00732421875 0.00558659217877095
10 0.2919921875 0.24276282376841035 0.00390625 0.01015744032503809
10 0.349609375 0.2430167597765363 0.0029296875 0.011681056373793804
1 0.330078125 0.24352463179278822 0.0048828125 0.012696800406297613
1 0.3359375 0.24352463179278822 0.0029296875 0.012696800406297613
1 0.355224609375 0.24327069578466226 0.00439453125 0.0111731843575419
10 0.39404296875 0.2463179278821737 0.00390625 0.01015744032503809
12 0.220458984375 0.02488572879634332 0.01708984375 0.0111731843575419
10 0.400634765625 0.2473336719146775 0.00341796875 0.013204672422549517
2 0.0634765625 0.025647536820721177 0.119140625 0.033011681056373796
1 0.308349609375 0.25342813610970033 0.00634765625 0.005078720162519045
1 0.285888671875 0.2536820721178263 0.01025390625 0.0045708481462671405
10 0.2978515625 0.2546978161503301 0.009765625 0.0045708481462671405
1 0.015380859375 0.25495175215845606 0.00341796875 0.01015744032503809
1 0.39306640625 0.25774504824784156 0.015625 0.00558659217877095
1 0.374267578125 0.2592686642965973 0.01025390625 0.0035551041137633316
1 0.308349609375 0.2600304723209751 0.00830078125 0.004062976130015236
10 0.297607421875 0.25977653631284914 0.00927734375 0.0035551041137633316
10 0.286865234375 0.2600304723209751 0.01025390625 0.005078720162519045
10 0.820068359375 0.02691721686135094 0.01123046875 0.006094464195022855
1 0.41796875 0.02717115286947689 0.0078125 0.00558659217877095
10 0.374755859375 0.26612493651599795 0.01220703125 0.005078720162519045
10 0.391845703125 0.26714068054850176 0.00927734375 0.0030472320975114273
1 0.043212890625 0.2686642965972575 0.00537109375 0.01218892839004571
1 0.25537109375 0.27171152869476894 0.0078125 0.004062976130015236
5 0.026123046875 0.27831386490604365 0.02587890625 0.03250380904012189
10 0.87646484375 0.028694768918232607 0.00390625 0.010665312341289994
10 0.896484375 0.028694768918232607 0.0029296875 0.010665312341289994
10 0.320068359375 0.2861858811579482 0.00537109375 0.012696800406297613
10 0.88671875 0.028948704926358558 0.0029296875 0.0111731843575419
10 0.87158203125 0.028948704926358558 0.00390625 0.01218892839004571
10 0.891845703125 0.028948704926358558 0.00341796875 0.01218892839004571
10 0.881591796875 0.028948704926358558 0.00341796875 0.0111731843575419
1 0.72021484375 0.2907567293042153 0.009765625 0.00558659217877095
10 0.267822265625 0.2935500253936008 0.00927734375 0.004062976130015236
10 0.33642578125 0.2940578974098527 0.01171875 0.005078720162519045
1 0.283935546875 0.2963433214829863 0.00439453125 0.011681056373793804
10 0.28955078125 0.29812087353986794 0.00390625 0.013204672422549517
10 0.268798828125 0.2983748095479939 0.01025390625 0.0045708481462671405
1 0.03515625 0.2988826815642458 0.009765625 0.00558659217877095
12 0.549560546875 0.2988826815642458 0.01123046875 0.014728288471305232
12 0.582763671875 0.29964448958862366 0.01025390625 0.014220416455053326
12 0.564208984375 0.3001523616048756 0.01123046875 0.015236160487557136
10 0.511474609375 0.3011681056373794 0.00439453125 0.0111731843575419
10 0.501220703125 0.30142204164550535 0.00537109375 0.011681056373793804
1 0.5068359375 0.3021838496698832 0.0029296875 0.01015744032503809
1 0.493896484375 0.30243778567800916 0.01123046875 0.00558659217877095
1 0.268310546875 0.30599288979177247 0.01220703125 0.0045708481462671405
10 0.284423828125 0.3092940578974099 0.00439453125 0.01015744032503809
10 0.519287109375 0.3090401218892839 0.00439453125 0.008633824276282377
10 0.53466796875 0.3100558659217877 0.0048828125 0.009649568308786187
10 0.459716796875 0.03174200101574403 0.00927734375 0.0045708481462671405
1 0.493408203125 0.31259522600304723 0.00927734375 0.00558659217877095
1 0.580322265625 0.31259522600304723 0.01025390625 0.0045708481462671405
10 0.330322265625 0.3222447943118334 0.01220703125 0.00558659217877095
10 0.83349609375 0.3260538344337227 0.0107421875 0.005078720162519045
10 0.329833984375 0.32884713052310816 0.01220703125 0.0045708481462671405
1 0.828369140625 0.0335195530726257 0.01025390625 0.005078720162519045
1 0.771484375 0.3362112747587608 0.005859375 0.008125952260030472
1 0.732666015625 0.3506856272219401 0.00927734375 0.00558659217877095
1 0.815673828125 0.35728796343321484 0.00732421875 0.00558659217877095
10 0.740234375 0.3638902996444896 0.0107421875 0.00558659217877095
1 0.50927734375 0.3638902996444896 0.013671875 0.010665312341289994
10 0.75244140625 0.3643981716607415 0.01171875 0.00558659217877095
10 0.787841796875 0.3643981716607415 0.01025390625 0.00558659217877095
1 0.5322265625 0.36998476383951245 0.0146484375 0.010665312341289994
1 0.796630859375 0.372270187912646 0.00830078125 0.005078720162519045
1 0.715576171875 0.3737938039614017 0.00341796875 0.0111731843575419
1 0.75048828125 0.37353986795327576 0.00390625 0.010665312341289994
1 0.72509765625 0.37404773996952767 0.00390625 0.009649568308786187
1 0.72021484375 0.3743016759776536 0.0029296875 0.01015744032503809
1 0.730224609375 0.3743016759776536 0.00341796875 0.01015744032503809
1 0.69482421875 0.3743016759776536 0.00390625 0.01218892839004571
1 0.700439453125 0.3743016759776536 0.00341796875 0.0111731843575419
1 0.755615234375 0.3743016759776536 0.00439453125 0.01218892839004571
1 0.74560546875 0.37404773996952767 0.0029296875 0.010665312341289994
1 0.74072265625 0.3745556119857796 0.00390625 0.011681056373793804
1 0.76025390625 0.37480954799390553 0.0029296875 0.0111731843575419
1 0.517333984375 0.3745556119857796 0.00830078125 0.009649568308786187
10 0.735107421875 0.37480954799390553 0.00439453125 0.01218892839004571
10 0.765869140625 0.3750634840020315 0.00341796875 0.011681056373793804
1 0.6875 0.37887252412392075 0.00390625 0.009141696292534281
1 0.77490234375 0.38166582021330625 0.00390625 0.008633824276282377
5 0.69482421875 0.038598273235144746 0.03515625 0.03047232097511427
1 0.46728515625 0.3844591163026917 0.0166015625 0.01015744032503809
1 0.427978515625 0.03910614525139665 0.00439453125 0.0111731843575419
10 0.760498046875 0.3872524123920772 0.00439453125 0.009649568308786187
10 0.76953125 0.3872524123920772 0.0029296875 0.011681056373793804
10 0.736083984375 0.38750634840020315 0.00439453125 0.0111731843575419
10 0.739990234375 0.38750634840020315 0.00341796875 0.0111731843575419
10 0.755126953125 0.38801422041645506 0.00341796875 0.01015744032503809
10 0.765625 0.38801422041645506 0.00390625 0.01015744032503809
10 0.745361328125 0.3877602844083291 0.00341796875 0.009649568308786187
10 0.75 0.38801422041645506 0.00390625 0.01015744032503809
1 0.43359375 0.0393600812595226 0.00390625 0.012696800406297613
5 0.7373046875 0.03910614525139665 0.0283203125 0.03555104113763331
1 0.410400390625 0.03961401726764855 0.00537109375 0.01218892839004571
10 0.422119140625 0.039867953275774505 0.00439453125 0.011681056373793804
10 0.44482421875 0.04037582529202641 0.00390625 0.012696800406297613
1 0.4521484375 0.04012188928390046 0.005859375 0.01218892839004571
1 0.033203125 0.04037582529202641 0.01171875 0.0045708481462671405
1 0.0556640625 0.04062976130015236 0.01171875 0.0030472320975114273
10 0.8544921875 0.4070594210259015 0.00390625 0.011681056373793804
1 0.17822265625 0.04139156932453022 0.0107421875 0.0045708481462671405
1 0.19091796875 0.04139156932453022 0.0078125 0.0035551041137633316
1 0.822998046875 0.41670898933468764 0.00537109375 0.008633824276282377
1 0.6298828125 0.4174707973590655 0.00390625 0.01218892839004571
10 0.623779296875 0.41899441340782123 0.00537109375 0.013204672422549517
5 0.69091796875 0.4187404773996953 0.0146484375 0.011681056373793804
10 0.85009765625 0.4192483494159472 0.00390625 0.010665312341289994
10 0.855224609375 0.41950228542407314 0.00341796875 0.0111731843575419
10 0.861083984375 0.42001015744032505 0.00439453125 0.0111731843575419
12 0.732177734375 0.4212798374809548 0.06591796875 0.043169121381411886
1 0.84228515625 0.42839004570848144 0.0068359375 0.00558659217877095
1 0.849609375 0.4304215337734891 0.00390625 0.010665312341289994
1 0.8603515625 0.43118334179786694 0.00390625 0.01015744032503809
1 0.85546875 0.4314372778059929 0.00390625 0.009649568308786187
12 0.691162109375 0.43270695784662266 0.01708984375 0.01015744032503809
1 0.798583984375 0.4344845099035043 0.00830078125 0.00558659217877095
10 0.6181640625 0.4372778059928898 0.0107421875 0.005078720162519045
1 0.142333984375 0.04393092940578974 0.00439453125 0.011681056373793804
1 0.780517578125 0.4395632300660234 0.00732421875 0.0045708481462671405
1 0.136474609375 0.04418486541391569 0.00439453125 0.01015744032503809
10 0.7001953125 0.4586084306754698 0.0048828125 0.01015744032503809
10 0.705810546875 0.4586084306754698 0.00341796875 0.01015744032503809
10 0.7099609375 0.45886236668359576 0.00390625 0.010665312341289994
10 0.715087890625 0.4591163026917217 0.00341796875 0.01015744032503809
10 0.74072265625 0.4591163026917217 0.00390625 0.009141696292534281
1 0.720458984375 0.45886236668359576 0.00439453125 0.010665312341289994
10 0.75048828125 0.45937023869984767 0.0029296875 0.011681056373793804
10 0.7255859375 0.45962417470797357 0.0048828125 0.0111731843575419
10 0.74560546875 0.45937023869984767 0.00390625 0.010665312341289994
10 0.7568359375 0.45962417470797357 0.0048828125 0.0111731843575419
10 0.73046875 0.4598781107160995 0.0029296875 0.010665312341289994
10 0.7353515625 0.4601320467242255 0.0029296875 0.0111731843575419
10 0.656005859375 0.4616556627729812 0.01220703125 0.005078720162519045