1 0.10425663170882171 0.19216757741347906 0.025909932140653916 0.14754098360655737
1 0.46051819864281307 0.1994535519125683 0.010487353485502776 0.07103825136612021
1 0.9012954966070327 0.1994535519125683 0.024676125848241828 0.12568306010928962
12 0.487045033929673 0.20036429872495445 0.025293028994447873 0.07650273224043716
10 0.418877236273905 0.20127504553734063 0.00987045033929673 0.056466302367941715
10 0.5289944478716841 0.20036429872495445 0.010487353485502776 0.058287795992714025
10 0.4719309068476249 0.20218579234972678 0.011104256631708822 0.061930783242258654
1 0.6110425663170882 0.20218579234972678 0.015422578655151141 0.07285974499089254
12 0.5117211597779149 0.20309653916211293 0.020357803824799507 0.06375227686703097
10 0.5706354102405923 0.20309653916211293 0.00987045033929673 0.056466302367941715
10 0.582356570018507 0.20491803278688525 0.011104256631708822 0.056466302367941715
1 0.5394818013571869 0.20673952641165755 0.009253547193090685 0.056466302367941715
10 0.4299814929056138 0.20947176684881602 0.00987045033929673 0.0692167577413479
5 0.6533004318322023 0.22313296903460839 0.04688463911165947 0.1111111111111111
2 0.9629858112276373 0.2459016393442623 0.07402837754472548 0.16393442622950818
12 0.48673658235657 0.27595628415300544 0.023442319555829736 0.06375227686703097
12 0.5111042566317088 0.2777777777777778 0.02282541640962369 0.056466302367941715
10 0.47223935842072795 0.2777777777777778 0.011721159777914868 0.06375227686703097
10 0.4201110425663171 0.2786885245901639 0.00987045033929673 0.061930783242258654
1 0.5394818013571869 0.2795992714025501 0.011721159777914868 0.056466302367941715
1 0.46144355336212217 0.2786885245901639 0.012338062924120914 0.0692167577413479
10 0.5712523133867983 0.2795992714025501 0.011104256631708822 0.060109289617486336
10 0.5283775447254782 0.2814207650273224 0.010487353485502776 0.060109289617486336
10 0.4299814929056138 0.2814207650273224 0.00863664404688464 0.06375227686703097
1 0.3797038864898211 0.2814207650273224 0.017890191239975324 0.07832422586520947
10 0.5826650215916102 0.28233151183970856 0.011721159777914868 0.061930783242258654
5 0.3473164713140037 0.2987249544626594 0.04688463911165947 0.12021857923497267
2 0.044108574953732264 0.3105646630236794 0.08328192473781616 0.1912568306010929
10 0.48889574336829117 0.36156648451730417 0.012954966070326958 0.06739526411657559
10 0.4302899444787168 0.36247723132969034 0.011721159777914868 0.06557377049180328
10 0.4756323257248612 0.36247723132969034 0.011104256631708822 0.06557377049180328
1 0.4660703269586675 0.36429872495446264 0.01418877236273905 0.06557377049180328
10 0.5351634793337446 0.3652094717668488 0.010487353485502776 0.056466302367941715
1 0.5475015422578655 0.3652094717668488 0.010487353485502776 0.060109289617486336
10 0.5157310302282542 0.366120218579235 0.011104256631708822 0.061930783242258654
10 0.5037014188772363 0.36885245901639346 0.011721159777914868 0.06739526411657559
1 0.5256014805675508 0.3697632058287796 0.011104256631708822 0.058287795992714025
1 0.5212831585441086 0.45264116575591984 0.011104256631708822 0.06375227686703097
10 0.4417026526835287 0.45719489981785066 0.016039481801357187 0.0692167577413479
10 0.5111042566317088 0.45719489981785066 0.011721159777914868 0.061930783242258654
1 0.5317705120296113 0.46174863387978143 0.012338062924120914 0.060109289617486336
2 0.9623689080814312 0.470856102003643 0.0715607649599013 0.1657559198542805
1 0.10456508328192474 0.4872495446265938 0.024059222702035782 0.13296903460837886
5 0.4771745835903763 0.4918032786885246 0.054904380012338064 0.11293260473588343
1 0.8972856261566934 0.4936247723132969 0.024059222702035782 0.12386156648451731
2 0.044108574953732264 0.5264116575591985 0.08081431215299198 0.17122040072859745
10 0.4435533621221468 0.5355191256830601 0.011104256631708822 0.061930783242258654
10 0.4339913633559531 0.5364298724954463 0.012954966070326958 0.06375227686703097
10 0.5212831585441086 0.5373406193078324 0.00987045033929673 0.061930783242258654
10 0.5299198025909932 0.5400728597449909 0.00987045033929673 0.06375227686703097
1 0.5123380629241209 0.5437158469945356 0.010487353485502776 0.06375227686703097
5 0.6017890191239975 0.546448087431694 0.0499691548426897 0.09836065573770492
1 0.6600863664404688 0.5491803278688525 0.016039481801357187 0.08925318761384335
1 0.6421961752004935 0.5528233151183971 0.01850709438618137 0.09289617486338798
1 0.6767427513880321 0.558287795992714 0.01850709438618137 0.0965391621129326
5 0.3812461443553362 0.6220400728597449 0.04441702652683529 0.10746812386156648
1 0.3220234423195558 0.6238615664845173 0.01727328809376928 0.10382513661202186
1 0.33867982726711904 0.6284153005464481 0.020974706971005553 0.08743169398907104
10 0.4552745219000617 0.6275045537340619 0.012338062924120914 0.06739526411657559
10 0.5040098704503393 0.6284153005464481 0.012338062924120914 0.0692167577413479
1 0.3053670573719926 0.6293260473588342 0.01727328809376928 0.0965391621129326
1 0.46452806909315236 0.6311475409836066 0.011104256631708822 0.060109289617486336
10 0.445712523133868 0.6311475409836066 0.011721159777914868 0.06375227686703097
1 0.4743985194324491 0.6311475409836066 0.011104256631708822 0.06739526411657559
1 0.4836520666255398 0.6329690346083788 0.00987045033929673 0.06375227686703097
10 0.5151141270820481 0.6320582877959927 0.012338062924120914 0.058287795992714025
1 0.5527452190006169 0.6347905282331512 0.01727328809376928 0.07832422586520947
10 0.49506477483035166 0.6347905282331512 0.010487353485502776 0.060109289617486336
2 0.958975940777298 0.6839708561020036 0.08204811844540408 0.1657559198542805
2 0.03948180135718692 0.7404371584699454 0.07279457125231338 0.18032786885245902
1 0.10518198642813079 0.773224043715847 0.025293028994447873 0.11475409836065574
1 0.8991363355953116 0.7805100182149363 0.025293028994447873 0.11475409836065574
2 0.5061690314620605 0.9116575591985429 0.14497223935842074 0.1766848816029144
10 0.4290561381863047 0.11748633879781421 0.011721159777914868 0.06375227686703097
10 0.5829734731647132 0.11839708561020036 0.012338062924120914 0.061930783242258654
10 0.38864898210980875 0.11748633879781421 0.011104256631708822 0.060109289617486336
1 0.4608266502159161 0.11930783242258652 0.00863664404688464 0.060109289617486336
10 0.4000616903146206 0.11930783242258652 0.011721159777914868 0.06739526411657559
10 0.5296113510178901 0.12021857923497267 0.011721159777914868 0.0692167577413479
10 0.5712523133867983 0.12021857923497267 0.00863664404688464 0.058287795992714025
12 0.512954966070327 0.12112932604735883 0.0215916101172116 0.06739526411657559
10 0.41795188155459595 0.12021857923497267 0.010487353485502776 0.06557377049180328
1 0.5391733497840839 0.12112932604735883 0.011104256631708822 0.056466302367941715
12 0.4879703886489821 0.122040072859745 0.024676125848241828 0.07650273224043716
10 0.4713140037014189 0.12386156648451731 0.011104256631708822 0.06557377049180328