10 0.2573770491803279 0.2764350453172205 0.009836065573770493 0.01812688821752266
5 0.29043715846994533 0.2673716012084592 0.04972677595628415 0.1419939577039275
10 0.25901639344262295 0.290785498489426 0.01092896174863388 0.019637462235649546
10 0.3319672131147541 0.24395770392749244 0.011475409836065573 0.03474320241691843
10 0.03224043715846994 0.459214501510574 0.012021857923497269 0.027190332326283987
10 0.04562841530054645 0.4486404833836858 0.011475409836065573 0.02416918429003021
10 0.006284153005464481 0.4780966767371601 0.012568306010928962 0.028700906344410877
10 0.01912568306010929 0.4697885196374622 0.012021857923497269 0.027190332326283987
10 0.15901639344262294 0.37537764350453173 0.013114754098360656 0.028700906344410877
10 0.12950819672131147 0.39652567975830816 0.013114754098360656 0.03172205438066465
10 0.260655737704918 0.3066465256797583 0.012021857923497269 0.021148036253776436
10 0.1448087431693989 0.3867069486404834 0.012021857923497269 0.027190332326283987
10 0.26202185792349725 0.32326283987915405 0.012568306010928962 0.021148036253776436
1 0.5486338797814208 0.13444108761329304 0.033879781420765025 0.08157099697885196
10 0.32650273224043713 0.29682779456193353 0.011475409836065573 0.019637462235649546
10 0.16202185792349727 0.4206948640483384 0.012568306010928962 0.028700906344410877
10 0.13415300546448086 0.4433534743202417 0.012568306010928962 0.0256797583081571
10 0.14808743169398908 0.4335347432024169 0.012021857923497269 0.027190332326283987
5 0.7565573770491804 0.03323262839879154 0.02896174863387978 0.06646525679758308
1 0.8601092896174863 0.0030211480362537764 0.012021857923497269 0.006042296072507553
5 0.662568306010929 0.1608761329305136 0.07704918032786885 0.1555891238670695
1 0.2907103825136612 0.4169184290030212 0.006557377049180328 0.027190332326283987
1 0.276775956284153 0.42900302114803623 0.00819672131147541 0.03323262839879154
1 0.28415300546448086 0.42371601208459214 0.007650273224043716 0.03172205438066465
10 0.2683060109289617 0.4342900302114804 0.007650273224043716 0.03172205438066465
10 0.760655737704918 0.10120845921450151 0.009836065573770493 0.03625377643504532
10 0.6150273224043716 0.20694864048338368 0.010382513661202186 0.01812688821752266
5 0.823224043715847 0.0702416918429003 0.053005464480874315 0.1163141993957704
5 0.3584699453551913 0.3957703927492447 0.030601092896174863 0.07250755287009064
5 0.25573770491803277 0.4879154078549849 0.019672131147540985 0.0513595166163142
10 0.7636612021857924 0.13821752265861026 0.009289617486338797 0.03474320241691843
10 0.3040983606557377 0.4554380664652568 0.006010928961748634 0.028700906344410877
5 0.3180327868852459 0.44637462235649544 0.017486338797814208 0.04682779456193353
1 0.28524590163934427 0.4780966767371601 0.030601092896174863 0.03474320241691843
1 0.019672131147540985 0.6722054380664653 0.029508196721311476 0.0755287009063444
10 0.8554644808743169 0.1095166163141994 0.009289617486338797 0.03474320241691843
10 0.6202185792349727 0.27416918429003023 0.01092896174863388 0.019637462235649546
10 0.38907103825136613 0.43580060422960726 0.009836065573770493 0.019637462235649546
10 0.7669398907103825 0.17598187311178248 0.009289617486338797 0.03474320241691843
5 0.4901639344262295 0.37084592145015105 0.13442622950819672 0.37009063444108764
10 0.39043715846994537 0.4501510574018127 0.010382513661202186 0.01812688821752266
5 0.17431693989071037 0.6080060422960725 0.05136612021857923 0.19184290030211482
5 0.09207650273224044 0.6646525679758308 0.05191256830601093 0.1933534743202417
10 0.3915300546448087 0.46676737160120846 0.011475409836065573 0.021148036253776436
5 0.366120218579235 0.4901812688821752 0.02841530054644809 0.07099697885196375
10 0.5581967213114755 0.3580060422960725 0.009289617486338797 0.03323262839879154
5 0.6234972677595628 0.31419939577039274 0.030601092896174863 0.0755287009063444
10 0.7699453551912568 0.21374622356495468 0.008743169398907104 0.03172205438066465
5 0.3289617486338798 0.5181268882175226 0.0273224043715847 0.05740181268882175
10 0.5991803278688524 0.3338368580060423 0.010382513661202186 0.01812688821752266
5 0.2762295081967213 0.5566465256797583 0.027868852459016394 0.05891238670694864
10 0.39262295081967213 0.4818731117824773 0.010382513661202186 0.01812688821752266
10 0.3945355191256831 0.4954682779456193 0.009836065573770493 0.01812688821752266
1 0.02896174863387978 0.7560422960725075 0.025136612021857924 0.07099697885196375
10 0.7737704918032787 0.25075528700906347 0.009836065573770493 0.03323262839879154
10 0.9420765027322404 0.13746223564954682 0.009836065573770493 0.03625377643504532
10 0.30027322404371587 0.5823262839879154 0.007103825136612022 0.03172205438066465
10 0.8655737704918033 0.1933534743202417 0.008743169398907104 0.03323262839879154
5 0.2814207650273224 0.6261329305135952 0.0273224043715847 0.055891238670694864
10 0.776775956284153 0.28851963746223563 0.009289617486338797 0.03323262839879154
10 0.39699453551912567 0.5513595166163142 0.010382513661202186 0.01812688821752266
5 0.3729508196721312 0.5687311178247734 0.030054644808743168 0.07401812688821752
10 0.26010928961748636 0.649546827794562 0.007650273224043716 0.030211480362537766
10 0.3188524590163934 0.6329305135951662 0.00819672131147541 0.03323262839879154
10 0.8748633879781421 0.26132930513595165 0.009836065573770493 0.03625377643504532
10 0.8513661202185793 0.2764350453172205 0.009836065573770493 0.03323262839879154
2 0.6224043715846994 0.44108761329305135 0.06994535519125683 0.09969788519637462
1 0.0366120218579235 0.8466767371601208 0.025136612021857924 0.07401812688821752
10 0.9330601092896175 0.22885196374622357 0.009289617486338797 0.03474320241691843
10 0.376775956284153 0.6132930513595166 0.011475409836065573 0.021148036253776436
1 0.2191256830601093 0.7235649546827795 0.033879781420765025 0.08157099697885196
1 0.18387978142076503 0.7484894259818731 0.025683060109289616 0.07401812688821752
1 0.09726775956284153 0.8089123867069486 0.030601092896174863 0.08006042296072508
1 0.41475409836065574 0.5913897280966768 0.024043715846994537 0.07099697885196375
5 0.9013661202185792 0.26586102719033233 0.02896174863387978 0.07250755287009064
10 0.8543715846994535 0.31344410876132933 0.010382513661202186 0.03474320241691843
10 0.8781420765027322 0.29682779456193353 0.009836065573770493 0.03172205438066465
10 0.9366120218579235 0.2673716012084592 0.009836065573770493 0.030211480362537766
10 0.09781420765027322 0.870845921450151 0.008743169398907104 0.03172205438066465
10 0.06092896174863388 0.8957703927492447 0.009289617486338797 0.03323262839879154
10 0.18032786885245902 0.8157099697885196 0.008743169398907104 0.03323262839879154
10 0.13224043715846995 0.8489425981873112 0.008743169398907104 0.03323262839879154
10 0.8505464480874317 0.37386706948640486 0.007103825136612022 0.03172205438066465
10 0.8562841530054645 0.3716012084592145 0.007650273224043716 0.030211480362537766
10 0.8439890710382514 0.37990936555891236 0.007103825136612022 0.03172205438066465
10 0.8622950819672132 0.36706948640483383 0.006557377049180328 0.030211480362537766
5 0.25956284153005466 0.797583081570997 0.02622950819672131 0.08459214501510574
10 0.2972677595628415 0.7726586102719033 0.007650273224043716 0.028700906344410877
10 0.28469945355191256 0.7817220543806647 0.007650273224043716 0.03172205438066465
10 0.29098360655737704 0.7787009063444109 0.007103825136612022 0.03172205438066465
10 0.30327868852459017 0.770392749244713 0.007650273224043716 0.030211480362537766
5 0.8245901639344262 0.4244712990936556 0.034972677595628415 0.07854984894259819
10 0.9439890710382514 0.34894259818731116 0.010382513661202186 0.03323262839879154
5 0.9120218579234972 0.3859516616314199 0.02841530054644809 0.07099697885196375
5 0.326775956284153 0.7968277945619335 0.033879781420765025 0.0770392749244713
5 0.5112021857923498 0.6774924471299094 0.025683060109289616 0.08308157099697885
5 0.36666666666666664 0.777190332326284 0.02622950819672131 0.08308157099697885
5 0.569672131147541 0.6382175226586103 0.026775956284153007 0.08006042296072508
5 0.6267759562841531 0.5989425981873112 0.02622950819672131 0.08006042296072508
5 0.45382513661202184 0.7182779456193353 0.025683060109289616 0.08308157099697885
5 0.6560109289617486 0.5800604229607251 0.026775956284153007 0.08157099697885196
5 0.4245901639344262 0.7394259818731118 0.025136612021857924 0.08006042296072508
5 0.48278688524590163 0.6993957703927492 0.026775956284153007 0.08157099697885196
5 0.39617486338797814 0.7590634441087614 0.02622950819672131 0.08006042296072508
5 0.5401639344262295 0.6593655589123867 0.026775956284153007 0.08308157099697885
5 0.5975409836065574 0.6200906344410876 0.025683060109289616 0.08308157099697885
10 0.8683060109289618 0.43580060422960726 0.007650273224043716 0.03474320241691843
10 0.85 0.4471299093655589 0.00819672131147541 0.03323262839879154
10 0.8622950819672132 0.438821752265861 0.007650273224043716 0.03474320241691843
10 0.8565573770491803 0.4433534743202417 0.00819672131147541 0.03474320241691843
10 0.7786885245901639 0.5 0.008743169398907104 0.03323262839879154
10 0.7188524590163935 0.540785498489426 0.00819672131147541 0.030211480362537766
10 0.9469945355191257 0.3867069486404834 0.009836065573770493 0.03323262839879154
10 0.2587431693989071 0.8678247734138973 0.012568306010928962 0.0256797583081571
10 0.2448087431693989 0.877643504531722 0.012021857923497269 0.027190332326283987
10 0.2715846994535519 0.8595166163141994 0.013114754098360656 0.027190332326283987
10 0.303551912568306 0.8436555891238671 0.007103825136612022 0.03172205438066465
10 0.29098360655737704 0.851963746223565 0.007103825136612022 0.030211480362537766
10 0.3092896174863388 0.8406344410876133 0.006557377049180328 0.028700906344410877
10 0.2975409836065574 0.8481873111782477 0.007103825136612022 0.03172205438066465
10 0.35355191256830604 0.8383685800604229 0.013114754098360656 0.027190332326283987
2 0.038524590163934426 0.38972809667673713 0.07704918032786885 0.13595166163141995
10 0.2969945355191257 0.9871601208459214 0.000546448087431694 0.0015105740181268882
10 0.296448087431694 0.9916918429003021 0.009289617486338797 0.013595166163141994
10 0.30245901639344264 0.9901812688821753 0.00819672131147541 0.01661631419939577
10 0.9521857923497268 0.552870090634441 0.012568306010928962 0.027190332326283987
10 0.505464480874317 0.8610271903323263 0.014207650273224045 0.030211480362537766
10 0.5319672131147541 0.8421450151057401 0.014754098360655738 0.03474320241691843
10 0.978688524590164 0.5362537764350453 0.013114754098360656 0.030211480362537766
10 0.9262295081967213 0.5725075528700906 0.013114754098360656 0.030211480362537766
10 0.559016393442623 0.8255287009063444 0.014207650273224045 0.03172205438066465
1 0.46147540983606555 0.8957703927492447 0.027868852459016394 0.08459214501510574
1 0.8825136612021858 0.6072507552870091 0.029508196721311476 0.09063444108761329
1 0.9 0.5996978851963746 0.006557377049180328 0.03323262839879154
10 0.3655737704918033 0.9712990936555891 0.012021857923497269 0.02416918429003021
1 0.4822404371584699 0.8904833836858006 0.009289617486338797 0.03474320241691843
10 0.8103825136612022 0.6676737160120846 0.02622950819672131 0.04833836858006042
1 0.576775956284153 0.8323262839879154 0.00819672131147541 0.03323262839879154
1 0.996448087431694 0.5438066465256798 0.006010928961748634 0.03323262839879154
10 0.4207650273224044 0.9425981873111783 0.02622950819672131 0.045317220543806644
10 0.36721311475409835 0.9879154078549849 0.012021857923497269 0.021148036253776436
10 0.3691256830601093 0.9962235649546828 0.012568306010928962 0.004531722054380665
1 0.6663934426229509 0.8013595166163142 0.016939890710382512 0.11329305135951662
1 0.7071038251366121 0.777190332326284 0.01639344262295082 0.11933534743202417
1 0.7467213114754099 0.75 0.01912568306010929 0.12235649546827794
10 0.8136612021857923 0.7077039274924471 0.02622950819672131 0.04682779456193353
10 0.4240437158469945 0.9780966767371602 0.0273224043715847 0.04078549848942598
10 0.6245901639344262 0.851963746223565 0.008743169398907104 0.03323262839879154
10 0.6333333333333333 0.8474320241691843 0.008743169398907104 0.03323262839879154
10 0.6420765027322405 0.8413897280966768 0.008743169398907104 0.03323262839879154
10 0.6153005464480874 0.8595166163141994 0.008743169398907104 0.03323262839879154
10 0.8292349726775956 0.736404833836858 0.025683060109289616 0.04984894259818731
2 0.5393442622950819 0.9191842900302115 0.12568306010928962 0.15861027190332327
2 0.9502732240437158 0.6487915407854985 0.09836065573770492 0.16767371601208458
1 0.8896174863387978 0.7288519637462235 0.013114754098360656 0.0377643504531722
10 0.8330601092896175 0.770392749244713 0.025683060109289616 0.04229607250755287