1 0.5584858270541802 0.21398305084745764 0.014711158952278435 0.038135593220338986
1 0.1763545030498744 0.23728813559322035 0.013275923932543954 0.0423728813559322
10 0.3661643344097596 0.23622881355932204 0.011840688912809472 0.05296610169491525
10 0.1935773232866882 0.23728813559322035 0.011123071402942232 0.05508474576271186
1 0.35109436670254757 0.23834745762711865 0.013275923932543954 0.057203389830508475
10 0.7931467527807678 0.3156779661016949 0.021887334050950842 0.09745762711864407
1 0.7970936490850377 0.4067796610169492 0.01901686401148188 0.0423728813559322
1 0.8503767491926802 0.4427966101694915 0.017222820236813777 0.13983050847457626
1 0.0687118765697883 0.5423728813559322 0.016146393972012917 0.1228813559322034
1 0.6499820595622533 0.5466101694915254 0.027628274129888768 0.1228813559322034
1 0.25080731969860065 0.5561440677966102 0.021528525296017224 0.057203389830508475
1 0.430032292787944 0.5688559322033898 0.023322569070685324 0.07838983050847458
1 0.2500897021887334 0.611228813559322 0.020093290276282743 0.07415254237288135
10 0.7497308934337998 0.17584745762711865 0.013993541442411194 0.0423728813559322
10 0.5780409041980624 0.18220338983050846 0.018658055256548258 0.05508474576271186
1 0.732508073196986 0.2033898305084746 0.01901686401148188 0.059322033898305086