1 0.6642636457260556 0.4423076923076923 0.009268795056642637 0.02435897435897436
1 0.39212152420185376 0.5237179487179487 0.006694129763130793 0.017948717948717947
1 0.34629248197734297 0.533974358974359 0.007723995880535531 0.019230769230769232
1 0.9443872296601442 0.4576923076923077 0.014418125643666324 0.008974358974358974
1 0.6987641606591143 0.5012820512820513 0.021627188465499485 0.011538461538461539
1 0.90216271884655 0.48525641025641025 0.018537590113285273 0.010256410256410256
1 0.869979402677652 0.49006410256410254 0.016992790937178166 0.009615384615384616
10 0.63259526261586 0.521474358974359 0.005664263645726055 0.01730769230769231
1 0.8120494335736355 0.5006410256410256 0.02059732234809475 0.008974358974358974
1 0.786302780638517 0.5118589743589743 0.008238928939237899 0.021153846153846155
1 0.44490216271884653 0.5679487179487179 0.007209062821833162 0.014102564102564103
1 0.40216271884654997 0.5740384615384615 0.007209062821833162 0.01858974358974359
10 0.6372296601441813 0.5474358974358975 0.006694129763130793 0.016666666666666666
1 0.9513388259526262 0.5073717948717948 0.003604531410916581 0.01217948717948718
1 0.7198764160659115 0.5384615384615384 0.017507723995880537 0.010256410256410256
1 0.6557672502574665 0.5467948717948717 0.02008238928939238 0.011538461538461539
1 0.9446446961894953 0.5092948717948718 0.003604531410916581 0.01217948717948718
1 0.6887229660144182 0.5423076923076923 0.022142121524201853 0.011538461538461539
1 0.958032955715757 0.5080128205128205 0.004634397528321318 0.014743589743589743
1 0.36766220391349125 0.5858974358974359 0.007209062821833162 0.017948717948717947
1 0.3403707518022657 0.5903846153846154 0.008238928939237899 0.016666666666666666
1 0.819773429454171 0.5365384615384615 0.007209062821833162 0.005128205128205128
1 0.8316168898043255 0.5391025641025641 0.005149330587023687 0.011538461538461539
1 0.6372296601441813 0.5685897435897436 0.005664263645726055 0.01282051282051282
1 0.9562306900102987 0.5278846153846154 0.005149330587023687 0.013461538461538462
1 0.7883625128733265 0.5586538461538462 0.018537590113285273 0.009615384615384616
1 0.6403192584963955 0.5858974358974359 0.009783728115345005 0.00641025641025641
1 0.7417610710607621 0.5724358974358974 0.010813594232749742 0.007692307692307693
1 0.16709577754891863 0.6528846153846154 0.006694129763130793 0.01987179487179487
1 0.02548918640576725 0.6724358974358975 0.014933058702368692 0.008974358974358974
1 0.8110195674562307 0.573076923076923 0.008238928939237899 0.02564102564102564
1 0.3272399588053553 0.6423076923076924 0.005664263645726055 0.016666666666666666
1 0.47167868177136973 0.6256410256410256 0.007209062821833162 0.017948717948717947
1 0.9724510813594233 0.5705128205128205 0.008753861997940269 0.00641025641025641
1 0.7981462409886715 0.5974358974358974 0.017507723995880537 0.010256410256410256
1 0.4472193614830072 0.6448717948717949 0.012873326467559218 0.010256410256410256
1 0.329557157569516 0.6612179487179487 0.005149330587023687 0.013461538461538462
1 0.3962409886714727 0.6612179487179487 0.005664263645726055 0.01858974358974359
1 0.8367662203913491 0.6044871794871794 0.005149330587023687 0.011538461538461539
1 0.37126673532440785 0.6650641025641025 0.005149330587023687 0.01858974358974359
1 0.8287847579814624 0.6054487179487179 0.004634397528321318 0.010897435897435897
1 0.18048403707518024 0.7121794871794872 0.006694129763130793 0.019230769230769232
1 0.06616889804325438 0.7307692307692307 0.013903192584963954 0.010256410256410256
1 0.12615859938208032 0.7230769230769231 0.014418125643666324 0.008974358974358974
1 0.7826982492276005 0.6602564102564102 0.017507723995880537 0.010256410256410256
1 0.3668898043254377 0.7435897435897436 0.006694129763130793 0.017948717948717947
1 0.8509268795056643 0.680448717948718 0.008753861997940269 0.0057692307692307696
1 0.9585478887744593 0.6676282051282051 0.013903192584963954 0.008333333333333333
1 0.9729660144181257 0.6676282051282051 0.006694129763130793 0.014743589743589743
1 0.7672502574665293 0.6971153846153846 0.010298661174047374 0.0057692307692307696
1 0.4178681771369722 0.7439102564102564 0.014933058702368692 0.009615384615384616
1 0.8851699279093718 0.6836538461538462 0.007209062821833162 0.01858974358974359
1 0.30973223480947476 0.7592948717948718 0.013903192584963954 0.009615384615384616
1 0.8622554067971163 0.6907051282051282 0.014933058702368692 0.008333333333333333
1 0.4812049433573635 0.7583333333333333 0.006694129763130793 0.021794871794871794
1 0.1184346035015448 0.8086538461538462 0.004119464469618949 0.01217948717948718
1 0.7033985581874357 0.7346153846153847 0.014418125643666324 0.007692307692307693
1 0.9212152420185376 0.7128205128205128 0.006179196704428424 0.017948717948717947
1 0.05381050463439753 0.8298076923076924 0.01184346035015448 0.007051282051282051
1 0.923274974253347 0.7349358974358975 0.007209062821833162 0.01730769230769231
1 0.04685890834191555 0.8528846153846154 0.01132852729145211 0.0057692307692307696
1 0.49407826982492276 0.7977564102564103 0.014933058702368692 0.010897435897435897
1 0.562821833161689 0.7942307692307692 0.015447991761071062 0.01282051282051282
1 0.9101441812564367 0.760576923076923 0.006694129763130793 0.01858974358974359
10 0.82826982492276 0.7733974358974359 0.006694129763130793 0.01730769230769231
1 0.21781668383110195 0.8657051282051282 0.006179196704428424 0.016025641025641024
1 0.18846549948506694 0.878525641025641 0.010298661174047374 0.007051282051282051
10 0.8298146240988672 0.7977564102564103 0.005664263645726055 0.01730769230769231
1 0.3110195674562307 0.8705128205128205 0.007209062821833162 0.017948717948717947
1 0.054840370751802266 0.916025641025641 0.013903192584963954 0.007692307692307693
10 0.8334191555097837 0.8208333333333333 0.006694129763130793 0.022435897435897436
1 0.55870236869207 0.8634615384615385 0.012358393408856848 0.007692307692307693
1 0.31333676622039136 0.8993589743589744 0.006694129763130793 0.017948717948717947
1 0.9430998970133883 0.8253205128205128 0.01596292481977343 0.010897435897435897
1 0.9732234809474768 0.8301282051282052 0.007209062821833162 0.020512820512820513
1 0.9812049433573635 0.8288461538461539 0.006694129763130793 0.019230769230769232
1 0.9657569515962925 0.8314102564102565 0.006694129763130793 0.017948717948717947
1 0.9588053553038105 0.8346153846153846 0.005149330587023687 0.01282051282051282
1 0.22322348094747682 0.9358974358974359 0.006694129763130793 0.016666666666666666
1 0.427394438722966 0.908974358974359 0.013388259526261586 0.010256410256410256
10 0.49124613800205974 0.9096153846153846 0.006179196704428424 0.016666666666666666
10 0.9515962924819773 0.8512820512820513 0.008238928939237899 0.020512820512820513
1 0.8957260556127703 0.00608974358974359 0.004634397528321318 0.01217948717948718
10 0.04479917610710608 0.982051282051282 0.006179196704428424 0.019230769230769232
10 0.9783728115345005 0.8653846153846154 0.013388259526261586 0.007692307692307693
1 0.9351184346035015 0.8727564102564103 0.016477857878475798 0.009615384615384616
10 0.17996910401647787 0.9730769230769231 0.005664263645726055 0.016666666666666666
1 0.909114315139032 0.0057692307692307696 0.005664263645726055 0.011538461538461539
1 0.9152935118434603 0.0057692307692307696 0.004634397528321318 0.011538461538461539
1 0.9026776519052523 0.006730769230769231 0.005149330587023687 0.013461538461538462
1 0.9564881565396498 0.8778846153846154 0.013903192584963954 0.007051282051282051
10 0.935890834191555 0.8836538461538461 0.014933058702368692 0.009615384615384616
1 0.7845005149330587 0.905448717948718 0.012873326467559218 0.008333333333333333
1 0.7615859938208033 0.9086538461538461 0.004119464469618949 0.01217948717948718
1 0.6750772399588053 0.9198717948717948 0.005149330587023687 0.014102564102564103
1 0.743048403707518 0.9118589743589743 0.004119464469618949 0.013461538461538462
1 0.6428939237899073 0.9246794871794872 0.005664263645726055 0.016025641025641024
1 0.6882080329557158 0.9189102564102564 0.004634397528321318 0.010897435897435897
1 0.5777548918640577 0.933974358974359 0.004119464469618949 0.008974358974358974
1 0.7077754891864058 0.9173076923076923 0.004634397528321318 0.011538461538461539
1 0.6488156539649845 0.9246794871794872 0.004119464469618949 0.009615384615384616
1 0.7139546858908342 0.9163461538461538 0.003604531410916581 0.009615384615384616
1 0.661946446961895 0.9240384615384616 0.003604531410916581 0.009615384615384616
1 0.6943872296601442 0.9192307692307692 0.004634397528321318 0.011538461538461539
1 0.8527291452111225 0.9 0.014418125643666324 0.008974358974358974
10 0.9150360453141092 0.8932692307692308 0.016477857878475798 0.009615384615384616
10 0.8321318228630278 0.9051282051282051 0.016477857878475798 0.010256410256410256
1 0.7976313079299691 0.9131410256410256 0.010298661174047374 0.010897435897435897
1 0.1678681771369722 0.9945512820512821 0.006179196704428424 0.009615384615384616
1 0.8545314109165808 0.9099358974358974 0.014933058702368692 0.008333333333333333
1 0.25875386199794026 0.9897435897435898 0.009783728115345005 0.00641025641025641
1 0.9389804325437693 0.9028846153846154 0.013903192584963954 0.008333333333333333
10 0.8331616889804325 0.9201923076923076 0.017507723995880537 0.009615384615384616
1 0.8571060762100927 0.9317307692307693 0.013903192584963954 0.008333333333333333
10 0.8285272914521112 0.9391025641025641 0.007209062821833162 0.019230769230769232
10 0.8406282183316169 0.9387820512820513 0.008753861997940269 0.01987179487179487
1 0.9415550978372812 0.9266025641025641 0.012873326467559218 0.007051282051282051
1 0.896755921730175 0.9381410256410256 0.01596292481977343 0.007051282051282051
1 0.05046343975283213 0.15352564102564104 0.014418125643666324 0.008333333333333333
1 0.3308444902162719 0.1282051282051282 0.013903192584963954 0.008974358974358974
1 0.7391864057672503 0.0842948717948718 0.006694129763130793 0.01987179487179487
1 0.721936148300721 0.08621794871794872 0.007209062821833162 0.01730769230769231
1 0.7312049433573635 0.08717948717948718 0.006179196704428424 0.020512820512820513
1 0.565653964984552 0.10993589743589743 0.006694129763130793 0.01730769230769231
1 0.765447991761071 0.08942307692307692 0.010813594232749742 0.008333333333333333
1 0.24536560247167868 0.1576923076923077 0.009783728115345005 0.005128205128205128
1 0.052008238928939236 0.18653846153846154 0.012358393408856848 0.00641025641025641
1 0.30870236869207 0.1564102564102564 0.021112255406797117 0.011538461538461539
1 0.4505664263645726 0.14423076923076922 0.013388259526261586 0.008974358974358974
1 0.4886714727085479 0.1391025641025641 0.014418125643666324 0.008974358974358974
1 0.11766220391349125 0.19423076923076923 0.013903192584963954 0.008974358974358974
1 0.3092173017507724 0.16987179487179488 0.016992790937178166 0.007692307692307693
1 0.3777033985581874 0.16923076923076924 0.014933058702368692 0.010256410256410256
1 0.6449536560247168 0.1423076923076923 0.012873326467559218 0.007692307692307693
1 0.3071575695159629 0.1875 0.013903192584963954 0.008333333333333333
1 0.05046343975283213 0.23012820512820512 0.015447991761071062 0.007692307692307693
1 0.6475283213182287 0.1544871794871795 0.013903192584963954 0.008974358974358974
1 0.25231719876416064 0.21794871794871795 0.01132852729145211 0.00641025641025641
1 0.23171987641606592 0.22628205128205128 0.010298661174047374 0.007692307692307693
1 0.2518022657054583 0.22916666666666666 0.010298661174047374 0.007051282051282051
1 0.23249227600411945 0.23685897435897435 0.010813594232749742 0.008333333333333333
1 0.8074150360453141 0.16538461538461538 0.012358393408856848 0.008974358974358974
1 0.7819258496395468 0.1685897435897436 0.010813594232749742 0.008974358974358974
1 0.9214727085478888 0.1560897435897436 0.013903192584963954 0.008333333333333333
1 0.23429454170957775 0.24775641025641026 0.01132852729145211 0.007051282051282051
1 0.2520597322348095 0.24487179487179486 0.010813594232749742 0.00641025641025641
1 0.9379505664263645 0.15929487179487178 0.004634397528321318 0.013461538461538462
1 0.7700823892893924 0.1858974358974359 0.005664263645726055 0.015384615384615385
1 0.7615859938208033 0.18717948717948718 0.006179196704428424 0.015384615384615385
1 0.9222451081359423 0.1657051282051282 0.013388259526261586 0.007051282051282051
1 0.5262615859938208 0.21955128205128205 0.012358393408856848 0.007051282051282051
1 0.06539649845520082 0.28237179487179487 0.010298661174047374 0.0057692307692307696
1 0.9237899073120495 0.1753205128205128 0.012358393408856848 0.007051282051282051
1 0.9392378990731205 0.17403846153846153 0.005149330587023687 0.013461538461538462
1 0.06591143151390319 0.2939102564102564 0.010298661174047374 0.007051282051282051
1 0.7505149330587023 0.20448717948717948 0.005664263645726055 0.014102564102564103
1 0.923274974253347 0.1842948717948718 0.01132852729145211 0.007051282051282051
1 0.649330587023687 0.2201923076923077 0.013388259526261586 0.008333333333333333
1 0.6645211122554068 0.22532051282051282 0.006694129763130793 0.01987179487179487
1 0.06719876416065912 0.30480769230769234 0.01184346035015448 0.0057692307692307696
1 0.8107621009268795 0.20737179487179488 0.005664263645726055 0.016025641025641024
1 0.775231719876416 0.2128205128205128 0.005664263645726055 0.016666666666666666
1 0.7845005149330587 0.21217948717948718 0.005664263645726055 0.015384615384615385
1 0.9253347064881565 0.19487179487179487 0.012358393408856848 0.00641025641025641
1 0.6513903192584964 0.23141025641025642 0.013388259526261586 0.007692307692307693
1 0.444129763130793 0.26282051282051283 0.004634397528321318 0.01282051282051282
1 0.9531410916580845 0.19903846153846153 0.016477857878475798 0.008333333333333333
1 0.0674562306900103 0.3157051282051282 0.009268795056642637 0.007051282051282051
1 0.6519052523171988 0.2423076923076923 0.012358393408856848 0.007692307692307693
1 0.7533470648815654 0.23205128205128206 0.006179196704428424 0.014102564102564103
1 0.7649330587023687 0.23044871794871793 0.006694129763130793 0.01217948717948718
1 0.9549433573635427 0.20833333333333334 0.014933058702368692 0.010256410256410256
1 0.3818228630278064 0.28685897435897434 0.01184346035015448 0.007051282051282051
1 0.9382080329557158 0.22532051282051282 0.009268795056642637 0.022435897435897436
1 0.24382080329557157 0.31826923076923075 0.016992790937178166 0.009615384615384616
1 0.312821833161689 0.3096153846153846 0.016992790937178166 0.010256410256410256
1 0.0705458290422245 0.34935897435897434 0.009268795056642637 0.00641025641025641
1 0.38362512873326465 0.308974358974359 0.015447991761071062 0.008974358974358974
1 0.6513903192584964 0.2794871794871795 0.006179196704428424 0.010256410256410256
1 0.38516992790937177 0.3217948717948718 0.012358393408856848 0.00641025641025641
1 0.2481977342945417 0.34134615384615385 0.014418125643666324 0.009615384615384616
1 0.7917095777548918 0.2759615384615385 0.005664263645726055 0.014743589743589743
1 0.7744593202883625 0.27852564102564104 0.006179196704428424 0.013461538461538462
1 0.07260556127703399 0.3701923076923077 0.010298661174047374 0.0057692307692307696
1 0.7826982492276005 0.27724358974358976 0.006179196704428424 0.016025641025641024
1 0.8004634397528322 0.275 0.006694129763130793 0.015384615384615385
1 0.38568486096807414 0.33237179487179486 0.014418125643666324 0.008333333333333333
1 0.9647270854788877 0.25833333333333336 0.003604531410916581 0.010256410256410256
1 0.6359423274974253 0.3060897435897436 0.008238928939237899 0.0057692307692307696
1 0.9420700308959835 0.2673076923076923 0.008753861997940269 0.02564102564102564
1 0.2515447991761071 0.36025641025641025 0.02008238928939238 0.010256410256410256
1 0.3916065911431514 0.3435897435897436 0.014933058702368692 0.010256410256410256
1 0.7554067971163748 0.296474358974359 0.007209062821833162 0.01858974358974359
1 0.8220906282183316 0.2881410256410256 0.005664263645726055 0.016025641025641024
1 0.8498970133882595 0.2842948717948718 0.004634397528321318 0.014743589743589743
1 0.831101956745623 0.28717948717948716 0.005149330587023687 0.014102564102564103
1 0.6534500514933058 0.32019230769230766 0.008238928939237899 0.025
1 0.45468589083419153 0.3467948717948718 0.010298661174047374 0.00641025641025641
1 0.7770339855818743 0.3092948717948718 0.005149330587023687 0.014743589743589743
1 0.7677651905252317 0.3105769230769231 0.005149330587023687 0.014743589743589743
1 0.7945417095777549 0.3076923076923077 0.006179196704428424 0.015384615384615385
1 0.8027806385169928 0.30641025641025643 0.005149330587023687 0.015384615384615385
1 0.8120494335736355 0.30512820512820515 0.006179196704428424 0.01282051282051282
1 0.7857878475798146 0.3092948717948718 0.006179196704428424 0.014743589743589743
1 0.31874356333676623 0.3737179487179487 0.016477857878475798 0.010256410256410256
1 0.24948506694129763 0.383974358974359 0.018022657054582905 0.008974358974358974
1 0.833934088568486 0.3128205128205128 0.005664263645726055 0.016666666666666666
1 0.84346035015448 0.3112179487179487 0.006179196704428424 0.01730769230769231
1 0.8233779608650875 0.31474358974358974 0.006179196704428424 0.016666666666666666
1 0.03964984552008239 0.06346153846153846 0.006179196704428424 0.01282051282051282
1 0.967816683831102 0.3 0.005664263645726055 0.014102564102564103
1 0.9456745623069001 0.3076923076923077 0.009783728115345005 0.023076923076923078
1 0.6295056642636457 0.3525641025641026 0.008753861997940269 0.005128205128205128
1 0.7582389289392379 0.34134615384615385 0.004634397528321318 0.013461538461538462
1 0.770854788877446 0.3416666666666667 0.006179196704428424 0.015384615384615385
1 0.779351184346035 0.3423076923076923 0.006694129763130793 0.019230769230769232
1 0.6567971163748713 0.358974358974359 0.006694129763130793 0.021794871794871794
1 0.006436663233779609 0.444551282051282 0.012873326467559218 0.009615384615384616
1 0.14546858908341914 0.4266025641025641 0.013903192584963954 0.008333333333333333
1 0.8452626158599382 0.3368589743589744 0.006694129763130793 0.013461538461538462
1 0.8362512873326468 0.3387820512820513 0.006179196704428424 0.014743589743589743
1 0.8262100926879505 0.3407051282051282 0.005664263645726055 0.014743589743589743
1 0.9703913491246138 0.3330128205128205 0.005664263645726055 0.014743589743589743
1 0.8607106076210093 0.3487179487179487 0.004634397528321318 0.01282051282051282
1 0.7595262615859938 0.366025641025641 0.004119464469618949 0.011538461538461539
1 0.7860453141091658 0.3701923076923077 0.006694129763130793 0.01730769230769231
1 0.845005149330587 0.3625 0.005149330587023687 0.014743589743589743
1 0.836508753861998 0.36346153846153845 0.005664263645726055 0.015384615384615385
1 0.8285272914521112 0.3647435897435897 0.006179196704428424 0.016666666666666666
1 0.9487641606591143 0.3490384615384615 0.008753861997940269 0.023717948717948717
1 0.8190010298661174 0.3663461538461538 0.006694129763130793 0.016025641025641024
1 0.7942842430484037 0.36955128205128207 0.005664263645726055 0.01730769230769231
1 0.7754891864057673 0.37243589743589745 0.006179196704428424 0.016666666666666666
1 0.634140061791967 0.39326923076923076 0.007723995880535531 0.0057692307692307696
1 0.4624098867147271 0.4198717948717949 0.006179196704428424 0.016666666666666666
1 0.6598867147270855 0.40032051282051284 0.006694129763130793 0.022435897435897436
1 0.6356848609680742 0.42788461538461536 0.008753861997940269 0.0057692307692307696
5 0.6992070030895983 0.6579679487179487 0.12432028836251278 0.13095512820512817
5 0.902605561277034 0.5979871794871796 0.11181256436663227 0.12454487179487185
5 0.12284757981462409 0.8978910256410256 0.11917095777548918 0.1346153846153846
5 0.24716786817713698 0.8630961538461539 0.05149330587023687 0.05036538461538472
5 0.06657569515962924 0.7600705128205129 0.027219361483007215 0.0421217948717949
5 0.10114830072090629 0.7550384615384614 0.024273944387229653 0.04487179487179487
5 0.13903192584963955 0.7509166666666667 0.02942327497425334 0.04395512820512831
5 0.1732389289392379 0.7458782051282051 0.024273944387229653 0.04121153846153844
5 0.3663388259526261 0.625 0.06620494335736352 0.05403205128205126
5 0.43548403707518024 0.6130961538461538 0.06031925849639552 0.04670512820512814
5 0.43107106076210094 0.5311346153846154 0.057378990731204976 0.054942307692307714
5 0.25305355303810506 0.9308589743589745 0.0514933058702369 0.05036538461538472
5 0.5200823892893924 0.8933141025641025 0.04266735324407828 0.06685256410256409
5 0.5370030895983522 0.8195961538461538 0.04413491246138004 0.0641025641025641
5 0.5027960865087538 0.7664807692307692 0.03604531410916581 0.04029487179487188
5 0.5656900102986612 0.8901089743589743 0.030895983522142123 0.04578846153846143