10 0.7281553398058253 0.1272294887039239 0.013869625520110958 0.009512485136741973
5 0.4535367545076283 0.12960760998810938 0.013869625520110958 0.026159334126040427
1 0.46636615811373094 0.13198573127229488 0.0076282940360610264 0.02140309155766944
10 0.4212898751733703 0.14684898929845422 0.0062413314840499305 0.022592152199762187
10 0.44105409153952846 0.1581450653983353 0.008321775312066574 0.016646848989298454
5 0.08460471567267684 0.19441141498216408 0.044382801664355064 0.04399524375743163
10 0.29403606102635227 0.23721759809750298 0.013869625520110958 0.008323424494649227
10 0.12309292649098474 0.24613555291319858 0.0048543689320388345 0.016646848989298454
10 0.12933425797503467 0.24613555291319858 0.0048543689320388345 0.019024970273483946
10 0.13522884882108183 0.24613555291319858 0.004160887656033287 0.02140309155766944
10 0.14181692094313453 0.2473246135552913 0.0048543689320388345 0.02140309155766944
10 0.3723994452149792 0.2502972651605232 0.009708737864077669 0.008323424494649227
10 0.12309292649098474 0.2681331747919144 0.0048543689320388345 0.020214030915576695
10 0.13002773925104022 0.27051129607609986 0.0062413314840499305 0.020214030915576695
10 0.13592233009708737 0.27051129607609986 0.004160887656033287 0.0178359096313912
10 0.14251040221914008 0.27110582639714625 0.0048543689320388345 0.019024970273483946
10 0.37170596393897365 0.28180737217598095 0.009708737864077669 0.009512485136741973
1 0.06414701803051318 0.30499405469678953 0.04507628294036061 0.07253269916765755
10 0.3723994452149792 0.3103448275862069 0.011095700416088766 0.009512485136741973
5 0.4188626907073509 0.31212841854934603 0.07766990291262135 0.21997621878715815
10 0.29056865464632453 0.32401902497027346 0.005547850208044383 0.015457788347205707
1 0.22711511789181693 0.3269916765755054 0.0062413314840499305 0.02140309155766944
1 0.20804438280166435 0.32936979785969084 0.006934812760055479 0.019024970273483946
10 0.3723994452149792 0.3376932223543401 0.008321775312066574 0.007134363852556481
1 0.22711511789181693 0.3573127229488704 0.009015256588072122 0.01070154577883472
10 0.2964632454923717 0.3573127229488704 0.011789181692094313 0.013079667063020214
10 0.239251040221914 0.3573127229488704 0.009708737864077669 0.008323424494649227
1 0.0638002773925104 0.3573127229488704 0.011095700416088766 0.015457788347205707
1 0.036061026352288486 0.3626634958382878 0.011095700416088766 0.014268727705112961
1 0.0478502080443828 0.3638525564803805 0.006934812760055479 0.019024970273483946
1 0.2919556171983356 0.3733650416171225 0.004160887656033287 0.014268727705112961
1 0.3044382801664355 0.3745541022592152 0.005547850208044383 0.016646848989298454
10 0.2978502080443828 0.37395957193816887 0.0048543689320388345 0.015457788347205707
10 0.24237170596393898 0.375743162901308 0.0048543689320388345 0.019024970273483946
1 0.24895977808599168 0.37752675386444706 0.005547850208044383 0.020214030915576695
10 0.23127600554785022 0.3858501783590963 0.0076282940360610264 0.020214030915576695
10 0.31033287101248264 0.39417360285374553 0.0048543689320388345 0.020214030915576695
10 0.2923023578363384 0.39595719381688466 0.0048543689320388345 0.02140309155766944
10 0.29819694868238555 0.39595719381688466 0.004160887656033287 0.016646848989298454
10 0.3044382801664355 0.3971462544589774 0.004160887656033287 0.019024970273483946
10 0.21047156726768376 0.3983353151010702 0.0076282940360610264 0.019024970273483946
10 0.24167822468793343 0.3977407847800238 0.0048543689320388345 0.015457788347205707
1 0.1650485436893204 0.3983353151010702 0.024965325936199722 0.052318668252080855
10 0.24826629680998613 0.3977407847800238 0.004160887656033287 0.015457788347205707
10 0.058599167822468795 0.40309155766944116 0.0048543689320388345 0.019024970273483946
1 0.06484049930651872 0.4036860879904875 0.0034674063800277394 0.020214030915576695
10 0.23196948682385576 0.4036860879904875 0.011789181692094313 0.01070154577883472
5 0.042649098474341195 0.40725326991676575 0.01872399445214979 0.036860879904875146
10 0.2420249653259362 0.415576694411415 0.004160887656033287 0.015457788347205707
10 0.24826629680998613 0.4173602853745541 0.004160887656033287 0.016646848989298454
10 0.3106796116504854 0.41854934601664684 0.004160887656033287 0.016646848989298454
10 0.3044382801664355 0.41914387633769323 0.004160887656033287 0.020214030915576695
10 0.29160887656033285 0.42033293697978596 0.0048543689320388345 0.015457788347205707
10 0.29819694868238555 0.41973840665873957 0.004160887656033287 0.016646848989298454
10 0.1848127600554785 0.42092746730083236 0.0048543689320388345 0.019024970273483946
10 0.20527045769764216 0.42092746730083236 0.006934812760055479 0.019024970273483946
10 0.3179611650485437 0.42092746730083236 0.0062413314840499305 0.016646848989298454
1 0.2250346740638003 0.4215219976218787 0.0159500693481276 0.013079667063020214
10 0.21220527045769763 0.4221165279429251 0.005547850208044383 0.016646848989298454
10 0.058599167822468795 0.4304399524375743 0.0076282940360610264 0.009512485136741973
10 0.44902912621359226 0.4441141498216409 0.010402219140083218 0.008323424494649227
1 0.4119278779472954 0.44530321046373367 0.006934812760055479 0.022592152199762187
10 0.4521497919556172 0.460166468489893 0.006934812760055479 0.02140309155766944
10 0.4119278779472954 0.46730083234244946 0.008321775312066574 0.016646848989298454
1 0.44244105409153955 0.49227110582639716 0.013869625520110958 0.011890606420927468
2 0.04958391123439667 0.525564803804994 0.031206657420249653 0.15219976218787157
5 0.4264909847434119 0.5386444708680143 0.044382801664355064 0.07372175980975029
10 0.11338418862690708 0.5410225921521997 0.010402219140083218 0.009512485136741973
10 0.1369625520110957 0.5499405469678954 0.009015256588072122 0.008323424494649227
10 0.11373092926490985 0.5529131985731273 0.013869625520110958 0.009512485136741973
10 0.13800277392510402 0.5659928656361475 0.008321775312066574 0.007134363852556481
5 0.2447988904299584 0.6022592152199763 0.14701803051317613 0.2342449464922711
1 0.41955617198335643 0.6260404280618311 0.015256588072122053 0.008323424494649227
10 0.07593619972260748 0.6331747919143876 0.0048543689320388345 0.015457788347205707
10 0.06900138696255201 0.6343638525564804 0.0048543689320388345 0.0178359096313912
10 0.09119278779472954 0.6355529131985731 0.0048543689320388345 0.020214030915576695
10 0.08425797503467407 0.6361474435196195 0.0048543689320388345 0.02140309155766944
1 0.4185159500693481 0.6373365041617123 0.013176144244105409 0.009512485136741973
10 0.10610263522884882 0.6516052318668252 0.004160887656033287 0.019024970273483946
10 0.10090152565880721 0.6533888228299644 0.0048543689320388345 0.020214030915576695
10 0.09431345353675451 0.6551724137931034 0.005547850208044383 0.016646848989298454
10 0.0877253814147018 0.6563614744351962 0.0048543689320388345 0.014268727705112961
1 0.12552011095700416 0.6765755053507729 0.027739251040221916 0.057074910820451845
1 0.10090152565880721 0.6765755053507729 0.0159500693481276 0.019024970273483946
5 0.4105409153952843 0.6854934601664685 0.052704576976421634 0.08204518430439953
1 0.08044382801664356 0.6914387633769322 0.012482662968099861 0.013079667063020214
2 0.04680998613037448 0.6997621878715814 0.03259361997226075 0.13198573127229488
1 0.10090152565880721 0.7003567181926278 0.017337031900138695 0.016646848989298454
10 0.13973647711511789 0.07074910820451843 0.0048543689320388345 0.0178359096313912
10 0.07975034674063801 0.7057074910820452 0.012482662968099861 0.01070154577883472
1 0.07940360610263524 0.7193816884661117 0.011789181692094313 0.014268727705112961
10 0.08044382801664356 0.7336504161712247 0.015256588072122053 0.009512485136741973
10 0.550624133148405 0.7711058263971462 0.005547850208044383 0.022592152199762187
10 0.558252427184466 0.772294887039239 0.005547850208044383 0.02497027348394768
10 0.24271844660194175 0.772294887039239 0.008321775312066574 0.022592152199762187
10 0.24930651872399445 0.07847800237812129 0.010402219140083218 0.009512485136741973
10 0.2513869625520111 0.7734839476813318 0.0062413314840499305 0.022592152199762187
10 0.26525658807212205 0.7734839476813318 0.0076282940360610264 0.027348394768133173
10 0.25832177531206657 0.7752675386444708 0.0034674063800277394 0.026159334126040427
10 0.23231622746185854 0.7752675386444708 0.006934812760055479 0.019024970273483946
5 0.8321775312066574 0.7824019024970273 0.036061026352288486 0.04518430439952437
1 0.15360610263522884 0.7824019024970273 0.0159500693481276 0.016646848989298454
10 0.12690707350901526 0.7841854934601664 0.004160887656033287 0.015457788347205707
10 0.12656033287101248 0.07907253269916766 0.0048543689320388345 0.0178359096313912
1 0.11997226074895978 0.7853745541022592 0.004160887656033287 0.015457788347205707
10 0.5724687933425797 0.7919143876337693 0.0048543689320388345 0.019024970273483946
1 0.18585298196948682 0.7919143876337693 0.006934812760055479 0.030915576694411414
10 0.5939667128987517 0.7919143876337693 0.0048543689320388345 0.019024970273483946
10 0.5863384188626907 0.7931034482758621 0.0062413314840499305 0.019024970273483946
10 0.5117891816920943 0.7936979785969085 0.005547850208044383 0.0178359096313912
10 0.5648404993065187 0.7942925089179548 0.0048543689320388345 0.02140309155766944
10 0.5800970873786407 0.7942925089179548 0.0034674063800277394 0.02140309155766944
10 0.6029819694868238 0.7936979785969085 0.0076282940360610264 0.0178359096313912
10 0.1328016643550624 0.0802615933412604 0.0048543689320388345 0.0178359096313912
10 0.5024271844660194 0.7972651605231866 0.010402219140083218 0.01070154577883472
5 0.09153952843273232 0.7990487514863258 0.04299583911234397 0.052318668252080855
5 0.09153952843273232 0.8002378121284186 0.04576976421636616 0.052318668252080855
1 0.460124826629681 0.8038049940546967 0.010402219140083218 0.007134363852556481
10 0.38106796116504854 0.08145065398335315 0.0048543689320388345 0.0178359096313912
1 0.24375866851595007 0.8109393579072532 0.0062413314840499305 0.02140309155766944
10 0.5020804438280166 0.8151010701545779 0.012482662968099861 0.013079667063020214
10 0.8706657420249653 0.8174791914387634 0.0034674063800277394 0.020214030915576695
1 0.5280859916782247 0.8186682520808561 0.027045769764216365 0.029726516052318668
1 0.2340499306518724 0.8210463733650416 0.0076282940360610264 0.022592152199762187
10 0.49687933425797504 0.8323424494649228 0.0048543689320388345 0.02140309155766944
10 0.4081137309292649 0.08323424494649227 0.0076282940360610264 0.019024970273483946
10 0.4306518723994452 0.08323424494649227 0.005547850208044383 0.019024970273483946
10 0.49029126213592233 0.8323424494649228 0.004160887656033287 0.019024970273483946
10 0.5041608876560333 0.8335315101070154 0.004160887656033287 0.016646848989298454
10 0.4830097087378641 0.8335315101070154 0.0076282940360610264 0.016646848989298454
10 0.4576976421636616 0.8347205707491082 0.004160887656033287 0.014268727705112961
10 0.46497919556171985 0.835909631391201 0.0048543689320388345 0.019024970273483946
10 0.47572815533980584 0.8365041617122473 0.005547850208044383 0.013079667063020214
1 0.12274618585298197 0.8406658739595719 0.005547850208044383 0.019024970273483946
10 0.2382108183079057 0.8460166468489893 0.0062413314840499305 0.020214030915576695
1 0.16331484049930653 0.8466111771700356 0.04230235783633842 0.07372175980975029
10 0.2302357836338419 0.8478002378121284 0.005547850208044383 0.02140309155766944
1 0.24895977808599168 0.8501783590963139 0.012482662968099861 0.03329369797859691
10 0.41643550624133147 0.08561236623067776 0.0048543689320388345 0.023781212841854936
10 0.24930651872399445 0.08858501783590964 0.013176144244105409 0.008323424494649227
1 0.37829403606102635 0.8888228299643282 0.017337031900138695 0.02497027348394768
10 0.24826629680998613 0.0980975029726516 0.016643550624133148 0.008323424494649227
1 0.46393897364771153 0.10047562425683709 0.011095700416088766 0.03210463733650416
10 0.24965325936199723 0.1070154577883472 0.016643550624133148 0.007134363852556481
10 0.42337031900138694 0.10760998810939358 0.0048543689320388345 0.020214030915576695
10 0.13973647711511789 0.10760998810939358 0.0062413314840499305 0.0178359096313912
10 0.12656033287101248 0.10760998810939358 0.0034674063800277394 0.020214030915576695
10 0.39042995839112343 0.10760998810939358 0.005547850208044383 0.020214030915576695
10 0.1328016643550624 0.10939357907253269 0.0048543689320388345 0.016646848989298454
10 0.4368932038834951 0.10939357907253269 0.004160887656033287 0.019024970273483946
10 0.40048543689320387 0.11117717003567182 0.0048543689320388345 0.0178359096313912
10 0.7271151178918169 0.11414982164090369 0.011789181692094313 0.011890606420927468