1 0.3660081053698075 0.8076923076923077 0.01165146909827761 0.05029585798816568
1 0.3842451874366768 0.7943786982248521 0.012664640324214792 0.05029585798816568
1 0.35638297872340424 0.8150887573964497 0.01165146909827761 0.05029585798816568
1 0.37512664640324217 0.8032544378698225 0.01165146909827761 0.05029585798816568
12 0.5980243161094225 0.6486686390532544 0.019756838905775075 0.0695266272189349
1 0.5868794326241135 0.6605029585798816 0.007598784194528876 0.03106508875739645
1 0.20415400202634246 0.9400887573964497 0.0070921985815602835 0.034023668639053255
1 0.6091691995947315 0.6464497041420119 0.007598784194528876 0.03254437869822485
1 0.898176291793313 0.4363905325443787 0.011144883485309016 0.05029585798816568
1 0.9078014184397163 0.4297337278106509 0.011144883485309016 0.04881656804733728
1 0.9174265450861195 0.4238165680473373 0.011144883485309016 0.051775147928994084
10 0.7001013171225937 0.584319526627219 0.008105369807497468 0.03254437869822485
1 0.9262917933130699 0.41863905325443784 0.01165146909827761 0.05029585798816568
1 0.6390577507598785 0.6309171597633136 0.007598784194528876 0.03106508875739645
12 0.13069908814589665 0.9785502958579881 0.022289766970618033 0.03994082840236687
1 0.6210739614994935 0.6457100591715976 0.008105369807497468 0.034023668639053255
10 0.6912360688956434 0.5961538461538461 0.005572441742654508 0.029585798816568046
1 0.7591185410334347 0.5473372781065089 0.008611955420466059 0.03254437869822485
10 0.6583080040526849 0.6220414201183432 0.006585612968591692 0.03106508875739645
10 0.6836372847011145 0.6050295857988166 0.007598784194528876 0.03254437869822485
12 0.6304457953394124 0.643491124260355 0.015704154002026342 0.05325443786982249
1 0.14463019250253292 0.992603550295858 0.009625126646403243 0.011834319526627219
12 0.6674265450861195 0.625 0.010638297872340425 0.03994082840236687
1 0.7393617021276596 0.5747041420118343 0.007598784194528876 0.034023668639053255
5 0.7282168186423505 0.5828402366863905 0.019756838905775075 0.06804733727810651
10 0.6773049645390071 0.6227810650887574 0.008105369807497468 0.03254437869822485
12 0.34599797365754814 0.863905325443787 0.022289766970618033 0.08284023668639054
12 0.21808510638297873 0.9585798816568047 0.02077001013171226 0.07692307692307693
10 0.2317629179331307 0.9511834319526628 0.010638297872340425 0.04142011834319527
1 0.15121580547112462 0.9948224852071006 0.007598784194528876 0.0073964497041420114
10 0.7844478216818642 0.5495562130177515 0.009625126646403243 0.03994082840236687
1 0.7178318135764944 0.599112426035503 0.0060790273556231 0.029585798816568046
12 0.4024822695035461 0.8298816568047337 0.022796352583586626 0.07988165680473373
10 0.7023809523809523 0.6146449704142012 0.007598784194528876 0.03106508875739645
12 0.7727963525835866 0.5658284023668639 0.021783181357649443 0.08136094674556213
12 0.8232016210739616 0.5295857988165681 0.02127659574468085 0.07988165680473373
1 0.8105369807497467 0.5392011834319527 0.0070921985815602835 0.03106508875739645
10 0.8361195542046606 0.5244082840236687 0.009625126646403243 0.03698224852071006
12 0.8877912867274569 0.4881656804733728 0.02077001013171226 0.07988165680473373
1 0.6142350557244174 0.6900887573964497 0.008611955420466059 0.03698224852071006
12 0.9447821681864235 0.4519230769230769 0.022289766970618033 0.07840236686390532
10 0.9574468085106383 0.44452662721893493 0.00911854103343465 0.03698224852071006
10 0.6367781155015197 0.6849112426035503 0.008105369807497468 0.03254437869822485
10 0.6243667679837892 0.6930473372781065 0.007598784194528876 0.034023668639053255
10 0.630192502532928 0.6886094674556213 0.008105369807497468 0.034023668639053255
10 0.6628672745694022 0.6664201183431953 0.008611955420466059 0.034023668639053255
1 0.6952887537993921 0.643491124260355 0.007598784194528876 0.03254437869822485
10 0.6871833839918946 0.6494082840236687 0.007598784194528876 0.03254437869822485
1 0.6767983789260384 0.6612426035502958 0.0070921985815602835 0.03254437869822485
1 0.5916919959473151 0.7233727810650887 0.0070921985815602835 0.029585798816568046
1 0.6453900709219859 0.6871301775147929 0.0070921985815602835 0.028106508875739646
10 0.6709726443768997 0.6701183431952663 0.007598784194528876 0.029585798816568046
10 0.6522289766970618 0.6841715976331361 0.006585612968591692 0.03106508875739645
10 0.7127659574468085 0.6420118343195266 0.0060790273556231 0.029585798816568046
10 0.705420466058764 0.6516272189349113 0.006585612968591692 0.03106508875739645
10 0.7459473150962512 0.6227810650887574 0.007598784194528876 0.03254437869822485
10 0.3665146909827761 0.9001479289940828 0.010638297872340425 0.042899408284023666
10 0.752532928064843 0.6183431952662722 0.007598784194528876 0.03254437869822485
10 0.727710233029382 0.6427514792899408 0.006585612968591692 0.03106508875739645
1 0.6071428571428571 0.7374260355029586 0.005572441742654508 0.02514792899408284
1 0.6005572441742655 0.7440828402366864 0.007598784194528876 0.03254437869822485
10 0.41894630192502536 0.8801775147928994 0.010131712259371834 0.038461538461538464
10 0.7608915906788247 0.636094674556213 0.0060790273556231 0.029585798816568046
1 0.6342451874366768 0.7292899408284024 0.011144883485309016 0.04142011834319527
10 0.9128672745694022 0.5288461538461539 0.00911854103343465 0.03994082840236687
1 0.4138804457953394 0.8920118343195266 0.008105369807497468 0.03254437869822485
1 0.624113475177305 0.7411242603550295 0.011144883485309016 0.05029585798816568
1 0.9612462006079028 0.4948224852071006 0.007598784194528876 0.034023668639053255
10 0.6565349544072948 0.7181952662721893 0.0070921985815602835 0.03106508875739645
1 0.7051671732522796 0.6871301775147929 0.008105369807497468 0.03106508875739645
10 0.9072948328267477 0.5414201183431953 0.008105369807497468 0.03254437869822485
10 0.6699594731509625 0.7204142011834319 0.007598784194528876 0.03254437869822485
10 0.6514690982776089 0.7359467455621301 0.0070921985815602835 0.03106508875739645
1 0.644630192502533 0.742603550295858 0.006585612968591692 0.029585798816568046
1 0.6132218844984803 0.7670118343195266 0.006585612968591692 0.03106508875739645
10 0.9908814589665653 0.4918639053254438 0.008105369807497468 0.034023668639053255
10 0.9959473150962512 0.4874260355029586 0.0070921985815602835 0.034023668639053255
5 0.6940222897669707 0.7115384615384616 0.02330293819655522 0.08284023668639054
1 0.49569402228976694 0.8631656804733728 0.007598784194528876 0.034023668639053255
1 0.2935663627152989 0.974112426035503 0.018743667679837893 0.04881656804733728
1 0.7135258358662614 0.709319526627219 0.007598784194528876 0.034023668639053255
1 0.32776089159067884 0.9644970414201184 0.040526849037487336 0.06804733727810651
1 0.707193515704154 0.716715976331361 0.0070921985815602835 0.03106508875739645
10 0.6671732522796353 0.753698224852071 0.0060790273556231 0.028106508875739646
1 0.5200101317122594 0.8624260355029586 0.006585612968591692 0.029585798816568046
1 0.5331813576494427 0.8520710059171598 0.007598784194528876 0.03254437869822485
1 0.5392603850050659 0.8505917159763313 0.007598784194528876 0.029585798816568046
5 0.7380952380952381 0.7063609467455622 0.016210739614994935 0.07544378698224852
10 0.6555217831813577 0.768491124260355 0.0070921985815602835 0.03106508875739645
1 0.9875886524822695 0.5295857988165681 0.007598784194528876 0.03254437869822485
10 0.993161094224924 0.5251479289940828 0.007598784194528876 0.03254437869822485
10 0.997467071935157 0.5214497041420119 0.004052684903748734 0.03106508875739645
10 0.7279635258358662 0.7233727810650887 0.008105369807497468 0.03254437869822485
1 0.8320668693009119 0.6486686390532544 0.04002026342451875 0.11982248520710059
1 0.7973657548125633 0.6738165680473372 0.04154002026342452 0.11982248520710059
12 0.41919959473150964 0.9615384615384616 0.016717325227963525 0.05325443786982249
10 0.7130192502532928 0.7477810650887574 0.007598784194528876 0.03106508875739645
12 0.3637284701114488 0.9903846153846154 0.0121580547112462 0.016272189349112426
5 0.6377912867274569 0.8069526627218935 0.03546099290780142 0.08136094674556213
10 0.7203647416413373 0.7529585798816568 0.0070921985815602835 0.029585798816568046
12 0.6709726443768997 0.7973372781065089 0.013677811550151976 0.04437869822485207
12 0.8834853090172239 0.6442307692307693 0.0121580547112462 0.04585798816568047
12 0.680597771023303 0.7928994082840237 0.012664640324214792 0.04437869822485207
1 0.6565349544072948 0.8099112426035503 0.0060790273556231 0.028106508875739646
12 0.900709219858156 0.632396449704142 0.0121580547112462 0.042899408284023666
12 0.9574468085106383 0.5939349112426036 0.0121580547112462 0.04585798816568047
10 0.6638804457953394 0.8113905325443787 0.006585612968591692 0.03106508875739645
10 0.6957953394123607 0.7892011834319527 0.007598784194528876 0.034023668639053255
1 0.41109422492401215 0.9903846153846154 0.008611955420466059 0.016272189349112426
10 0.71580547112462 0.7810650887573964 0.0070921985815602835 0.029585798816568046
10 0.4278115501519757 0.9911242603550295 0.008611955420466059 0.014792899408284023
1 0.7619047619047619 0.7566568047337278 0.008105369807497468 0.034023668639053255
10 0.617274569402229 0.8616863905325444 0.008611955420466059 0.03106508875739645
10 0.7239108409321175 0.7892011834319527 0.0070921985815602835 0.03106508875739645
10 0.7360688956433638 0.7795857988165681 0.0070921985815602835 0.029585798816568046
2 0.4929078014184397 0.9363905325443787 0.1094224924012158 0.1242603550295858
10 0.7297365754812564 0.7862426035502958 0.006585612968591692 0.03106508875739645
10 0.7783687943262412 0.75 0.007598784194528876 0.03254437869822485
1 0.9209726443768997 0.6501479289940828 0.008105369807497468 0.034023668639053255
1 0.9490881458966566 0.6294378698224852 0.007598784194528876 0.03106508875739645
1 0.9774569402228976 0.610207100591716 0.007598784194528876 0.034023668639053255
10 0.756838905775076 0.7707100591715976 0.008105369807497468 0.03254437869822485
10 0.7710233029381965 0.761094674556213 0.008105369807497468 0.034023668639053255
10 0.8786727456940223 0.6871301775147929 0.007598784194528876 0.034023668639053255
10 0.9427558257345492 0.6420118343195266 0.008105369807497468 0.03254437869822485
10 0.9083080040526849 0.6664201183431953 0.0070921985815602835 0.03106508875739645
10 0.9148936170212766 0.6619822485207101 0.0070921985815602835 0.03106508875739645
10 0.9371833839918946 0.6457100591715976 0.008105369807497468 0.03106508875739645
10 0.9650455927051672 0.6272189349112426 0.008105369807497468 0.03254437869822485
10 0.9718844984802432 0.6235207100591716 0.006585612968591692 0.03106508875739645
10 0.6955420466058764 0.8321005917159763 0.0070921985815602835 0.03106508875739645
10 0.7016210739614995 0.8298816568047337 0.008105369807497468 0.03254437869822485
10 0.6724924012158054 0.8535502958579881 0.007598784194528876 0.029585798816568046
10 0.6593211752786221 0.8624260355029586 0.006585612968591692 0.03254437869822485
10 0.7082066869300911 0.8269230769230769 0.0060790273556231 0.029585798816568046
10 0.6854103343465046 0.8461538461538461 0.008105369807497468 0.03254437869822485
1 0.7198581560283688 0.8210059171597633 0.0070921985815602835 0.03254437869822485
1 0.8867781155015197 0.6989644970414202 0.007598784194528876 0.03106508875739645
10 0.6317122593718338 0.8846153846153846 0.0060790273556231 0.029585798816568046
1 0.6253799392097265 0.8912721893491125 0.007598784194528876 0.034023668639053255
10 0.6195542046605876 0.8957100591715976 0.0070921985815602835 0.034023668639053255
10 0.6540020263424519 0.871301775147929 0.0060790273556231 0.029585798816568046
10 0.7256838905775076 0.8202662721893491 0.006585612968591692 0.03106508875739645
1 0.7383485309017224 0.8121301775147929 0.007598784194528876 0.03254437869822485
10 0.7322695035460993 0.8173076923076923 0.008611955420466059 0.034023668639053255
1 0.6415906788247214 0.8838757396449705 0.007598784194528876 0.03106508875739645
1 0.7515197568389058 0.8032544378698225 0.008611955420466059 0.03254437869822485
10 0.8216818642350557 0.753698224852071 0.0070921985815602835 0.03106508875739645
10 0.8153495440729484 0.7603550295857988 0.007598784194528876 0.03254437869822485
1 0.8490374873353597 0.735207100591716 0.008105369807497468 0.03254437869822485
10 0.8563829787234043 0.7322485207100592 0.006585612968591692 0.029585798816568046
10 0.7593718338399189 0.8025147928994083 0.0070921985815602835 0.028106508875739646
10 0.7879939209726444 0.783284023668639 0.007598784194528876 0.03106508875739645
10 0.7811550151975684 0.7877218934911243 0.008105369807497468 0.034023668639053255
1 0.7753292806484295 0.7921597633136095 0.007598784194528876 0.03106508875739645
1 0.8029381965552178 0.772189349112426 0.0070921985815602835 0.03254437869822485
10 0.8092705167173252 0.7699704142011834 0.006585612968591692 0.03106508875739645
1 0.8280141843971631 0.7551775147928994 0.007598784194528876 0.03106508875739645
10 0.8348530901722391 0.7514792899408284 0.008105369807497468 0.03254437869822485
10 0.8814589665653495 0.7181952662721893 0.0070921985815602835 0.03106508875739645
10 0.8627152988855117 0.731508875739645 0.0070921985815602835 0.03106508875739645
1 0.9047619047619048 0.7026627218934911 0.0070921985815602835 0.029585798816568046
10 0.9181864235055724 0.6930473372781065 0.007598784194528876 0.03106508875739645
10 0.9118541033434651 0.6989644970414202 0.0070921985815602835 0.03106508875739645
1 0.9341438703140831 0.6826923076923077 0.0070921985815602835 0.03106508875739645
10 0.9452887537993921 0.6745562130177515 0.0070921985815602835 0.029585798816568046
10 0.9397163120567376 0.6782544378698225 0.0070921985815602835 0.03106508875739645
1 0.961499493414387 0.6634615384615384 0.0070921985815602835 0.03106508875739645
10 0.9741641337386018 0.6538461538461539 0.008105369807497468 0.029585798816568046
10 0.9685916919959473 0.6597633136094675 0.008105369807497468 0.029585798816568046