12 0.7946359160404249 0.31697276757441417 0.013734128012438455 0.010766307789740342
10 0.788546255506608 0.3188727042431919 0.007774034724021767 0.006016466117796073
12 0.7556361751749158 0.32124762507916405 0.010883648613630474 0.009183027232425586
1 0.7866027468256025 0.32441418619379353 0.008551438196423945 0.006649778340721976
5 0.7711842446229593 0.3299556681443952 0.023322104172065303 0.028499050031665613
12 0.7172842705364084 0.33011399620012666 0.012956724540036279 0.011082963901203294
10 0.7058823529411765 0.33169727675744143 0.005700958797615963 0.008549715009499683
10 0.7031614407877689 0.33470550981633945 0.00699663125161959 0.005699810006333122
10 0.7115833117387924 0.33929702343255225 0.006737496760818865 0.007916402786573781
10 0.7514900233221041 0.33993033565547814 0.011920186576833377 0.007283090563647878
10 0.700699663125162 0.34135528815706145 0.008292303705623219 0.006333122229259025
10 0.7087328323399844 0.34135528815706145 0.005700958797615963 0.00506649778340722
10 0.7468256024876911 0.3443635212159595 0.008292303705623219 0.007916402786573781
10 0.6973309147447525 0.344205193160228 0.007255765742420316 0.006966434452184927
10 0.6931847628919409 0.34689677010766307 0.00881057268722467 0.005383153894870171
12 0.7163772998186059 0.3470550981633945 0.012697590049235553 0.010766307789740342
10 0.7424203161440788 0.34721342621912604 0.00881057268722467 0.007283090563647878
10 0.7054936512049754 0.34911336288790373 0.008551438196423945 0.005383153894870171
10 0.6892977455299301 0.35022165927802407 0.007255765742420316 0.00506649778340722
10 0.7381445970458668 0.35085497150094996 0.00699663125161959 0.006966434452184927
10 0.7025136045607671 0.35275490816972765 0.00699663125161959 0.006966434452184927
10 0.6983674527079554 0.35576314122862573 0.007255765742420316 0.006649778340721976
10 0.6830785177507126 0.3584547181760608 0.007255765742420316 0.008233058898036731
10 0.6942213008551438 0.3589297023432552 0.007774034724021767 0.007283090563647878
10 0.7098989375485877 0.36035465484483853 0.008551438196423945 0.005699810006333122
12 0.6775071261984971 0.3624129195693477 0.013215859030837005 0.01044965167827739
10 0.706400621922778 0.36336288790373655 0.006737496760818865 0.004749841671944269
10 0.7034205752785696 0.3654211526282457 0.00699663125161959 0.005699810006333122
12 0.6692148224928738 0.36716276124129194 0.009587976159626846 0.012982900569981
10 0.6905934179839337 0.36779607346421783 0.00881057268722467 0.006016466117796073
10 0.7001813941435605 0.36763774540848637 0.006737496760818865 0.006333122229259025
10 0.7140450894013993 0.36795440151994935 0.008033169214822493 0.006333122229259025
10 0.7117128789841928 0.3714376187460418 0.008551438196423945 0.008233058898036731
10 0.6641616999222597 0.3720709309689677 0.008292303705623219 0.007599746675110829
12 0.6850220264317181 0.3730208993033566 0.0111427831044312 0.009499683343888538
10 0.7079554288675822 0.37381253958201394 0.007774034724021767 0.006016466117796073
10 0.7041979787509718 0.3763457884737175 0.008033169214822493 0.006016466117796073
10 0.7000518268981601 0.3796706776440785 0.008551438196423945 0.006966434452184927
12 0.677118424462296 0.38077897403419886 0.011401917595231926 0.012982900569981
10 0.697849183726354 0.38347055098163396 0.00881057268722467 0.006333122229259025
10 0.6562580979528375 0.3836288790373654 0.008551438196423945 0.007283090563647878
10 0.6943508681005441 0.38600379987333755 0.008551438196423945 0.007599746675110829
10 0.6712878984192796 0.3863204559848005 0.0064783622700181395 0.006333122229259025
12 0.6898160145115315 0.389803673210893 0.012438455558434827 0.01013299556681444
10 0.7104172065301891 0.3902786573780874 0.00699663125161959 0.01044965167827739
10 0.7065301891681783 0.39392020265991134 0.009069707178025395 0.006966434452184927
12 0.6811350090697071 0.3950284990500317 0.011661052086032651 0.009183027232425586
10 0.6618294895050532 0.39582013932868904 0.009847110650427572 0.006333122229259025
10 0.7017362010883649 0.39851171627612414 0.007255765742420316 0.007916402786573781
10 0.6758227520082923 0.3993033565547815 0.010365379632029024 0.006966434452184927
12 0.6988857216895569 0.40278657378087396 0.01347499352163773 0.011399620012666244
10 0.6697330914744752 0.4046865104496517 0.008033169214822493 0.007599746675110829
12 0.6900751490023322 0.4099113362887904 0.01399326250323918 0.011716276124129196
10 0.6829489505053122 0.415769474350855 0.010106245141228298 0.007599746675110829
10 0.678932365897901 0.41861937935402155 0.00881057268722467 0.006333122229259025
12 0.6158331173879243 0.4279607346421786 0.030837004405286344 0.03071564281190627
1 0.6593677118424462 0.4411019632678911 0.013734128012438455 0.012032932235592146
12 0.5737237626328064 0.4680177327422419 0.03161440787768852 0.03103229892336922
1 0.5756672713138119 0.4887587080430652 0.010624514122829748 0.01551614946168461
1 0.5706141487431977 0.4917669411019633 0.00881057268722467 0.01013299556681444
1 0.5506607929515418 0.5015832805573147 0.006737496760818865 0.012032932235592146
1 0.5472920445711325 0.5058581380620646 0.009847110650427572 0.012349588347055098
12 0.5301891681782845 0.5074414186193793 0.03057786991448562 0.039582013932868906
1 0.5058305260430164 0.5457568081063965 0.009847110650427572 0.009183027232425586
12 0.4827675563617517 0.5511399620012666 0.029023062969681265 0.02818239392020266
1 0.501425239699404 0.5512982900569982 0.011920186576833377 0.010766307789740342
12 0.43897382741642915 0.5981633945535149 0.028504793988079813 0.030398986700443317
1 0.47305001295672455 0.6160544648511717 0.01580720393884426 0.011716276124129196
12 0.3955688002073076 0.6374287523749208 0.031873542368489244 0.031665611146295125
1 0.4025654314589272 0.6656111462951235 0.012179321067634101 0.011399620012666244
1 0.3736719357346463 0.6730525649145028 0.00932884166882612 0.01551614946168461
1 0.37069188909043793 0.6766941101963267 0.009069707178025395 0.01013299556681444
12 0.355014252396994 0.678752374920836 0.02694998704327546 0.03071564281190627
1 0.3858512568022804 0.681760607979734 0.011401917595231926 0.01013299556681444
1 0.3318217154703291 0.7113679544015199 0.007514900233221042 0.014249525015832806
12 0.3134231666234776 0.714376187460418 0.025654314589271834 0.03546548448385054
1 0.3280642653537186 0.7156428119062698 0.00881057268722467 0.01013299556681444
1 0.28051308629178545 0.7382837238758708 0.06607929515418502 0.07568081063964535
1 0.2315366675304483 0.7786573780873971 0.06296968126457632 0.06396453451551615
10 0.9458408914226484 0.09768841038632045 0.006219227779217414 0.006016466117796073
10 0.9437678154962426 0.10053831538948702 0.007255765742420316 0.007283090563647878
10 0.9280901788027986 0.10085497150094996 0.0064783622700181395 0.007916402786573781
10 0.9247214304223892 0.10291323622545916 0.00699663125161959 0.006966434452184927
10 0.9212231147965795 0.10528815706143128 0.006737496760818865 0.006649778340721976
10 0.9185022026431718 0.10908803039898671 0.00699663125161959 0.007283090563647878
1 0.9157812904897642 0.1124129195693477 0.007774034724021767 0.007599746675110829
1 0.9120238403731536 0.11447118429385687 0.008033169214822493 0.007916402786573781
10 0.9090437937289453 0.11716276124129196 0.006737496760818865 0.006333122229259025
10 0.906063747084737 0.12001266624445851 0.00699663125161959 0.006966434452184927
10 0.922518787250583 0.12032932235592148 0.006737496760818865 0.005699810006333122
10 0.9019175952319254 0.12112096263457885 0.0064783622700181395 0.007283090563647878
10 0.8998445193055196 0.12492083597213426 0.005960093288416689 0.007283090563647878
10 0.907877688520342 0.13410386320455986 0.007514900233221042 0.006016466117796073
10 0.8880538999740866 0.13806206459784673 0.005441824306815237 0.005699810006333122
12 0.9172065301891682 0.13822039265357822 0.013734128012438455 0.012349588347055098
1 0.8854625550660793 0.13980367321089296 0.005700958797615963 0.006016466117796073
12 0.8809277014770666 0.1436035465484484 0.011661052086032651 0.01044965167827739
10 0.8937548587717025 0.14756174794173527 0.007774034724021767 0.006966434452184927
10 0.875356309924851 0.1493033565547815 0.006737496760818865 0.006016466117796073
10 0.8898678414096917 0.14977834072197593 0.005182689816014512 0.00506649778340722
10 0.8867582275200829 0.1513616212792907 0.005182689816014512 0.004433185560481318
10 0.9131899455817569 0.1538948701709943 0.007774034724021767 0.007599746675110829
1 0.9039906711583312 0.15500316656111462 0.0064783622700181395 0.006649778340721976
1 0.8813164032132677 0.15816972767574414 0.008292303705623219 0.006649778340721976
1 0.8993262503239181 0.1597530082330589 0.005700958797615963 0.004749841671944269
10 0.9120238403731536 0.16133628879037365 0.007514900233221042 0.004749841671944269
10 0.8774293858512568 0.16149461684610514 0.006737496760818865 0.006333122229259025
1 0.8944026949987043 0.16371120962634578 0.0064783622700181395 0.00506649778340722
10 0.8881834672194869 0.16861937935402152 0.005960093288416689 0.007283090563647878
5 0.9050272091215341 0.17606079797340088 0.027727390515677637 0.021532615579480684
10 0.8732832339984452 0.17669411019632678 0.007774034724021767 0.006966434452184927
10 0.8942731277533039 0.18429385687143762 0.007774034724021767 0.006966434452184927
1 0.9216118165327805 0.18556048131728942 0.010106245141228298 0.006966434452184927
10 0.9175952319253693 0.18841038632045598 0.007774034724021767 0.006966434452184927
10 0.8596786732314071 0.18904369854338188 0.007514900233221042 0.006966434452184927
1 0.9151334542627624 0.1903103229892337 0.004923555325213786 0.00506649778340722
10 0.869655351127235 0.1907853071564281 0.007774034724021767 0.006649778340721976
10 0.9126716766001555 0.1915769474350855 0.005182689816014512 0.006333122229259025
10 0.8658979010106245 0.19300189993666877 0.008033169214822493 0.006016466117796073
1 0.8528116092251878 0.19316022799240026 0.00881057268722467 0.008233058898036731
10 0.9103394661829489 0.19442685243825206 0.007774034724021767 0.006966434452184927
10 0.8761337133972532 0.194743508549715 0.006737496760818865 0.008233058898036731
10 0.9073594195387406 0.19696010132995567 0.00699663125161959 0.006966434452184927
10 0.8502202643171806 0.19727675744141862 0.008292303705623219 0.006966434452184927
10 0.9038611039129308 0.19901836605446485 0.006219227779217414 0.006649778340721976
1 0.8469810831821716 0.1999683343888537 0.008551438196423945 0.007283090563647878
10 0.871080590826639 0.20075997466751108 0.008033169214822493 0.005699810006333122
10 0.8424462295931588 0.20170994300189993 0.005700958797615963 0.006966434452184927
10 0.8807981342316662 0.20281823939202026 0.007255765742420316 0.005383153894870171
10 0.8405027209121534 0.20440151994933503 0.005960093288416689 0.009183027232425586
10 0.9256284011401917 0.20693476884103862 0.008292303705623219 0.007916402786573781
10 0.8744493392070485 0.2078847371754275 0.00699663125161959 0.006016466117796073
5 0.8612334801762115 0.2083597213426219 0.027209121534076185 0.022165927802406588
10 0.8385592122311479 0.20867637745408488 0.005700958797615963 0.005699810006333122
10 0.8481471883907749 0.21595946801773275 0.005182689816014512 0.005699810006333122
10 0.9155221559989635 0.21595946801773275 0.007255765742420316 0.006966434452184927
10 0.8297486395439233 0.2169094363521216 0.006219227779217414 0.00506649778340722
10 0.8419279606115574 0.220709309689677 0.006737496760818865 0.005699810006333122
10 0.891422648354496 0.22134262191260293 0.00932884166882612 0.009499683343888538
10 0.8695257838818347 0.22276757441418618 0.009069707178025395 0.007283090563647878
10 0.832858253433532 0.2234008866371121 0.005700958797615963 0.005383153894870171
10 0.8284529670899197 0.22387587080430651 0.008292303705623219 0.006966434452184927
10 0.8504793988079813 0.22545915136162129 0.005700958797615963 0.005699810006333122
10 0.8629178543664162 0.22894236858771375 0.006219227779217414 0.006966434452184927
12 0.8471106504275719 0.2311589613679544 0.01347499352163773 0.012032932235592146
12 0.8362270018139414 0.2317922735908803 0.01399326250323918 0.010766307789740342
10 0.8972531743975123 0.2330588980367321 0.008551438196423945 0.006966434452184927
10 0.8170510494946878 0.2338505383153895 0.008292303705623219 0.006649778340721976
10 0.8305260430163255 0.23622545915136162 0.00932884166882612 0.007599746675110829
10 0.8043534594454522 0.23654211526282456 0.006737496760818865 0.006333122229259025
10 0.8135527338688779 0.2378087397086764 0.00699663125161959 0.007599746675110829
10 0.8016325472920446 0.24050031665611146 0.0064783622700181395 0.006016466117796073
10 0.8241772479917077 0.24319189360354654 0.009069707178025395 0.007599746675110829
10 0.7981342316662348 0.24572514249525015 0.00881057268722467 0.006966434452184927
10 0.8173101839854885 0.2493666877770741 0.007774034724021767 0.007283090563647878
10 0.79282197460482 0.25015832805573146 0.007514900233221042 0.006333122229259025
10 0.7893236589790101 0.25284990500316656 0.008292303705623219 0.007283090563647878
12 0.8112205234516714 0.25411652944901836 0.012697590049235553 0.011716276124129196
10 0.7841409691629956 0.2572830905636479 0.008292303705623219 0.006016466117796073
1 0.8219746048199015 0.25744141861937936 0.007774034724021767 0.006333122229259025
1 0.8061674008810573 0.25807473084230526 0.007774034724021767 0.006333122229259025
10 0.7810313552733869 0.2604496516782774 0.006737496760818865 0.006016466117796073
10 0.8025395180098471 0.26139962001266626 0.006219227779217414 0.006016466117796073
1 0.7998186058564395 0.2628245725142495 0.00699663125161959 0.007599746675110829
1 0.7764965016843742 0.2648828372387587 0.005441824306815237 0.005383153894870171
10 0.7894532262244105 0.27042431918936033 0.005960093288416689 0.005699810006333122
12 0.7968385592122311 0.27058264724509185 0.015548069448043534 0.011082963901203294
1 0.7729981860585644 0.2710576314122863 0.007255765742420316 0.006966434452184927
1 0.7863436123348018 0.27311589613679543 0.005960093288416689 0.006016466117796073
1 0.7692407359419539 0.2740658644711843 0.0064783622700181395 0.006649778340721976
1 0.7814200570095879 0.27517416086130464 0.00699663125161959 0.006966434452184927
1 0.7798652500647836 0.27881570614312856 0.005960093288416689 0.005383153894870171
10 0.7925628401140192 0.279290690310323 0.00699663125161959 0.006333122229259025
1 0.7755895309665717 0.2818239392020266 0.007255765742420316 0.004433185560481318
1 0.7737755895309666 0.2838822039265358 0.006219227779217414 0.005383153894870171
1 0.7897123607152112 0.28546548448385056 0.00699663125161959 0.007283090563647878
1 0.7869914485618036 0.28863204559848005 0.007255765742420316 0.005383153894870171
5 0.7636693443897383 0.29069031032298925 0.019694221300855144 0.024065864471184292
12 0.7468256024876911 0.2917986067131096 0.01347499352163773 0.011716276124129196
10 0.7834931329359938 0.2921152628245725 0.009587976159626846 0.006649778340721976
10 0.7938585125680228 0.2927485750474984 0.00699663125161959 0.007283090563647878
10 0.7891940917336098 0.29781507283090564 0.008033169214822493 0.006016466117796073
12 0.7387924332728686 0.30050664977834074 0.015548069448043534 0.011399620012666244
10 0.7859549105986007 0.3006649778340722 0.007774034724021767 0.006649778340721976
12 0.7799948173101839 0.3036732108929702 0.012956724540036279 0.008233058898036731
1 0.752137859549106 0.3039898670044332 0.005960093288416689 0.00506649778340722
1 0.8079813423166623 0.30509816339455353 0.008292303705623219 0.006649778340721976
1 0.7472143042238922 0.30683977200759976 0.005441824306815237 0.004433185560481318
1 0.8048717284270537 0.3076314122862571 0.006737496760818865 0.006016466117796073
10 0.7411246436900751 0.3095313489550348 0.007255765742420316 0.007283090563647878
10 0.801762114537445 0.3098480050664978 0.007255765742420316 0.006649778340721976
1 0.7733868877947655 0.31063964534515515 0.0064783622700181395 0.005699810006333122
10 0.8002073075926406 0.31143128562381256 0.006219227779217414 0.006649778340721976
10 0.7387924332728686 0.3130145661811273 0.007774034724021767 0.006649778340721976
12 0.76431718061674 0.3141228625712476 0.012697590049235553 0.01013299556681444
1 0.7819383259911894 0.31459784673844204 0.0064783622700181395 0.008549715009499683