10 0.29317958783120707 0.052509053285049144 0.01521099116781158 0.006725297465080186
5 0.7654563297350343 0.5276771857216761 0.05593719332679097 0.056906363166063116
5 0.8265456329735035 0.5274185204345577 0.0534838076545633 0.05431971029487843
1 0.5973994111874387 0.5292291774443869 0.008341511285574092 0.018623900672529746
1 0.662414131501472 0.5289705121572685 0.0068694798822374874 0.01603724780134506
10 0.6817958783120707 0.5294878427315054 0.006378802747791953 0.01396792550439731
1 0.6268400392541708 0.5300051733057424 0.007360157016683023 0.017071908949818936
10 0.6516192345436702 0.5300051733057424 0.007850834151128557 0.01603724780134506
1 0.5279685966633955 0.5302638385928609 0.007850834151128557 0.015519917227108122
1 0.5176643768400393 0.5305225038799793 0.004906771344455349 0.015002586652871184
10 0.6724730127576055 0.5302638385928609 0.007360157016683023 0.01965856182100362
1 0.5888125613346418 0.5310398344542162 0.005888125613346418 0.01603724780134506
1 0.5385181550539745 0.5312984997413347 0.005397448478900883 0.015519917227108122
10 0.49681059862610405 0.5315571650284532 0.004416094210009814 0.017071908949818936
1 0.5625613346418057 0.5315571650284532 0.006378802747791953 0.01603724780134506
1 0.5718842001962708 0.5312984997413347 0.008341511285574092 0.018623900672529746
1 0.4614818449460255 0.5315571650284532 0.004416094210009814 0.015002586652871184
10 0.5049067713444554 0.5318158303155717 0.0068694798822374874 0.01758923952405587
1 0.6376349362119725 0.5318158303155717 0.008832188420019628 0.016554578375581996
1 0.47203140333660454 0.5320744956026902 0.007850834151128557 0.01810657009829281
10 0.5112855740922473 0.533109156751164 0.0068694798822374874 0.01810657009829281
10 0.21123650637880276 0.5439730988101397 0.006378802747791953 0.012933264355923435
10 0.22644749754661433 0.5444904293843766 0.005397448478900883 0.012933264355923435
10 0.24141315014720313 0.5444904293843766 0.007850834151128557 0.012933264355923435
10 0.25711481844946027 0.5442317640972582 0.007850834151128557 0.014485256078634247
10 0.26472031403336604 0.5442317640972582 0.008341511285574092 0.013450594930160372
10 0.218351324828263 0.5444904293843766 0.0068694798822374874 0.012933264355923435
10 0.23380765456329736 0.5450077599586135 0.006378802747791953 0.01396792550439731
10 0.10009813542688911 0.5450077599586135 0.017664376840039256 0.006725297465080186
10 0.24950932286555447 0.545266425245732 0.008341511285574092 0.014485256078634247
1 0.09985279685966635 0.5563890325918261 0.01521099116781158 0.007759958613554061
1 0.9624631992149166 0.5563890325918261 0.01324828263002944 0.006725297465080186
2 0.5701668302257115 0.5589756854630109 0.3209028459273798 0.0346611484738748
10 0.2666830225711482 0.5592343507501293 0.004416094210009814 0.012415933781686497
10 0.23159960745829244 0.5597516813243663 0.003925417075564278 0.012415933781686497
10 0.239450441609421 0.5597516813243663 0.008832188420019628 0.009311950336264873
10 0.260549558390579 0.5602690118986032 0.004906771344455349 0.011381272633212623
10 0.24656526005888127 0.5602690118986032 0.0034347399411187437 0.013450594930160372
10 0.22546614327772327 0.5607863424728401 0.006378802747791953 0.011381272633212623
10 0.2546614327772326 0.5607863424728401 0.0068694798822374874 0.010346611484738748
10 0.25 0.5613036730470771 0.0034347399411187437 0.012415933781686497
10 0.2129538763493621 0.5615623383341956 0.005888125613346418 0.01189860320744956
10 0.21933267909715407 0.561821003621314 0.004906771344455349 0.011381272633212623
1 0.09985279685966635 0.566735644076565 0.01324828263002944 0.006725297465080186
10 0.2085377821393523 0.05819968960165546 0.004906771344455349 0.01810657009829281
10 0.22252208047105004 0.05819968960165546 0.006378802747791953 0.01603724780134506
1 0.21565260058881255 0.05871702017589239 0.006378802747791953 0.015002586652871184
1 0.23503434739941118 0.05871702017589239 0.007850834151128557 0.015002586652871184
10 0.2446025515210991 0.05871702017589239 0.006378802747791953 0.015002586652871184
10 0.2281648675171737 0.058975685463010866 0.003925417075564278 0.016554578375581996
10 0.15333660451422965 0.5972581479565442 0.007360157016683023 0.01603724780134506
5 0.22620215897939155 0.598810139679255 0.06771344455348381 0.05018106570098293
5 0.08096172718351324 0.6166580444904294 0.04612365063788027 0.08794619762027936
2 0.7019136408243376 0.6207966890843248 0.2576054955839058 0.04138644593895499
1 0.2664376840039254 0.6290739782721159 0.016683022571148183 0.007242628039317123
1 0.5456329735034348 0.631919296430419 0.005888125613346418 0.015002586652871184
10 0.5331207065750736 0.6321779617175375 0.006378802747791953 0.015519917227108122
1 0.5382728164867517 0.632436627004656 0.004906771344455349 0.015002586652871184
10 0.11530912659470069 0.6425245732022763 0.012757605495583905 0.005173305742369374
10 0.19676153091265947 0.6430419037765132 0.003925417075564278 0.012415933781686497
10 0.2318449460255152 0.6427832384893947 0.004416094210009814 0.015002586652871184
10 0.504170755642787 0.6433005690636316 0.005397448478900883 0.015002586652871184
1 0.5107948969578018 0.6433005690636316 0.005888125613346418 0.015002586652871184
10 0.24533856722276742 0.6427832384893947 0.004906771344455349 0.01189860320744956
10 0.2266928361138371 0.6430419037765132 0.005888125613346418 0.014485256078634247
10 0.5169283611383709 0.6435592343507501 0.004416094210009814 0.014485256078634247
10 0.20215897939156036 0.6438178996378686 0.004906771344455349 0.01396792550439731
10 0.2146712463199215 0.6438178996378686 0.005397448478900883 0.01396792550439731
10 0.2205593719332679 0.6433005690636316 0.005397448478900883 0.012933264355923435
10 0.239450441609421 0.6435592343507501 0.004906771344455349 0.012415933781686497
1 0.5237978410206084 0.6435592343507501 0.005397448478900883 0.015519917227108122
10 0.26398429833169773 0.6440765649249871 0.005888125613346418 0.012415933781686497
10 0.2517173699705594 0.6443352302121055 0.004906771344455349 0.015002586652871184
10 0.25711481844946027 0.6443352302121055 0.003925417075564278 0.012933264355923435
10 0.20755642787046125 0.6443352302121055 0.004906771344455349 0.012933264355923435
10 0.5134936211972522 0.6567511639937921 0.005397448478900883 0.015002586652871184
10 0.21712463199214915 0.6580444904293844 0.005397448478900883 0.014485256078634247
10 0.23159960745829244 0.6580444904293844 0.005888125613346418 0.013450594930160372
10 0.25809617271835134 0.6588204862907397 0.004906771344455349 0.015002586652871184
10 0.18621197252208047 0.6588204862907397 0.006378802747791953 0.012933264355923435
10 0.24533856722276742 0.6590791515778582 0.005888125613346418 0.011381272633212623
10 0.2085377821393523 0.6593378168649767 0.0068694798822374874 0.01396792550439731
10 0.2642296368989205 0.6593378168649767 0.007360157016683023 0.01396792550439731
10 0.20166830225711482 0.6593378168649767 0.004906771344455349 0.01603724780134506
10 0.23994111874386653 0.6590791515778582 0.004906771344455349 0.013450594930160372
10 0.25196270853778213 0.6593378168649767 0.006378802747791953 0.012933264355923435
10 0.1935721295387635 0.6593378168649767 0.006378802747791953 0.015002586652871184
10 0.22473012757605496 0.6598551474392137 0.007850834151128557 0.015002586652871184
2 0.7026496565260059 0.6663217796171754 0.2492639842983317 0.04655975168132437
1 0.9582924435721295 0.6665804449042938 0.015701668302257114 0.008794619762027936
10 0.56648675171737 0.6745990688049663 0.01619234543670265 0.007242628039317123
1 0.5360647693817469 0.6753750646663218 0.01226692836113837 0.006725297465080186
1 0.5485770363101079 0.6758923952405587 0.011776251226692836 0.005690636316606311
5 0.40775269872423947 0.6831350232798759 0.1560353287536801 0.15882048629073978
1 0.9354759568204122 0.6908949818934299 0.01324828263002944 0.006725297465080186
2 0.9013738959764475 0.6914123124676669 0.04808635917566242 0.23435075012933265
10 0.9506869479882237 0.6924469736161407 0.01324828263002944 0.006207966890843249
1 0.09445534838076546 0.6950336264873254 0.008341511285574092 0.015002586652871184
10 0.6116290480863592 0.6965856182100362 0.01324828263002944 0.0046559751681324365
10 0.936702649656526 0.6991722710812209 0.013738959764474975 0.0046559751681324365
1 0.9514229636898921 0.7002069322296948 0.014720314033366046 0.006207966890843249
10 0.6104023552502453 0.7017589239524056 0.012757605495583905 0.005690636316606311
1 0.317468105986261 0.7079668908432488 0.012757605495583905 0.005690636316606311
1 0.07850834151128558 0.07113295395757889 0.02551521099116781 0.03155716502845318
1 0.6104023552502453 0.7105535437144336 0.015701668302257114 0.006725297465080186
2 0.7161432777232581 0.7131401965856182 0.19381746810598627 0.03983445421624418
2 0.8505888125613347 0.7131401965856182 0.04465161923454367 0.18468701500258666
10 0.5907752698724239 0.7167615106052768 0.0068694798822374874 0.01603724780134506
1 0.5986261040235525 0.7165028453181583 0.004906771344455349 0.014485256078634247
1 0.5829244357212954 0.7172788411795137 0.005888125613346418 0.015002586652871184
1 0.5024533856722276 0.7183135023279876 0.013738959764474975 0.007759958613554061
10 0.7323356231599607 0.07216761510605277 0.006378802747791953 0.01396792550439731
1 0.15701668302257116 0.7198654940506984 0.0068694798822374874 0.015002586652871184
1 0.040235525024533855 0.07294361096740817 0.023552502453385672 0.026901189860320744
10 0.7433758586849852 0.0734609415416451 0.004906771344455349 0.014485256078634247
10 0.7563788027477919 0.0734609415416451 0.004416094210009814 0.014485256078634247
1 0.5868498527968596 0.7296947749612002 0.014720314033366046 0.006725297465080186
10 0.767909715407262 0.07423693740300051 0.004906771344455349 0.01603724780134506
10 0.7804219823356232 0.07475426797723746 0.006378802747791953 0.016554578375581996
1 0.06059862610402355 0.7462493533367822 0.01324828263002944 0.007759958613554061
1 0.15701668302257116 0.7485773409208484 0.0068694798822374874 0.014485256078634247
1 0.31673209028459276 0.7596999482669425 0.01619234543670265 0.008794619762027936
5 0.10819430814524043 0.7602172788411795 0.07703631010794897 0.11019141231246767
2 0.7087831207065751 0.772633212622866 0.218351324828263 0.0553543714433523
5 0.5480863591756624 0.0775995861355406 0.04121687929342493 0.03621314019658562
1 0.06108930323846909 0.7762545266425246 0.01422963689892051 0.007759958613554061
1 0.4887144259077527 0.7796171753750647 0.015701668302257114 0.008277289187790998
10 0.405053974484789 0.7824624935333678 0.005397448478900883 0.017071908949818936
1 0.6533366045142296 0.0801862390067253 0.009322865554465163 0.012415933781686497
10 0.7134445534838076 0.08044490429384377 0.004906771344455349 0.017071908949818936
1 0.6199705593719332 0.0809622348680807 0.007360157016683023 0.01603724780134506
1 0.6315014720314034 0.08122090015519917 0.0068694798822374874 0.015519917227108122
1 0.0655053974484789 0.8093636833936886 0.006378802747791953 0.015002586652871184
1 0.6420510304219823 0.08122090015519917 0.008341511285574092 0.014485256078634247
10 0.6847399411187438 0.08122090015519917 0.006378802747791953 0.014485256078634247
10 0.6960255152109912 0.08122090015519917 0.006378802747791953 0.01758923952405587
1 0.6636408243375859 0.08199689601655458 0.006378802747791953 0.01396792550439731
10 0.4887144259077527 0.08199689601655458 0.005888125613346418 0.01396792550439731
10 0.5858684985279686 0.08199689601655458 0.005888125613346418 0.01603724780134506
1 0.6030421982335623 0.08199689601655458 0.004906771344455349 0.01603724780134506
10 0.5954367026496565 0.08251422659079151 0.006378802747791953 0.017071908949818936
10 0.40260058881256133 0.08251422659079151 0.006378802747791953 0.017071908949818936
10 0.3299803729146222 0.08277289187790998 0.006378802747791953 0.015519917227108122
10 0.3927870461236506 0.08251422659079151 0.008341511285574092 0.015002586652871184
10 0.42517173699705596 0.08251422659079151 0.006378802747791953 0.015002586652871184
10 0.44160942100098133 0.08251422659079151 0.004906771344455349 0.015002586652871184
10 0.4590284592737978 0.08277289187790998 0.006378802747791953 0.014485256078634247
10 0.4766928361138371 0.08277289187790998 0.007360157016683023 0.014485256078634247
1 0.14131501472031405 0.8246249353336782 0.013738959764474975 0.007242628039317123
10 0.49975466143277725 0.08303155716502846 0.006378802747791953 0.01396792550439731
10 0.5117762512266928 0.08303155716502846 0.007850834151128557 0.01396792550439731
10 0.40996074582924436 0.08303155716502846 0.006378802747791953 0.01396792550439731
10 0.4315505397448479 0.08277289187790998 0.005397448478900883 0.016554578375581996
10 0.41756624141315013 0.08303155716502846 0.007850834151128557 0.015002586652871184
10 0.3800294406280667 0.08329022245214693 0.006378802747791953 0.016554578375581996
10 0.4681059862610402 0.08329022245214693 0.0068694798822374874 0.014485256078634247
1 0.09298331697742886 0.830574236937403 0.006378802747791953 0.01603724780134506
10 0.10181550539744848 0.8303155716502846 0.005397448478900883 0.014485256078634247
10 0.10745829244357213 0.830574236937403 0.003925417075564278 0.012933264355923435
10 0.08439646712463199 0.830574236937403 0.005888125613346418 0.01396792550439731
10 0.1273307163886163 0.8308329022245214 0.006378802747791953 0.015519917227108122
10 0.0775269872423945 0.830574236937403 0.004906771344455349 0.015002586652871184
10 0.07139352306182532 0.8310915675116399 0.006378802747791953 0.01396792550439731
10 0.11457311089303239 0.8321262286601138 0.007360157016683023 0.015002586652871184
10 0.3361138370951914 0.08329022245214693 0.004906771344455349 0.015519917227108122
1 0.039499509322865556 0.8331608898085877 0.02404317958783121 0.025349198137609934
5 0.8743866535819431 0.8367822038282462 0.053974484789008834 0.05328504914640455
10 0.35819430814524045 0.08406621831350233 0.005888125613346418 0.01810657009829281
2 0.531648675171737 0.8491981376099328 0.6040235525024534 0.03983445421624418
10 0.9087340529931305 0.8528194516295913 0.0068694798822374874 0.01603724780134506
1 0.9158488714425908 0.8530781169167098 0.006378802747791953 0.016554578375581996
10 0.8832188420019627 0.08535954474909467 0.0068694798822374874 0.014485256078634247
2 0.9624631992149166 0.8579927573719607 0.07507360157016683 0.08432488360062079
10 0.7558881256133464 0.08691153647180548 0.005397448478900883 0.014485256078634247
10 0.7438665358194309 0.08742886704604243 0.003925417075564278 0.012415933781686497
10 0.7325809617271836 0.08742886704604243 0.005888125613346418 0.011381272633212623
10 0.8596663395485771 0.08742886704604243 0.004906771344455349 0.016554578375581996
10 0.7674190382728164 0.08846352819451629 0.003925417075564278 0.011381272633212623
10 0.7799313052011776 0.08846352819451629 0.004416094210009814 0.011381272633212623
1 0.04980372914622178 0.8859286083807553 0.03287536800785083 0.03776513191929643
2 0.5343473994111875 0.8898085876875323 0.6123650637880275 0.04138644593895499
1 0.16584887144259078 0.8908432488360062 0.03729146221786065 0.04242110708742887
5 0.9087340529931305 0.892912571132954 0.0068694798822374874 0.016554578375581996
10 0.9160942100098135 0.8944645628556648 0.0068694798822374874 0.014485256078634247
5 0.8741413150147204 0.9024831867563373 0.05544651619234544 0.0553543714433523
1 0.04808635917566242 0.09234350750129333 0.0068694798822374874 0.015002586652871184
10 0.21270853778213936 0.9275737196068288 0.005397448478900883 0.014485256078634247
10 0.8218842001962708 0.9293843766166581 0.013738959764474975 0.006725297465080186
10 0.19896957801766438 0.9366270046559751 0.0034347399411187437 0.01396792550439731
10 0.8211481844946026 0.9371443352302121 0.01324828263002944 0.006725297465080186
1 0.1928361138370952 0.9371443352302121 0.0068694798822374874 0.01396792550439731
1 0.20534838076545633 0.9376616658044491 0.007360157016683023 0.015002586652871184
2 0.47791952894995093 0.938178996378686 0.49950932286555444 0.03776513191929643
1 0.257360157016683 0.0941541645111226 0.005397448478900883 0.013450594930160372
10 0.7892541707556427 0.9428349715468184 0.005397448478900883 0.012933264355923435
10 0.7951422963689893 0.9428349715468184 0.004416094210009814 0.012933264355923435
10 0.8790480863591756 0.9433523021210554 0.006378802747791953 0.012933264355923435
10 0.7823846908734053 0.9436109674081739 0.006378802747791953 0.016554578375581996
10 0.8083905789990187 0.9438696326952923 0.006378802747791953 0.015002586652871184
10 0.8020117762512267 0.9436109674081739 0.006378802747791953 0.014485256078634247
1 0.8888616290480864 0.9438696326952923 0.006378802747791953 0.015002586652871184
10 0.8540235525024534 0.9443869632695292 0.006378802747791953 0.01396792550439731
1 0.8714425907752699 0.9441282979824107 0.005888125613346418 0.014485256078634247
1 0.18792934249263984 0.9661148473874805 0.03729146221786065 0.0429384376616658
2 0.4764474975466143 0.9803414381789963 0.49950932286555444 0.03931712364200724
1 0.21491658488714427 0.9849974133471289 0.018645731108930325 0.020693222969477496
1 0.06844946025515211 0.11588204862907397 0.03974484789008832 0.03931712364200724
10 0.2342983316977429 0.11821003621314019 0.008341511285574092 0.015002586652871184
10 0.2566241413150147 0.11821003621314019 0.005888125613346418 0.015002586652871184
10 0.2642296368989205 0.11821003621314019 0.006378802747791953 0.01396792550439731
10 0.271099116781158 0.11821003621314019 0.006378802747791953 0.017071908949818936
10 0.24435721295387636 0.11846870150025866 0.005888125613346418 0.014485256078634247
10 0.2235034347399411 0.11872736678737714 0.005397448478900883 0.01396792550439731
1 0.2100098135426889 0.12002069322296947 0.004906771344455349 0.01758923952405587
2 0.60549558390579 0.12053802379720642 0.6005888125613347 0.04138644593895499
10 0.21663395485770362 0.12079668908432488 0.007360157016683023 0.01810657009829281
1 0.21368989205103042 0.13942058975685462 0.03189401373895977 0.03983445421624418
1 0.17124631992149167 0.1404552509053285 0.03042198233562316 0.0346611484738748
5 0.9533856722276742 0.14511122607346094 0.052011776251226695 0.05845835488877393
5 0.26766437684003924 0.16399379203310915 0.04072620215897939 0.03931712364200724
1 0.2939156035328754 0.1727884117951371 0.005888125613346418 0.015519917227108122
1 0.08488714425907752 0.17796171753750648 0.040235525024533855 0.04138644593895499
1 0.165603532875368 0.17873771339886188 0.03287536800785083 0.04500775995861355
1 0.20583905789990187 0.1802897051215727 0.037782139352306184 0.04086911536471805
2 0.647693817468106 0.18520434557682358 0.3748773307163886 0.04655975168132437
10 0.0549558390578999 0.18572167615106053 0.005888125613346418 0.016554578375581996
10 0.04317958783120707 0.185980341438179 0.004906771344455349 0.01396792550439731
10 0.2477919528949951 0.19244697361614072 0.005888125613346418 0.014485256078634247
10 0.23994111874386653 0.19270563890325917 0.005888125613346418 0.01396792550439731
1 0.2809126594700687 0.20356958096223488 0.007360157016683023 0.01810657009829281
10 0.29735034347399414 0.20356958096223488 0.0068694798822374874 0.01810657009829281
10 0.2892541707556428 0.2040869115364718 0.005397448478900883 0.019141231246766685
10 0.11211972522080471 0.21753750646663217 0.006378802747791953 0.015002586652871184
1 0.9712953876349362 0.21883083290222452 0.01422963689892051 0.008277289187790998
10 0.1197252208047105 0.21934816347646147 0.0068694798822374874 0.016554578375581996
10 0.3366045142296369 0.22348680807035695 0.007850834151128557 0.012415933781686497
10 0.3439646712463199 0.22374547335747544 0.007850834151128557 0.015002586652871184
10 0.36040235525024533 0.22374547335747544 0.007360157016683023 0.015002586652871184
10 0.3508341511285574 0.2240041386445939 0.004906771344455349 0.013450594930160372
10 0.721540726202159 0.22503879979306776 0.007360157016683023 0.015519917227108122
10 0.7860647693817469 0.2255561303673047 0.005888125613346418 0.01758923952405587
10 0.7951422963689893 0.22581479565442317 0.009322865554465163 0.02017589239524056
10 0.352306182531894 0.23771339886187273 0.0068694798822374874 0.012933264355923435
10 0.3591756624141315 0.23771339886187273 0.007850834151128557 0.012933264355923435
10 0.37095191364082436 0.23952405587170203 0.005888125613346418 0.016554578375581996
10 0.3373405299313052 0.2397827211588205 0.007360157016683023 0.01396792550439731
10 0.3447006869479882 0.2397827211588205 0.007360157016683023 0.012933264355923435
10 0.37684003925417076 0.2405587170201759 0.007850834151128557 0.014485256078634247
10 0.21884200196270853 0.024831867563372995 0.013738959764474975 0.007242628039317123
10 0.72252208047105 0.24469736161407138 0.007360157016683023 0.014485256078634247
5 0.8756133464180569 0.25323331608898086 0.0760549558390579 0.19296430419037766
5 0.9521589793915604 0.2547853078116917 0.0534838076545633 0.05845835488877393
10 0.42149165848871445 0.2620279358510088 0.007850834151128557 0.01810657009829281
1 0.3231108930323847 0.2736678737713399 0.006378802747791953 0.016554578375581996
1 0.30912659470068693 0.2772891877909984 0.004906771344455349 0.011381272633212623
2 0.6501472031403337 0.2801345059493016 0.3699705593719333 0.0429384376616658
1 0.4359666339548577 0.2827211588204863 0.01422963689892051 0.007759958613554061
10 0.4560843964671246 0.28323848939472324 0.01422963689892051 0.007759958613554061
2 0.6037782139352306 0.02819451629591309 0.6040235525024534 0.0429384376616658
10 0.4570657507360157 0.2909984480082773 0.01619234543670265 0.006725297465080186
10 0.4570657507360157 0.29875840662183134 0.01521099116781158 0.005690636316606311
10 0.2929342492639843 0.030522503879979308 0.013738959764474975 0.007242628039317123
10 0.45878312070657506 0.30367304707708226 0.017664376840039256 0.0031039834454216243
2 0.1575073601570167 0.030263838592860838 0.1099116781157998 0.02431453698913606
10 0.45682041216879293 0.3091050181065701 0.014720314033366046 0.007759958613554061
10 0.49141315014720316 0.3122090015519917 0.01815505397448479 0.008794619762027936
10 0.4570657507360157 0.3173823072943611 0.01324828263002944 0.006725297465080186
10 0.7993130520117763 0.31789963786859804 0.0068694798822374874 0.01396792550439731
10 0.49141315014720316 0.32022762545266426 0.01422963689892051 0.006207966890843249
10 0.47203140333660454 0.3246249353336782 0.018645731108930325 0.006725297465080186
1 0.10525024533856722 0.3269529229177444 0.004416094210009814 0.013450594930160372
1 0.08169774288518156 0.3274702534919814 0.005397448478900883 0.013450594930160372
1 0.18032384690873404 0.3269529229177444 0.005397448478900883 0.012415933781686497
1 0.11506378802747792 0.3274702534919814 0.004416094210009814 0.012415933781686497
1 0.09347399411187439 0.3272115882048629 0.006378802747791953 0.01603724780134506
1 0.15480863591756625 0.3277289187790998 0.006378802747791953 0.010863942058975685
1 0.13297350343473993 0.3277289187790998 0.004906771344455349 0.012933264355923435
1 0.16535819430814525 0.3279875840662183 0.005888125613346418 0.012415933781686497
1 0.14254170755642787 0.3279875840662183 0.006378802747791953 0.012415933781686497
10 0.07409224730127575 0.3282462493533368 0.0068694798822374874 0.01189860320744956
1 0.19332679097154074 0.3331608898085877 0.012757605495583905 0.007242628039317123
10 0.471540726202159 0.33367822038282463 0.017664376840039256 0.007242628039317123
10 0.721540726202159 0.33523021210553544 0.007360157016683023 0.015519917227108122
1 0.7998037291462218 0.33626487325400933 0.007850834151128557 0.015519917227108122
10 0.09739941118743867 0.03362648732540093 0.005397448478900883 0.016554578375581996
1 0.09102060843964671 0.0338851526125194 0.006378802747791953 0.015002586652871184
1 0.19259077526987242 0.342731505431971 0.01422963689892051 0.006725297465080186
1 0.0775269872423945 0.35100879461976203 0.013738959764474975 0.005690636316606311
1 0.4479882237487733 0.35411277806518365 0.0068694798822374874 0.017071908949818936
1 0.07899901864573111 0.3600620796689084 0.014720314033366046 0.007242628039317123
1 0.9362119725220804 0.3649767201241593 0.0068694798822374874 0.01396792550439731
5 0.3682531894013739 0.36652871184687014 0.14573110893032384 0.15675116399379202
1 0.1943081452404318 0.36756337299534403 0.011776251226692836 0.0046559751681324365
2 0.6486751717369971 0.3750646663217796 0.36702649656526004 0.03621314019658562
10 0.19308145240431795 0.37558199689601657 0.01226692836113837 0.006207966890843249
1 0.07826300294406281 0.3784273150543197 0.01324828263002944 0.006725297465080186
1 0.19234543670264967 0.38618727366787375 0.013738959764474975 0.006725297465080186
5 0.061334641805691856 0.039058458354888775 0.045142296368989206 0.03776513191929643
1 0.07924435721295388 0.39032591826176927 0.01422963689892051 0.007759958613554061
10 0.4482335623159961 0.3942058975685463 0.006378802747791953 0.016554578375581996
1 0.07850834151128558 0.4024831867563373 0.013738959764474975 0.005173305742369374
1 0.19381746810598627 0.40274185204345575 0.011776251226692836 0.005690636316606311
1 0.19308145240431795 0.4128297982410761 0.01226692836113837 0.006207966890843249
1 0.07973503434739941 0.4151577858251423 0.01422963689892051 0.007759958613554061
10 0.9752208047105005 0.4174857734092085 0.007360157016683023 0.016554578375581996
10 0.781648675171737 0.4190377651319193 0.0068694798822374874 0.015519917227108122
1 0.19381746810598627 0.42343507501293326 0.010794896957801767 0.0046559751681324365
10 0.29317958783120707 0.042679772374547335 0.01422963689892051 0.007759958613554061
5 0.9104514229636899 0.42498706673564407 0.1182531894013739 0.10191412312467667
10 0.07777232580961727 0.4265390584583549 0.01324828263002944 0.006725297465080186
10 0.7212953876349362 0.4283497154681842 0.0068694798822374874 0.013450594930160372
1 0.1928361138370952 0.43507501293326434 0.012757605495583905 0.006207966890843249
1 0.07948969578017664 0.43688566994309364 0.014720314033366046 0.006725297465080186
1 0.176153091265947 0.44361096740817385 0.005888125613346418 0.01396792550439731
1 0.1543179587831207 0.4438696326952923 0.005397448478900883 0.013450594930160372
1 0.12340529931305201 0.4438696326952923 0.006378802747791953 0.014485256078634247
1 0.19406280667320902 0.4438696326952923 0.01226692836113837 0.005173305742369374
1 0.16511285574092247 0.44412829798241077 0.005397448478900883 0.012933264355923435
1 0.1454857703631011 0.44438696326952926 0.004416094210009814 0.013450594930160372
1 0.09690873405299313 0.4449042938437662 0.006378802747791953 0.014485256078634247
1 0.13567222767419038 0.4449042938437662 0.005397448478900883 0.015519917227108122
1 0.11064769381746811 0.44516295913088466 0.004416094210009814 0.012933264355923435
10 0.07850834151128558 0.4472322814278324 0.014720314033366046 0.006725297465080186
1 0.4028459273797841 0.45344024831867563 0.0068694798822374874 0.01603724780134506
1 0.37904808635917564 0.458613554061045 0.007360157016683023 0.01603724780134506
2 0.6496565260058881 0.4637868598034144 0.3748773307163886 0.03776513191929643
10 0.9744847890088322 0.47335747542679774 0.008832188420019628 0.015519917227108122
1 0.9685966633954858 0.491722710812209 0.004906771344455349 0.012933264355923435