1 0.9203703703703704 0.7082089552238806 0.008148148148148147 0.016417910447761194
2 0.9762962962962963 0.7179104477611941 0.035555555555555556 0.10895522388059702
1 0.92 0.7264925373134329 0.007407407407407408 0.015671641791044775
1 0.9333333333333333 0.7432835820895523 0.013333333333333334 0.022388059701492536
1 0.9188888888888889 0.7574626865671642 0.012592592592592593 0.016417910447761194
10 0.1111111111111111 0.7361940298507462 0.022222222222222223 0.009701492537313432
1 0.17777777777777778 0.7436567164179104 0.0962962962962963 0.04701492537313433
10 0.5137037037037037 0.7738805970149254 0.00962962962962963 0.020895522388059702
10 0.5003703703703704 0.7742537313432836 0.011111111111111112 0.018656716417910446
1 0.040740740740740744 0.01828358208955224 0.05037037037037037 0.03656716417910448
10 0.5577777777777778 0.7865671641791044 0.008888888888888889 0.019402985074626865
10 0.57 0.7869402985074627 0.008148148148148147 0.020149253731343283
1 0.38481481481481483 0.7832089552238806 0.018518518518518517 0.008208955223880597
12 0.42444444444444446 0.7899253731343283 0.022222222222222223 0.027611940298507463
1 0.5851851851851851 0.7958955223880597 0.011851851851851851 0.020149253731343283
1 0.6148148148148148 0.7973880597014925 0.01037037037037037 0.02164179104477612
10 0.1874074074074074 0.7850746268656716 0.01037037037037037 0.01791044776119403
10 0.27925925925925926 0.7888059701492537 0.022222222222222223 0.013432835820895522
10 0.4677777777777778 0.7962686567164179 0.017037037037037038 0.008955223880597015
1 0.48777777777777775 0.8007462686567164 0.011111111111111112 0.020895522388059702
1 0.5277777777777778 0.8048507462686567 0.014074074074074074 0.026119402985074626
10 0.47 0.8052238805970149 0.017037037037037038 0.008955223880597015
10 0.27555555555555555 0.8003731343283582 0.01925925925925926 0.009701492537313432
10 0.30814814814814817 0.8014925373134328 0.017777777777777778 0.010447761194029851
1 0.5414814814814815 0.8104477611940298 0.011851851851851851 0.01791044776119403
10 0.20407407407407407 0.019402985074626865 0.00962962962962963 0.01791044776119403
1 0.6862962962962963 0.823134328358209 0.07481481481481482 0.06865671641791045
2 0.051111111111111114 0.8022388059701493 0.05333333333333334 0.3238805970149254
1 0.4825925925925926 0.817910447761194 0.018518518518518517 0.011940298507462687
1 0.24851851851851853 0.8100746268656717 0.008148148148148147 0.015671641791044775
10 0.09 0.016791044776119403 0.008148148148148147 0.017164179104477612
10 0.3888888888888889 0.027611940298507463 0.017777777777777778 0.007462686567164179
12 0.18037037037037038 0.020895522388059702 0.018518518518518517 0.022388059701492536
1 0.3074074074074074 0.8287313432835821 0.016296296296296295 0.012686567164179104
1 0.6207407407407407 0.841044776119403 0.01037037037037037 0.022388059701492536
1 0.6503703703703704 0.8481343283582089 0.01925925925925926 0.012686567164179104
5 0.2740740740740741 0.8369402985074627 0.035555555555555556 0.05149253731343283
5 0.5848148148148148 0.85 0.052592592592592594 0.05373134328358209
10 0.8825925925925926 0.04813432835820895 0.008148148148148147 0.018656716417910446
10 0.15407407407407409 0.8425373134328358 0.01925925925925926 0.010447761194029851
1 0.6533333333333333 0.8611940298507462 0.023703703703703703 0.013432835820895522
1 0.47962962962962963 0.8623134328358208 0.018518518518518517 0.012686567164179104
10 0.5170370370370371 0.8675373134328358 0.016296296296296295 0.009701492537313432
1 0.6196296296296296 0.8720149253731343 0.011111111111111112 0.02164179104477612
10 0.14851851851851852 0.8567164179104477 0.025925925925925925 0.011940298507462687
1 0.7814814814814814 0.8865671641791045 0.07407407407407407 0.07164179104477612
10 0.4662962962962963 0.8768656716417911 0.017037037037037038 0.008955223880597015
10 0.5159259259259259 0.8798507462686567 0.017037037037037038 0.008955223880597015
10 0.30703703703703705 0.875 0.018518518518518517 0.009701492537313432
1 0.38074074074074077 0.8776119402985074 0.02074074074074074 0.011940298507462687
1 0.4840740740740741 0.8817164179104477 0.012592592592592593 0.02164179104477612
10 0.2644444444444444 0.8738805970149254 0.01925925925925926 0.008955223880597015
10 0.4648148148148148 0.8865671641791045 0.017037037037037038 0.008955223880597015
12 0.42444444444444446 0.8861940298507462 0.025185185185185185 0.029104477611940297
10 0.5140740740740741 0.8932835820895523 0.01925925925925926 0.008955223880597015
10 0.26481481481481484 0.8843283582089553 0.022962962962962963 0.010447761194029851
1 0.6955555555555556 0.9007462686567164 0.07111111111111111 0.07164179104477612
1 0.30592592592592593 0.8906716417910447 0.016296296296296295 0.009701492537313432
1 0.6081481481481481 0.9082089552238806 0.014814814814814815 0.022388059701492536
1 0.5666666666666667 0.9070895522388059 0.01037037037037037 0.023134328358208955
1 0.5796296296296296 0.9078358208955224 0.012592592592592593 0.023134328358208955
1 0.5518518518518518 0.9070895522388059 0.013333333333333334 0.023134328358208955
10 0.5366666666666666 0.9212686567164179 0.017037037037037038 0.009701492537313432
10 0.3440740740740741 0.03582089552238806 0.017037037037037038 0.007462686567164179
10 0.3648148148148148 0.03656716417910448 0.018518518518518517 0.008955223880597015
10 0.3251851851851852 0.9164179104477612 0.016296296296296295 0.008955223880597015
10 0.45740740740740743 0.9208955223880597 0.02 0.010447761194029851
10 0.3477777777777778 0.9167910447761194 0.017037037037037038 0.009701492537313432
1 0.4025925925925926 0.9227611940298508 0.006666666666666667 0.017164179104477612
12 0.3825925925925926 0.9246268656716418 0.027407407407407408 0.026865671641791045
2 0.85 0.9462686567164179 0.1711111111111111 0.034328358208955224
10 0.29185185185185186 0.9354477611940298 0.007407407407407408 0.017164179104477612
1 0.3048148148148148 0.9361940298507463 0.008148148148148147 0.017164179104477612
12 0.3225925925925926 0.9376865671641791 0.02148148148148148 0.026119402985074626
10 0.3837037037037037 0.9455223880597015 0.01925925925925926 0.007462686567164179
10 0.29703703703703704 0.9503731343283582 0.017777777777777778 0.008208955223880597
10 0.3811111111111111 0.9541044776119403 0.018518518518518517 0.009701492537313432
12 0.12481481481481481 0.05559701492537313 0.02 0.023134328358208955
1 0.6103703703703703 0.10783582089552239 0.06666666666666667 0.06791044776119402
10 0.857037037037037 0.14067164179104477 0.02074074074074074 0.009701492537313432
1 0.24703703703703703 0.13470149253731342 0.061481481481481484 0.07537313432835821
1 0.6622222222222223 0.17164179104477612 0.045925925925925926 0.05223880597014925
1 0.7262962962962963 0.1798507462686567 0.061481481481481484 0.05522388059701493
1 0.5433333333333333 0.1742537313432836 0.05851851851851852 0.06044776119402985
1 0.4874074074074074 0.17238805970149254 0.023703703703703703 0.056716417910447764
1 0.2874074074074074 0.19141791044776119 0.06814814814814815 0.06940298507462686
1 0.13962962962962963 0.19701492537313434 0.12666666666666668 0.06567164179104477
1 0.36407407407407405 0.20597014925373133 0.03185185185185185 0.058208955223880594
1 0.8248148148148148 0.28694029850746267 0.06 0.03805970149253731
1 0.8751851851851852 0.3041044776119403 0.04666666666666667 0.07537313432835821
10 0.5559259259259259 0.29328358208955224 0.008148148148148147 0.019402985074626865
1 0.15222222222222223 0.3074626865671642 0.05851851851851852 0.07761194029850746
10 0.34 0.31604477611940296 0.008888888888888889 0.017164179104477612
10 0.38851851851851854 0.3253731343283582 0.018518518518518517 0.010447761194029851
1 0.22962962962962963 0.3238805970149254 0.08888888888888889 0.034328358208955224
10 0.36814814814814817 0.3440298507462687 0.011851851851851851 0.019402985074626865
10 0.35444444444444445 0.3440298507462687 0.012592592592592593 0.01791044776119403
10 0.5066666666666667 0.3503731343283582 0.016296296296296295 0.008208955223880597
1 0.8607407407407407 0.36343283582089553 0.03259259259259259 0.016417910447761194
10 0.42148148148148146 0.3578358208955224 0.017777777777777778 0.011194029850746268
1 0.3225925925925926 0.367910447761194 0.00962962962962963 0.019402985074626865
2 0.9855555555555555 0.3977611940298508 0.027407407407407408 0.09104477611940298
10 0.4014814814814815 0.3843283582089552 0.01037037037037037 0.020895522388059702
10 0.36185185185185187 0.3835820895522388 0.014074074074074074 0.022388059701492536
10 0.5448148148148149 0.39291044776119405 0.017037037037037038 0.008208955223880597
1 0.8025925925925926 0.40261194029850744 0.05851851851851852 0.08283582089552238
10 0.33925925925925926 0.38992537313432835 0.017777777777777778 0.009701492537313432
10 0.2614814814814815 0.38731343283582087 0.01925925925925926 0.010447761194029851
2 0.06333333333333334 0.3888059701492537 0.06592592592592593 0.09701492537313433
10 0.32037037037037036 0.39850746268656717 0.008148148148148147 0.014925373134328358
10 0.26037037037037036 0.4007462686567164 0.018518518518518517 0.010447761194029851
10 0.39555555555555555 0.40559701492537314 0.02074074074074074 0.012686567164179104
10 0.4822222222222222 0.4141791044776119 0.005925925925925926 0.016417910447761194
10 0.4703703703703704 0.4141791044776119 0.008888888888888889 0.016417910447761194
10 0.5703703703703704 0.42014925373134326 0.014814814814814815 0.008955223880597015
1 0.9314814814814815 0.45223880597014926 0.051111111111111114 0.07164179104477612
10 0.4077777777777778 0.007462686567164179 0.012592592592592593 0.014925373134328358
10 0.18185185185185185 0.001119402985074627 0.018518518518518517 0.002238805970149254
12 0.3874074074074074 0.008582089552238806 0.023703703703703703 0.017164179104477612
12 0.36074074074074075 0.008582089552238806 0.022222222222222223 0.017164179104477612
1 0.9218518518518518 0.6776119402985075 0.008148148148148147 0.01791044776119403
1 0.9351851851851852 0.6932835820895522 0.00962962962962963 0.019402985074626865