1 0.8479776847977685 0.515274949083503 0.045327754532775454 0.0539714867617108
10 0.9313110181311018 0.5320773930753564 0.006276150627615063 0.016293279022403257
10 0.8971408647140865 0.5346232179226069 0.009762900976290097 0.009164969450101833
1 0.9567642956764296 0.534877800407332 0.006276150627615063 0.01883910386965377
5 0.943863319386332 0.535132382892057 0.01394700139470014 0.024439918533604887
10 0.8967921896792189 0.5458248472505092 0.011157601115760111 0.009164969450101833
2 0.01394700139470014 0.5476069246435845 0.012552301255230125 0.05244399185336049
1 0.8694211994421199 0.5756109979633401 0.04707112970711297 0.053462321792260695
10 0.9808228730822873 0.5944501018329938 0.02092050209205021 0.07077393075356415
1 0.6586471408647141 0.6115071283095723 0.1192468619246862 0.17209775967413443
1 0.7836471408647141 0.6112525458248472 0.1195955369595537 0.1664969450101833
1 0.8966178521617852 0.6115071283095723 0.029637377963737797 0.03767820773930754
2 0.01778242677824268 0.6311099796334012 0.016736401673640166 0.09928716904276985
10 0.8695955369595537 0.6535132382892057 0.007670850767085077 0.015784114052953158
10 0.5012203626220363 0.06568228105906314 0.013598326359832637 0.010183299389002037
1 0.969839609483961 0.660132382892057 0.02615062761506276 0.029022403258655804
10 0.6408647140864714 0.06619144602851323 0.09553695955369595 0.04786150712830957
5 0.8781380753138075 0.679735234215886 0.033821478382147836 0.024439918533604887
10 0.9694909344490934 0.6835539714867617 0.010808926080892609 0.009674134419551934
10 0.978905160390516 0.6866089613034623 0.005230125523012552 0.015784114052953158
1 0.46617852161785217 0.6917006109979633 0.019525801952580194 0.029022403258655804
1 0.2988145048814505 0.6980651731160896 0.024407252440725245 0.035641547861507125
10 0.17172245467224548 0.699847250509165 0.04776847977684798 0.01883910386965377
1 0.22594142259414227 0.7011201629327902 0.022315202231520222 0.03767820773930754
1 0.40655509065550904 0.7016293279022403 0.021617852161785217 0.035641547861507125
1 0.27266387726638774 0.7016293279022403 0.02092050209205021 0.035641547861507125
1 0.4374128312412831 0.7031568228105907 0.02894002789400279 0.031568228105906315
10 0.17276847977684798 0.7153767820773931 0.04776847977684798 0.020366598778004074
1 0.5 0.7230142566191446 0.00697350069735007 0.017311608961303463
1 0.5186541143654114 0.7433808553971487 0.03172942817294282 0.05091649694501019
5 0.3819735006973501 0.7466904276985743 0.027545327754532774 0.04226069246435845
1 0.40690376569037656 0.7484725050916496 0.020223152022315203 0.04073319755600815
10 0.5010460251046025 0.07764765784114053 0.013249651324965132 0.009674134419551934
10 0.48465829846582986 0.7808044806517311 0.006276150627615063 0.017820773930753563
10 0.4689679218967922 0.7818228105906314 0.006276150627615063 0.017820773930753563
12 0.5446304044630405 0.07866598778004073 0.05160390516039052 0.04735234215885947
2 0.19525801952580196 0.079938900203666 0.18898186889818688 0.08757637474541752
2 0.805439330543933 0.08172097759674135 0.18828451882845187 0.0829938900203666
10 0.7470362622036262 0.8294297352342159 0.005927475592747559 0.015274949083503055
10 0.6548117154811716 0.8322301425661914 0.0048814504881450485 0.015784114052953158
10 0.6281380753138075 0.8332484725050916 0.006624825662482566 0.015784114052953158
10 0.7376220362622036 0.8342668024439919 0.010111576011157601 0.008655804480651732
1 0.6422594142259415 0.8355397148676171 0.014644351464435146 0.013238289205702648
1 0.3521617852161785 0.08426680244399186 0.028591352859135284 0.04837067209775967
1 0.9497907949790795 0.8434317718940937 0.04184100418410042 0.06364562118126273
5 0.16963040446304045 0.8436863543788188 0.020571827057182707 0.034623217922606926
1 0.7505230125523012 0.8441955193482689 0.010808926080892609 0.009164969450101833
1 0.15289400278940027 0.8439409368635438 0.004532775453277545 0.01680244399185336
5 0.20066248256624825 0.844704684317719 0.0198744769874477 0.038696537678207736
10 0.6921199442119944 0.844959266802444 0.007670850767085077 0.01680244399185336
1 0.18444909344490934 0.844959266802444 0.006276150627615063 0.017820773930753563
10 0.9198047419804742 0.8533604887983707 0.013249651324965132 0.07230142566191446
5 0.32566248256624825 0.08579429735234216 0.019525801952580194 0.04633401221995927
1 0.754881450488145 0.8609979633401222 0.007670850767085077 0.019348268839103868
1 0.06119246861924686 0.08706720977596741 0.029637377963737797 0.035641547861507125
1 0.6933403068340307 0.8729633401221996 0.028242677824267783 0.03207739307535642
10 0.7679567642956764 0.8732179226069247 0.010808926080892609 0.010183299389002037
1 0.30299860529986056 0.08783095723014257 0.02301255230125523 0.04226069246435845
1 0.5566596931659693 0.8828920570264766 0.02894002789400279 0.051934826883910386
1 0.5862970711297071 0.8844195519348269 0.021269177126917713 0.05091649694501019
1 0.6828800557880056 0.904786150712831 0.005927475592747559 0.017311608961303463
1 0.7421548117154811 0.905040733197556 0.022663877266387727 0.04226069246435845
1 0.7262900976290098 0.9073319755600815 0.00697350069735007 0.018329938900203666
5 0.703626220362622 0.9190427698574338 0.03417015341701534 0.0560081466395112
2 0.5550906555090656 0.9465376782077393 0.05718270571827057 0.0539714867617108
2 0.8204323570432357 0.9470468431771895 0.12761506276150628 0.04480651731160896
2 0.04776847977684798 0.9585030549898167 0.06485355648535565 0.06364562118126273
10 0.6907252440725244 0.9585030549898167 0.009762900976290097 0.008655804480651732
10 0.7097280334728033 0.9613034623217923 0.007322175732217573 0.014256619144602852
2 0.16928172942817293 0.9681771894093686 0.09309623430962342 0.03513238289205703
1 0.9170153417015342 0.10412423625254583 0.028591352859135284 0.03207739307535642
1 0.05317294281729428 0.11379837067209776 0.01290097629009763 0.007637474541751527
10 0.49982566248256627 0.11558044806517312 0.014295676429567642 0.01120162932790224
10 0.6426080892608089 0.11965376782077393 0.09065550906555091 0.04684317718940937
1 0.09152719665271966 0.12194501018329938 0.010808926080892609 0.008655804480651732
10 0.022663877266387727 0.1239816700610998 0.012552301255230125 0.007637474541751527
10 0.06781729428172943 0.1260183299389002 0.005230125523012552 0.01374745417515275
10 0.5001743375174338 0.1265274949083503 0.01290097629009763 0.008655804480651732
10 0.07566248256624826 0.13212830957230143 0.006276150627615063 0.017820773930753563
5 0.047594142259414225 0.13569246435845214 0.019177126917712693 0.02494908350305499
12 0.544281729428173 0.13569246435845214 0.04741980474198047 0.050407331975560084
1 0.3410041841004184 0.14052953156822812 0.024407252440725245 0.04480651731160896
10 0.0249302649930265 0.14205702647657842 0.012203626220362623 0.008146639511201629
1 0.9565899581589958 0.14587576374745417 0.00801952580195258 0.01680244399185336
1 0.06851464435146444 0.14663951120162932 0.005230125523012552 0.015274949083503055
10 0.8920850767085077 0.14714867617107943 0.009414225941422594 0.008146639511201629
5 0.9440376569037657 0.14765784114052954 0.015690376569037656 0.02240325865580448
10 0.9288702928870293 0.14765784114052954 0.006276150627615063 0.015274949083503055
10 0.20937935843793584 0.1494399185336049 0.011506276150627616 0.009674134419551934
10 0.2822524407252441 0.15325865580448064 0.005230125523012552 0.016293279022403257
5 0.1047768479776848 0.15656822810590632 0.029637377963737797 0.05855397148676171
5 0.31049511854951184 0.16318737270875763 0.033821478382147836 0.04837067209775967
10 0.06711994421199442 0.1634419551934827 0.005230125523012552 0.014256619144602852
10 0.1691073919107392 0.1659877800407332 0.011854951185495118 0.04480651731160896
10 0.02214086471408647 0.1675152749490835 0.005927475592747559 0.016293279022403257
1 0.3962691771269177 0.16776985743380857 0.012203626220362623 0.008655804480651732
10 0.7805090655509066 0.16827902240325865 0.012203626220362623 0.04735234215885947
5 0.21042538354253834 0.1690427698574338 0.025453277545327755 0.021384928716904276
1 0.8131101813110181 0.1690427698574338 0.043933054393305436 0.06720977596741344
5 0.048291492329149234 0.1710794297352342 0.021269177126917713 0.025458248472505093
10 0.0754881450488145 0.1710794297352342 0.005230125523012552 0.014256619144602852
1 0.8615760111576011 0.17133401221995925 0.042538354253835425 0.06975560081466395
10 0.2789400278940028 0.17133401221995925 0.010460251046025104 0.008655804480651732
1 0.19124825662482567 0.17286150712830958 0.0038354253835425384 0.014765784114052953
10 0.18427475592747558 0.17311608961303462 0.005927475592747559 0.016293279022403257
1 0.33403068340306835 0.1774439918533605 0.0041841004184100415 0.01374745417515275
10 0.5029637377963738 0.18584521384928718 0.011506276150627616 0.012219959266802444
10 0.35861227336122736 0.19424643584521384 0.007322175732217573 0.01680244399185336
10 0.2135634588563459 0.19577393075356417 0.01290097629009763 0.007637474541751527
1 0.4198047419804742 0.19628309572301425 0.02301255230125523 0.043279022403258656
5 0.3865062761506276 0.19679226069246436 0.033821478382147836 0.04735234215885947
10 0.028591352859135284 0.1990835030549898 0.005578800557880056 0.017311608961303463
1 0.6915969316596932 0.20010183299389003 0.02405857740585774 0.04276985743380855
12 0.544281729428173 0.20137474541751527 0.05299860529986053 0.04837067209775967
10 0.019177126917712693 0.20188391038696538 0.010460251046025104 0.006619144602851324
5 0.6666666666666666 0.20315682281059064 0.020223152022315203 0.04480651731160896
10 0.12046722454672246 0.2054480651731161 0.006624825662482566 0.015784114052953158
10 0.12918410041841005 0.20672097759674135 0.005927475592747559 0.015274949083503055
1 0.6387726638772664 0.20875763747454176 0.030683403068340307 0.035641547861507125
10 0.018654114365411437 0.21028513238289206 0.011506276150627616 0.008146639511201629
5 0.08124128312412832 0.21308553971486763 0.019525801952580194 0.01374745417515275
10 0.9712343096234309 0.21384928716904278 0.016387726638772665 0.07637474541751528
1 0.06433054393305439 0.22530549898167007 0.006624825662482566 0.01680244399185336
5 0.037482566248256625 0.2303971486761711 0.0198744769874477 0.03818737270875764
1 0.8678521617852162 0.23421588594704684 0.03207810320781032 0.034623217922606926
1 0.020571827057182707 0.2494908350305499 0.006276150627615063 0.017311608961303463
5 0.7465132496513249 0.2522912423625255 0.01882845188284519 0.057535641547861505
10 0.8584379358437936 0.25814663951120165 0.006276150627615063 0.019348268839103868
1 0.7203626220362622 0.2594195519348269 0.027196652719665274 0.03513238289205703
1 0.6234309623430963 0.2655295315682281 0.029288702928870293 0.03309572301425662
1 0.8063110181311018 0.2670570264765784 0.033821478382147836 0.04429735234215886
1 0.7735355648535565 0.2731670061099796 0.030334728033472803 0.056517311608961306
1 0.9618200836820083 0.2843686354378819 0.024755927475592746 0.04735234215885947
1 0.8957461645746164 0.28716904276985744 0.00697350069735007 0.019348268839103868
5 0.8709902370990237 0.28869653767820774 0.03695955369595537 0.025458248472505093
12 0.09013249651324966 0.28971486761710796 0.027545327754532774 0.04989816700610998
10 0.8338563458856346 0.29709775967413443 0.011506276150627616 0.07484725050916496
5 0.6199442119944212 0.2973523421588595 0.03765690376569038 0.029531568228105907
10 0.975418410041841 0.30117107942973526 0.007322175732217573 0.015784114052953158
1 0.7491283124128313 0.30269857433808556 0.006624825662482566 0.01985743380855397
10 0.7567991631799164 0.3034623217922607 0.00801952580195258 0.017311608961303463
1 0.7407601115760112 0.3039714867617108 0.005230125523012552 0.016293279022403257
1 0.7276847977684798 0.31084521384928715 0.008368200836820083 0.022912423625254582
10 0.7618549511854951 0.3179735234215886 0.010460251046025104 0.008655804480651732
10 0.7160041841004184 0.3235743380855397 0.012203626220362623 0.03513238289205703
1 0.6122733612273361 0.3314663951120163 0.027196652719665274 0.034623217922606926
10 0.75697350069735 0.3329938900203666 0.0041841004184100415 0.015274949083503055
10 0.8964435146443515 0.3373217922606925 0.011157601115760111 0.009674134419551934
10 0.9330543933054394 0.3388492871690428 0.005578800557880056 0.01680244399185336
1 0.9579846582984658 0.3403767820773931 0.005927475592747559 0.01883910386965377
5 0.9461297071129707 0.34088594704684316 0.01708507670850767 0.023930753564154784
12 0.09658298465829847 0.34317718940936864 0.029288702928870293 0.04378818737270876
1 0.766213389121339 0.34928716904276985 0.007322175732217573 0.016293279022403257
1 0.7595885634588564 0.3490325865580448 0.006624825662482566 0.01883910386965377
10 0.8964435146443515 0.35030549898167007 0.009762900976290097 0.008146639511201629
1 0.8652370990237099 0.355142566191446 0.03940027894002789 0.0554989816700611
1 0.8171199442119944 0.35921588594704684 0.04637377963737797 0.06160896130346232
1 0.6827057182705718 0.36608961303462323 0.0299860529986053 0.05091649694501019
5 0.7404114365411436 0.37372708757637474 0.032426778242677826 0.06720977596741344
10 0.9808228730822873 0.4088594704684318 0.017433751743375175 0.07841140529531568
1 0.87360529986053 0.41140529531568226 0.033821478382147836 0.0539714867617108
12 0.05735704323570432 0.430244399185336 0.03730822873082287 0.04175152749490835
12 0.0943165969316597 0.4325356415478615 0.035913528591352856 0.04837067209775967
1 0.7203626220362622 0.4516293279022403 0.08368200836820083 0.06517311608961303
10 0.8711645746164575 0.460030549898167 0.005927475592747559 0.014765784114052953
10 0.08089260808926081 0.4630855397148676 0.05090655509065551 0.02189409368635438
1 0.9708856345885635 0.47275967413441955 0.024755927475592746 0.04226069246435845
10 0.8132845188284519 0.47377800407331977 0.010808926080892609 0.06466395112016293
1 0.905160390516039 0.4814154786150713 0.006276150627615063 0.015784114052953158
5 0.8842398884239888 0.48268839103869654 0.03486750348675035 0.024439918533604887
10 0.08124128312412832 0.4831975560081466 0.05439330543933055 0.015274949083503055