1 0.5088845014807503 0.24528301886792453 0.007897334649555774 0.05660377358490566
1 0.573050345508391 0.375 0.003948667324777887 0.05188679245283019
1 0.547137216189536 0.44339622641509435 0.011352418558736426 0.0660377358490566
1 0.7314906219151036 0.11556603773584906 0.009871668311944718 0.05188679245283019
10 0.5422013820335637 0.4882075471698113 0.006416584402764067 0.04245283018867924
1 0.7549358341559723 0.09433962264150944 0.009378084896347482 0.05660377358490566
1 0.8008390918065152 0.02830188679245283 0.004442250740375123 0.05660377358490566
1 0.7904738400789734 0.04481132075471698 0.004442250740375123 0.06132075471698113
1 0.5431885488647581 0.5283018867924528 0.006416584402764067 0.03773584905660377
1 0.7472852912142152 0.15330188679245282 0.003948667324777887 0.06132075471698113
1 0.5584896347482725 0.5094339622641509 0.0034550839091806516 0.018867924528301886
1 0.7559230009871668 0.14386792452830188 0.011352418558736426 0.06132075471698113
1 0.5592300098716683 0.5448113207547169 0.004935834155972359 0.0330188679245283
1 0.7892398815399803 0.11556603773584906 0.0029615004935834156 0.04245283018867924
1 0.8139190523198421 0.08490566037735849 0.003948667324777887 0.02830188679245283
1 0.6779368213228035 0.3490566037735849 0.005429417571569595 0.03773584905660377
1 0.7571569595261599 0.21226415094339623 0.01085883514313919 0.05660377358490566
1 0.5570088845014808 0.5943396226415094 0.005429417571569595 0.03773584905660377
1 0.8149062191510366 0.11320754716981132 0.003948667324777887 0.02830188679245283
1 0.8200888450148075 0.10377358490566038 0.006416584402764067 0.02830188679245283
1 0.7342053307008884 0.2759433962264151 0.010365251727541954 0.06132075471698113
1 0.7448173741362291 0.2806603773584906 0.005923000987166831 0.04245283018867924
1 0.5915597235932872 0.5660377358490566 0.004442250740375123 0.02830188679245283
1 0.7581441263573544 0.2641509433962264 0.01085883514313919 0.0660377358490566
1 0.7388943731490621 0.3443396226415094 0.005923000987166831 0.08490566037735849
1 0.7324777887462981 0.3584905660377358 0.006910167818361303 0.09433962264150944
1 0.8067620927936822 0.22877358490566038 0.004442250740375123 0.02358490566037736
1 0.672507403751234 0.5023584905660378 0.005429417571569595 0.06132075471698113
1 0.8072556762092794 0.25471698113207547 0.004442250740375123 0.02830188679245283
1 0.5752714708785784 0.6910377358490566 0.0024679170779861796 0.04245283018867924
1 0.573050345508391 0.6957547169811321 0.0029615004935834156 0.04245283018867924
1 0.7448173741362291 0.39858490566037735 0.004935834155972359 0.06132075471698113
1 0.7576505429417572 0.38207547169811323 0.006910167818361303 0.03773584905660377
1 0.8205824284304047 0.29009433962264153 0.006416584402764067 0.09905660377358491
1 0.7591312931885489 0.41745283018867924 0.006910167818361303 0.0330188679245283
1 0.815893385982231 0.3113207547169811 0.004935834155972359 0.07547169811320754
1 0.7455577492596249 0.4481132075471698 0.006416584402764067 0.03773584905660377
1 0.8953603158933859 0.18160377358490565 0.003948667324777887 0.05188679245283019
1 0.8432872655478776 0.2830188679245283 0.006416584402764067 0.09433962264150944
1 0.8482230997038499 0.27122641509433965 0.006416584402764067 0.09905660377358491
1 0.8531589338598223 0.2806603773584906 0.005429417571569595 0.07075471698113207
1 0.0728035538005923 0.9764150943396226 0.0024679170779861796 0.03773584905660377
1 0.2724580454096742 0.6132075471698113 0.0019743336623889436 0.03773584905660377
1 0.14955577492596248 0.839622641509434 0.0029615004935834156 0.04716981132075472
1 0.13993089832181638 0.8561320754716981 0.004442250740375123 0.02358490566037736
1 0.5572556762092794 0.08726415094339622 0.003948667324777887 0.05188679245283019
1 0.27566633761105624 0.6084905660377359 0.0024679170779861796 0.03773584905660377
1 0.15227048371174728 0.8419811320754716 0.0024679170779861796 0.04245283018867924
1 0.39659427443237905 0.38443396226415094 0.0024679170779861796 0.04245283018867924
1 0.39906219151036526 0.37971698113207547 0.0024679170779861796 0.04245283018867924
1 0.3872161895360316 0.4080188679245283 0.005429417571569595 0.0330188679245283
1 0.26999012833168806 0.6297169811320755 0.003948667324777887 0.08962264150943396
10 0.28603158933859824 0.6202830188679245 0.004442250740375123 0.02358490566037736
1 0.1416584402764067 0.8962264150943396 0.007897334649555774 0.05660377358490566
1 0.38869693978282327 0.44339622641509435 0.00839091806515301 0.05660377358490566
1 0.16386969397828233 0.8679245283018868 0.0029615004935834156 0.03773584905660377
10 0.28627838104639686 0.6415094339622641 0.003948667324777887 0.018867924528301886