2 0.9469246031746031 0.3265864332603939 0.08035714285714286 0.14770240700218817
2 0.31547619047619047 0.04649890590809628 0.07341269841269842 0.09299781181619256
2 0.7718253968253969 0.2412472647702407 0.0744047619047619 0.1586433260393873
10 0.7321428571428571 0.23851203501094093 0.006944444444444444 0.024070021881838075
10 0.736359126984127 0.24234135667396062 0.00744047619047619 0.022975929978118162
10 0.8058035714285714 0.28665207877461707 0.006448412698412698 0.02188183807439825
10 0.8095238095238095 0.29048140043763676 0.005952380952380952 0.02516411378555799
10 0.8033234126984127 0.3063457330415755 0.006448412698412698 0.0175054704595186
10 0.8087797619047619 0.3085339168490153 0.005456349206349206 0.0175054704595186
10 0.7157738095238095 0.2647702407002188 0.008928571428571428 0.015317286652078774
10 0.6989087301587301 0.25601750547045954 0.00992063492063492 0.015317286652078774
10 0.6884920634920635 0.24945295404814005 0.007936507936507936 0.015317286652078774
10 0.6785714285714286 0.24726477024070023 0.008928571428571428 0.01312910284463895
10 0.8931051587301587 0.3676148796498906 0.005456349206349206 0.0175054704595186
10 0.8876488095238095 0.3665207877461707 0.005456349206349206 0.019693654266958426
10 0.6540178571428571 0.23851203501094093 0.006448412698412698 0.02188183807439825
1 0.6488095238095238 0.237417943107221 0.005952380952380952 0.02188183807439825
10 0.8797123015873016 0.36542669584245074 0.010416666666666666 0.0175054704595186
10 0.8010912698412699 0.3227571115973742 0.00496031746031746 0.0175054704595186
10 0.7075892857142857 0.2713347921225383 0.00744047619047619 0.010940919037199124
10 0.6879960317460317 0.263129102844639 0.00992063492063492 0.014223194748358862
10 0.6989087301587301 0.2685995623632385 0.008928571428571428 0.016411378555798686
10 0.7767857142857143 0.31291028446389496 0.008928571428571428 0.01312910284463895
10 0.8060515873015873 0.3293216630196937 0.005952380952380952 0.0175054704595186
10 0.6760912698412699 0.25820568927789933 0.00992063492063492 0.015317286652078774
1 0.814484126984127 0.33424507658643327 0.008928571428571428 0.012035010940919038
10 0.8608630952380952 0.3588621444201313 0.00744047619047619 0.019693654266958426
10 0.8653273809523809 0.362691466083151 0.006448412698412698 0.018599562363238512
10 0.6686507936507936 0.25437636761487964 0.006944444444444444 0.014223194748358862
10 0.7934027777777778 0.3238512035010941 0.00744047619047619 0.010940919037199124
10 0.6617063492063492 0.2527352297592998 0.00992063492063492 0.0175054704595186
10 0.7053571428571429 0.28227571115973743 0.005952380952380952 0.01312910284463895
10 0.6865079365079365 0.2735229759299781 0.00992063492063492 0.01312910284463895
1 0.8249007936507936 0.34956236323851203 0.013888888888888888 0.038293216630196934
1 0.8373015873015873 0.36050328227571116 0.006944444444444444 0.020787746170678335
5 0.7261904761904762 0.3014223194748359 0.03373015873015873 0.05579868708971553
1 0.6989087301587301 0.2855579868708972 0.006944444444444444 0.02188183807439825
1 0.6937003968253969 0.2833698030634573 0.00744047619047619 0.019693654266958426
10 0.705109126984127 0.2926695842450766 0.00744047619047619 0.009846827133479213
1 0.6572420634920635 0.2713347921225383 0.010912698412698412 0.0175054704595186
10 0.5193452380952381 0.20076586433260393 0.00992063492063492 0.009846827133479213
10 0.5104166666666666 0.19693654266958424 0.006944444444444444 0.010940919037199124
10 0.5002480158730159 0.19146608315098468 0.009424603174603174 0.01312910284463895
10 0.49007936507936506 0.18654266958424506 0.007936507936507936 0.012035010940919038
1 0.7043650793650794 0.3041575492341357 0.00992063492063492 0.01312910284463895
10 0.5275297619047619 0.2089715536105033 0.010416666666666666 0.01312910284463895
5 0.8010912698412699 0.3588621444201313 0.03273809523809524 0.05689277899343545
10 0.4809027777777778 0.18271334792122537 0.009424603174603174 0.0175054704595186
10 0.45287698412698413 0.16849015317286653 0.008928571428571428 0.015317286652078774
10 0.46205357142857145 0.17341356673960612 0.010416666666666666 0.014223194748358862
10 0.47098214285714285 0.17943107221006566 0.008432539682539682 0.01312910284463895
1 0.8715277777777778 0.399890590809628 0.016865079365079364 0.02735229759299781
1 0.38665674603174605 0.1351203501094092 0.01240079365079365 0.016411378555798686
1 0.40947420634920634 0.14934354485776805 0.014384920634920634 0.018599562363238512
1 0.43725198412698413 0.1652078774617068 0.015376984126984126 0.024070021881838075
10 0.5481150793650794 0.22811816192560175 0.008928571428571428 0.014223194748358862
10 0.5178571428571429 0.21334792122538293 0.007936507936507936 0.010940919037199124
10 0.5270337301587301 0.21827133479212255 0.008432539682539682 0.012035010940919038
10 0.5084325396825397 0.20787746170678337 0.007936507936507936 0.010940919037199124
10 0.49950396825396826 0.20459518599562362 0.008928571428571428 0.01312910284463895
10 0.5545634920634921 0.23468271334792123 0.005952380952380952 0.018599562363238512
10 0.9900793650793651 0.47428884026258206 0.005952380952380952 0.018599562363238512
10 0.9947916666666666 0.4775711159737418 0.006448412698412698 0.022975929978118162
10 0.4521329365079365 0.17943107221006566 0.009424603174603174 0.015317286652078774
10 0.47941468253968256 0.19420131291028447 0.009424603174603174 0.014223194748358862
1 0.46999007936507936 0.1898249452954048 0.009424603174603174 0.014223194748358862
10 0.2435515873015873 0.06564551422319474 0.012896825396825396 0.019693654266958426
10 0.28943452380952384 0.09080962800875274 0.006448412698412698 0.019693654266958426
1 0.421875 0.16575492341356673 0.009424603174603174 0.012035010940919038
10 0.4915674603174603 0.2051422319474836 0.005952380952380952 0.018599562363238512
1 0.6438492063492064 0.2882932166301969 0.007936507936507936 0.022975929978118162
1 0.48660714285714285 0.20350109409190373 0.005952380952380952 0.019693654266958426
1 0.6530257936507936 0.2948577680525164 0.00744047619047619 0.02516411378555799
10 0.546875 0.23905908096280087 0.00744047619047619 0.012035010940919038
10 0.5069444444444444 0.2188183807439825 0.00992063492063492 0.01312910284463895
1 0.5704365079365079 0.25547045951859954 0.0248015873015873 0.04923413566739606
1 0.24206349206349206 0.07494529540481401 0.011904761904761904 0.016411378555798686
10 0.4781746031746032 0.2062363238512035 0.008928571428571428 0.012035010940919038
10 0.19122023809523808 0.049781181619256015 0.011408730158730158 0.018599562363238512
1 0.43080357142857145 0.18161925601750548 0.009424603174603174 0.01312910284463895
10 0.44146825396825395 0.18708971553610504 0.008928571428571428 0.01312910284463895
10 0.4211309523809524 0.1761487964989059 0.00992063492063492 0.01312910284463895
12 0.3960813492063492 0.162472647702407 0.01240079365079365 0.018599562363238512
12 0.40922619047619047 0.1701312910284464 0.013888888888888888 0.018599562363238512
1 0.8648313492063492 0.4206783369803063 0.010416666666666666 0.014223194748358862
1 0.5138888888888888 0.22975929978118162 0.007936507936507936 0.024070021881838075
1 0.3841765873015873 0.15919037199124728 0.011408730158730158 0.014223194748358862
1 0.49503968253968256 0.22045951859956237 0.005952380952380952 0.018599562363238512
10 0.5223214285714286 0.23522975929978118 0.007936507936507936 0.019693654266958426
10 0.49950396825396826 0.22428884026258206 0.00496031746031746 0.0175054704595186
12 0.5317460317460317 0.24179431072210067 0.011904761904761904 0.015317286652078774
10 0.5530753968253969 0.25437636761487964 0.005952380952380952 0.018599562363238512
1 0.19047619047619047 0.05579868708971553 0.008928571428571428 0.010940919037199124
1 0.808531746031746 0.3966083150984683 0.011904761904761904 0.014223194748358862
1 0.4774305555555556 0.2149890590809628 0.010416666666666666 0.014223194748358862
10 0.4871031746031746 0.2210065645514223 0.008928571428571428 0.015317286652078774
10 0.20758928571428573 0.06892778993435449 0.010416666666666666 0.015317286652078774
10 0.4399801587301587 0.1963894967177243 0.007936507936507936 0.012035010940919038
10 0.42931547619047616 0.19146608315098468 0.010416666666666666 0.01312910284463895
10 0.41964285714285715 0.18654266958424506 0.00992063492063492 0.014223194748358862
12 0.5443948412698413 0.25820568927789933 0.010416666666666666 0.028446389496717725
10 0.9360119047619048 0.4786652078774617 0.00992063492063492 0.014223194748358862
10 0.18898809523809523 0.06783369803063458 0.00992063492063492 0.0175054704595186
1 0.9193948412698413 0.4688183807439825 0.006448412698412698 0.020787746170678335
10 0.9285714285714286 0.4759299781181619 0.006944444444444444 0.02188183807439825
5 0.8373015873015873 0.425054704595186 0.051587301587301584 0.11269146608315099
10 0.5188492063492064 0.25 0.00992063492063492 0.016411378555798686
10 0.5530753968253969 0.2702407002188184 0.008928571428571428 0.010940919037199124
10 0.43898809523809523 0.2089715536105033 0.008928571428571428 0.015317286652078774
10 0.40228174603174605 0.18927789934354486 0.00992063492063492 0.015317286652078774
10 0.3923611111111111 0.18654266958424506 0.00992063492063492 0.016411378555798686
10 0.732390873015873 0.3796498905908096 0.008432539682539682 0.01312910284463895
10 0.7415674603174603 0.3851203501094092 0.007936507936507936 0.010940919037199124
10 0.7234623015873016 0.37472647702407 0.009424603174603174 0.012035010940919038
10 0.43700396825396826 0.21936542669584244 0.00992063492063492 0.014223194748358862
10 0.7502480158730159 0.39223194748358864 0.006448412698412698 0.018599562363238512
5 0.4573412698412698 0.23085339168490154 0.027777777777777776 0.07221006564551423
10 0.7408234126984127 0.39606126914660833 0.009424603174603174 0.015317286652078774
10 0.7311507936507936 0.39223194748358864 0.007936507936507936 0.009846827133479213
10 0.722718253968254 0.38785557986870894 0.00992063492063492 0.012035010940919038
10 0.4365079365079365 0.2314004376367615 0.007936507936507936 0.012035010940919038
10 0.8097718253968254 0.43708971553610504 0.010416666666666666 0.016411378555798686
10 0.705109126984127 0.3851203501094092 0.005456349206349206 0.02188183807439825
10 0.6954365079365079 0.38074398249452956 0.005952380952380952 0.0175054704595186
10 0.7100694444444444 0.39059080962800874 0.005456349206349206 0.0175054704595186
10 0.7001488095238095 0.3851203501094092 0.006448412698412698 0.02188183807439825
10 0.7663690476190477 0.4206783369803063 0.008928571428571428 0.014223194748358862
10 0.6907242063492064 0.3796498905908096 0.005456349206349206 0.0175054704595186
10 0.7142857142857143 0.3927789934354486 0.00496031746031746 0.0175054704595186
10 0.6470734126984127 0.35667396061269147 0.006448412698412698 0.0175054704595186
10 0.7532242063492064 0.4152078774617068 0.005456349206349206 0.018599562363238512
10 0.6654265873015873 0.3687089715536105 0.006448412698412698 0.0175054704595186
10 0.6577380952380952 0.36433260393873085 0.008928571428571428 0.01312910284463895
10 0.9052579365079365 0.5021881838074398 0.008928571428571428 0.01312910284463895
10 0.7279265873015873 0.4048140043763676 0.006448412698412698 0.0175054704595186
10 0.43526785714285715 0.2439824945295405 0.008432539682539682 0.01312910284463895
10 0.7313988095238095 0.40809628008752735 0.005456349206349206 0.015317286652078774
10 0.7185019841269841 0.40043763676148797 0.005456349206349206 0.015317286652078774
10 0.7371031746031746 0.41083150984682715 0.006944444444444444 0.016411378555798686
10 0.7224702380952381 0.4037199124726477 0.005456349206349206 0.0175054704595186
10 0.6691468253968254 0.37910284463894967 0.005952380952380952 0.018599562363238512
5 0.9203869047619048 0.5175054704595186 0.024305555555555556 0.0700218818380744
10 0.7658730158730159 0.4349015317286652 0.007936507936507936 0.012035010940919038
10 0.6733630952380952 0.38457330415754926 0.006448412698412698 0.018599562363238512
10 0.9035218253968254 0.512582056892779 0.010416666666666666 0.014223194748358862
5 0.7867063492063492 0.44803063457330417 0.02976190476190476 0.06455142231947483
10 0.6840277777777778 0.39223194748358864 0.00496031746031746 0.016411378555798686
10 0.6783234126984127 0.3889496717724289 0.005456349206349206 0.014223194748358862
10 0.43452380952380953 0.25601750547045954 0.008928571428571428 0.01312910284463895
1 0.652281746031746 0.3774617067833698 0.007936507936507936 0.019693654266958426
10 0.8650793650793651 0.49671772428884026 0.008928571428571428 0.015317286652078774
10 0.8559027777777778 0.4923413566739606 0.009424603174603174 0.015317286652078774
1 0.6934523809523809 0.4020787746170678 0.005952380952380952 0.018599562363238512
10 0.8102678571428571 0.4682713347921225 0.005456349206349206 0.0175054704595186
1 0.6884920634920635 0.40153172866520787 0.006944444444444444 0.02188183807439825
1 0.6974206349206349 0.40536105032822756 0.005952380952380952 0.020787746170678335
1 0.7073412698412699 0.4113785557986871 0.00496031746031746 0.0175054704595186
1 0.6587301587301587 0.3851203501094092 0.005952380952380952 0.019693654266958426
10 0.8050595238095238 0.4655361050328228 0.005952380952380952 0.018599562363238512
1 0.7115575396825397 0.4152078774617068 0.006448412698412698 0.020787746170678335
1 0.7023809523809523 0.4102844638949672 0.00496031746031746 0.0175054704595186
1 0.8266369047619048 0.4786652078774617 0.006448412698412698 0.022975929978118162
10 0.8147321428571429 0.47428884026258206 0.006448412698412698 0.020787746170678335
10 0.8204365079365079 0.4764770240700219 0.005952380952380952 0.020787746170678335
1 0.7301587301587301 0.42833698030634576 0.006944444444444444 0.020787746170678335
1 0.7162698412698413 0.4217724288840263 0.005952380952380952 0.018599562363238512
1 0.6626984126984127 0.39223194748358864 0.005952380952380952 0.020787746170678335
1 0.7204861111111112 0.42560175054704596 0.005456349206349206 0.0175054704595186
1 0.7249503968253969 0.42778993435448576 0.006448412698412698 0.015317286652078774
1 0.7348710317460317 0.4327133479212254 0.006448412698412698 0.020787746170678335
1 0.7624007936507936 0.44912472647702406 0.010912698412698412 0.016411378555798686
1 0.6669146825396826 0.3993435448577681 0.005456349206349206 0.019693654266958426
10 0.9017857142857143 0.5306345733041575 0.00992063492063492 0.01312910284463895
10 0.8459821428571429 0.5016411378555798 0.009424603174603174 0.014223194748358862
1 0.9595734126984127 0.5650984682713348 0.00744047619047619 0.02516411378555799
1 0.6706349206349206 0.4059080962800875 0.00496031746031746 0.019693654266958426
10 0.8536706349206349 0.5060175054704595 0.00496031746031746 0.016411378555798686
1 0.675843253968254 0.4097374179431072 0.005456349206349206 0.020787746170678335
1 0.6803075396825397 0.4135667396061269 0.005456349206349206 0.0175054704595186
10 0.8625992063492064 0.5147702407002188 0.005952380952380952 0.018599562363238512
10 0.8576388888888888 0.512582056892779 0.006944444444444444 0.020787746170678335
10 0.9010416666666666 0.5404814004376368 0.009424603174603174 0.01312910284463895
1 0.8814484126984127 0.5289934354485777 0.012896825396825396 0.038293216630196934
1 0.8712797619047619 0.524617067833698 0.01240079365079365 0.038293216630196934
10 0.9375 0.562910284463895 0.006944444444444444 0.020787746170678335
10 0.9322916666666666 0.5601750547045952 0.00744047619047619 0.02188183807439825
10 0.6860119047619048 0.42396061269146607 0.005952380952380952 0.020787746170678335
1 0.652281746031746 0.4102844638949672 0.007936507936507936 0.019693654266958426
10 0.8447420634920635 0.5175054704595186 0.005952380952380952 0.019693654266958426
10 0.8581349206349206 0.5273522975929978 0.00992063492063492 0.010940919037199124
10 0.9697420634920635 0.5919037199124726 0.008928571428571428 0.0175054704595186
10 0.9779265873015873 0.5968271334792122 0.010416666666666666 0.014223194748358862
1 0.7175099206349206 0.4562363238512035 0.005456349206349206 0.019693654266958426
1 0.7224702380952381 0.45951859956236324 0.004464285714285714 0.019693654266958426
1 0.6148313492063492 0.4009846827133479 0.015376984126984126 0.018599562363238512
1 0.7095734126984127 0.4551422319474836 0.009424603174603174 0.01312910284463895
1 0.5994543650793651 0.3971553610503282 0.015376984126984126 0.019693654266958426
1 0.683531746031746 0.44529540481400437 0.00496031746031746 0.0175054704595186
10 0.6748511904761905 0.4414660831509847 0.00744047619047619 0.018599562363238512
1 0.9578373015873016 0.5984682713347921 0.015873015873015872 0.04157549234135667
5 0.2361111111111111 0.2024070021881838 0.060515873015873016 0.09409190371991247
1 0.5677083333333334 0.387308533916849 0.01240079365079365 0.0175054704595186
1 0.5540674603174603 0.3834792122538293 0.01488095238095238 0.018599562363238512
5 0.9704861111111112 0.6143326039387309 0.017361111111111112 0.02954048140043764
1 0.6369047619047619 0.4327133479212254 0.010912698412698412 0.02516411378555799
1 0.18700396825396826 0.18490153172866522 0.010912698412698412 0.015317286652078774
1 0.9890873015873016 0.6280087527352297 0.020833333333333332 0.05689277899343545
1 0.7132936507936508 0.474835886214442 0.006944444444444444 0.02188183807439825
10 0.5434027777777778 0.3834792122538293 0.006448412698412698 0.020787746170678335
10 0.5337301587301587 0.3774617067833698 0.005952380952380952 0.02188183807439825
1 0.5389384920634921 0.38019693654266956 0.005456349206349206 0.020787746170678335
10 0.7080853174603174 0.47428884026258206 0.008432539682539682 0.022975929978118162
12 0.8608630952380952 0.561816192560175 0.013392857142857142 0.018599562363238512
12 0.8382936507936508 0.5514223194748359 0.00992063492063492 0.028446389496717725
1 0.7189980158730159 0.4863238512035011 0.006448412698412698 0.020787746170678335
1 0.6733630952380952 0.46225382932166303 0.00744047619047619 0.02516411378555799
1 0.6810515873015873 0.4666301969365427 0.00496031746031746 0.016411378555798686
10 0.8459821428571429 0.5596280087527352 0.00744047619047619 0.020787746170678335
1 0.5520833333333334 0.3977024070021882 0.012896825396825396 0.016411378555798686
1 0.6192956349206349 0.4349015317286652 0.008432539682539682 0.020787746170678335
10 0.8504464285714286 0.562363238512035 0.006448412698412698 0.019693654266958426
1 0.5952380952380952 0.4234135667396061 0.005952380952380952 0.019693654266958426
10 0.9558531746031746 0.6214442013129103 0.010912698412698412 0.0175054704595186
1 0.605406746031746 0.43216630196936545 0.009424603174603174 0.010940919037199124
2 0.1001984126984127 0.2592997811816193 0.2003968253968254 0.5185995623632386
1 0.19866071428571427 0.20951859956236324 0.01636904761904762 0.02735229759299781
10 0.8707837301587301 0.5793216630196937 0.009424603174603174 0.016411378555798686
10 0.8794642857142857 0.5847921225382933 0.00992063492063492 0.016411378555798686
10 0.42063492063492064 0.33533916849015316 0.010912698412698412 0.018599562363238512
1 0.4332837301587302 0.3413566739606127 0.013392857142857142 0.0175054704595186
1 0.5877976190476191 0.4261487964989059 0.007936507936507936 0.03172866520787746
10 0.4117063492063492 0.3298687089715536 0.010912698412698412 0.018599562363238512
10 0.5314980158730159 0.399890590809628 0.005456349206349206 0.018599562363238512
10 0.5409226190476191 0.40536105032822756 0.006448412698412698 0.022975929978118162
10 0.1644345238095238 0.19967177242888404 0.006448412698412698 0.022975929978118162
1 0.5359623015873016 0.40426695842450766 0.006448412698412698 0.022975929978118162
10 0.47445436507936506 0.37363238512035013 0.006448412698412698 0.020787746170678335
10 0.4697420634920635 0.3703501094091904 0.006944444444444444 0.020787746170678335
1 0.46478174603174605 0.36925601750547044 0.005952380952380952 0.018599562363238512
1 0.9756944444444444 0.6515317286652079 0.007936507936507936 0.022975929978118162
1 0.45907738095238093 0.36925601750547044 0.008432539682539682 0.03172866520787746
10 0.2740575396825397 0.2702407002188184 0.006448412698412698 0.019693654266958426
10 0.2698412698412698 0.26805251641137856 0.005952380952380952 0.02188183807439825
10 0.16517857142857142 0.21608315098468273 0.008928571428571428 0.012035010940919038
10 0.45163690476190477 0.3758205689277899 0.006448412698412698 0.022975929978118162
1 0.4114583333333333 0.3544857768052516 0.009424603174603174 0.0350109409190372
1 0.2490079365079365 0.26914660831509846 0.011904761904761904 0.015317286652078774
10 0.466765873015873 0.39059080962800874 0.006944444444444444 0.019693654266958426
10 0.4724702380952381 0.39332603938730853 0.006448412698412698 0.018599562363238512
1 0.46279761904761907 0.38949671772428884 0.006944444444444444 0.019693654266958426
1 0.24851190476190477 0.27571115973741794 0.010912698412698412 0.0175054704595186
10 0.16294642857142858 0.23085339168490154 0.009424603174603174 0.01312910284463895
12 0.9635416666666666 0.6712253829321663 0.017361111111111112 0.047045951859956234
10 0.8640873015873016 0.6181619256017505 0.008928571428571428 0.01312910284463895
10 0.8551587301587301 0.6143326039387309 0.00992063492063492 0.014223194748358862
10 0.4548611111111111 0.3982494529540481 0.00496031746031746 0.019693654266958426
1 0.4496527777777778 0.3955142231947484 0.006448412698412698 0.022975929978118162
10 0.8549107142857143 0.62472647702407 0.009424603174603174 0.01312910284463895
10 0.1597222222222222 0.24179431072210067 0.006944444444444444 0.019693654266958426
10 0.8635912698412699 0.6312910284463895 0.00992063492063492 0.015317286652078774
1 0.40649801587301587 0.38019693654266956 0.010416666666666666 0.014223194748358862
5 0.9159226190476191 0.6646608315098468 0.0441468253968254 0.07986870897155361
1 0.5828373015873016 0.48304157549234134 0.00992063492063492 0.016411378555798686
1 0.2916666666666667 0.324945295404814 0.007936507936507936 0.019693654266958426
1 0.4642857142857143 0.4212253829321663 0.008928571428571428 0.03282275711159737
1 0.2876984126984127 0.3238512035010941 0.005952380952380952 0.019693654266958426
1 0.29737103174603174 0.3298687089715536 0.008432539682539682 0.022975929978118162
1 0.30183531746031744 0.3320568927789934 0.009424603174603174 0.022975929978118162
1 0.27232142857142855 0.3172866520787746 0.01488095238095238 0.019693654266958426
10 0.5071924603174603 0.44638949671772427 0.008432539682539682 0.01312910284463895
10 0.45262896825396826 0.41684901531728663 0.005456349206349206 0.0175054704595186
1 0.4479166666666667 0.41466083150984684 0.00496031746031746 0.019693654266958426
10 0.45783730158730157 0.4212253829321663 0.005952380952380952 0.019693654266958426
10 0.15997023809523808 0.2587527352297593 0.008432539682539682 0.014223194748358862
1 0.2452876984126984 0.3068927789934354 0.011408730158730158 0.018599562363238512
1 0.9610615079365079 0.7024070021881839 0.014384920634920634 0.0175054704595186
10 0.5059523809523809 0.45678336980306344 0.008928571428571428 0.014223194748358862
1 0.27132936507936506 0.33260393873085337 0.011904761904761904 0.015317286652078774
1 0.2442956349206349 0.3189277899343545 0.011408730158730158 0.016411378555798686
1 0.8650793650793651 0.661925601750547 0.006944444444444444 0.02188183807439825
10 0.2847222222222222 0.34190371991247265 0.005952380952380952 0.018599562363238512
10 0.28918650793650796 0.34463894967177244 0.006944444444444444 0.024070021881838075
1 0.8705357142857143 0.6657549234135668 0.006944444444444444 0.020787746170678335
10 0.2934027777777778 0.34846827133479213 0.006448412698412698 0.020787746170678335
10 0.30357142857142855 0.35393873085339167 0.007936507936507936 0.020787746170678335
10 0.29836309523809523 0.3522975929978118 0.006448412698412698 0.0175054704595186
1 0.27976190476190477 0.34299781181619254 0.006944444444444444 0.022975929978118162
10 0.9608134920634921 0.7177242888402626 0.00992063492063492 0.015317286652078774
10 0.9518849206349206 0.7144420131291028 0.010912698412698412 0.015317286652078774
10 0.29538690476190477 0.362691466083151 0.011408730158730158 0.016411378555798686
1 0.9347718253968254 0.7155361050328227 0.01240079365079365 0.015317286652078774
1 0.45709325396825395 0.4524070021881838 0.005456349206349206 0.020787746170678335
10 0.2839781746031746 0.3599562363238512 0.010416666666666666 0.015317286652078774
1 0.45014880952380953 0.45568927789934355 0.008432539682539682 0.03172866520787746
10 0.39657738095238093 0.4272428884026258 0.008432539682539682 0.02516411378555799
5 0.22842261904761904 0.33698030634573306 0.039186507936507936 0.16192560175054704
10 0.9330357142857143 0.7264770240700219 0.00992063492063492 0.015317286652078774
1 0.9605654761904762 0.7412472647702407 0.008432539682539682 0.014223194748358862
5 0.20461309523809523 0.32713347921225383 0.036210317460317464 0.15536105032822758
1 0.3841765873015873 0.43052516411378555 0.010416666666666666 0.03172866520787746
10 0.17385912698412698 0.3172866520787746 0.011408730158730158 0.015317286652078774
1 0.3134920634920635 0.3938730853391685 0.00992063492063492 0.028446389496717725
10 0.4595734126984127 0.474835886214442 0.004464285714285714 0.019693654266958426
10 0.45535714285714285 0.47319474835886216 0.003968253968253968 0.016411378555798686
1 0.4427083333333333 0.4660831509846827 0.005456349206349206 0.019693654266958426
1 0.4320436507936508 0.4611597374179431 0.00496031746031746 0.016411378555798686
1 0.9593253968253969 0.7527352297592997 0.00992063492063492 0.01312910284463895
10 0.9312996031746031 0.737417943107221 0.008432539682539682 0.010940919037199124
10 0.43700396825396826 0.4655361050328228 0.007936507936507936 0.020787746170678335
10 0.8107638888888888 0.6728665207877462 0.006448412698412698 0.02188183807439825
1 0.25148809523809523 0.36980306345733044 0.007936507936507936 0.024070021881838075
10 0.1654265873015873 0.32221006564551424 0.008432539682539682 0.022975929978118162
10 0.15873015873015872 0.3200218818380744 0.00992063492063492 0.014223194748358862
10 0.8058035714285714 0.6772428884026258 0.00744047619047619 0.024070021881838075
10 0.9312996031746031 0.7467177242888403 0.010416666666666666 0.012035010940919038
10 0.1728670634920635 0.3298687089715536 0.010416666666666666 0.014223194748358862
1 0.9583333333333334 0.762582056892779 0.010912698412698412 0.0175054704595186
1 0.39360119047619047 0.4551422319474836 0.005456349206349206 0.02188183807439825
5 0.9094742063492064 0.7390590809628009 0.029265873015873016 0.05798687089715536
10 0.23933531746031747 0.3703501094091904 0.010416666666666666 0.014223194748358862
1 0.31398809523809523 0.41192560175054704 0.010912698412698412 0.016411378555798686
10 0.38740079365079366 0.4540481400437637 0.005952380952380952 0.02188183807439825
10 0.453125 0.49015317286652077 0.006448412698412698 0.0175054704595186
1 0.4476686507936508 0.4885120350109409 0.006448412698412698 0.022975929978118162
10 0.4575892857142857 0.49452954048140046 0.006448412698412698 0.0175054704595186
1 0.16121031746031747 0.33533916849015316 0.011904761904761904 0.018599562363238512
10 0.17162698412698413 0.34080962800875275 0.008928571428571428 0.016411378555798686
1 0.24603174603174602 0.38183807439824946 0.007936507936507936 0.024070021881838075
10 0.8112599206349206 0.6936542669584245 0.006448412698412698 0.02188183807439825
10 0.2378472222222222 0.3812910284463895 0.010416666666666666 0.014223194748358862
10 0.14930555555555555 0.3336980306345733 0.006944444444444444 0.019693654266958426
1 0.9278273809523809 0.7609409190371991 0.006448412698412698 0.022975929978118162
1 0.4412202380952381 0.4950765864332604 0.008432539682539682 0.02954048140043764
1 0.42981150793650796 0.4896061269146608 0.004464285714285714 0.016411378555798686
10 0.4340277777777778 0.4923413566739606 0.005952380952380952 0.0175054704595186
10 0.9459325396825397 0.7800875273522976 0.010912698412698412 0.0175054704595186
1 0.24925595238095238 0.3982494529540481 0.005456349206349206 0.0175054704595186
1 0.3916170634920635 0.4786652078774617 0.006448412698412698 0.022975929978118162
1 0.7633928571428571 0.6849015317286652 0.011904761904761904 0.0350109409190372
1 0.7956349206349206 0.7035010940919038 0.011904761904761904 0.015317286652078774
10 0.23859126984126985 0.3982494529540481 0.012896825396825396 0.0175054704595186
1 0.7413194444444444 0.6761487964989059 0.010416666666666666 0.015317286652078774
1 0.7490079365079365 0.6827133479212254 0.006944444444444444 0.0262582056892779
1 0.7864583333333334 0.7040481400437637 0.01240079365079365 0.036105032822757115
10 0.42782738095238093 0.5092997811816192 0.006448412698412698 0.018599562363238512
1 0.43253968253968256 0.5120350109409191 0.006944444444444444 0.019693654266958426
5 0.2785218253968254 0.42778993435448576 0.06498015873015874 0.1422319474835886
1 0.777281746031746 0.7035010940919038 0.006944444444444444 0.024070021881838075
1 0.8298611111111112 0.7319474835886215 0.010912698412698412 0.0175054704595186
10 0.23511904761904762 0.4064551422319475 0.008928571428571428 0.016411378555798686
1 0.24379960317460317 0.41301969365426694 0.009424603174603174 0.014223194748358862
10 0.14508928571428573 0.36214442013129106 0.006448412698412698 0.019693654266958426
5 0.6532738095238095 0.6449671772428884 0.19047619047619047 0.41466083150984684
10 0.23412698412698413 0.4163019693654267 0.010912698412698412 0.016411378555798686
1 0.24330357142857142 0.42286652078774617 0.010416666666666666 0.018599562363238512
10 0.3169642857142857 0.4688183807439825 0.00992063492063492 0.012035010940919038
1 0.21031746031746032 0.4135667396061269 0.00992063492063492 0.01312910284463895
1 0.9449404761904762 0.8172866520787746 0.031746031746031744 0.06345733041575492
10 0.30778769841269843 0.4688183807439825 0.009424603174603174 0.014223194748358862
1 0.5699404761904762 0.6137855579868708 0.00992063492063492 0.01312910284463895
1 0.23363095238095238 0.4288840262582057 0.012896825396825396 0.0175054704595186
10 0.24206349206349206 0.43544857768052514 0.010912698412698412 0.015317286652078774
10 0.45262896825396826 0.5508752735229759 0.011408730158730158 0.02516411378555799
10 0.4429563492063492 0.5464989059080962 0.011904761904761904 0.02516411378555799
10 0.31646825396825395 0.48085339168490154 0.008928571428571428 0.012035010940919038
1 0.16493055555555555 0.3982494529540481 0.009424603174603174 0.028446389496717725
10 0.4330357142857143 0.5454048140043763 0.007936507936507936 0.02735229759299781
1 0.20932539682539683 0.4223194748358862 0.007936507936507936 0.010940919037199124
1 0.8360615079365079 0.7691466083150985 0.013392857142857142 0.04157549234135667
10 0.20014880952380953 0.4201312910284464 0.010416666666666666 0.015317286652078774
1 0.8958333333333334 0.8047045951859956 0.010912698412698412 0.016411378555798686
1 0.23239087301587302 0.44091903719912473 0.010416666666666666 0.01312910284463895
10 0.7943948412698413 0.75 0.010416666666666666 0.014223194748358862
10 0.3060515873015873 0.48304157549234134 0.010912698412698412 0.022975929978118162
10 0.24156746031746032 0.4474835886214442 0.010912698412698412 0.01312910284463895
10 0.19146825396825398 0.4212253829321663 0.006944444444444444 0.019693654266958426
10 0.18700396825396826 0.4190371991247265 0.006944444444444444 0.02188183807439825
1 0.7683531746031746 0.7401531728665208 0.005952380952380952 0.018599562363238512
1 0.19940476190476192 0.4310722100656455 0.00992063492063492 0.015317286652078774
10 0.30580357142857145 0.49179431072210067 0.008432539682539682 0.014223194748358862
1 0.7713293650793651 0.74945295404814 0.005952380952380952 0.015317286652078774
1 0.5667162698412699 0.6455142231947484 0.011408730158730158 0.0175054704595186
1 0.7755456349206349 0.7598468271334792 0.009424603174603174 0.03391684901531729
10 0.19766865079365079 0.4420131291028446 0.010416666666666666 0.01312910284463895
1 0.30505952380952384 0.5027352297592997 0.00992063492063492 0.016411378555798686
5 0.40600198412698413 0.5656455142231948 0.04712301587301587 0.10284463894967177
1 0.23239087301587302 0.47045951859956237 0.010416666666666666 0.01312910284463895
1 0.2140376984126984 0.46061269146608314 0.009424603174603174 0.015317286652078774
10 0.22271825396825398 0.4655361050328228 0.007936507936507936 0.012035010940919038
1 0.9407242063492064 0.861597374179431 0.013392857142857142 0.036105032822757115
10 0.24454365079365079 0.47811816192560175 0.008928571428571428 0.015317286652078774
10 0.26860119047619047 0.49452954048140046 0.005456349206349206 0.024070021881838075
10 0.2785218253968254 0.5016411378555798 0.006448412698412698 0.020787746170678335
1 0.9146825396825397 0.8517505470459519 0.03670634920634921 0.07768052516411379
10 0.2837301587301587 0.5043763676148797 0.005952380952380952 0.02188183807439825
1 0.7810019841269841 0.7789934354485777 0.008432539682539682 0.024070021881838075
1 0.26339285714285715 0.49562363238512036 0.007936507936507936 0.024070021881838075
1 0.2569444444444444 0.4934354485776805 0.007936507936507936 0.024070021881838075
10 0.26066468253968256 0.5158643326039387 0.006448412698412698 0.02516411378555799
1 0.25496031746031744 0.5169584245076586 0.008928571428571428 0.02735229759299781
10 0.7522321428571429 0.7904814004376368 0.00744047619047619 0.020787746170678335
10 0.7557043650793651 0.8101750547045952 0.006448412698412698 0.016411378555798686
1 0.9055059523809523 0.9080962800875274 0.032242063492063495 0.0525164113785558
10 0.7348710317460317 0.8205689277899344 0.00744047619047619 0.024070021881838075
10 0.753968253968254 0.8315098468271335 0.007936507936507936 0.024070021881838075
10 0.7301587301587301 0.8178336980306345 0.00496031746031746 0.018599562363238512
10 0.7626488095238095 0.8358862144420132 0.00744047619047619 0.0262582056892779
10 0.7467757936507936 0.8276805251641138 0.006448412698412698 0.022975929978118162
1 0.7249503968253969 0.8183807439824945 0.006448412698412698 0.02188183807439825
1 0.9330357142857143 0.9332603938730853 0.010912698412698412 0.015317286652078774
1 0.9315476190476191 0.9431072210065645 0.010912698412698412 0.0175054704595186
10 0.730406746031746 0.8419037199124726 0.006448412698412698 0.022975929978118162
1 0.8898809523809523 0.9294310722100656 0.006944444444444444 0.018599562363238512
1 0.71875 0.8364332603938731 0.005952380952380952 0.020787746170678335
10 0.7470238095238095 0.8522975929978118 0.007936507936507936 0.024070021881838075
10 0.7251984126984127 0.8413566739606126 0.006944444444444444 0.02188183807439825
5 0.8521825396825397 0.9130196936542669 0.08234126984126984 0.13457330415754923
1 0.9305555555555556 0.9562363238512035 0.010912698412698412 0.01312910284463895
1 0.9290674603174603 0.9638949671772429 0.010912698412698412 0.0175054704595186
10 0.2628968253968254 0.6050328227571116 0.012896825396825396 0.0175054704595186
10 0.7185019841269841 0.8599562363238512 0.008432539682539682 0.01312910284463895
10 0.8871527777777778 0.9535010940919038 0.00744047619047619 0.020787746170678335
1 0.6830357142857143 0.8539387308533917 0.005952380952380952 0.020787746170678335
1 0.6485615079365079 0.8364332603938731 0.006448412698412698 0.018599562363238512
1 0.667906746031746 0.8473741794310722 0.00744047619047619 0.020787746170678335
1 0.6381448412698413 0.8320568927789934 0.00744047619047619 0.018599562363238512
1 0.6733630952380952 0.8512035010940919 0.006448412698412698 0.024070021881838075
1 0.2269345238095238 0.6055798687089715 0.014384920634920634 0.020787746170678335
1 0.5674603174603174 0.7937636761487965 0.006944444444444444 0.022975929978118162
1 0.20064484126984128 0.5929978118161926 0.017361111111111112 0.0262582056892779
1 0.6574900793650794 0.8440919037199125 0.008432539682539682 0.022975929978118162
1 0.6331845238095238 0.8309628008752735 0.006448412698412698 0.022975929978118162
10 0.8854166666666666 0.9688183807439825 0.007936507936507936 0.020787746170678335
10 0.6118551587301587 0.8183807439824945 0.004464285714285714 0.0175054704595186
10 0.6277281746031746 0.8282275711159738 0.006448412698412698 0.02188183807439825
10 0.6163194444444444 0.8222100656455142 0.006448412698412698 0.020787746170678335
10 0.6076388888888888 0.8178336980306345 0.005952380952380952 0.018599562363238512
1 0.5974702380952381 0.813457330415755 0.00744047619047619 0.022975929978118162
1 0.6024305555555556 0.8156455142231948 0.006448412698412698 0.022975929978118162
10 0.6207837301587301 0.8254923413566739 0.006448412698412698 0.022975929978118162
1 0.9119543650793651 0.9792122538293216 0.033234126984126984 0.03938730853391685
1 0.22594246031746032 0.6203501094091903 0.015376984126984126 0.02188183807439825
1 0.17509920634920634 0.5946389496717724 0.010912698412698412 0.03172866520787746
10 0.625 0.8479212253829321 0.006944444444444444 0.02188183807439825
1 0.7016369047619048 0.8966083150984683 0.006448412698412698 0.022975929978118162
1 0.7336309523809523 0.9152078774617067 0.006944444444444444 0.022975929978118162
1 0.2244543650793651 0.6356673960612691 0.013392857142857142 0.0175054704595186
10 0.7219742063492064 0.9108315098468271 0.011408730158730158 0.016411378555798686
10 0.17137896825396826 0.6132385120350109 0.01240079365079365 0.018599562363238512
1 0.22247023809523808 0.649890590809628 0.014384920634920634 0.02188183807439825
5 0.19444444444444445 0.6394967177242888 0.03968253968253968 0.08643326039387308
1 0.6867559523809523 0.9102844638949672 0.010416666666666666 0.01312910284463895
10 0.1701388888888889 0.6263676148796499 0.012896825396825396 0.018599562363238512
1 0.8313492063492064 0.9808533916849015 0.03571428571428571 0.036105032822757115
1 0.22172619047619047 0.6657549234135668 0.015873015873015872 0.022975929978118162
1 0.1654265873015873 0.6362144420131292 0.01240079365079365 0.016411378555798686
1 0.6860119047619048 0.9223194748358862 0.008928571428571428 0.015317286652078774
1 0.2197420634920635 0.6788840262582057 0.01488095238095238 0.020787746170678335
1 0.1626984126984127 0.6559080962800875 0.013888888888888888 0.022975929978118162
1 0.21899801587301587 0.6947483588621444 0.015376984126984126 0.02188183807439825
5 0.7110615079365079 0.9567833698030634 0.05803571428571429 0.08424507658643327
10 0.6728670634920635 0.9485776805251641 0.009424603174603174 0.015317286652078774
10 0.6634424603174603 0.9513129102844639 0.011408730158730158 0.016411378555798686
1 0.6783234126984127 0.9660831509846827 0.00744047619047619 0.0175054704595186
1 0.7408234126984127 0.9978118161925602 0.009424603174603174 0.002188183807439825
1 0.6825396825396826 0.9715536105032823 0.006944444444444444 0.0262582056892779
1 0.5783730158730159 0.9201312910284464 0.005952380952380952 0.02188183807439825
1 0.5721726190476191 0.9179431072210066 0.00744047619047619 0.024070021881838075
1 0.5245535714285714 0.8944201312910285 0.006448412698412698 0.022975929978118162
1 0.53125 0.8982494529540481 0.006944444444444444 0.0262582056892779
1 0.6922123015873016 0.9961706783369803 0.013392857142857142 0.005470459518599562
1 0.4126984126984127 0.8512035010940919 0.00992063492063492 0.03282275711159737
10 0.4469246031746032 0.8736323851203501 0.006944444444444444 0.022975929978118162
10 0.4174107142857143 0.8594091903719913 0.006448412698412698 0.022975929978118162
10 0.3365575396825397 0.8161925601750547 0.00744047619047619 0.019693654266958426
10 0.32589285714285715 0.8112691466083151 0.007936507936507936 0.022975929978118162
10 0.3306051587301587 0.8145514223194749 0.00744047619047619 0.020787746170678335
10 0.34598214285714285 0.8238512035010941 0.008432539682539682 0.02188183807439825
10 0.3410218253968254 0.8205689277899344 0.005456349206349206 0.0175054704595186
2 0.8630952380952381 0.26641137855579866 0.07936507936507936 0.14989059080962802
10 0.41617063492063494 0.8796498905908097 0.006944444444444444 0.02188183807439825
10 0.4739583333333333 0.9113785557986871 0.006448412698412698 0.02188183807439825
10 0.4565972222222222 0.9031728665207878 0.00744047619047619 0.020787746170678335
10 0.39360119047619047 0.8687089715536105 0.005456349206349206 0.02188183807439825
10 0.4253472222222222 0.8982494529540481 0.008432539682539682 0.010940919037199124
10 0.41790674603174605 0.8944201312910285 0.009424603174603174 0.012035010940919038
10 0.45262896825396826 0.9173960612691466 0.010416666666666666 0.016411378555798686
2 0.6733630952380952 0.1673960612691466 0.1314484126984127 0.2100656455142232
5 0.28596230158730157 0.8555798687089715 0.036210317460317464 0.06564551422319474
10 0.3152281746031746 0.87472647702407 0.008432539682539682 0.009846827133479213
10 0.30679563492063494 0.8714442013129103 0.009424603174603174 0.014223194748358862
2 0.34499007936507936 0.8960612691466083 0.06101190476190476 0.06783369803063458
10 0.25223214285714285 0.849015317286652 0.006448412698412698 0.019693654266958426
10 0.2569444444444444 0.8522975929978118 0.005952380952380952 0.019693654266958426
10 0.31374007936507936 0.8862144420131292 0.008432539682539682 0.01312910284463895
10 0.3055555555555556 0.8829321663019694 0.008928571428571428 0.01312910284463895