2 0.618324607329843 0.060810810810810814 0.1256544502617801 0.12162162162162163
2 0.04581151832460733 0.1138996138996139 0.09162303664921466 0.12355212355212356
1 0.08115183246073299 0.19594594594594594 0.015706806282722512 0.025096525096525095
10 0.06335078534031413 0.20656370656370657 0.008376963350785341 0.015444015444015444
10 0.9732984293193717 0.10907335907335908 0.0062827225130890054 0.04054054054054054
10 0.9672774869109948 0.11196911196911197 0.0036649214659685864 0.04247104247104247
10 0.9615183246073299 0.11196911196911197 0.006806282722513089 0.03861003861003861
12 0.08586387434554973 0.22876447876447875 0.013612565445026177 0.04054054054054054
10 0.11204188481675392 0.2277992277992278 0.013612565445026177 0.03861003861003861
10 0.07513089005235601 0.23455598455598456 0.009947643979057591 0.032818532818532815
10 0.5015706806282723 0.18436293436293436 0.015706806282722512 0.032818532818532815
5 0.05706806282722513 0.2413127413127413 0.014659685863874346 0.05019305019305019
10 0.38089005235602097 0.21042471042471042 0.013089005235602094 0.03474903474903475
1 0.5319371727748691 0.20752895752895753 0.013612565445026177 0.059845559845559844
1 0.32591623036649214 0.24903474903474904 0.012041884816753926 0.07335907335907337
1 0.9657068062827225 0.16988416988416988 0.0036649214659685864 0.02702702702702703
1 0.14109947643979057 0.277992277992278 0.008900523560209424 0.023166023166023165
1 0.9698952879581152 0.17374517374517376 0.004712041884816754 0.023166023166023165
1 0.9743455497382199 0.17277992277992277 0.0031413612565445027 0.021235521235521235
12 0.4175392670157068 0.2548262548262548 0.032984293193717276 0.15057915057915058
12 0.3575916230366492 0.27413127413127414 0.0356020942408377 0.17374517374517376
12 0.4730366492146597 0.2625482625482625 0.042408376963350786 0.16602316602316602
1 0.23036649214659685 0.2972972972972973 0.007329842931937173 0.03088803088803089
10 0.9706806282722513 0.2055984555984556 0.015706806282722512 0.04054054054054054
12 0.2916230366492147 0.3137065637065637 0.012565445026178011 0.04054054054054054
12 0.27591623036649215 0.31756756756756754 0.010471204188481676 0.032818532818532815
12 0.8479057591623037 0.28474903474903474 0.03193717277486911 0.12548262548262548
10 0.9910994764397906 0.2731660231660232 0.007329842931937173 0.009652509652509652
10 0.9913612565445026 0.2857142857142857 0.007853403141361256 0.015444015444015444
1 0.2918848167539267 0.37934362934362936 0.025654450261780103 0.07528957528957529
10 0.2753926701570681 0.38996138996138996 0.0062827225130890054 0.015444015444015444
1 0.9840314136125654 0.30115830115830117 0.012041884816753926 0.03088803088803089
1 0.8876963350785341 0.3204633204633205 0.01099476439790576 0.06177606177606178
10 0.9965968586387435 0.3185328185328185 0.0036649214659685864 0.019305019305019305
10 0.2693717277486911 0.4295366795366795 0.005759162303664921 0.032818532818532815
10 0.2918848167539267 0.4314671814671815 0.004712041884816754 0.02895752895752896
10 0.2837696335078534 0.4343629343629344 0.004188481675392671 0.03088803088803089
10 0.8366492146596859 0.3996138996138996 0.011518324607329843 0.06177606177606178
12 0.275130890052356 0.4797297297297297 0.008900523560209424 0.04826254826254826
12 0.2931937172774869 0.4777992277992278 0.010471204188481676 0.04826254826254826
1 0.2848167539267016 0.48841698841698844 0.0062827225130890054 0.04247104247104247
1 0.2675392670157068 0.4942084942084942 0.007329842931937173 0.03861003861003861
12 0.7756544502617801 0.4314671814671815 0.029842931937172777 0.09845559845559845
10 0.9821989528795811 0.41216216216216217 0.005235602094240838 0.013513513513513514
10 0.28769633507853404 0.527027027027027 0.002617801047120419 0.02702702702702703
10 0.28219895287958113 0.527992277992278 0.0031413612565445027 0.025096525096525095
1 0.7442408376963351 0.47104247104247104 0.013089005235602094 0.07335907335907337
1 0.6628272251308901 0.48359073359073357 0.010471204188481676 0.07528957528957529
1 0.020942408376963352 0.5897683397683398 0.020942408376963352 0.0444015444015444
5 0.9759162303664921 0.4691119691119691 0.013612565445026177 0.05019305019305019
1 0.46832460732984293 0.5511583011583011 0.04554973821989529 0.17953667953667954
1 0.41858638743455495 0.5656370656370656 0.05392670157068063 0.16602316602316602
12 0.32225130890052356 0.5772200772200772 0.05287958115183246 0.1776061776061776
1 0.3680628272251309 0.5781853281853282 0.0387434554973822 0.19111969111969113
1 0.9712041884816754 0.502895752895753 0.007329842931937173 0.009652509652509652
5 0.9557591623036649 0.5135135135135135 0.017277486910994764 0.03474903474903475
10 0.7704188481675392 0.5444015444015444 0.006806282722513089 0.04247104247104247
1 0.9704188481675393 0.5212355212355212 0.006806282722513089 0.019305019305019305
10 0.7798429319371728 0.5617760617760618 0.009947643979057591 0.015444015444015444
10 0.8117801047120419 0.555984555984556 0.01099476439790576 0.03088803088803089
10 0.8348167539267015 0.5588803088803089 0.004712041884816754 0.021235521235521235
10 0.9986910994764397 0.5424710424710425 0.0015706806282722514 0.02702702702702703
1 0.9963350785340314 0.5453667953667953 0.0031413612565445027 0.025096525096525095
1 0.6931937172774869 0.5897683397683398 0.014659685863874346 0.07142857142857142
5 0.824607329842932 0.5801158301158301 0.013612565445026177 0.04054054054054054
10 0.8476439790575916 0.5791505791505791 0.0062827225130890054 0.015444015444015444
12 0.7850785340314136 0.5897683397683398 0.012041884816753926 0.04826254826254826
1 0.8034031413612566 0.5916988416988417 0.012041884816753926 0.052123552123552123
5 0.9615183246073299 0.5752895752895753 0.014136125654450262 0.05791505791505792
10 0.2882198952879581 0.6766409266409267 0.013089005235602094 0.025096525096525095
10 0.5774869109947643 0.6447876447876448 0.008376963350785341 0.019305019305019305
10 0.5633507853403141 0.6476833976833977 0.008376963350785341 0.017374517374517374
10 0.5973821989528796 0.6515444015444015 0.008376963350785341 0.021235521235521235
1 0.56282722513089 0.666023166023166 0.010471204188481676 0.019305019305019305
10 0.5780104712041885 0.6640926640926641 0.007329842931937173 0.015444015444015444
1 0.4442408376963351 0.6853281853281853 0.04450261780104712 0.11583011583011583
1 0.4463350785340314 0.693050193050193 0.050785340314136125 0.11969111969111969
10 0.23272251308900524 0.7287644787644788 0.009947643979057591 0.025096525096525095
10 0.581151832460733 0.6853281853281853 0.005235602094240838 0.019305019305019305
10 0.5856020942408376 0.6882239382239382 0.007853403141361256 0.017374517374517374
10 0.21465968586387435 0.7374517374517374 0.014659685863874346 0.02702702702702703
10 0.6384816753926702 0.6862934362934363 0.013089005235602094 0.025096525096525095
10 0.4829842931937173 0.7084942084942085 0.017277486910994764 0.13127413127413126
10 0.5963350785340314 0.694015444015444 0.010471204188481676 0.02895752895752896
10 0.5657068062827225 0.7104247104247104 0.006806282722513089 0.015444015444015444
10 0.6528795811518324 0.7075289575289575 0.0062827225130890054 0.02895752895752896
5 0.5361256544502618 0.7306949806949807 0.031413612565445025 0.07142857142857142
1 0.5837696335078534 0.7364864864864865 0.005235602094240838 0.04054054054054054
10 0.2900523560209424 0.7741312741312741 0.007329842931937173 0.03861003861003861
10 0.05287958115183246 0.8127413127413128 0.0062827225130890054 0.023166023166023165
1 0.6657068062827225 0.7442084942084942 0.008900523560209424 0.0444015444015444
10 0.6526178010471204 0.7596525096525096 0.005759162303664921 0.032818532818532815
12 0.6308900523560209 0.7654440154440154 0.03769633507853403 0.11776061776061776
1 0.5536649214659686 0.778957528957529 0.006806282722513089 0.013513513513513514
1 0.5340314136125655 0.7837837837837838 0.0062827225130890054 0.015444015444015444
10 0.5191099476439791 0.7876447876447876 0.009947643979057591 0.019305019305019305
1 0.41518324607329843 0.8011583011583011 0.031413612565445025 0.10038610038610038
12 0.7303664921465969 0.7644787644787645 0.0356020942408377 0.138996138996139
10 0.26596858638743454 0.8272200772200772 0.005235602094240838 0.03667953667953668
10 0.6738219895287958 0.7760617760617761 0.007329842931937173 0.015444015444015444
10 0.27146596858638744 0.834942084942085 0.004712041884816754 0.02895752895752896
10 0.5544502617801047 0.8001930501930502 0.011518324607329843 0.025096525096525095
10 0.2895287958115183 0.8368725868725869 0.009424083769633508 0.0444015444015444
1 0.543455497382199 0.805984555984556 0.005235602094240838 0.032818532818532815
10 0.6599476439790576 0.7992277992277992 0.005759162303664921 0.03088803088803089
10 0.6680628272251309 0.8108108108108109 0.0062827225130890054 0.03474903474903475
1 0.44528795811518324 0.8416988416988417 0.043455497382198956 0.16216216216216217
10 0.6730366492146597 0.8156370656370656 0.004712041884816754 0.03667953667953668
1 0.6777486910994764 0.8194980694980695 0.0036649214659685864 0.025096525096525095
10 0.7094240837696335 0.8272200772200772 0.010471204188481676 0.021235521235521235
1 0.05837696335078534 0.9083011583011583 0.050785340314136125 0.17953667953667954
1 0.11465968586387434 0.9034749034749034 0.040837696335078534 0.1891891891891892
10 0.4908376963350785 0.8812741312741312 0.0193717277486911 0.12548262548262548
10 0.5049738219895288 0.8812741312741312 0.017277486910994764 0.1138996138996139
10 0.6785340314136126 0.8976833976833977 0.004188481675392671 0.02702702702702703
2 0.9643979057591623 0.03185328185328185 0.06282722513089005 0.0637065637065637
10 0.6560209424083769 0.9208494208494209 0.0062827225130890054 0.04247104247104247
1 0.6646596858638744 0.9324324324324325 0.01099476439790576 0.02702702702702703