12 0.718342151675485 0.5039980009995002 0.015167548500881834 0.014492753623188406
1 0.7977072310405644 0.5077461269365318 0.06172839506172839 0.03698150924537731
10 0.3216931216931217 0.5092453773113443 0.014109347442680775 0.04097951024487756
10 0.30846560846560844 0.5092453773113443 0.013051146384479718 0.03798100949525238
10 0.3485008818342152 0.5099950024987506 0.013403880070546737 0.03648175912043978
10 0.3349206349206349 0.5102448775612194 0.010934744268077601 0.041979010494752625
10 0.7058201058201058 0.5172413793103449 0.009876543209876543 0.0069965017491254375
12 0.7544973544973544 0.5232383808095952 0.01199294532627866 0.020989505247376312
1 0.7412698412698413 0.5242378810594702 0.010934744268077601 0.017991004497751123
10 0.7065255731922399 0.524487756121939 0.008465608465608466 0.006496751624187906
1 0.22522045855379189 0.5252373813093453 0.10758377425044091 0.15292353823088456
10 0.10388007054673722 0.539480259870065 0.004585537918871252 0.011494252873563218
12 0.7086419753086419 0.5419790104947526 0.014109347442680775 0.01249375312343828
12 0.745679012345679 0.5444777611194402 0.013403880070546737 0.025487256371814093
10 0.7731922398589065 0.5484757621189406 0.006349206349206349 0.015492253873063468
1 0.45185185185185184 0.5609695152423788 0.043738977072310406 0.059470264867566215
10 0.7477954144620811 0.5644677661169415 0.019753086419753086 0.013493253373313344
10 0.7716049382716049 0.5687156421789106 0.022222222222222223 0.01699150424787606
10 0.7239858906525574 0.5702148925537232 0.020811287477954146 0.012993503248375811
10 0.6289241622574956 0.5699650174912544 0.011287477954144622 0.03648175912043978
10 0.5650793650793651 0.5704647676161919 0.014109347442680775 0.030484757621189407
10 0.6031746031746031 0.5717141429285357 0.012698412698412698 0.035982008995502246
10 0.5783068783068783 0.5717141429285357 0.015873015873015872 0.03798100949525238
10 0.6164021164021164 0.572463768115942 0.01164021164021164 0.034482758620689655
10 0.591005291005291 0.5739630184907546 0.013051146384479718 0.04047976011994003
1 0.6654320987654321 0.5814592703648176 0.04197530864197531 0.062468765617191405
1 0.309347442680776 0.5857071464267866 0.05008818342151675 0.06896551724137931
1 0.49894179894179896 0.5879560219890055 0.039153439153439155 0.05247376311844078
1 0.7317460317460317 0.6024487756121939 0.0236331569664903 0.03248375812093953
1 0.4246913580246914 0.6036981509245377 0.03668430335097002 0.04697651174412794
1 0.5432098765432098 0.6056971514242878 0.043033509700176366 0.06096951524237881
10 0.45202821869488535 0.6066966516741629 0.025044091710758377 0.01999000499750125
5 0.7604938271604939 0.6174412793603199 0.033156966490299825 0.050474762618690654
10 0.45132275132275135 0.623688155922039 0.025044091710758377 0.01999000499750125
1 0.8525573192239859 0.6234382808595702 0.031746031746031744 0.031484257871064465
1 0.8035273368606702 0.6319340329835083 0.014814814814814815 0.04047976011994003
1 0.1329805996472663 0.6469265367316341 0.11005291005291006 0.15342328835582209
10 0.5375661375661376 0.6511744127936032 0.024691358024691357 0.01899050474762619
1 0.42098765432098767 0.6521739130434783 0.03492063492063492 0.053973013493253376
1 0.2619047619047619 0.658920539730135 0.016578483245149912 0.017491254372813594
1 0.3118165784832452 0.6601699150424788 0.05502645502645503 0.0769615192403798
1 0.8525573192239859 0.6614192903548226 0.03527336860670194 0.027486256871564217
10 0.5396825396825397 0.6681659170414792 0.027513227513227514 0.017991004497751123
10 0.7948853615520283 0.6731634182908546 0.019400352733686066 0.015992003998001
1 0.7499118165784833 0.6741629185407296 0.024691358024691357 0.030984507746126936
10 0.5380952380952381 0.6869065467266366 0.0236331569664903 0.02148925537231384
1 0.7192239858906525 0.6896551724137931 0.009171075837742505 0.01699150424787606
1 0.19576719576719576 0.7008995502248876 0.016225749559082892 0.02148925537231384
1 0.7216931216931217 0.7023988005997002 0.010582010582010581 0.011494252873563218
10 0.9479717813051146 0.7033983008495752 0.03421516754850088 0.014492753623188406
1 0.42328042328042326 0.7066466766616691 0.031040564373897708 0.054972513743128434
10 0.19647266313932982 0.7278860569715142 0.016225749559082892 0.03248375812093953
1 0.9497354497354498 0.7488755622188905 0.09417989417989418 0.05747126436781609
10 0.1255731922398589 0.7598700649675162 0.010582010582010581 0.02948525737131434
10 0.10740740740740741 0.7611194402798601 0.012345679012345678 0.031984007996002
10 0.07742504409171076 0.7693653173413293 0.029982363315696647 0.02148925537231384
12 0.7144620811287478 0.07771114442778611 0.03139329805996473 0.09745127436281859
5 0.24091710758377424 0.7821089455272364 0.03597883597883598 0.08695652173913043
5 0.27742504409171076 0.7883558220889555 0.037037037037037035 0.10844577711144428
10 0.7386243386243386 0.788855572213893 0.01199294532627866 0.037481259370314844
12 0.6500881834215168 0.07896051974012994 0.03597883597883598 0.09895052473763119
10 0.07583774250440917 0.7931034482758621 0.02398589065255732 0.01899050474762619
10 0.7262786596119929 0.7981009495252374 0.011287477954144622 0.03798100949525238
10 0.1091710758377425 0.803848075962019 0.0236331569664903 0.02048975512243878
12 0.7851851851851852 0.0814592703648176 0.033156966490299825 0.10994502748625687
5 0.6368606701940035 0.8098450774612693 0.03492063492063492 0.037481259370314844
1 0.04620811287477954 0.8105947026486756 0.020458553791887126 0.030984507746126936
12 0.745679012345679 0.08270864567716142 0.031746031746031744 0.10444777611194403
12 0.3961199294532628 0.08295852073963018 0.03597883597883598 0.09195402298850575
10 0.0291005291005291 0.08320839580209895 0.007407407407407408 0.025487256371814093
10 0.03474426807760141 0.08345827086456771 0.006701940035273368 0.01899050474762619
10 0.021869488536155203 0.08345827086456771 0.009171075837742505 0.0239880059970015
10 0.049911816578483245 0.08345827086456771 0.012345679012345678 0.02798600699650175
5 0.3400352733686067 0.8343328335832084 0.033862433862433865 0.09045477261369315
5 0.37566137566137564 0.8390804597701149 0.031040564373897708 0.09795102448775612
12 0.6837742504409171 0.08395802098950525 0.03139329805996473 0.10694652673663169
1 0.716931216931217 0.8488255872063968 0.0236331569664903 0.0544727636181909
5 0.4998236331569665 0.8495752123938031 0.03738977072310406 0.10394802598700649
1 0.4246913580246914 0.8503248375812094 0.024691358024691357 0.05747126436781609
5 0.5343915343915344 0.8553223388305847 0.0380952380952381 0.10744627686156921
1 0.04268077601410935 0.8583208395802099 0.03527336860670194 0.05147426286856572
1 0.23051146384479718 0.8585707146426786 0.010934744268077601 0.0079960019990005
12 0.2779541446208113 0.08595702148925537 0.052204585537918874 0.11294352823588207
10 0.0654320987654321 0.08670664667666167 0.008112874779541446 0.02948525737131434
1 0.7594356261022928 0.8768115942028986 0.04162257495590829 0.043478260869565216
1 0.7197530864197531 0.892303848075962 0.038447971781305115 0.04147926036981509
12 0.32998236331569664 0.08995502248875563 0.05255731922398589 0.11694152923538231
1 0.6495590828924163 0.8983008495752124 0.02433862433862434 0.05647176411794103
10 0.05485008818342152 0.9087956021989005 0.013756613756613757 0.037481259370314844
1 0.23950617283950618 0.9117941029485257 0.02821869488536155 0.03548225887056472
1 0.7310405643738977 0.920039980009995 0.019400352733686066 0.0239880059970015
1 0.2712522045855379 0.9212893553223388 0.033862433862433865 0.05247376311844078
1 0.4865961199294533 0.9222888555722139 0.019400352733686066 0.04147926036981509
1 0.5442680776014109 0.9270364817591205 0.02892416225749559 0.030984507746126936
1 0.3218694885361552 0.931784107946027 0.03209876543209877 0.030484757621189407
12 0.7553791887125221 0.9342828585707147 0.02292768959435626 0.03548225887056472
12 0.5335097001763669 0.0937031484257871 0.0328042328042328 0.07946026986506746
10 0.40088183421516754 0.9377811094452774 0.014462081128747795 0.04047976011994003
1 0.7176366843033509 0.9382808595702149 0.03421516754850088 0.031484257871064465
10 0.05044091710758378 0.9442778610694653 0.013403880070546737 0.031484257871064465
1 0.3657848324514991 0.9505247376311844 0.03527336860670194 0.03798100949525238
10 0.06860670194003528 0.9512743628185907 0.0236331569664903 0.017491254372813594
1 0.5989417989417989 0.1344327836081959 0.05784832451499118 0.03798100949525238
10 0.7320987654320987 0.14417791104447777 0.010934744268077601 0.02848575712143928
10 0.6462081128747795 0.1454272863568216 0.01834215167548501 0.022988505747126436
10 0.6721340388007054 0.14742628685657172 0.013756613756613757 0.03798100949525238
10 0.6991181657848324 0.14742628685657172 0.012698412698412698 0.03398300849575212
10 0.7753086419753087 0.14942528735632185 0.013403880070546737 0.03498250874562719
10 0.24973544973544973 0.15667166416791603 0.015520282186948854 0.03948025987006497
10 0.31569664902998235 0.17066466766616692 0.012698412698412698 0.03548225887056472
1 0.4781305114638448 0.18115942028985507 0.10123456790123457 0.1344327836081959
10 0.2895943562610229 0.18565717141429286 0.007054673721340388 0.018490754622688656
10 0.30335097001763667 0.18590704647676162 0.007760141093474427 0.01999000499750125
10 0.2968253968253968 0.18615692153923039 0.007407407407407408 0.019490254872563718
1 0.4031746031746032 0.187656171914043 0.02892416225749559 0.0864567716141929
1 0.8686067019400353 0.1896551724137931 0.030687830687830688 0.08045977011494253
10 0.7746031746031746 0.1969015492253873 0.014109347442680775 0.014992503748125937
1 0.1747795414462081 0.1976511744127936 0.05890652557319224 0.08245877061469266
1 0.8479717813051146 0.20164917541229385 0.033156966490299825 0.07746126936531735
12 0.25379188712522044 0.20439780109945027 0.015873015873015872 0.022988505747126436
1 0.7268077601410935 0.21114442778610695 0.03492063492063492 0.04147926036981509
1 0.5742504409171075 0.23438280859570215 0.08606701940035273 0.1329335332333833
10 0.4144620811287478 0.25237381309345325 0.026807760141093474 0.0239880059970015
10 0.3419753086419753 0.26636681659170414 0.007407407407407408 0.01999000499750125
10 0.3485008818342152 0.26636681659170414 0.007760141093474427 0.021989005497251374
10 0.41516754850088183 0.2696151924037981 0.030335097001763667 0.018490754622688656
10 0.4544973544973545 0.27786106946526734 0.015167548500881834 0.03698150924537731
5 0.2747795414462081 0.29985007496251875 0.019753086419753086 0.031984007996002
1 0.2873015873015873 0.3023488255872064 0.009523809523809525 0.026986506746626688
10 0.16119929453262788 0.30259870064967515 0.02328042328042328 0.017491254372813594
10 0.18430335097001763 0.30259870064967515 0.021516754850088183 0.017491254372813594
1 0.4795414462081129 0.3160919540229885 0.013051146384479718 0.02348825587206397
5 0.49417989417989416 0.3160919540229885 0.016931216931216932 0.02848575712143928
10 0.6682539682539682 0.31784107946026985 0.009523809523809525 0.022988505747126436
10 0.6594356261022928 0.3190904547726137 0.008818342151675485 0.02048975512243878
10 0.18483245149911817 0.3190904547726137 0.021164021164021163 0.017491254372813594
10 0.16137566137566137 0.3205897051474263 0.0236331569664903 0.018490754622688656
10 0.644973544973545 0.3258370814592704 0.02292768959435626 0.01899050474762619
1 0.8649029982363315 0.32658670664667666 0.04938271604938271 0.12043978010994502
10 0.6199294532627866 0.3263368315842079 0.0236331569664903 0.021989005497251374
1 0.4451499118165785 0.3343328335832084 0.011287477954144622 0.01899050474762619
5 0.4582010582010582 0.3385807096451774 0.01904761904761905 0.033483258370814596
12 0.4703703703703704 0.36606696651674164 0.012345679012345678 0.018490754622688656
10 0.6908289241622575 0.3675662168915542 0.005291005291005291 0.015492253873063468
12 0.491005291005291 0.36806596701649175 0.014109347442680775 0.02048975512243878
10 0.6977072310405644 0.37756121939030485 0.005643738977072311 0.015492253873063468
10 0.6911816578483245 0.3888055972013993 0.006701940035273368 0.01699150424787606
10 0.8509700176366843 0.4047976011994003 0.027160493827160494 0.01699150424787606
10 0.8292768959435626 0.4057971014492754 0.02398589065255732 0.017991004497751123
10 0.8028218694885362 0.4097951024487756 0.02821869488536155 0.01699150424787606
1 0.272310405643739 0.4180409795102449 0.009171075837742505 0.018490754622688656
10 0.8694885361552028 0.4237881059470265 0.02328042328042328 0.01699150424787606
1 0.7897707231040564 0.42653673163418293 0.009876543209876543 0.018490754622688656
1 0.8342151675485009 0.4300349825087456 0.009876543209876543 0.01649175412293853
1 0.6915343915343916 0.436031984007996 0.007407407407407408 0.010494752623688156
10 0.8135802469135802 0.4530234882558721 0.01164021164021164 0.00849575212393803
10 0.671604938271605 0.4587706146926537 0.009876543209876543 0.009995002498750625
10 0.8220458553791887 0.45977011494252873 0.013051146384479718 0.0079960019990005
10 0.8074074074074075 0.460519740129935 0.007760141093474427 0.009495252373813094
10 0.6710758377425045 0.46476761619190404 0.008818342151675485 0.0069965017491254375
10 0.8227513227513228 0.46901549225387307 0.01164021164021164 0.009495252373813094
10 0.8081128747795414 0.46976511744127936 0.009171075837742505 0.0069965017491254375
10 0.8144620811287479 0.47701149425287354 0.011287477954144622 0.00849575212393803
10 0.8019400352733687 0.47851074462768617 0.01164021164021164 0.009495252373813094
5 0.49153439153439155 0.4810094952523738 0.012345679012345678 0.02448775612193903
5 0.6744268077601411 0.48300849575212396 0.01834215167548501 0.025487256371814093
5 0.4578483245149912 0.4827586206896552 0.011287477954144622 0.026986506746626688
5 0.7021164021164021 0.4897551224387806 0.020105820105820106 0.031984007996002