1 0.5125250501002004 0.5838772845953003 0.012024048096192385 0.020234986945169713
1 0.5556112224448898 0.6018276762402088 0.009018036072144289 0.018276762402088774
1 0.5628757515030061 0.6060704960835509 0.011523046092184368 0.016318537859007835
1 0.46743486973947895 0.5747389033942559 0.018036072144288578 0.016318537859007835
1 0.41382765531062127 0.6168407310704961 0.0531062124248497 0.07441253263707572
1 0.906312625250501 0.8185378590078329 0.04308617234468938 0.050913838120104436
12 0.4103206412825651 0.6449086161879896 0.02004008016032064 0.024804177545691905
1 0.8807615230460922 0.8169060052219321 0.03707414829659319 0.04503916449086162
1 0.3872745490981964 0.6546997389033943 0.01603206412825651 0.014360313315926894
1 0.45916833667334667 0.6821148825065274 0.029559118236472944 0.03655352480417755
10 0.1628256513026052 0.5815926892950392 0.011022044088176353 0.020887728459530026
10 0.25501002004008017 0.6142297650130548 0.008016032064128256 0.015665796344647518
10 0.17159318637274548 0.5861618798955613 0.009519038076152305 0.0195822454308094
10 0.23046092184368738 0.6096605744125326 0.014028056112224449 0.013054830287206266
10 0.17835671342685372 0.6050913838120104 0.009018036072144289 0.016971279373368148
10 0.17109218436873747 0.6044386422976501 0.009519038076152305 0.016971279373368148
10 0.22895791583166333 0.6253263707571801 0.01002004008016032 0.016971279373368148
10 0.23597194388777556 0.6272845953002611 0.008016032064128256 0.018276762402088774
1 0.8704909819639278 0.8560704960835509 0.014529058116232466 0.015013054830287207
12 0.8855210420841684 0.8652088772845953 0.018537074148296594 0.024151436031331592
10 0.4333667334669339 0.7092036553524804 0.008016032064128256 0.015013054830287207
10 0.42635270541082165 0.70822454308094 0.01002004008016032 0.018276762402088774
10 0.4103206412825651 0.7052872062663186 0.009018036072144289 0.01762402088772846
10 0.41733466933867736 0.7098563968668408 0.011022044088176353 0.02154046997389034
1 0.35470941883767537 0.6974543080939948 0.05410821643286573 0.06331592689295039
1 0.47870741482965934 0.7503263707571801 0.009519038076152305 0.015013054830287207
1 0.4205911823647295 0.7300913838120104 0.008517034068136272 0.01762402088772846
1 0.41382765531062127 0.7281331592689295 0.01002004008016032 0.018929503916449087
1 0.46392785571142287 0.7457571801566579 0.009018036072144289 0.01762402088772846
1 0.47119238476953906 0.7490208877284595 0.008517034068136272 0.015013054830287207
1 0.405811623246493 0.7258485639686684 0.012024048096192385 0.020887728459530026
1 0.4281062124248497 0.7336814621409922 0.011523046092184368 0.020887728459530026
1 0.4556613226452906 0.7441253263707572 0.010521042084168337 0.0195822454308094
5 0.8997995991983968 0.9011096605744126 0.022044088176352707 0.025456919060052218
12 0.8790080160320641 0.8939295039164491 0.02655310621242485 0.034595300261096605
10 0.9175851703406813 0.9118798955613577 0.012525050100200401 0.01174934725848564
10 0.9048096192384769 0.9197127937336814 0.014028056112224449 0.013054830287206266
1 0.35971943887775554 0.7395561357702349 0.02404809619238477 0.02741514360313316
1 0.3254008016032064 0.7389033942558747 0.02655310621242485 0.033942558746736295
1 0.34844689378757515 0.7650130548302873 0.030561122244488977 0.04046997389033943
1 0.31462925851703405 0.7653394255874674 0.027054108216432865 0.03720626631853786
5 0.42384769539078154 0.8077676240208878 0.06613226452905811 0.08289817232375979
1 0.2778056112224449 0.7885117493472585 0.028557114228456915 0.037859007832898174
1 0.33617234468937873 0.8107049608355091 0.01503006012024048 0.024804177545691905
5 0.33617234468937873 0.8185378590078329 0.03507014028056112 0.05613577023498695
5 0.3003507014028056 0.8113577023498695 0.030561122244488977 0.04699738903394256
1 0.27079158316633267 0.8211488250652742 0.029559118236472944 0.03263707571801567
1 0.4215931863727455 0.8798955613577023 0.009519038076152305 0.018276762402088774
1 0.4561623246492986 0.8922976501305483 0.012525050100200401 0.020887728459530026
1 0.4468937875751503 0.889686684073107 0.013026052104208416 0.02349869451697128
1 0.39103206412825653 0.8704308093994778 0.012525050100200401 0.025456919060052218
1 0.438627254509018 0.8877284595300261 0.015531062124248497 0.022193211488250653
1 0.41357715430861725 0.8789164490861618 0.011523046092184368 0.016318537859007835
1 0.4646793587174349 0.8965404699738904 0.013527054108216433 0.025456919060052218
1 0.42985971943887774 0.8847911227154047 0.013026052104208416 0.020234986945169713
1 0.4035571142284569 0.8763054830287206 0.012525050100200401 0.025456919060052218
1 0.37249498997995995 0.8648825065274152 0.012525050100200401 0.02349869451697128
1 0.36397795591182364 0.8622715404699739 0.009519038076152305 0.020887728459530026
1 0.3812625250501002 0.868798955613577 0.012024048096192385 0.022193211488250653
10 0.30861723446893785 0.8678198433420365 0.011022044088176353 0.01762402088772846
10 0.29584168336673344 0.8648825065274152 0.008517034068136272 0.014360313315926894
1 0.45090180360721444 0.9298302872062664 0.036072144288577156 0.06331592689295039
1 0.41107214428857713 0.9379895561357703 0.05561122244488978 0.07441253263707572
2 0.35821643286573146 0.9327676240208878 0.06012024048096192 0.050913838120104436
10 0.6515531062124249 0.2878590078328982 0.014529058116232466 0.013054830287206266
12 0.6758517034068137 0.3028720626631854 0.01903807615230461 0.022193211488250653
1 0.7159318637274549 0.33322454308093996 0.045090180360721446 0.06984334203655353
1 0.7572645290581163 0.35443864229765015 0.04659318637274549 0.0731070496083551
1 0.36648296593186375 0.21997389033942558 0.05060120240480962 0.04960835509138381
12 0.6713426853707415 0.3289817232375979 0.02404809619238477 0.015665796344647518
10 0.6305110220440882 0.31462140992167104 0.00751503006012024 0.013054830287206266
10 0.6390280561122245 0.3244125326370757 0.011523046092184368 0.018276762402088774
10 0.6472945891783567 0.3276762402088773 0.01002004008016032 0.0195822454308094
12 0.47570140280561124 0.2757832898172324 0.018537074148296594 0.028067885117493474
1 0.9564128256513026 0.4526762402088773 0.05410821643286573 0.058093994778067884
12 0.6648296593186372 0.35574412532637073 0.01903807615230461 0.02610966057441253
5 0.8807615230460922 0.43733681462140994 0.041082164328657314 0.04177545691906005
1 0.592685370741483 0.3394255874673629 0.05410821643286573 0.05483028720626632
12 0.46968937875751504 0.2966710182767624 0.020541082164328657 0.024151436031331592
12 0.50125250501002 0.30776762402088775 0.018537074148296594 0.025456919060052218
1 0.5403306613226453 0.3240861618798956 0.057615230460921846 0.054177545691906005
1 0.908066132264529 0.45430809399477806 0.011523046092184368 0.0195822454308094
12 0.6442885771543087 0.37010443864229764 0.02004008016032064 0.02741514360313316
12 0.6595691382765531 0.37630548302872063 0.01753507014028056 0.022845953002610966
1 0.9772044088176353 0.4915143603133159 0.04458917835671343 0.06266318537859007
1 0.8845190380761523 0.4608355091383812 0.013527054108216433 0.013054830287206266
1 0.8697394789579158 0.4552872062663185 0.018036072144288578 0.016318537859007835
1 0.5478456913827655 0.35868146214099217 0.011523046092184368 0.020234986945169713
1 0.49498997995991983 0.34203655352480417 0.011022044088176353 0.018276762402088774
1 0.5020040080160321 0.3453002610966057 0.009018036072144289 0.018276762402088774
1 0.593436873747495 0.3779373368146214 0.014529058116232466 0.014360313315926894
12 0.6583166332665331 0.40404699738903394 0.01903807615230461 0.02610966057441253
12 0.6768537074148296 0.41906005221932113 0.02004008016032064 0.024804177545691905
12 0.5132765531062125 0.39131853785900783 0.02154308617234469 0.0293733681462141
12 0.5914328657314629 0.4193864229765013 0.015531062124248497 0.022845953002610966
12 0.49749498997995995 0.38674934725848564 0.02004008016032064 0.022845953002610966
12 0.5280561122244489 0.3981723237597911 0.01903807615230461 0.024804177545691905
1 0.45991983967935873 0.4046997389033943 0.04208416833667335 0.05483028720626632
12 0.9408817635270541 0.5998694516971279 0.022044088176352707 0.02741514360313316
1 0.5829158316633266 0.4856396866840731 0.042585170340681364 0.07180156657963446
12 0.935370741482966 0.6201044386422977 0.01903807615230461 0.02741514360313316
1 0.6067134268537074 0.5078328981723238 0.01603206412825651 0.016971279373368148
1 0.6042084168336673 0.5179503916449086 0.018036072144288578 0.015013054830287207
1 0.6029559118236473 0.527088772845953 0.013527054108216433 0.01370757180156658
2 0.07640280561122244 0.3469321148825065 0.053607214428857713 0.1077023498694517
1 0.4408817635270541 0.47617493472584854 0.04408817635270541 0.07506527415143603
5 0.5420841683366734 0.5228459530026109 0.08817635270541083 0.11488250652741515
12 0.9258517034068137 0.66677545691906 0.027054108216432865 0.03198433420365535
1 0.48622244488977956 0.5205613577023499 0.014529058116232466 0.015013054830287207
1 0.6044589178356713 0.5682114882506527 0.011523046092184368 0.024151436031331592
1 0.5871743486973948 0.5629895561357703 0.01503006012024048 0.020234986945169713
1 0.5974448897795591 0.5669060052219321 0.011523046092184368 0.02154046997389034
1 0.48321643286573146 0.5326370757180157 0.013527054108216433 0.01174934725848564
12 0.4346192384769539 0.5264360313315927 0.018537074148296594 0.025456919060052218
10 0.2219438877755511 0.4631201044386423 0.0070140280561122245 0.015013054830287207
1 0.47920841683366733 0.5528720626631853 0.015531062124248497 0.013054830287206266
10 0.2156813627254509 0.4618146214099217 0.009519038076152305 0.016318537859007835
1 0.48847695390781565 0.5737597911227154 0.011022044088176353 0.018276762402088774
1 0.4967434869739479 0.5776762402088773 0.009519038076152305 0.018276762402088774