1 0.9213453389830508 0.7892781316348195 0.1159957627118644 0.11995753715498939
10 0.3365995762711864 0.6358811040339702 0.014300847457627119 0.04670912951167728
10 0.3490466101694915 0.6401273885350318 0.018008474576271187 0.04670912951167728
10 0.3222987288135593 0.6337579617834395 0.017478813559322032 0.04670912951167728
10 0.3085275423728814 0.6342887473460722 0.01641949152542373 0.05626326963906582
10 0.6840572033898306 0.7531847133757962 0.013241525423728813 0.045647558386411886
10 0.6546610169491526 0.7452229299363057 0.011652542372881356 0.03184713375796178
10 0.6684322033898306 0.7515923566878981 0.01059322033898305 0.040339702760084924
10 0.640625 0.7441613588110403 0.014300847457627119 0.03821656050955414
1 0.1875 0.6215498938428875 0.09639830508474577 0.12632696390658174
1 0.5320444915254238 0.7314225053078556 0.10540254237288135 0.13800424628450106
10 0.817531779661017 0.8460721868365181 0.013241525423728813 0.01910828025477707
1 0.9253177966101694 0.8911889596602972 0.0625 0.11571125265392782
1 0.6972987288135594 0.8280254777070064 0.015360169491525424 0.036093418259023353
1 0.7571504237288136 0.8492569002123143 0.017478813559322032 0.03184713375796178
5 0.8082627118644068 0.886411889596603 0.02754237288135593 0.05732484076433121
1 0.7958156779661016 0.923036093418259 0.007944915254237288 0.02653927813163482
1 0.7558262711864406 0.9124203821656051 0.0423728813559322 0.08174097664543524
1 0.696239406779661 0.8954352441613588 0.03972457627118644 0.07537154989384288
10 0.6647245762711864 0.8922505307855626 0.028601694915254237 0.12632696390658174
1 0.7825741525423728 0.9309978768577495 0.02065677966101695 0.04883227176220807
1 0.9226694915254238 0.9686836518046709 0.023305084745762712 0.06050955414012739
10 0.6353283898305084 0.8964968152866242 0.04396186440677966 0.14968152866242038
10 0.9028072033898306 0.975583864118896 0.017478813559322032 0.04670912951167728
1 0.2804555084745763 0.7983014861995754 0.10858050847457627 0.23142250530785563
1 0.5513771186440678 0.886411889596603 0.11970338983050847 0.22505307855626328
1 0.4118114406779661 0.8529723991507431 0.12129237288135593 0.2515923566878981
10 0.800052966101695 0.994692144373673 0.012182203389830509 0.008492569002123142
5 0.19253177966101695 0.8168789808917197 0.0005296610169491525 0.0010615711252653928
10 0.7709216101694916 0.9968152866242038 0.01641949152542373 0.004246284501061571
2 0.1461864406779661 0.8492569002123143 0.1228813559322034 0.09978768577494693
1 0.982521186440678 0.27123142250530785 0.03389830508474576 0.0881104033970276
1 0.5267478813559322 0.17091295116772823 0.021716101694915255 0.07855626326963906
1 0.5444915254237288 0.1767515923566879 0.025423728813559324 0.07749469214437367
1 0.251853813559322 0.10191082802547771 0.05031779661016949 0.1740976645435244
1 0.21054025423728814 0.09660297239915075 0.05455508474576271 0.17197452229299362
1 0.1697563559322034 0.08333333333333333 0.03972457627118644 0.08598726114649681
1 0.2952860169491525 0.12473460721868365 0.058792372881355935 0.17940552016985137
1 0.626853813559322 0.23248407643312102 0.0513771186440678 0.18046709129511676
1 0.668697033898305 0.24522292993630573 0.05031779661016949 0.18259023354564755
1 0.5855402542372882 0.2218683651804671 0.05455508474576271 0.18046709129511676
1 0.3283898305084746 0.1942675159235669 0.020127118644067795 0.04246284501061571
1 0.696239406779661 0.31157112526539277 0.01641949152542373 0.0435244161358811
10 0.856197033898305 0.4129511677282378 0.01641949152542373 0.016985138004246284
1 0.4772245762711864 0.30042462845010615 0.018008474576271187 0.03397027600849257
10 0.8829449152542372 0.4400212314225053 0.009533898305084746 0.03503184713375796
10 0.859375 0.4394904458598726 0.010063559322033898 0.029723991507430998
10 0.9311440677966102 0.4718683651804671 0.06991525423728813 0.06475583864118896
1 0.8440148305084746 0.4692144373673036 0.02065677966101695 0.027600849256900213
1 0.7981991525423728 0.4681528662420382 0.022245762711864406 0.029723991507430998
10 0.9314088983050848 0.5132696390658175 0.0715042372881356 0.06263269639065817
5 0.8453389830508474 0.5106157112526539 0.025423728813559324 0.05307855626326964
10 0.9284957627118644 0.5498938428874734 0.07097457627118645 0.055201698513800426
10 0.8220338983050848 0.5345010615711253 0.007415254237288136 0.024416135881104035
1 0.8408368644067796 0.5504246284501062 0.022775423728813558 0.032908704883227176
10 0.9247881355932204 0.583864118895966 0.06991525423728813 0.05732484076433121
10 0.845603813559322 0.5753715498938429 0.01641949152542373 0.021231422505307854
10 0.8326271186440678 0.5774946921443737 0.00847457627118644 0.027600849256900213
10 0.9213453389830508 0.6210191082802548 0.06938559322033898 0.06157112526539278
1 0.9282309322033898 0.7001061571125266 0.1170550847457627 0.12632696390658174