10 0.06893984514592019 0.555045871559633 0.003275759380583681 0.035386631716906945
10 0.05285884455032758 0.5563564875491481 0.003275759380583681 0.03014416775884666
10 0.1812090530077427 0.5570117955439057 0.003871351995235259 0.03145478374836173
10 0.14860035735556879 0.5589777195281782 0.00357355568790947 0.03014416775884666
1 0.153960690887433 0.5583224115334207 0.00357355568790947 0.03145478374836173
1 0.047647409172126266 0.5589777195281782 0.004169148302561048 0.035386631716906945
10 0.47409172126265636 0.5589777195281782 0.00357355568790947 0.027522935779816515
1 0.07459797498511019 0.5596330275229358 0.003275759380583681 0.03669724770642202
10 0.31700416914830254 0.5589777195281782 0.003871351995235259 0.035386631716906945
10 0.4697736748064324 0.5596330275229358 0.003871351995235259 0.02621231979030144
10 0.04228707564026206 0.5602883355176933 0.0029779630732578916 0.03014416775884666
10 0.296605122096486 0.5602883355176933 0.00357355568790947 0.0327653997378768
1 0.18612269207861823 0.5602883355176933 0.004169148302561048 0.0327653997378768
10 0.03409767718880286 0.5615989515072084 0.003275759380583681 0.0327653997378768
10 0.038266825491363905 0.5615989515072084 0.003871351995235259 0.0327653997378768
10 0.08368076235854675 0.5615989515072084 0.0029779630732578916 0.03014416775884666
10 0.0879988088147707 0.562254259501966 0.004466944609886838 0.03145478374836173
10 0.1672126265634306 0.562254259501966 0.004466944609886838 0.028833551769331587
10 0.39651578320428826 0.5615989515072084 0.003871351995235259 0.027522935779816515
10 0.15842763549731984 0.5629095674967235 0.00357355568790947 0.027522935779816515
1 0.2913936867182847 0.562254259501966 0.004466944609886838 0.03669724770642202
10 0.0796605122096486 0.563564875491481 0.003275759380583681 0.028833551769331587
10 0.16274568195354377 0.5629095674967235 0.003871351995235259 0.03014416775884666
1 0.32266229898749255 0.5629095674967235 0.004466944609886838 0.0327653997378768
10 0.5195056581298392 0.5629095674967235 0.003871351995235259 0.027522935779816515
10 0.19103633114949375 0.5642201834862385 0.003275759380583681 0.03014416775884666
10 0.19967242406194163 0.5629095674967235 0.003871351995235259 0.0327653997378768
10 0.1952054794520548 0.5642201834862385 0.003871351995235259 0.0327653997378768
10 0.43269803454437167 0.5642201834862385 0.00357355568790947 0.027522935779816515
10 0.2823108993448481 0.5642201834862385 0.00357355568790947 0.03014416775884666
1 0.43761167361524717 0.5655307994757536 0.004466944609886838 0.0327653997378768
10 0.28662894580107207 0.564875491480996 0.003871351995235259 0.03145478374836173
10 0.5525610482430018 0.5661861074705111 0.004466944609886838 0.03145478374836173
10 0.3271292435973794 0.5661861074705111 0.003275759380583681 0.02621231979030144
10 0.653960690887433 0.5655307994757536 0.00357355568790947 0.027522935779816515
10 0.33144729005360335 0.5661861074705111 0.00357355568790947 0.02621231979030144
1 0.4012805241215009 0.5655307994757536 0.005062537224538415 0.035386631716906945
1 0.5241215008933889 0.5668414154652687 0.004169148302561048 0.0327653997378768
10 0.2776950565812984 0.5668414154652687 0.003871351995235259 0.0327653997378768
10 0.6834425253126861 0.5668414154652687 0.00357355568790947 0.027522935779816515
10 0.33576533650982726 0.5668414154652687 0.003275759380583681 0.02490170380078637
1 0.5574746873138773 0.5674967234600262 0.004764740917212627 0.03669724770642202
10 0.44639666468135797 0.5681520314547838 0.0029779630732578916 0.027522935779816515
10 0.4425253126861227 0.5674967234600262 0.00357355568790947 0.02621231979030144
10 0.4507147111375819 0.5688073394495413 0.003275759380583681 0.02621231979030144
1 0.6590232281119714 0.5688073394495413 0.004169148302561048 0.03407601572739188
10 0.4225729600952948 0.5694626474442989 0.00357355568790947 0.02490170380078637
10 0.5378201310303752 0.5688073394495413 0.00357355568790947 0.028833551769331587
10 0.41795711733174506 0.5688073394495413 0.003275759380583681 0.02621231979030144
10 0.5418403811792734 0.5701179554390564 0.004466944609886838 0.028833551769331587
10 0.5626861226920786 0.5694626474442989 0.003275759380583681 0.03014416775884666
10 0.41349017272185823 0.5701179554390564 0.003275759380583681 0.02621231979030144
10 0.5337998808814771 0.5701179554390564 0.003275759380583681 0.028833551769331587
10 0.570726622989875 0.5701179554390564 0.003275759380583681 0.02621231979030144
10 0.7709946396664681 0.5701179554390564 0.004169148302561048 0.03145478374836173
10 0.5665574746873139 0.5701179554390564 0.003275759380583681 0.02621231979030144
1 0.6886539606908875 0.5701179554390564 0.004466944609886838 0.0327653997378768
10 0.6762954139368672 0.5701179554390564 0.00357355568790947 0.02621231979030144
10 0.8388921977367481 0.5714285714285714 0.00357355568790947 0.028833551769331587
10 0.6681060154854079 0.5714285714285714 0.003275759380583681 0.02621231979030144
1 0.7763549731983324 0.5714285714285714 0.004169148302561048 0.03669724770642202
10 0.9401429422275164 0.5714285714285714 0.00357355568790947 0.028833551769331587
10 0.702054794520548 0.5714285714285714 0.003275759380583681 0.02621231979030144
1 0.8341274568195355 0.5714285714285714 0.004169148302561048 0.03669724770642202
10 0.6721262656343061 0.5714285714285714 0.00357355568790947 0.02621231979030144
10 0.6978856462179869 0.5727391874180865 0.003275759380583681 0.023591087811271297
10 0.9243597379392495 0.573394495412844 0.0029779630732578916 0.027522935779816515
10 0.7060750446694462 0.5740498034076016 0.00357355568790947 0.02621231979030144
10 0.8162596783799881 0.5747051114023591 0.004169148302561048 0.027522935779816515
10 0.820726622989875 0.5747051114023591 0.00357355568790947 0.027522935779816515
1 0.919446098868374 0.5747051114023591 0.004466944609886838 0.03800786369593709
10 0.7902025014889815 0.5753604193971167 0.003871351995235259 0.028833551769331587
1 0.9449076831447291 0.5760157273918742 0.004764740917212627 0.03800786369593709
1 0.12835020845741513 0.5753604193971167 0.004764740917212627 0.04980340760157274
10 0.7863311494937463 0.5760157273918742 0.004466944609886838 0.027522935779816515
10 0.7945205479452054 0.5753604193971167 0.004169148302561048 0.028833551769331587
10 0.824746873138773 0.5760157273918742 0.003275759380583681 0.02490170380078637
10 0.9060452650387135 0.5766710353866317 0.003275759380583681 0.02621231979030144
1 0.13653960690887432 0.5773263433813892 0.005062537224538415 0.04849279161205767
10 0.9021739130434783 0.5766710353866317 0.003275759380583681 0.023591087811271297
1 0.46322215604526507 0.5779816513761468 0.003275759380583681 0.02621231979030144
10 0.9581596188207266 0.5773263433813892 0.003275759380583681 0.027522935779816515
10 0.910958904109589 0.5786369593709043 0.0029779630732578916 0.027522935779816515
10 0.9541393686718285 0.5773263433813892 0.0029779630732578916 0.02490170380078637
1 0.12016081000595592 0.5779816513761468 0.004466944609886838 0.05242463958060288
10 0.9627754615842764 0.5799475753604194 0.00357355568790947 0.027522935779816515
10 0.5104228707564026 0.5825688073394495 0.00357355568790947 0.03014416775884666
1 0.6238832638475282 0.5838794233289646 0.005360333531864205 0.053735255570117955
1 0.6350506253722454 0.5845347313237221 0.005062537224538415 0.05242463958060288
10 0.4094699225729601 0.5838794233289646 0.00357355568790947 0.027522935779816515
1 0.6465157832042883 0.5845347313237221 0.004764740917212627 0.05242463958060288
10 0.5297796307325789 0.5858453473132372 0.00357355568790947 0.028833551769331587
10 0.6636390708755211 0.5884665792922673 0.003871351995235259 0.028833551769331587
10 0.6932698034544371 0.5884665792922673 0.0029779630732578916 0.028833551769331587
1 0.47394282310899344 0.5897771952817824 0.003275759380583681 0.023591087811271297
10 0.7811197141155449 0.5897771952817824 0.004169148302561048 0.03145478374836173
10 0.8287671232876712 0.5910878112712975 0.0029779630732578916 0.02621231979030144
10 0.9496724240619416 0.5950196592398427 0.00357355568790947 0.028833551769331587
10 0.04779630732578916 0.5950196592398427 0.003275759380583681 0.028833551769331587
10 0.07444907683144729 0.5950196592398427 0.00357355568790947 0.028833551769331587
10 0.9151280524121501 0.5943643512450852 0.00357355568790947 0.02490170380078637
10 0.1536628945801072 0.5956749672346002 0.00357355568790947 0.02490170380078637
10 0.18597379392495533 0.5956749672346002 0.004466944609886838 0.0327653997378768
10 0.5014889815366289 0.5969855832241153 0.004169148302561048 0.027522935779816515
10 0.4974687313877308 0.5982961992136304 0.003871351995235259 0.027522935779816515
10 0.2913936867182847 0.5982961992136304 0.003871351995235259 0.03014416775884666
10 0.4377605717689101 0.6009174311926605 0.00357355568790947 0.027522935779816515
10 0.3266825491363907 0.6002621231979031 0.00357355568790947 0.028833551769331587
10 0.56223942823109 0.601572739187418 0.004169148302561048 0.028833551769331587
1 0.46307325789160214 0.6074705111402359 0.00357355568790947 0.027522935779816515
10 0.4587552114353782 0.6081258191349934 0.003275759380583681 0.02621231979030144
10 0.45443716497915426 0.608781127129751 0.0029779630732578916 0.027522935779816515
1 0.47930315664085765 0.608781127129751 0.003871351995235259 0.03014416775884666
10 0.21039309112567003 0.6218872870249017 0.003871351995235259 0.03014416775884666
10 0.20086360929124478 0.6231979030144168 0.003871351995235259 0.03014416775884666
10 0.21545562835020846 0.6258191349934469 0.003871351995235259 0.0327653997378768
10 0.39740917212626564 0.6258191349934469 0.003275759380583681 0.03014416775884666
10 0.41453245979749853 0.6258191349934469 0.00357355568790947 0.02490170380078637
10 0.41021441334127456 0.627129750982962 0.003275759380583681 0.027522935779816515
10 0.2985407980941036 0.6369593709043251 0.003871351995235259 0.028833551769331587
1 0.20652173913043478 0.6395806028833552 0.003275759380583681 0.02621231979030144
10 0.3028588445503276 0.6402359108781127 0.004169148302561048 0.02490170380078637
1 0.4891304347826087 0.6461336828309305 0.004466944609886838 0.03407601572739188
10 0.34723049434187014 0.6494102228047182 0.004169148302561048 0.0327653997378768
10 0.3327873734365694 0.6487549148099607 0.003871351995235259 0.03145478374836173
10 0.31670637284097675 0.6513761467889908 0.003275759380583681 0.028833551769331587
10 0.3213222156045265 0.6520314547837484 0.004764740917212627 0.03014416775884666
10 0.3972602739726027 0.6553079947575361 0.004169148302561048 0.02621231979030144
10 0.4015783204288267 0.6553079947575361 0.003871351995235259 0.02621231979030144
10 0.4143835616438356 0.6559633027522935 0.003275759380583681 0.02490170380078637
10 0.40991661703394877 0.6559633027522935 0.003275759380583681 0.02490170380078637
1 0.3932400238237046 0.6566186107470511 0.003275759380583681 0.02621231979030144
10 0.4060452650387135 0.6566186107470511 0.003275759380583681 0.02621231979030144
10 0.42167957117331745 0.6579292267365662 0.0029779630732578916 0.02621231979030144
1 0.44639666468135797 0.6625163826998689 0.0029779630732578916 0.02490170380078637
1 0.36450268016676596 0.663826998689384 0.00357355568790947 0.027522935779816515
1 0.4508636092912448 0.663826998689384 0.00357355568790947 0.027522935779816515
10 0.5418403811792734 0.6644823066841415 0.003275759380583681 0.02621231979030144
1 0.4551816557474687 0.6644823066841415 0.003275759380583681 0.02621231979030144
10 0.5506253722453841 0.6651376146788991 0.00357355568790947 0.03014416775884666
10 0.5463073257891602 0.6671035386631717 0.003871351995235259 0.028833551769331587
10 0.6588743299583085 0.6690694626474443 0.003871351995235259 0.027522935779816515
10 0.30687909469922575 0.6716906946264745 0.003275759380583681 0.02490170380078637
10 0.3025610482430018 0.6730013106159896 0.00357355568790947 0.027522935779816515
10 0.6631923764145324 0.6841415465268676 0.0029779630732578916 0.028833551769331587
10 0.5086360929124479 0.6854521625163827 0.00357355568790947 0.023591087811271297
10 0.4175104228707564 0.6867627785058977 0.00357355568790947 0.028833551769331587
1 0.6676593210244193 0.6867627785058977 0.00357355568790947 0.028833551769331587
1 0.42197736748064324 0.6867627785058977 0.00357355568790947 0.028833551769331587
1 0.4941929720071471 0.6893840104849279 0.004466944609886838 0.03145478374836173
1 0.3243001786777844 0.6920052424639581 0.00357355568790947 0.02621231979030144
10 0.31953543776057175 0.6926605504587156 0.004169148302561048 0.0327653997378768
1 0.5321620011911852 0.6952817824377457 0.00357355568790947 0.027522935779816515
10 0.5358844550327576 0.6959370904325033 0.003275759380583681 0.028833551769331587
10 0.5461584276354973 0.6959370904325033 0.00357355568790947 0.02621231979030144
10 0.5415425848719476 0.6965923984272608 0.003871351995235259 0.027522935779816515
10 0.6588743299583085 0.7011795543905636 0.003871351995235259 0.02621231979030144
10 0.2942227516378797 0.7018348623853211 0.00357355568790947 0.0327653997378768
1 0.45562835020845743 0.7057667103538663 0.00357355568790947 0.02490170380078637
10 0.2718880285884455 0.7057667103538663 0.007742703990470518 0.019659239842726082
10 0.4514592019058964 0.7064220183486238 0.00357355568790947 0.028833551769331587
10 0.15157832042882668 0.7110091743119266 0.00357355568790947 0.035386631716906945
10 0.3327873734365694 0.7116644823066841 0.003871351995235259 0.03145478374836173
10 0.34723049434187014 0.7123197903014417 0.00357355568790947 0.03014416775884666
10 0.6268612269207862 0.7136304062909568 0.006551518761167362 0.01703800786369594
1 0.5229303156640858 0.7142857142857143 0.00357355568790947 0.02621231979030144
10 0.840381179273377 0.7169069462647444 0.006551518761167362 0.015727391874180863
10 0.37432995830851695 0.7182175622542595 0.0029779630732578916 0.02621231979030144
10 0.42674210839785587 0.7234600262123198 0.0029779630732578916 0.02621231979030144
10 0.4321024419297201 0.7398427260812582 0.00357355568790947 0.02490170380078637
10 0.42674210839785587 0.7536041939711664 0.00357355568790947 0.028833551769331587
10 0.4228707564026206 0.7549148099606815 0.00357355568790947 0.02621231979030144
10 0.9088743299583085 0.7575360419397117 0.00357355568790947 0.02621231979030144
1 0.1759976176295414 0.7621231979030144 0.00357355568790947 0.02490170380078637
1 0.17212626563430614 0.762778505897772 0.00357355568790947 0.02621231979030144
10 0.1262656343061346 0.7647444298820446 0.007742703990470518 0.022280471821756225
10 0.5920190589636688 0.7667103538663171 0.004169148302561048 0.028833551769331587
1 0.18314472900536033 0.7686762778505898 0.008338296605122097 0.05111402359108781
10 0.22826086956521738 0.7686762778505898 0.00684931506849315 0.01703800786369594
1 0.29749851101846336 0.7745740498034076 0.007742703990470518 0.05242463958060288
1 0.8290649195949971 0.7791612057667103 0.00357355568790947 0.027522935779816515
1 0.833234067897558 0.7798165137614679 0.004764740917212627 0.02621231979030144
1 0.25729600952948184 0.7798165137614679 0.00357355568790947 0.02621231979030144
1 0.25297796307325787 0.7804718217562254 0.003275759380583681 0.02490170380078637
10 0.3804347826086957 0.7830930537352556 0.003871351995235259 0.027522935779816515
1 0.42763549731983325 0.783748361730013 0.0029779630732578916 0.028833551769331587
1 0.6237343656938654 0.7857142857142857 0.003275759380583681 0.02490170380078637
1 0.6282013103037523 0.7870249017038008 0.003275759380583681 0.02490170380078637
1 0.8409767718880286 0.7889908256880734 0.007742703990470518 0.05242463958060288
1 0.4009827278141751 0.790956749672346 0.003275759380583681 0.03014416775884666
1 0.6533650982727814 0.7922673656618611 0.008933889219773675 0.05111402359108781
10 0.7793329362715903 0.7948885976408913 0.00357355568790947 0.02490170380078637
1 0.8097081596188207 0.7975098296199213 0.004169148302561048 0.03800786369593709
10 0.8043478260869565 0.7988204456094364 0.004169148302561048 0.0327653997378768
1 0.48764145324597974 0.8040629095674967 0.003871351995235259 0.035386631716906945
1 0.45279928528886243 0.8053735255570118 0.003871351995235259 0.027522935779816515
1 0.4654556283502085 0.8060288335517694 0.00357355568790947 0.028833551769331587
10 0.4825789160214413 0.8073394495412844 0.003275759380583681 0.02621231979030144
1 0.4566706372840977 0.8066841415465269 0.003871351995235259 0.03014416775884666
10 0.46098868374032165 0.8079947575360419 0.0029779630732578916 0.027522935779816515
1 0.47379392495533057 0.8086500655307994 0.004169148302561048 0.028833551769331587
1 0.4785586658725432 0.8079947575360419 0.00357355568790947 0.02490170380078637
10 0.41021441334127456 0.8099606815203145 0.003275759380583681 0.02621231979030144
10 0.41885050625372244 0.8106159895150721 0.003871351995235259 0.02490170380078637
10 0.4063430613460393 0.8119266055045872 0.003275759380583681 0.02490170380078637
10 0.41453245979749853 0.8125819134993447 0.00357355568790947 0.02621231979030144
1 0.4231685527099464 0.8119266055045872 0.0029779630732578916 0.027522935779816515
5 0.11241810601548541 0.7317562254259502 0.017370458606313293 0.09174311926605505
5 0.16180166765932102 0.7350327653997379 0.013898153662894602 0.09393184796854531
5 0.21491066110780224 0.737221494102228 0.014889815366289458 0.09393184796854531
5 0.28439547349612865 0.7394102228047181 0.015881477069684315 0.09393184796854531
5 0.4037611673615247 0.7208387942332897 0.024321024419297222 0.10921363040629094
5 0.4722543180464562 0.7131979030144168 0.02829064919594997 0.0982961992136304
5 0.5816944609886837 0.7415858453473133 0.015881477069684315 0.09393184796854531
5 0.6395175699821323 0.7426867627785059 0.015387135199523548 0.09174311926605505
5 0.8541780821917808 0.7448623853211009 0.015881477069684315 0.10048492791612067
5 0.9221768910065515 0.7579685452162517 0.015881477069684315 0.0698951507208387