10 0.2792349726775956 0.022865853658536585 0.00546448087431694 0.04573170731707317
10 0.30191256830601093 0.03353658536585366 0.006010928961748634 0.054878048780487805
10 0.3849726775956284 0.05945121951219512 0.004918032786885246 0.057926829268292686
10 0.18797814207650274 0.01676829268292683 0.006557377049180328 0.03353658536585366
1 0.22213114754098362 0.021341463414634148 0.00819672131147541 0.042682926829268296
10 0.23797814207650272 0.022865853658536585 0.004918032786885246 0.04573170731707317
1 0.24289617486338796 0.024390243902439025 0.006010928961748634 0.04878048780487805
10 0.2319672131147541 0.022865853658536585 0.007103825136612022 0.04573170731707317
10 0.18032786885245902 0.018292682926829267 0.006557377049180328 0.036585365853658534
12 0.1221311475409836 0.013719512195121951 0.00819672131147541 0.027439024390243903
1 0.6551912568306011 0.1448170731707317 0.00546448087431694 0.06402439024390244
10 0.13114754098360656 0.010670731707317074 0.006557377049180328 0.021341463414634148
1 0.14590163934426228 0.012195121951219513 0.004371584699453552 0.024390243902439025
10 0.13797814207650272 0.012195121951219513 0.006010928961748634 0.024390243902439025
12 0.1557377049180328 0.027439024390243903 0.014207650273224045 0.054878048780487805
10 0.6497267759562841 0.15091463414634146 0.00546448087431694 0.0701219512195122
1 0.7081967213114754 0.1722560975609756 0.007650273224043716 0.04573170731707317
12 0.25163934426229506 0.041158536585365856 0.011475409836065573 0.08231707317073171
10 0.6431693989071038 0.15091463414634146 0.00546448087431694 0.06402439024390244
5 0.326775956284153 0.07621951219512195 0.02622950819672131 0.1524390243902439
10 0.7147540983606557 0.1798780487804878 0.00546448087431694 0.042682926829268296
10 0.7024590163934427 0.17378048780487804 0.006010928961748634 0.042682926829268296
12 0.16885245901639345 0.0350609756097561 0.014207650273224045 0.0701219512195122
10 0.3494535519125683 0.07164634146341463 0.006010928961748634 0.051829268292682924
10 0.366120218579235 0.08384146341463415 0.004371584699453552 0.04573170731707317
10 0.9530054644808743 0.2576219512195122 0.007650273224043716 0.07621951219512195
1 0.6931693989071038 0.18597560975609756 0.006010928961748634 0.054878048780487805
1 0.6079234972677595 0.16310975609756098 0.006010928961748634 0.06402439024390244
10 0.6139344262295082 0.16463414634146342 0.006010928961748634 0.06707317073170732
1 0.728688524590164 0.20579268292682926 0.006010928961748634 0.06402439024390244
10 0.2934426229508197 0.08536585365853659 0.004371584699453552 0.04878048780487805
10 0.2789617486338798 0.08231707317073171 0.006010928961748634 0.054878048780487805
10 0.2855191256830601 0.08841463414634146 0.004918032786885246 0.054878048780487805
1 0.9461748633879782 0.2865853658536585 0.006010928961748634 0.06707317073170732
1 0.8833333333333333 0.2682926829268293 0.004918032786885246 0.06707317073170732
12 0.6256830601092896 0.19359756097560976 0.013114754098360656 0.07621951219512195
12 0.2685792349726776 0.08841463414634146 0.012568306010928962 0.07317073170731707
1 0.6560109289617486 0.20579268292682926 0.006010928961748634 0.04573170731707317
10 0.21666666666666667 0.07469512195121951 0.004918032786885246 0.051829268292682924
10 0.22213114754098362 0.07621951219512195 0.004918032786885246 0.054878048780487805
1 0.7087431693989071 0.2225609756097561 0.007650273224043716 0.04878048780487805
1 0.6972677595628415 0.21798780487804878 0.00546448087431694 0.04573170731707317
1 0.7019125683060109 0.22103658536585366 0.003825136612021858 0.04573170731707317
1 0.6505464480874317 0.20579268292682926 0.004918032786885246 0.04573170731707317
10 0.35437158469945357 0.12347560975609756 0.004918032786885246 0.04573170731707317
12 0.09836065573770492 0.051829268292682924 0.012021857923497269 0.08536585365853659
1 0.3442622950819672 0.12347560975609756 0.00546448087431694 0.051829268292682924
12 0.13579234972677595 0.06554878048780488 0.012568306010928962 0.07621951219512195
1 0.08825136612021858 0.051829268292682924 0.004918032786885246 0.054878048780487805
12 0.11147540983606558 0.056402439024390245 0.013114754098360656 0.07621951219512195
1 0.12076502732240438 0.05945121951219512 0.004371584699453552 0.057926829268292686
10 0.08114754098360656 0.04878048780487805 0.006010928961748634 0.054878048780487805
1 0.6437158469945355 0.2149390243902439 0.003278688524590164 0.039634146341463415
5 0.6762295081967213 0.22408536585365854 0.02459016393442623 0.14939024390243902
10 0.36420765027322405 0.13567073170731708 0.004918032786885246 0.04573170731707317
12 0.23387978142076501 0.10060975609756098 0.012021857923497269 0.09146341463414634
1 0.8770491803278688 0.2865853658536585 0.007650273224043716 0.06097560975609756
1 0.6396174863387978 0.21951219512195122 0.003825136612021858 0.042682926829268296
10 0.6352459016393442 0.22560975609756098 0.004918032786885246 0.042682926829268296
10 0.3046448087431694 0.13109756097560976 0.003825136612021858 0.04878048780487805
1 0.1551912568306011 0.0899390243902439 0.007650273224043716 0.0701219512195122
1 0.30901639344262294 0.13567073170731708 0.004918032786885246 0.057926829268292686
10 0.8707650273224044 0.31097560975609756 0.006010928961748634 0.054878048780487805
10 0.3844262295081967 0.17073170731707318 0.006010928961748634 0.054878048780487805
10 0.7265027322404372 0.27134146341463417 0.006010928961748634 0.054878048780487805
10 0.7142076502732241 0.27134146341463417 0.004371584699453552 0.042682926829268296
10 0.7185792349726776 0.2759146341463415 0.004371584699453552 0.039634146341463415
10 0.7084699453551913 0.27134146341463417 0.006010928961748634 0.042682926829268296
10 0.9344262295081968 0.34146341463414637 0.004371584699453552 0.04878048780487805
1 0.4751366120218579 0.21036585365853658 0.006010928961748634 0.06707317073170732
1 0.4672131147540984 0.2073170731707317 0.007650273224043716 0.07317073170731707
10 0.7874316939890711 0.3018292682926829 0.006557377049180328 0.054878048780487805
1 0.7024590163934427 0.2774390243902439 0.006010928961748634 0.04878048780487805
1 0.6628415300546449 0.2698170731707317 0.00546448087431694 0.057926829268292686
1 0.6573770491803279 0.2682926829268293 0.00546448087431694 0.04878048780487805
12 0.3704918032786885 0.18902439024390244 0.01092896174863388 0.08536585365853659
12 0.2907103825136612 0.16615853658536586 0.013114754098360656 0.09451219512195122
10 0.08087431693989071 0.10365853658536585 0.006557377049180328 0.054878048780487805
10 0.32486338797814207 0.17378048780487804 0.003825136612021858 0.054878048780487805
10 0.8592896174863388 0.3307926829268293 0.006010928961748634 0.057926829268292686
12 0.3581967213114754 0.1875 0.011475409836065573 0.08231707317073171
1 0.6368852459016393 0.2682926829268293 0.003825136612021858 0.036585365853658534
10 0.319672131147541 0.17530487804878048 0.004371584699453552 0.057926829268292686
10 0.3300546448087432 0.1798780487804878 0.004371584699453552 0.06097560975609756
10 0.6420765027322405 0.2698170731707317 0.004371584699453552 0.039634146341463415
1 0.31420765027322406 0.17530487804878048 0.00546448087431694 0.051829268292682924
10 0.25218579234972677 0.1600609756097561 0.004918032786885246 0.06402439024390244
12 0.6019125683060109 0.2652439024390244 0.012568306010928962 0.07926829268292683
10 0.27595628415300544 0.17073170731707318 0.006557377049180328 0.07317073170731707
1 0.3483606557377049 0.19054878048780488 0.006010928961748634 0.057926829268292686
1 0.2598360655737705 0.16463414634146342 0.007103825136612022 0.07926829268292683
1 0.34262295081967215 0.18902439024390244 0.004371584699453552 0.06707317073170732
10 0.2685792349726776 0.17073170731707318 0.006010928961748634 0.07317073170731707
10 0.6122950819672132 0.2698170731707317 0.007103825136612022 0.08231707317073171
10 0.13497267759562842 0.13109756097560976 0.004371584699453552 0.054878048780487805
1 0.12431693989071038 0.12957317073170732 0.004918032786885246 0.051829268292682924
10 0.12950819672131147 0.12957317073170732 0.004371584699453552 0.051829268292682924
1 0.24508196721311476 0.16615853658536586 0.00819672131147541 0.08841463414634146
10 0.14262295081967213 0.13567073170731708 0.00546448087431694 0.051829268292682924
1 0.10191256830601093 0.125 0.004918032786885246 0.054878048780487805
10 0.942896174863388 0.3780487804878049 0.007103825136612022 0.07317073170731707
10 0.796448087431694 0.33689024390243905 0.006010928961748634 0.06402439024390244
12 0.6251366120218579 0.2896341463414634 0.01092896174863388 0.08536585365853659
12 0.11120218579234972 0.14176829268292682 0.012568306010928962 0.08841463414634146
10 0.23579234972677596 0.17835365853658536 0.004918032786885246 0.057926829268292686
10 0.1885245901639344 0.16920731707317074 0.004371584699453552 0.057926829268292686
10 0.21994535519125682 0.18140243902439024 0.004918032786885246 0.06402439024390244
1 0.19699453551912569 0.17378048780487804 0.009289617486338797 0.07317073170731707
1 0.2122950819672131 0.1798780487804878 0.009289617486338797 0.07317073170731707
1 0.7243169398907103 0.3307926829268293 0.004918032786885246 0.051829268292682924
10 0.2046448087431694 0.1798780487804878 0.004918032786885246 0.06097560975609756
1 0.2273224043715847 0.18445121951219512 0.008743169398907104 0.08231707317073171
1 0.716120218579235 0.3277439024390244 0.009289617486338797 0.057926829268292686
10 0.8767759562841531 0.37652439024390244 0.007103825136612022 0.08231707317073171
1 0.7076502732240437 0.3277439024390244 0.007650273224043716 0.051829268292682924
1 0.1808743169398907 0.17378048780487804 0.008743169398907104 0.07926829268292683
10 0.7442622950819672 0.34146341463414637 0.009836065573770493 0.10365853658536585
10 0.9341530054644809 0.3948170731707317 0.004918032786885246 0.057926829268292686
10 0.7877049180327869 0.3567073170731707 0.006010928961748634 0.054878048780487805
12 0.65 0.3155487804878049 0.010382513661202186 0.08231707317073171
10 0.8699453551912568 0.38109756097560976 0.004371584699453552 0.054878048780487805
10 0.6368852459016393 0.31097560975609756 0.003825136612021858 0.042682926829268296
10 0.6415300546448087 0.3125 0.004371584699453552 0.039634146341463415
1 0.6934426229508197 0.3399390243902439 0.004371584699453552 0.057926829268292686
10 0.6674863387978142 0.3353658536585366 0.006010928961748634 0.054878048780487805
10 0.7002732240437158 0.34603658536585363 0.004918032786885246 0.057926829268292686
1 0.6726775956284153 0.3399390243902439 0.00546448087431694 0.057926829268292686
12 0.6860655737704918 0.35060975609756095 0.010382513661202186 0.08536585365853659
10 0.03633879781420765 0.16310975609756098 0.006010928961748634 0.051829268292682924
10 0.04289617486338798 0.16463414634146342 0.006010928961748634 0.054878048780487805
1 0.7516393442622951 0.39176829268292684 0.007103825136612022 0.057926829268292686
12 0.29508196721311475 0.2774390243902439 0.012021857923497269 0.07317073170731707
10 0.28387978142076503 0.2774390243902439 0.00819672131147541 0.07317073170731707
10 0.30573770491803276 0.28810975609756095 0.007103825136612022 0.0701219512195122
1 0.5833333333333334 0.4009146341463415 0.009289617486338797 0.08841463414634146
1 0.05901639344262295 0.25609756097560976 0.008743169398907104 0.10365853658536585
1 0.5038251366120219 0.3932926829268293 0.009836065573770493 0.10365853658536585
1 0.004098360655737705 0.27439024390243905 0.006010928961748634 0.054878048780487805
1 0.01366120218579235 0.27896341463414637 0.006557377049180328 0.06402439024390244
12 0.023770491803278688 0.28353658536585363 0.012568306010928962 0.07317073170731707
12 0.03934426229508197 0.28810975609756095 0.013114754098360656 0.08231707317073171
12 0.2617486338797814 0.3719512195121951 0.012021857923497269 0.07926829268292683
10 0.2707650273224044 0.3780487804878049 0.006010928961748634 0.054878048780487805
12 0.004918032786885246 0.3429878048780488 0.008743169398907104 0.08841463414634146
10 0.04180327868852459 0.35365853658536583 0.004918032786885246 0.054878048780487805
1 0.24398907103825138 0.41615853658536583 0.007103825136612022 0.06402439024390244
1 0.02459016393442623 0.3521341463414634 0.00546448087431694 0.051829268292682924
10 0.036065573770491806 0.3567073170731707 0.006557377049180328 0.054878048780487805
12 0.5308743169398907 0.510670731707317 0.012568306010928962 0.08231707317073171
12 0.5530054644808743 0.5152439024390244 0.012021857923497269 0.08536585365853659
1 0.8316939890710382 0.600609756097561 0.00546448087431694 0.054878048780487805
12 0.8013661202185792 0.5914634146341463 0.010382513661202186 0.06097560975609756
1 0.7926229508196722 0.5899390243902439 0.006010928961748634 0.06402439024390244
10 0.5740437158469945 0.5289634146341463 0.00819672131147541 0.07621951219512195
10 0.8371584699453551 0.6051829268292683 0.006557377049180328 0.06402439024390244
12 0.8139344262295082 0.600609756097561 0.011475409836065573 0.07317073170731707
1 0.5636612021857923 0.5274390243902439 0.006010928961748634 0.054878048780487805
1 0.521311475409836 0.5182926829268293 0.00546448087431694 0.054878048780487805
10 0.012295081967213115 0.37347560975609756 0.006010928961748634 0.051829268292682924
10 0.7786885245901639 0.5975609756097561 0.006557377049180328 0.06707317073170732
12 0.26666666666666666 0.45121951219512196 0.009836065573770493 0.07926829268292683
12 0.2538251366120219 0.45121951219512196 0.011475409836065573 0.07926829268292683
10 0.5155737704918033 0.5289634146341463 0.006010928961748634 0.057926829268292686
12 0.8016393442622951 0.6753048780487805 0.009836065573770493 0.08231707317073171
12 0.7887978142076503 0.6692073170731707 0.01366120218579235 0.08841463414634146
1 0.2647540983606557 0.5335365853658537 0.004918032786885246 0.054878048780487805
10 0.25792349726775954 0.5365853658536586 0.00546448087431694 0.06097560975609756
1 0.7087431693989071 0.12042682926829268 0.007650273224043716 0.04573170731707317
1 0.6603825136612022 0.11128048780487805 0.003825136612021858 0.051829268292682924
10 0.678415300546448 0.12042682926829268 0.006010928961748634 0.06402439024390244
1 0.6650273224043716 0.11432926829268293 0.004371584699453552 0.051829268292682924
12 0.3743169398907104 0.036585365853658534 0.013114754098360656 0.07317073170731707
10 0.7155737704918033 0.13109756097560976 0.004918032786885246 0.04878048780487805
10 0.6715846994535519 0.12042682926829268 0.006557377049180328 0.06402439024390244
1 0.7210382513661202 0.13567073170731708 0.004918032786885246 0.051829268292682924
10 0.6196721311475409 0.10670731707317073 0.008743169398907104 0.06707317073170732
1 0.7021857923497268 0.13109756097560976 0.00546448087431694 0.042682926829268296
1 0.6953551912568307 0.12957317073170732 0.007103825136612022 0.051829268292682924
2 0.43989071038251365 0.08384146341463415 0.1005464480874317 0.1676829268292683
10 0.2939890710382514 0.025914634146341462 0.004371584699453552 0.04573170731707317