10 0.7496498599439776 0.13918918918918918 0.007703081232492998 0.024324324324324326
10 0.7570028011204482 0.14189189189189189 0.0070028011204481795 0.01891891891891892
10 0.7818627450980392 0.15067567567567566 0.009103641456582634 0.022972972972972974
10 0.7955182072829131 0.15608108108108107 0.00980392156862745 0.025675675675675677
10 0.7139355742296919 0.14527027027027026 0.01330532212885154 0.02837837837837838
10 0.9226190476190477 0.17972972972972973 0.01050420168067227 0.024324324324324326
1 0.9562324929971989 0.20540540540540542 0.04411764705882353 0.07567567567567568
10 0.8189775910364145 0.18986486486486487 0.01050420168067227 0.012162162162162163
10 0.8231792717086834 0.20540540540540542 0.011904761904761904 0.016216216216216217
10 0.11589635854341737 0.11216216216216217 0.007703081232492998 0.024324324324324326
10 0.1092436974789916 0.11283783783783784 0.00980392156862745 0.02837837837837838
10 0.24089635854341737 0.1358108108108108 0.012605042016806723 0.031081081081081083
10 0.25210084033613445 0.13986486486486485 0.00980392156862745 0.02837837837837838
1 0.792016806722689 0.22364864864864864 0.05182072829131653 0.09054054054054055
1 0.623249299719888 0.20405405405405405 0.018207282913165267 0.04054054054054054
1 0.7615546218487395 0.23445945945945945 0.01610644257703081 0.022972972972972974
1 0.9488795518207283 0.3033783783783784 0.04061624649859944 0.07972972972972973
1 0.8550420168067226 0.29864864864864865 0.049019607843137254 0.0891891891891892
1 0.8998599439775911 0.3054054054054054 0.049019607843137254 0.0918918918918919
2 0.061274509803921566 0.1945945945945946 0.03991596638655462 0.22972972972972974
10 0.41316526610644255 0.24864864864864866 0.012605042016806723 0.02702702702702703
1 0.42331932773109243 0.2533783783783784 0.01050420168067227 0.025675675675675677
1 0.11449579831932773 0.2222972972972973 0.01330532212885154 0.02027027027027027
1 0.11379551820728291 0.26756756756756755 0.04551820728291316 0.08378378378378379
1 0.14425770308123248 0.2777027027027027 0.00980392156862745 0.025675675675675677
10 0.18557422969187676 0.30405405405405406 0.008403361344537815 0.024324324324324326
10 0.19257703081232494 0.30608108108108106 0.0070028011204481795 0.025675675675675677
10 0.18172268907563024 0.3236486486486487 0.01750700280112045 0.01756756756756757
10 0.24544817927170867 0.34459459459459457 0.011904761904761904 0.032432432432432434
10 0.18102240896358543 0.3385135135135135 0.014705882352941176 0.014864864864864866
2 0.11659663865546219 0.4905405405405405 0.04831932773109244 0.2
10 0.5056022408963585 0.05405405405405406 0.011204481792717087 0.024324324324324326
10 0.5168067226890757 0.057432432432432436 0.012605042016806723 0.01756756756756757
10 0.5682773109243697 0.06486486486486487 0.01330532212885154 0.016216216216216217
10 0.542016806722689 0.060810810810810814 0.00980392156862745 0.01891891891891892
10 0.5339635854341737 0.06283783783783783 0.01050420168067227 0.012162162162162163
10 0.5696778711484594 0.07837837837837838 0.014705882352941176 0.016216216216216217
10 0.41491596638655465 0.9540540540540541 0.009103641456582634 0.024324324324324326
10 0.42296918767507 0.9567567567567568 0.00980392156862745 0.021621621621621623
10 0.4334733893557423 0.9614864864864865 0.011204481792717087 0.01756756756756757
10 0.8588935574229691 0.1445945945945946 0.011904761904761904 0.03783783783783784
10 0.9051120448179272 0.15067567567567566 0.01050420168067227 0.031081081081081083
1 0.6228991596638656 0.11554054054054054 0.021708683473389355 0.031081081081081083
5 0.8277310924369747 0.14864864864864866 0.04201680672268908 0.0891891891891892
12 0.7654061624649859 0.14054054054054055 0.012605042016806723 0.016216216216216217