10 0.7294921875 0.5224056603773585 0.0126953125 0.009433962264150943
1 0.710205078125 0.5259433962264151 0.00537109375 0.01061320754716981
12 0.593017578125 0.5365566037735849 0.02099609375 0.02830188679245283
1 0.74609375 0.5303655660377359 0.0048828125 0.013561320754716982
1 0.62890625 0.5474646226415094 0.005859375 0.012382075471698114
1 0.513671875 0.5731132075471698 0.0107421875 0.008254716981132075
1 0.432861328125 0.5810731132075472 0.00634765625 0.01474056603773585
1 0.40576171875 0.5884433962264151 0.009765625 0.008254716981132075
12 0.1279296875 0.6011202830188679 0.0107421875 0.01945754716981132
5 0.0732421875 0.6126179245283019 0.013671875 0.01768867924528302
1 0.40869140625 0.6143867924528302 0.01171875 0.008254716981132075
1 0.517822265625 0.6105542452830188 0.01123046875 0.010023584905660377
5 0.029541015625 0.6323702830188679 0.02294921875 0.0347877358490566
10 0.116943359375 0.07753537735849056 0.00732421875 0.018278301886792452
1 0.51806640625 0.6199882075471698 0.009765625 0.00884433962264151
12 0.706787109375 0.6140919811320755 0.01416015625 0.013561320754716982
5 0.899658203125 0.6096698113207547 0.03564453125 0.05188679245283019
12 0.70703125 0.6503537735849056 0.0107421875 0.014150943396226415
2 0.0556640625 0.7222877358490566 0.0302734375 0.09905660377358491
12 0.89990234375 0.7255306603773585 0.013671875 0.01474056603773585
2 0.736083984375 0.7399764150943396 0.04541015625 0.30542452830188677
12 0.698486328125 0.8122051886792453 0.01416015625 0.015919811320754717
10 0.365478515625 0.8290094339622641 0.01025390625 0.009433962264150943
10 0.405517578125 0.8278301886792453 0.01123046875 0.009433962264150943
10 0.50732421875 0.8248820754716981 0.01171875 0.008254716981132075
10 0.445556640625 0.8275353773584906 0.01025390625 0.012382075471698114
10 0.47021484375 0.8263561320754716 0.009765625 0.013561320754716982
10 0.3828125 0.8298938679245284 0.0107421875 0.010023584905660377
10 0.419677734375 0.8287146226415094 0.01123046875 0.010023584905660377
10 0.562255859375 0.8231132075471698 0.01025390625 0.008254716981132075
10 0.549560546875 0.8251768867924528 0.00732421875 0.0076650943396226415
10 0.523193359375 0.8263561320754716 0.01025390625 0.0076650943396226415
5 0.045654296875 0.8564268867924528 0.02978515625 0.028891509433962265
10 0.383544921875 0.8611438679245284 0.00927734375 0.0076650943396226415
10 0.406005859375 0.8602594339622641 0.01123046875 0.009433962264150943
10 0.42431640625 0.8602594339622641 0.0126953125 0.009433962264150943
10 0.470947265625 0.8587853773584906 0.01220703125 0.00884433962264151
10 0.366455078125 0.863502358490566 0.01123046875 0.010023584905660377
10 0.447509765625 0.8596698113207547 0.01318359375 0.009433962264150943
10 0.56396484375 0.8549528301886793 0.0078125 0.009433962264150943
10 0.50927734375 0.8570165094339622 0.009765625 0.0076650943396226415
10 0.5234375 0.8573113207547169 0.0107421875 0.008254716981132075
10 0.550537109375 0.8573113207547169 0.01220703125 0.007075471698113208
5 0.755859375 0.9147995283018868 0.0244140625 0.033608490566037735
12 0.881103515625 0.9186320754716981 0.07958984375 0.08490566037735849
10 0.365966796875 0.9675707547169812 0.00830078125 0.007075471698113208
10 0.51123046875 0.9619693396226415 0.0078125 0.0076650943396226415
10 0.381103515625 0.9681603773584906 0.00830078125 0.008254716981132075
10 0.3955078125 0.9678655660377359 0.009765625 0.006485849056603774
10 0.409423828125 0.9672759433962265 0.00732421875 0.006485849056603774
10 0.525634765625 0.9622641509433962 0.01123046875 0.007075471698113208
10 0.4375 0.9658018867924528 0.009765625 0.008254716981132075
10 0.474365234375 0.964622641509434 0.01220703125 0.007075471698113208
10 0.454833984375 0.9658018867924528 0.00830078125 0.00589622641509434
10 0.464599609375 0.9655070754716981 0.00732421875 0.0076650943396226415
10 0.418701171875 0.9675707547169812 0.00732421875 0.007075471698113208
10 0.446533203125 0.9663915094339622 0.00732421875 0.00589622641509434
5 0.810302734375 0.9528301886792453 0.01611328125 0.020047169811320754
5 0.018798828125 0.12942216981132076 0.02685546875 0.01945754716981132
12 0.188720703125 0.18632075471698112 0.02783203125 0.027122641509433963
12 0.234375 0.19133254716981132 0.01953125 0.03125
12 0.25439453125 0.19162735849056603 0.021484375 0.031839622641509434
1 0.1708984375 0.21314858490566038 0.01171875 0.017099056603773585
1 0.185302734375 0.21226415094339623 0.01220703125 0.02122641509433962
5 0.1416015625 0.21550707547169812 0.0146484375 0.018278301886792452
1 0.232177734375 0.22258254716981132 0.01318359375 0.018278301886792452
1 0.2470703125 0.22317216981132076 0.01171875 0.018278301886792452
12 0.8134765625 0.20577830188679244 0.0068359375 0.012971698113207548
1 0.879150390625 0.2028301886792453 0.00732421875 0.014150943396226415
12 0.828857421875 0.21373820754716982 0.01318359375 0.00884433962264151
1 0.18505859375 0.24646226415094338 0.00390625 0.01061320754716981
1 0.17431640625 0.24705188679245282 0.0048828125 0.01179245283018868
1 0.167236328125 0.24793632075471697 0.00537109375 0.013561320754716982
5 0.313720703125 0.2429245283018868 0.02880859375 0.05070754716981132
1 0.159423828125 0.2508844339622642 0.00439453125 0.010023584905660377
1 0.1572265625 0.2668042452830189 0.0048828125 0.012382075471698114
5 0.870849609375 0.23879716981132076 0.03662109375 0.04481132075471698
5 0.18115234375 0.27564858490566035 0.0380859375 0.0347877358490566
1 0.842529296875 0.2508844339622642 0.01123046875 0.0076650943396226415
1 0.903076171875 0.2502948113207547 0.00927734375 0.006485849056603774
12 0.14794921875 0.28596698113207547 0.0126953125 0.020047169811320754
5 0.234375 0.2844929245283019 0.044921875 0.057193396226415096
12 0.57666015625 0.27299528301886794 0.0126953125 0.012971698113207548
12 0.293701171875 0.2939268867924528 0.02978515625 0.027712264150943397
1 0.314697265625 0.2936320754716981 0.00830078125 0.018867924528301886
1 0.73681640625 0.28390330188679247 0.0029296875 0.0076650943396226415
12 0.745361328125 0.28390330188679247 0.01123046875 0.0076650943396226415
12 0.652587890625 0.3004127358490566 0.00732421875 0.013561320754716982
1 0.73583984375 0.30395047169811323 0.005859375 0.013561320754716982
12 0.5986328125 0.310436320754717 0.0107421875 0.01474056603773585
12 0.283203125 0.3287146226415094 0.0244140625 0.02535377358490566
12 0.313232421875 0.3278301886792453 0.02685546875 0.024764150943396228
12 0.207275390625 0.33225235849056606 0.02978515625 0.02653301886792453
12 0.1767578125 0.33372641509433965 0.0302734375 0.025943396226415096
12 0.652587890625 0.3163325471698113 0.00830078125 0.015919811320754717
1 0.138671875 0.3405070754716981 0.01171875 0.00884433962264151
1 0.232421875 0.3387382075471698 0.013671875 0.00884433962264151
1 0.257080078125 0.33785377358490565 0.01708984375 0.01061320754716981
12 0.817626953125 0.31898584905660377 0.01025390625 0.01061320754716981
12 0.7548828125 0.3278301886792453 0.0087890625 0.007075471698113208
1 0.903076171875 0.32222877358490565 0.00341796875 0.00294811320754717
12 0.772216796875 0.3278301886792453 0.00927734375 0.008254716981132075
1 0.234130859375 0.35170990566037735 0.01513671875 0.010023584905660377
1 0.8671875 0.326061320754717 0.005859375 0.003537735849056604
12 0.600341796875 0.33785377358490565 0.00830078125 0.014150943396226415
1 0.259033203125 0.35229952830188677 0.01611328125 0.010023584905660377
1 0.903076171875 0.3269457547169811 0.00439453125 0.00294811320754717
12 0.313720703125 0.35377358490566035 0.02685546875 0.02358490566037736
1 0.695068359375 0.3387382075471698 0.00927734375 0.017099056603773585
12 0.283447265625 0.35672169811320753 0.02685546875 0.024764150943396228
12 0.208740234375 0.3599646226415094 0.03076171875 0.027712264150943397
12 0.177734375 0.36202830188679247 0.03125 0.025943396226415096
1 0.681396484375 0.341686320754717 0.00732421875 0.012382075471698114
1 0.84326171875 0.33608490566037735 0.00390625 0.008254716981132075
1 0.234375 0.3646816037735849 0.0146484375 0.00884433962264151
1 0.25830078125 0.3646816037735849 0.0166015625 0.00884433962264151
5 0.87060546875 0.35318396226415094 0.0302734375 0.0330188679245283
1 0.843505859375 0.3540683962264151 0.00439453125 0.0076650943396226415
12 0.80615234375 0.3555424528301887 0.0107421875 0.014150943396226415
12 0.7900390625 0.35672169811320753 0.01171875 0.014150943396226415
1 0.171630859375 0.38502358490566035 0.00634765625 0.01061320754716981
1 0.255615234375 0.38266509433962265 0.00732421875 0.009433962264150943
1 0.240966796875 0.38325471698113206 0.00830078125 0.012971698113207548
1 0.1796875 0.38620283018867924 0.00390625 0.008254716981132075
1 0.194091796875 0.3856132075471698 0.00634765625 0.01061320754716981
1 0.2705078125 0.38237028301886794 0.0087890625 0.011202830188679245
1 0.22509765625 0.38413915094339623 0.005859375 0.010023584905660377
1 0.217529296875 0.38472877358490565 0.00732421875 0.011202830188679245
1 0.248291015625 0.38325471698113206 0.00732421875 0.012971698113207548
1 0.262939453125 0.38266509433962265 0.00927734375 0.01179245283018868
1 0.2783203125 0.38266509433962265 0.009765625 0.01179245283018868
12 0.584228515625 0.3696933962264151 0.01123046875 0.01061320754716981
1 0.187744140625 0.38649764150943394 0.00537109375 0.011202830188679245
1 0.201904296875 0.38590801886792453 0.00537109375 0.012382075471698114
1 0.233154296875 0.38502358490566035 0.00634765625 0.012971698113207548
1 0.209716796875 0.38620283018867924 0.00634765625 0.01179245283018868
1 0.85009765625 0.3643867924528302 0.00390625 0.0023584905660377358
1 0.892822265625 0.3643867924528302 0.00634765625 0.01061320754716981
1 0.850341796875 0.3699882075471698 0.00341796875 0.00294811320754717
1 0.862548828125 0.3741155660377358 0.00537109375 0.001768867924528302
1 0.87890625 0.3741155660377358 0.0048828125 0.00294811320754717
12 0.432373046875 0.39681603773584906 0.01123046875 0.012971698113207548
1 0.89453125 0.3782429245283019 0.00390625 0.0076650943396226415
1 0.884033203125 0.38178066037735847 0.00634765625 0.00294811320754717
12 0.799560546875 0.3909198113207547 0.01123046875 0.015330188679245283
1 0.631103515625 0.4030070754716981 0.01025390625 0.006485849056603774
12 0.433837890625 0.41273584905660377 0.01025390625 0.012971698113207548
12 0.05029296875 0.46609669811320753 0.0107421875 0.011202830188679245
1 0.602783203125 0.4560731132075472 0.01220703125 0.00884433962264151
1 0.24267578125 0.47582547169811323 0.0048828125 0.012971698113207548
1 0.212646484375 0.47670990566037735 0.00732421875 0.012382075471698114
1 0.226318359375 0.47670990566037735 0.00830078125 0.013561320754716982
1 0.1962890625 0.47788915094339623 0.0068359375 0.012382075471698114
1 0.2568359375 0.47553066037735847 0.0078125 0.013561320754716982
1 0.2041015625 0.47818396226415094 0.0068359375 0.01061320754716981
1 0.25048828125 0.47641509433962265 0.0078125 0.014150943396226415
1 0.23388671875 0.47700471698113206 0.009765625 0.015330188679245283
1 0.218505859375 0.47847877358490565 0.00634765625 0.011202830188679245
5 0.038818359375 0.06633254716981132 0.02099609375 0.017099056603773585
5 0.56298828125 0.466686320754717 0.0107421875 0.015919811320754717
5 0.577392578125 0.4675707547169811 0.01123046875 0.012971698113207548
12 0.602783203125 0.47287735849056606 0.01416015625 0.015330188679245283
1 0.102294921875 0.5153301886792453 0.01220703125 0.008254716981132075
1 0.63232421875 0.49528301886792453 0.009765625 0.008254716981132075
12 0.12060546875 0.5294811320754716 0.01171875 0.02122641509433962
1 0.24365234375 0.5359669811320755 0.0068359375 0.014150943396226415
1 0.206298828125 0.5374410377358491 0.00634765625 0.013561320754716982
1 0.1982421875 0.5383254716981132 0.005859375 0.012971698113207548
1 0.251708984375 0.5362617924528302 0.01025390625 0.017099056603773585
1 0.220947265625 0.5374410377358491 0.00830078125 0.01474056603773585
1 0.228759765625 0.5377358490566038 0.00830078125 0.01061320754716981
1 0.21337890625 0.5380306603773585 0.005859375 0.011202830188679245
1 0.236328125 0.5374410377358491 0.005859375 0.01474056603773585
1 0.260009765625 0.5368514150943396 0.00927734375 0.013561320754716982