10 0.10688956433637285 0.8244584837545126 0.00911854103343465 0.027978339350180504
1 0.10157041540020263 0.8276173285198556 0.010638297872340425 0.02707581227436823
1 0.14564336372847012 0.8163357400722022 0.021783181357649443 0.026173285198555957
1 0.6719858156028369 0.6186823104693141 0.044072948328267476 0.06407942238267147
10 0.346757852077001 0.7459386281588448 0.014690982776089158 0.02075812274368231
10 0.4389564336372847 0.06498194945848375 0.03090172239108409 0.03790613718411552
10 0.5838399189463019 0.6574909747292419 0.008611955420466059 0.01895306859205776
12 0.526595744680851 0.03294223826714802 0.013677811550151976 0.02256317689530686
1 0.4455420466058764 0.7184115523465704 0.013677811550151976 0.023465703971119134
1 0.1469098277608916 0.8316787003610109 0.02330293819655522 0.01895306859205776
5 0.38551165146909827 0.7436823104693141 0.034447821681864235 0.0703971119133574
10 0.12386018237082067 0.848826714801444 0.034954407294832825 0.05144404332129964
1 0.40476190476190477 0.7418772563176895 0.0121580547112462 0.01444043321299639
12 0.3411854103343465 0.7666967509025271 0.012664640324214792 0.017148014440433214
1 0.8571428571428571 0.5735559566787004 0.022289766970618033 0.0351985559566787
12 0.3541033434650456 0.766245487364621 0.00911854103343465 0.021660649819494584
12 0.6484295845997974 0.6543321299638989 0.013171225937183385 0.02527075812274368
1 0.5058257345491388 0.7093862815884476 0.012664640324214792 0.02707581227436823
10 0.41514690982776087 0.743231046931408 0.008611955420466059 0.01895306859205776
12 0.5883991894630193 0.6787003610108303 0.010638297872340425 0.023465703971119134
1 0.9924012158054711 0.5288808664259927 0.014184397163120567 0.02527075812274368
10 0.44680851063829785 0.7355595667870036 0.011144883485309016 0.010830324909747292
5 0.4756838905775076 0.7251805054151624 0.05065856129685917 0.1272563176895307
1 0.3639817629179331 0.7707581227436823 0.006585612968591692 0.018050541516245487
1 0.540273556231003 0.7080324909747292 0.027862208713272545 0.07310469314079422
1 0.4490881458966565 0.7445848375451264 0.012664640324214792 0.01444043321299639
1 0.044832826747720364 0.8993682310469314 0.016717325227963525 0.01895306859205776
10 0.5896656534954408 0.6949458483754513 0.014184397163120567 0.01263537906137184
5 0.06357649442755826 0.8953068592057761 0.034954407294832825 0.0776173285198556
1 0.3799392097264438 0.09160649819494585 0.029381965552178316 0.04963898916967509
1 0.5737082066869301 0.7048736462093863 0.02684903748733536 0.048736462093862815
12 0.6517223910840932 0.6759927797833934 0.013677811550151976 0.021660649819494584
1 0.8606889564336373 0.601985559566787 0.022289766970618033 0.036101083032490974
10 0.044832826747720364 0.9129061371841155 0.012664640324214792 0.015342960288808664
10 0.9622593718338399 0.5676895306859205 0.023809523809523808 0.08303249097472924
1 0.5524316109422492 0.028429602888086644 0.019756838905775075 0.0388086642599278
12 0.43667679837892603 0.7820397111913358 0.010131712259371834 0.029783393501805054
1 0.5747213779128673 0.7310469314079422 0.007598784194528876 0.021660649819494584
10 0.5620567375886525 0.7360108303249098 0.008611955420466059 0.02256317689530686
10 0.8490374873353597 0.6277075812274369 0.013171225937183385 0.017148014440433214
10 0.5544579533941236 0.740072202166065 0.007598784194528876 0.021660649819494584
1 0.5486322188449848 0.7423285198555957 0.0070921985815602835 0.02075812274368231
1 0.5678824721377913 0.7360108303249098 0.008105369807497468 0.024368231046931407
1 0.36524822695035464 0.8127256317689531 0.015197568389057751 0.026173285198555957
1 0.5210233029381965 0.753158844765343 0.028875379939209727 0.08574007220216606
1 0.5352077001013171 0.7477436823104693 0.007598784194528876 0.02075812274368231
1 0.5823201621073961 0.7310469314079422 0.007598784194528876 0.019855595667870037
1 0.542806484295846 0.746841155234657 0.007598784194528876 0.01895306859205776
12 0.6550151975683891 0.7057761732851986 0.014184397163120567 0.02527075812274368
1 0.7378419452887538 0.677797833935018 0.09979736575481256 0.09566787003610108
10 0.6362715298885512 0.720216606498195 0.0060790273556231 0.016245487364620937
10 0.45288753799392095 0.7897111913357401 0.013171225937183385 0.02527075812274368
1 0.3454913880445795 0.8298736462093863 0.013171225937183385 0.015342960288808664
10 0.6458966565349544 0.7161552346570397 0.010131712259371834 0.01895306859205776
10 0.6180344478216818 0.7364620938628159 0.00911854103343465 0.03429602888086643
10 0.5990374873353597 0.743231046931408 0.02077001013171226 0.04061371841155235
12 0.8166160081053698 0.6615523465703971 0.010131712259371834 0.01263537906137184
1 0.587386018237082 0.753158844765343 0.006585612968591692 0.02075812274368231
1 0.5407801418439716 0.7712093862815884 0.006585612968591692 0.02075812274368231
10 0.5473657548125633 0.7689530685920578 0.009625126646403243 0.023465703971119134
10 0.5602836879432624 0.7648916967509025 0.0070921985815602835 0.02256317689530686
10 0.5805471124620061 0.7572202166064982 0.00911854103343465 0.021660649819494584
1 0.5673758865248227 0.7630866425992779 0.0060790273556231 0.02075812274368231
10 0.5742147922998987 0.7603790613718412 0.006585612968591692 0.01895306859205776
10 0.6390577507598785 0.7355595667870036 0.005572441742654508 0.016245487364620937
10 0.5539513677811551 0.7689530685920578 0.008611955420466059 0.02527075812274368
1 0.4318642350557244 0.8181407942238267 0.013677811550151976 0.015342960288808664
10 0.8695542046605876 0.6543321299638989 0.02077001013171226 0.048736462093862815
10 0.051418439716312055 0.9666064981949458 0.018743667679837893 0.05415162454873646
5 0.8523302938196555 0.6638086642599278 0.021783181357649443 0.042418772563176894
1 0.4442755825734549 0.8208483754512635 0.010131712259371834 0.013537906137184115
12 0.5010131712259371 0.05279783393501805 0.016210739614994935 0.026173285198555957
1 0.8158561296859169 0.6854693140794224 0.006585612968591692 0.017148014440433214
1 0.7013677811550152 0.7369133574007221 0.007598784194528876 0.02075812274368231
12 0.29736575481256333 0.13176895306859207 0.0182370820668693 0.03429602888086643
1 0.7429078014184397 0.7251805054151624 0.022796352583586626 0.02256317689530686
10 0.4442755825734549 0.8379963898916968 0.010131712259371834 0.02256317689530686
10 0.12411347517730496 0.9607400722021661 0.00911854103343465 0.02256317689530686
10 0.11347517730496454 0.9657039711191335 0.0070921985815602835 0.021660649819494584
10 0.9779635258358662 0.6407942238267148 0.01165146909827761 0.01263537906137184
1 0.35309017223910844 0.878158844765343 0.014184397163120567 0.018050541516245487
12 0.2844478216818642 0.13628158844765342 0.01773049645390071 0.032490974729241874
12 0.8277608915906788 0.6990072202166066 0.02330293819655522 0.024368231046931407
1 0.9954407294832827 0.6385379061371841 0.008105369807497468 0.04061371841155235
10 0.25835866261398177 0.1466606498194946 0.020263424518743668 0.029783393501805054
10 0.9870820668693009 0.6462093862815884 0.008611955420466059 0.03429602888086643
10 0.5243161094224924 0.822202166064982 0.011144883485309016 0.01444043321299639
1 0.6968085106382979 0.7576714801444043 0.008611955420466059 0.02256317689530686
1 0.5364741641337386 0.8185920577617328 0.0121580547112462 0.01444043321299639
10 0.8566362715298885 0.7012635379061372 0.019250253292806486 0.04151624548736462
1 0.4452887537993921 0.8574007220216606 0.011144883485309016 0.019855595667870037
10 0.7454407294832827 0.7445848375451264 0.024822695035460994 0.032490974729241874
10 0.7826747720364742 0.7324007220216606 0.014184397163120567 0.02256317689530686
5 0.5055724417426545 0.8375451263537906 0.034447821681864235 0.0776173285198556
10 0.8039513677811551 0.7283393501805054 0.0070921985815602835 0.021660649819494584
10 0.7976190476190477 0.7314981949458483 0.006585612968591692 0.017148014440433214
1 0.3558763931104357 0.8993682310469314 0.015704154002026342 0.01895306859205776
10 0.48505572441742656 0.8510830324909747 0.010638297872340425 0.010830324909747292
1 0.5511651469098278 0.8280685920577617 0.0121580547112462 0.02075812274368231
10 0.9055217831813577 0.6958483754512635 0.027862208713272545 0.02888086642599278
10 0.9812563323201621 0.6705776173285198 0.008105369807497468 0.010830324909747292
10 0.8234549138804458 0.7310469314079422 0.014690982776089158 0.03790613718411552
1 0.5387537993920972 0.8388989169675091 0.009625126646403243 0.011732851985559567
10 0.8414387031408308 0.7242779783393501 0.015197568389057751 0.0388086642599278
10 0.44832826747720367 0.8745487364620939 0.0121580547112462 0.01263537906137184
1 0.48632218844984804 0.8605595667870036 0.011144883485309016 0.011732851985559567
10 0.5278622087132725 0.8474729241877257 0.014184397163120567 0.02707581227436823
10 0.7849544072948328 0.7522563176895307 0.013677811550151976 0.024368231046931407
10 0.799645390070922 0.75 0.007598784194528876 0.019855595667870037
10 0.8069908814589666 0.7481949458483754 0.0060790273556231 0.016245487364620937
1 0.4490881458966565 0.884927797833935 0.007598784194528876 0.009927797833935019
1 0.475177304964539 0.8763537906137184 0.0121580547112462 0.01263537906137184
10 0.9052684903748733 0.7206678700361011 0.014184397163120567 0.0315884476534296
1 0.49746707193515705 0.881768953068592 0.011144883485309016 0.016245487364620937
10 0.9924012158054711 0.6981046931407943 0.014184397163120567 0.027978339350180504
10 0.516210739614995 0.05550541516245487 0.011144883485309016 0.026173285198555957
10 0.5314083080040527 0.053700361010830325 0.011144883485309016 0.024368231046931407
10 0.29609929078014185 0.14981949458483754 0.01165146909827761 0.01263537906137184
1 0.4002026342451874 0.11191335740072202 0.014184397163120567 0.02527075812274368
12 0.5055724417426545 0.07851985559566788 0.017223910840932118 0.023465703971119134
10 0.27710233029381964 0.1651624548736462 0.014184397163120567 0.02527075812274368
10 0.5250759878419453 0.07536101083032491 0.006585612968591692 0.017148014440433214
10 0.3340932117527862 0.14981949458483754 0.010638297872340425 0.036101083032490974
1 0.6182877406281662 0.04557761732851986 0.02684903748733536 0.04061371841155235
10 0.12259371833839919 0.2342057761732852 0.016210739614994935 0.02256317689530686
10 0.27380952380952384 0.19088447653429602 0.019756838905775075 0.026173285198555957
10 0.42933130699088146 0.1407942238267148 0.023809523809523808 0.039711191335740074
10 0.27102330293819654 0.20712996389891697 0.013171225937183385 0.013537906137184115
5 0.5683890577507599 0.09386281588447654 0.0243161094224924 0.048736462093862815
5 0.6322188449848024 0.07626353790613719 0.028368794326241134 0.04783393501805054
1 0.3406788247213779 0.18727436823104693 0.007598784194528876 0.02075812274368231
1 0.6134751773049646 0.08483754512635379 0.011144883485309016 0.019855595667870037
1 0.6504559270516718 0.07265342960288809 0.010131712259371834 0.0351985559566787
10 0.71580547112462 0.048736462093862815 0.014184397163120567 0.01444043321299639
2 0.7788753799392097 0.026624548736462094 0.02684903748733536 0.03700361010830325
2 0.7355623100303952 0.043772563176895304 0.030395136778115502 0.042418772563176894
5 0.3966565349544073 0.1796028880866426 0.057750759878419454 0.11010830324909747
10 0.4338905775075988 0.16606498194945848 0.025835866261398176 0.036101083032490974
1 0.7185916919959473 0.060018050541516245 0.012664640324214792 0.015342960288808664
10 0.6152482269503546 0.10018050541516245 0.013677811550151976 0.01444043321299639
1 0.8138297872340425 0.03429602888086643 0.03596757852077001 0.05054151624548736
12 0.7264437689969605 0.06859205776173286 0.015197568389057751 0.021660649819494584
1 0.8497973657548126 0.02527075812274368 0.008611955420466059 0.023465703971119134
1 0.19174265450861194 0.2752707581227437 0.013677811550151976 0.02527075812274368
10 0.1833839918946302 0.27978339350180503 0.0070921985815602835 0.021660649819494584
1 0.2190982776089159 0.26714801444043323 0.033941236068895646 0.03790613718411552
2 0.7591185410334347 0.06678700361010831 0.02684903748733536 0.036101083032490974
10 0.9002026342451874 0.015342960288808664 0.013171225937183385 0.02707581227436823
1 0.3487841945288754 0.22427797833935018 0.012664640324214792 0.024368231046931407
10 0.8903242147923 0.020306859205776174 0.012664640324214792 0.029783393501805054
10 0.869807497467072 0.02888086642599278 0.011144883485309016 0.02707581227436823
10 0.8599290780141844 0.0351985559566787 0.009625126646403243 0.023465703971119134
10 0.36296859169199597 0.22743682310469315 0.02077001013171226 0.03429602888086643
1 0.9338905775075987 0.016696750902527077 0.019756838905775075 0.033393501805054154
2 0.918693009118541 0.02256317689530686 0.018743667679837893 0.03429602888086643
1 0.3799392097264438 0.2292418772563177 0.017223910840932118 0.02888086642599278
2 0.8442249240121581 0.05324909747292419 0.01773049645390071 0.02888086642599278
2 0.8994427558257345 0.03655234657039711 0.015704154002026342 0.01895306859205776
10 0.1342451874366768 0.32806859205776173 0.014184397163120567 0.02075812274368231
5 0.6337386018237082 0.13898916967509026 0.02330293819655522 0.030685920577617327
2 0.8617021276595744 0.05415162454873646 0.015197568389057751 0.016245487364620937
10 0.475177304964539 0.009025270758122744 0.0243161094224924 0.018050541516245487
1 0.8533434650455927 0.06904332129963899 0.02684903748733536 0.02256317689530686
10 0.6388044579533941 0.15433212996389892 0.015197568389057751 0.018050541516245487
1 0.7059270516717325 0.13267148014440433 0.03596757852077001 0.0703971119133574
2 0.912613981762918 0.05595667870036101 0.019756838905775075 0.021660649819494584
1 0.8936170212765957 0.06362815884476535 0.00911854103343465 0.02256317689530686
1 0.8700607902735562 0.07310469314079422 0.010638297872340425 0.02707581227436823
10 0.13804457953394123 0.3528880866425993 0.012664640324214792 0.016245487364620937
10 0.6296859169199595 0.16877256317689532 0.015197568389057751 0.018050541516245487
1 0.8457446808510638 0.0898014440433213 0.04913880445795339 0.058664259927797835
10 0.5737082066869301 0.194043321299639 0.013677811550151976 0.030685920577617327
1 0.7408814589665653 0.13086642599277978 0.04002026342451875 0.10108303249097472
10 0.5851063829787234 0.19268953068592057 0.011144883485309016 0.013537906137184115
10 0.6494427558257345 0.17012635379061372 0.00911854103343465 0.02256317689530686
10 0.5483789260385005 0.20938628158844766 0.019756838905775075 0.021660649819494584
1 0.6565349544072948 0.16967509025270758 0.0070921985815602835 0.021660649819494584
1 0.6752786220871327 0.17102888086642598 0.02634245187436677 0.046028880866425995
10 0.5845997973657548 0.20848375451263537 0.008105369807497468 0.018050541516245487
10 0.5944782168186423 0.20442238267148014 0.007598784194528876 0.02256317689530686
10 0.563323201621074 0.22292418772563177 0.03951367781155015 0.032490974729241874
10 0.9067882472137792 0.0970216606498195 0.0070921985815602835 0.01895306859205776
12 0.49544072948328266 0.004512635379061372 0.0182370820668693 0.009025270758122744
1 0.9247720364741642 0.09250902527075812 0.014690982776089158 0.017148014440433214
5 0.8844984802431611 0.11146209386281589 0.03242147922998987 0.058664259927797835
1 0.8437183383991894 0.12680505415162455 0.016717325227963525 0.02256317689530686
1 0.47821681864235055 0.2703068592057762 0.015197568389057751 0.0388086642599278
10 0.4979736575481256 0.26534296028880866 0.010131712259371834 0.030685920577617327
10 0.9151469098277609 0.11101083032490974 0.008611955420466059 0.021660649819494584
10 0.8614488348530902 0.13492779783393502 0.013677811550151976 0.02075812274368231
10 0.6233535967578521 0.2427797833935018 0.01165146909827761 0.01444043321299639
1 0.7687436676798379 0.18682310469314078 0.009625126646403243 0.02527075812274368
12 0.44959473150962515 0.30866425992779783 0.02077001013171226 0.030685920577617327
1 0.8870314083080041 0.14891696750902528 0.04154002026342452 0.03429602888086643
1 0.8515704154002026 0.16425992779783394 0.03546099290780142 0.04693140794223827
10 0.5952380952380952 0.2621841155234657 0.019250253292806486 0.027978339350180504
10 0.6256332320162108 0.2612815884476534 0.011144883485309016 0.013537906137184115
1 0.9045086119554204 0.16335740072202165 0.009625126646403243 0.019855595667870037
10 0.9090678824721378 0.16200361010830325 0.007598784194528876 0.02075812274368231
1 0.44655521783181357 0.3379963898916967 0.02988855116514691 0.046028880866425995
10 0.8933637284701115 0.16877256317689532 0.015704154002026342 0.019855595667870037
1 0.7773556231003039 0.217057761732852 0.006585612968591692 0.02075812274368231
10 0.786727456940223 0.2148014440433213 0.015197568389057751 0.02707581227436823
1 0.7986322188449848 0.21074007220216606 0.009625126646403243 0.024368231046931407
10 0.6889564336372846 0.25541516245487367 0.00911854103343465 0.01263537906137184
10 0.6071428571428571 0.2879061371841155 0.025835866261398176 0.03790613718411552
10 0.4351570415400203 0.36146209386281586 0.0121580547112462 0.013537906137184115
1 0.8700607902735562 0.20081227436823104 0.04508611955420466 0.04963898916967509
1 0.6871833839918946 0.27166064981949456 0.006585612968591692 0.016245487364620937
1 0.9110942249240122 0.18682310469314078 0.013677811550151976 0.018050541516245487
10 0.7082066869300911 0.26353790613718414 0.0070921985815602835 0.021660649819494584
10 0.6970618034447822 0.2788808664259928 0.015197568389057751 0.03790613718411552
10 0.6286727456940223 0.3082129963898917 0.02330293819655522 0.026173285198555957
1 0.461499493414387 0.37274368231046934 0.0425531914893617 0.05054151624548736
12 0.9131205673758865 0.20577617328519857 0.016717325227963525 0.02888086642599278
12 0.9336372847011145 0.1976534296028881 0.017223910840932118 0.02888086642599278
10 0.7350557244174265 0.2752707581227437 0.016210739614994935 0.03429602888086643
1 0.8736068895643364 0.22563176895306858 0.006585612968591692 0.018050541516245487
10 0.8682877406281662 0.22788808664259927 0.008105369807497468 0.01895306859205776
10 0.880192502532928 0.22427797833935018 0.008611955420466059 0.02075812274368231
12 0.9002026342451874 0.217057761732852 0.013171225937183385 0.02256317689530686
1 0.49670719351570414 0.011732851985559567 0.010638297872340425 0.010830324909747292
10 0.4736575481256332 0.39214801444043323 0.017223910840932118 0.02256317689530686
1 0.46023302938196553 0.4020758122743682 0.012664640324214792 0.017148014440433214
1 0.4754305977710233 0.4065884476534296 0.018743667679837893 0.02075812274368231
1 0.446048632218845 0.42283393501805056 0.03090172239108409 0.06768953068592058
10 0.342451874366768 0.46344765342960287 0.015197568389057751 0.029783393501805054
10 0.6218338399189463 0.3799638989169675 0.01165146909827761 0.021660649819494584
10 0.3462512664640324 0.49458483754512633 0.007598784194528876 0.021660649819494584
10 0.6339918946301925 0.38853790613718414 0.01165146909827761 0.02256317689530686
10 0.6246200607902735 0.4007220216606498 0.0121580547112462 0.021660649819494584
5 0.31534954407294835 0.5266245487364621 0.06332320162107397 0.11462093862815885
10 0.6385511651469098 0.40974729241877256 0.013677811550151976 0.02527075812274368
10 0.0486322188449848 0.6340252707581228 0.016210739614994935 0.02256317689530686
10 0.3617021276595745 0.5175992779783394 0.013171225937183385 0.017148014440433214
10 0.6114488348530902 0.4259927797833935 0.014184397163120567 0.023465703971119134
10 0.6279128672745694 0.4214801444043321 0.010638297872340425 0.021660649819494584
10 0.04356636271529889 0.6493682310469314 0.016210739614994935 0.02075812274368231
10 0.3515704154002026 0.5347472924187726 0.013171225937183385 0.017148014440433214
1 0.3639817629179331 0.5392599277978339 0.010638297872340425 0.013537906137184115
10 0.6030901722391084 0.44945848375451264 0.009625126646403243 0.021660649819494584
10 0.5921985815602837 0.45442238267148016 0.010131712259371834 0.013537906137184115
1 0.9693515704154002 0.3145306859205776 0.04508611955420466 0.08212996389891697
10 0.3541033434650456 0.5509927797833934 0.011144883485309016 0.015342960288808664
1 0.9288247213779128 0.3334837545126354 0.041033434650455926 0.04963898916967509
1 0.2945795339412361 0.5794223826714802 0.013677811550151976 0.02707581227436823
10 0.6020770010131712 0.46615523465703973 0.01773049645390071 0.02256317689530686
1 0.5871327254305978 0.47247292418772563 0.015197568389057751 0.027978339350180504
10 0.49949341438703143 0.5090252707581228 0.0425531914893617 0.036101083032490974
5 0.16767983789260385 0.6353790613718412 0.034447821681864235 0.07581227436823104
5 0.3984295845997974 0.5509927797833934 0.057244174265450865 0.1092057761732852
1 0.36752786220871325 0.5636281588447654 0.009625126646403243 0.011732851985559567
1 0.5387537993920972 0.5013537906137184 0.03596757852077001 0.05144404332129964
10 0.5711752786220872 0.49458483754512633 0.012664640324214792 0.036101083032490974
10 0.27583586626139817 0.6096570397111913 0.04305977710233029 0.058664259927797835
5 0.9202127659574468 0.36958483754512633 0.036980749746707196 0.058664259927797835
1 0.9399696048632219 0.3637184115523466 0.008611955420466059 0.018050541516245487
1 0.5815602836879432 0.5004512635379061 0.013171225937183385 0.0388086642599278
10 0.14766970618034447 0.6669675090252708 0.014690982776089158 0.023465703971119134
1 0.7127659574468085 0.4584837545126354 0.013171225937183385 0.018050541516245487
12 0.48834853090172237 0.5433212996389891 0.011144883485309016 0.030685920577617327
10 0.021023302938196556 0.7265342960288809 0.01165146909827761 0.023465703971119134
5 0.9787234042553191 0.36462093862815886 0.03546099290780142 0.05776173285198556
5 0.672998986828774 0.4855595667870036 0.07446808510638298 0.09566787003610108
1 0.2016210739614995 0.1407942238267148 0.03546099290780142 0.05054151624548736
10 0.71403242147923 0.4747292418772563 0.012664640324214792 0.019855595667870037
1 0.9450354609929078 0.4016245487364621 0.031914893617021274 0.05415162454873646
1 0.7160587639311043 0.48826714801444043 0.01165146909827761 0.01444043321299639
5 0.5182370820668692 0.5654332129963899 0.0182370820668693 0.033393501805054154
12 0.5055724417426545 0.5717509025270758 0.013171225937183385 0.024368231046931407
12 0.4868287740628166 0.5807761732851986 0.014184397163120567 0.026173285198555957
5 0.05851063829787234 0.7436823104693141 0.034954407294832825 0.0740072202166065
1 0.5759878419452887 0.5509927797833934 0.07497467071935157 0.08032490974729242
10 0.1773049645390071 0.15388086642599277 0.0182370820668693 0.0315884476534296
1 0.9741641337386018 0.40974729241877256 0.030395136778115502 0.05956678700361011
10 0.5032928064842959 0.5943140794223827 0.014690982776089158 0.02256317689530686
10 0.493161094224924 0.6033393501805054 0.016717325227963525 0.027978339350180504
1 0.35714285714285715 0.6606498194945848 0.04154002026342452 0.05956678700361011
10 0.09878419452887538 0.7594765342960289 0.004052684903748734 0.009927797833935019
1 0.41109422492401215 0.6435018050541517 0.037993920972644375 0.048736462093862815
10 0.513677811550152 0.029332129963898917 0.0121580547112462 0.013537906137184115
1 0.13753799392097266 0.7558664259927798 0.009625126646403243 0.013537906137184115
10 0.06306990881458967 0.7838447653429603 0.02988855116514691 0.026173285198555957
1 0.12563323201621074 0.7608303249097473 0.0121580547112462 0.016245487364620937
10 0.07750759878419453 0.7847472924187726 0.0010131712259371835 0.002707581227436823
1 0.705420466058764 0.5482851985559567 0.04204660587639311 0.06046931407942238
5 0.664387031408308 0.5654332129963899 0.04305977710233029 0.055054151624548735
10 0.06357649442755826 0.7964801444043321 0.03090172239108409 0.024368231046931407
10 0.06433637284701114 0.8055054151624549 0.03546099290780142 0.026173285198555957
10 0.03596757852077001 0.8181407942238267 0.0182370820668693 0.027978339350180504
10 0.8817122593718338 0.5058664259927798 0.015704154002026342 0.026173285198555957
10 0.9174265450861195 0.4936823104693141 0.05369807497467072 0.04332129963898917
10 0.8601823708206687 0.5157942238267148 0.03242147922998987 0.0315884476534296
1 0.40425531914893614 0.6949458483754513 0.06990881458966565 0.08844765342960288
10 0.9655521783181358 0.48375451263537905 0.013171225937183385 0.021660649819494584
12 0.36296859169199597 0.7143501805054152 0.01165146909827761 0.011732851985559567
5 0.07092198581560284 0.8343862815884476 0.0364741641337386 0.05144404332129964
1 0.6013171225937184 0.6344765342960289 0.03343465045592705 0.08483754512635379
12 0.3619554204660588 0.7256317689530686 0.012664640324214792 0.01444043321299639