1 0.9671875 0.9876237623762376 0.004166666666666667 0.01485148514851485
10 0.9591145833333333 0.9801980198019802 0.0036458333333333334 0.0297029702970297
10 0.9552083333333333 0.9777227722772277 0.004166666666666667 0.034653465346534656
10 0.9640625 0.9851485148514851 0.004166666666666667 0.019801980198019802
1 0.496875 0.22524752475247525 0.008333333333333333 0.054455445544554455
10 0.9114583333333334 0.9257425742574258 0.005208333333333333 0.0297029702970297
10 0.9203125 0.943069306930693 0.004166666666666667 0.024752475247524754
10 0.9356770833333333 0.9678217821782178 0.0046875 0.024752475247524754
10 0.9286458333333333 0.9628712871287128 0.004166666666666667 0.024752475247524754
10 0.9442708333333333 0.9851485148514851 0.005208333333333333 0.019801980198019802
10 0.7809895833333333 0.7326732673267327 0.0026041666666666665 0.039603960396039604
10 0.78359375 0.7351485148514851 0.0026041666666666665 0.04455445544554455
1 0.8270833333333333 0.9702970297029703 0.010416666666666666 0.04950495049504951
1 0.5546875 0.5816831683168316 0.004166666666666667 0.054455445544554455
1 0.5265625 0.556930693069307 0.011458333333333333 0.06435643564356436
1 0.7213541666666666 0.8985148514851485 0.010416666666666666 0.054455445544554455
10 0.51953125 0.5866336633663366 0.0067708333333333336 0.04455445544554455
1 0.7450520833333333 0.9603960396039604 0.009895833333333333 0.0594059405940594
1 0.51953125 0.6237623762376238 0.0067708333333333336 0.039603960396039604
1 0.73515625 0.9752475247524752 0.0046875 0.039603960396039604
1 0.53515625 0.6584158415841584 0.0036458333333333334 0.019801980198019802
1 0.74375 0.9876237623762376 0.0125 0.01485148514851485
1 0.534375 0.698019801980198 0.005208333333333333 0.0297029702970297
1 0.6591145833333333 0.9356435643564357 0.005729166666666666 0.039603960396039604
1 0.5299479166666666 0.7376237623762376 0.005729166666666666 0.039603960396039604
1 0.5653645833333333 0.8366336633663366 0.0046875 0.0297029702970297
1 0.54453125 0.9034653465346535 0.0026041666666666665 0.04455445544554455
1 0.5421875 0.8985148514851485 0.003125 0.04455445544554455
1 0.5505208333333333 0.24504950495049505 0.004166666666666667 0.054455445544554455
1 0.8927083333333333 0.8217821782178217 0.005208333333333333 0.0297029702970297
1 0.6921875 0.4876237623762376 0.003125 0.04455445544554455
1 0.9005208333333333 0.8366336633663366 0.003125 0.039603960396039604
1 0.7721354166666666 0.6188118811881188 0.0026041666666666665 0.039603960396039604
1 0.775 0.6237623762376238 0.003125 0.04950495049504951
1 0.9028645833333333 0.8465346534653465 0.0026041666666666665 0.039603960396039604
1 0.89375 0.8638613861386139 0.007291666666666667 0.04455445544554455
1 0.3703125 0.009900990099009901 0.009375 0.019801980198019802
10 0.91171875 0.8985148514851485 0.0046875 0.024752475247524754
10 0.7854166666666667 0.6881188118811881 0.0020833333333333333 0.039603960396039604
10 0.7828125 0.6881188118811881 0.003125 0.039603960396039604
10 0.9322916666666666 0.9405940594059405 0.004166666666666667 0.0297029702970297
10 0.925 0.9257425742574258 0.004166666666666667 0.0297029702970297
10 0.93984375 0.9579207920792079 0.0046875 0.024752475247524754
10 0.9174479166666667 0.9183168316831684 0.0036458333333333334 0.024752475247524754