1 0.07378706199460916 0.21912350597609562 0.03167115902964959 0.16733067729083664
1 0.46226415094339623 0.1454183266932271 0.013477088948787063 0.0796812749003984
1 0.942722371967655 0.05876494023904383 0.03099730458221024 0.11752988047808766
12 0.4915768194070081 0.14043824701195218 0.028975741239892182 0.08964143426294821
10 0.4171159029649596 0.15737051792828685 0.012129380053908356 0.06374501992031872
10 0.5370619946091644 0.13247011952191234 0.013477088948787063 0.06573705179282868
10 0.4754043126684636 0.14442231075697212 0.014150943396226415 0.0697211155378486
1 0.6266846361185984 0.1145418326693227 0.018867924528301886 0.08167330677290836
12 0.5178571428571429 0.13844621513944222 0.02358490566037736 0.07370517928286853
10 0.5822102425876011 0.1254980079681275 0.012129380053908356 0.06374501992031872
10 0.5953504043126685 0.12350597609561753 0.014150943396226415 0.06374501992031872
1 0.5485175202156334 0.13545816733067728 0.012129380053908356 0.06374501992031872
10 0.42890835579514824 0.16235059760956175 0.012803234501347708 0.07768924302788845
5 0.6731805929919138 0.12749003984063745 0.05390835579514825 0.13147410358565736
2 0.9807951482479784 0.09163346613545817 0.024932614555256066 0.18326693227091634
12 0.49326145552560646 0.22310756972111553 0.026954177897574125 0.07569721115537849
12 0.5192048517520216 0.21912350597609562 0.02628032345013477 0.06772908366533864
10 0.47675202156334234 0.2290836653386454 0.014150943396226415 0.07171314741035857
10 0.42048517520215634 0.24203187250996017 0.012129380053908356 0.0697211155378486
1 0.5502021563342318 0.2151394422310757 0.014150943396226415 0.06374501992031872
1 0.465633423180593 0.23306772908366533 0.014824797843665768 0.0796812749003984
10 0.5855795148247979 0.20916334661354583 0.013477088948787063 0.06772908366533864
10 0.5384097035040432 0.21912350597609562 0.013477088948787063 0.06772908366533864
10 0.431266846361186 0.24302788844621515 0.01078167115902965 0.07171314741035857
1 0.37601078167115903 0.2539840637450199 0.0215633423180593 0.08964143426294821
10 0.5977088948787062 0.20916334661354583 0.014824797843665768 0.07171314741035857
5 0.341644204851752 0.28087649402390436 0.05390835579514825 0.14342629482071714
2 0.02998652291105121 0.35756972111553786 0.05997304582210242 0.2250996015936255
10 0.49764150943396224 0.31673306772908366 0.01549865229110512 0.07569721115537849
10 0.433288409703504 0.3296812749003984 0.014824797843665768 0.07370517928286853
10 0.4831536388140162 0.3197211155378486 0.013477088948787063 0.07370517928286853
1 0.4727088948787062 0.3247011952191235 0.016846361185983826 0.07569721115537849
10 0.5475067385444744 0.30876494023904383 0.012803234501347708 0.06374501992031872
1 0.5609838274932615 0.30677290836653387 0.012803234501347708 0.06772908366533864
10 0.5266172506738545 0.3137450199203187 0.014150943396226415 0.0697211155378486
10 0.5138140161725068 0.3207171314741036 0.014150943396226415 0.07569721115537849
1 0.5377358490566038 0.31772908366533864 0.013477088948787063 0.06573705179282868
1 0.535377358490566 0.40836653386454186 0.014150943396226415 0.07171314741035857
10 0.44845013477088946 0.4292828685258964 0.01954177897574124 0.07768924302788845
10 0.5245956873315364 0.4153386454183267 0.014150943396226415 0.0697211155378486
1 0.5464959568733153 0.4163346613545817 0.014824797843665768 0.06772908366533864
2 0.9868598382749326 0.3346613545816733 0.02358490566037736 0.18725099601593626
1 0.08153638814016173 0.5388446215139442 0.029649595687331536 0.14940239043824702
5 0.4882075471698113 0.46215139442231074 0.06266846361185983 0.13545816733067728
1 0.9460916442048517 0.3695219123505976 0.029649595687331536 0.14143426294820718
2 0.032008086253369275 0.5926294820717132 0.06401617250673855 0.2051792828685259
10 0.45215633423180596 0.5159362549800797 0.013477088948787063 0.07171314741035857
10 0.44272237196765496 0.5189243027888446 0.016172506738544475 0.07370517928286853
10 0.5373989218328841 0.500996015936255 0.012803234501347708 0.0697211155378486
10 0.5464959568733153 0.50199203187251 0.012129380053908356 0.07171314741035857
1 0.5272911051212938 0.5099601593625498 0.012803234501347708 0.07171314741035857
5 0.6256738544474394 0.4940239043824701 0.05727762803234501 0.11952191235059761
1 0.6883423180592992 0.48306772908366535 0.01954177897574124 0.10159362549800798
1 0.6698113207547169 0.4910358565737052 0.022911051212938006 0.10557768924302789
1 0.7072102425876011 0.48705179282868527 0.02223719676549865 0.10956175298804781
5 0.3867924528301887 0.6254980079681275 0.05121293800539083 0.12749003984063745
1 0.3227762803234501 0.6394422310756972 0.0215633423180593 0.11553784860557768
1 0.340633423180593 0.6414342629482072 0.024932614555256066 0.099601593625498
10 0.46765498652291104 0.6155378486055777 0.014824797843665768 0.07569721115537849
10 0.5212264150943396 0.6045816733067729 0.01549865229110512 0.07768924302788845
1 0.3045822102425876 0.650398406374502 0.0215633423180593 0.10956175298804781
1 0.4777628032345013 0.6155378486055777 0.013477088948787063 0.06772908366533864
10 0.45721024258760107 0.6195219123505976 0.014150943396226415 0.07171314741035857
1 0.488544474393531 0.6135458167330677 0.013477088948787063 0.07569721115537849
1 0.49865229110512127 0.6135458167330677 0.012129380053908356 0.07171314741035857
10 0.5333557951482479 0.6065737051792829 0.01549865229110512 0.06573705179282868
1 0.5744609164420486 0.598605577689243 0.020889487870619946 0.08964143426294821
10 0.511455525606469 0.6135458167330677 0.013477088948787063 0.06772908366533864
2 0.9848382749326146 0.5687250996015937 0.028975741239892182 0.1892430278884462
2 0.032008086253369275 0.8276892430278885 0.05592991913746631 0.20916334661354583
1 0.08995956873315364 0.852589641434263 0.03032345013477089 0.13147410358565736
1 0.9551886792452831 0.6812749003984063 0.03032345013477089 0.13147410358565736
2 0.5309973045822103 0.898406374501992 0.16442048517520216 0.199203187250996
10 0.4255390835579515 0.0647410358565737 0.014150943396226415 0.07370517928286853
10 0.5940026954177897 0.03286852589641434 0.01549865229110512 0.06573705179282868
10 0.38207547169811323 0.07370517928286853 0.013477088948787063 0.06772908366533864
1 0.46024258760107817 0.05776892430278884 0.01078167115902965 0.06772908366533864
10 0.3948787061994609 0.07171314741035857 0.014824797843665768 0.07569721115537849
10 0.5360512129380054 0.04282868525896414 0.014150943396226415 0.07768924302788845
10 0.5815363881401617 0.03286852589641434 0.01078167115902965 0.06573705179282868
12 0.5171832884097035 0.04880478087649402 0.024932614555256066 0.07768924302788845
10 0.41442048517520214 0.0697211155378486 0.013477088948787063 0.07569721115537849
1 0.5464959568733153 0.043824701195219126 0.013477088948787063 0.06374501992031872
12 0.49022911051212936 0.054780876494023904 0.028975741239892182 0.08964143426294821
10 0.4716981132075472 0.061752988047808766 0.013477088948787063 0.07569721115537849