10 0.2785388127853881 0.11757990867579908 0.006641760066417601 0.0091324200913242
10 0.2876712328767123 0.11929223744292237 0.005811540058115401 0.012557077625570776
10 0.14196762141967623 0.12442922374429223 0.0024906600249066002 0.01598173515981735
10 0.14632627646326277 0.12557077625570776 0.0029057700290577005 0.0182648401826484
1 0.41012868410128683 0.13184931506849315 0.007471980074719801 0.012557077625570776
5 0.309049398090494 0.1329908675799087 0.0253217102532171 0.05136986301369863
10 0.14196762141967623 0.14726027397260275 0.004151100041511001 0.0182648401826484
10 0.13740141137401413 0.14840182648401826 0.0033208800332088003 0.0182648401826484
10 0.4099211290992113 0.1541095890410959 0.007056870070568701 0.0136986301369863
10 0.4941884599418846 0.15468036529680365 0.0062266500622665 0.010273972602739725
1 0.46201743462017436 0.15639269406392695 0.007471980074719801 0.01141552511415525
10 0.2876712328767123 0.15810502283105024 0.005811540058115401 0.010273972602739725
5 0.4356579493565795 0.1603881278538813 0.039435450394354504 0.13356164383561644
10 0.4941884599418846 0.16723744292237444 0.0078870900788709 0.012557077625570776
10 0.4099211290992113 0.1678082191780822 0.007056870070568701 0.0136986301369863
1 0.29950186799501866 0.1695205479452055 0.0062266500622665 0.010273972602739725
10 0.2874636778746368 0.1695205479452055 0.0062266500622665 0.012557077625570776
1 0.30987961809879616 0.17009132420091325 0.007056870070568701 0.0091324200913242
1 0.46201743462017436 0.17123287671232876 0.006641760066417601 0.01141552511415525
1 0.34308841843088417 0.1740867579908676 0.005396430053964301 0.03538812785388128
1 0.40244914902449147 0.18378995433789955 0.0037359900373599006 0.0228310502283105
1 0.4605645496056455 0.1980593607305936 0.0037359900373599006 0.021689497716894976
10 0.1751764217517642 0.19863013698630136 0.005811540058115401 0.01141552511415525
10 0.6498547114985471 0.2071917808219178 0.0078870900788709 0.012557077625570776
10 0.657326691573267 0.20776255707762556 0.0062266500622665 0.01141552511415525
10 0.17496886674968867 0.20947488584474885 0.0062266500622665 0.007990867579908675
10 0.35367372353673726 0.21404109589041095 0.0033208800332088003 0.030821917808219176
10 0.34454130344541306 0.2146118721461187 0.0049813200498132005 0.02054794520547945
10 0.6502698215026982 0.2180365296803653 0.0078870900788709 0.01141552511415525
1 0.41261934412619344 0.21860730593607305 0.0049813200498132005 0.021689497716894976
10 0.6571191365711914 0.22031963470319635 0.005811540058115401 0.0091324200913242
1 0.33374844333748444 0.22602739726027396 0.007471980074719801 0.03881278538812785
10 0.17434620174346202 0.2334474885844749 0.005811540058115401 0.012557077625570776
1 0.36571191365711914 0.25 0.013283520132835201 0.02054794520547945
5 0.27936903279369035 0.2791095890410959 0.024076380240763803 0.06735159817351598
10 0.4941884599418846 0.2899543378995434 0.0062266500622665 0.01141552511415525
10 0.4946035699460357 0.3013698630136986 0.007056870070568701 0.01141552511415525
1 0.21627231216272313 0.3082191780821918 0.008302200083022002 0.04337899543378995
5 0.18347862183478622 0.3110730593607306 0.026567040265670402 0.06963470319634703
1 0.3331257783312578 0.3361872146118721 0.0045662100456621 0.019406392694063926
1 0.325653798256538 0.3367579908675799 0.0037359900373599006 0.02054794520547945
1 0.3046907430469074 0.3373287671232877 0.004151100041511001 0.019406392694063926
2 0.011623080116230802 0.3407534246575342 0.023246160232461604 0.12899543378995434
1 0.2955583229555832 0.3515981735159817 0.011623080116230802 0.02054794520547945
1 0.11643835616438356 0.3521689497716895 0.0103777501037775 0.014840182648401826
1 0.27791614777916146 0.3618721461187215 0.0062266500622665 0.03424657534246575
10 0.1477791614777916 0.3710045662100457 0.006641760066417601 0.0136986301369863
10 0.14798671647986716 0.3949771689497717 0.007056870070568701 0.01141552511415525
1 0.13449564134495642 0.3984018264840183 0.010792860107928601 0.0182648401826484
1 0.07721046077210461 0.3984018264840183 0.005811540058115401 0.02968036529680365
5 0.32793690327936903 0.4075342465753425 0.047322540473225407 0.11187214611872145
5 0.10689082606890826 0.4275114155251142 0.0319634703196347 0.09703196347031963
5 0.2762557077625571 0.430365296803653 0.028227480282274803 0.10730593607305935
1 0.14757160647571607 0.4492009132420091 0.0103777501037775 0.012557077625570776
1 0.13428808634288086 0.4509132420091324 0.012868410128684102 0.0136986301369863
1 0.07741801577418016 0.4509132420091324 0.009547530095475302 0.0136986301369863
10 0.14840182648401826 0.4646118721461187 0.007056870070568701 0.01141552511415525
1 0.13387297633872977 0.4674657534246575 0.0112079701120797 0.012557077625570776
10 0.32461602324616023 0.4714611872146119 0.004151100041511001 0.0136986301369863
10 0.32938978829389787 0.4754566210045662 0.0037359900373599006 0.017123287671232876
10 0.14819427148194272 0.4765981735159817 0.006641760066417601 0.012557077625570776
10 0.07721046077210461 0.4788812785388128 0.005811540058115401 0.012557077625570776
2 0.0630967206309672 0.048515981735159815 0.044001660440016604 0.06278538812785388
2 0.21876297218762972 0.048515981735159815 0.05147364051473641 0.05136986301369863
5 0.1838937318389373 0.4874429223744292 0.019925280199252802 0.07990867579908675
2 0.13947696139476962 0.04908675799086758 0.1012868410128684 0.06164383561643835
10 0.5552096305520963 0.4942922374429224 0.0078870900788709 0.01141552511415525
1 0.08924865089248651 0.4982876712328767 0.011623080116230802 0.014840182648401826
1 0.12411789124117892 0.4982876712328767 0.012453300124533 0.021689497716894976
1 0.10896637608966377 0.4982876712328767 0.0136986301369863 0.019406392694063926
10 0.08032378580323786 0.4994292237442922 0.0037359900373599006 0.021689497716894976
10 0.0987961809879618 0.4994292237442922 0.004151100041511001 0.017123287671232876
10 0.041718555417185554 0.4988584474885845 0.007056870070568701 0.01141552511415525
10 0.13511830635118308 0.5039954337899544 0.005396430053964301 0.010273972602739725
10 0.26899128268991285 0.5039954337899544 0.0033208800332088003 0.019406392694063926
10 0.5545869655458696 0.5045662100456622 0.007471980074719801 0.0091324200913242
10 0.28144458281444584 0.5062785388127854 0.0049813200498132005 0.014840182648401826
10 0.04151100041511 0.511986301369863 0.007471980074719801 0.012557077625570776
1 0.5172270651722707 0.5165525114155252 0.009962640099626401 0.014840182648401826
1 0.5296803652968036 0.5171232876712328 0.010792860107928601 0.01141552511415525
10 0.14819427148194272 0.5182648401826484 0.006641760066417601 0.01141552511415525
12 0.2602739726027397 0.5222602739726028 0.011623080116230802 0.03538812785388128
10 0.041303445413034455 0.5256849315068494 0.007056870070568701 0.012557077625570776
10 0.28933167289331674 0.5268264840182648 0.004151100041511001 0.014840182648401826
10 0.2694063926940639 0.5296803652968036 0.004151100041511001 0.01141552511415525
10 0.282274802822748 0.5296803652968036 0.0033208800332088003 0.01598173515981735
10 0.6301369863013698 0.5353881278538812 0.0033208800332088003 0.0136986301369863
10 0.6332503113325031 0.5353881278538812 0.0037359900373599006 0.01598173515981735
1 0.6423827314238273 0.535958904109589 0.008717310087173101 0.017123287671232876
10 0.05292652552926526 0.5388127853881278 0.007056870070568701 0.01141552511415525
1 0.2146118721461187 0.5416666666666666 0.006641760066417601 0.03995433789954338
10 0.23059360730593606 0.5439497716894978 0.0062266500622665 0.010273972602739725
1 0.5209630552096306 0.5536529680365296 0.0091324200913242 0.01141552511415525
10 0.6334578663345787 0.5559360730593608 0.004151100041511001 0.0136986301369863
1 0.6425902864259029 0.555365296803653 0.008302200083022002 0.012557077625570776
10 0.6299294312992944 0.5565068493150684 0.0037359900373599006 0.014840182648401826
10 0.30053964300539643 0.557648401826484 0.005811540058115401 0.012557077625570776
2 0.01473640514736405 0.5644977168949772 0.0253217102532171 0.3093607305936073
12 0.26089663760896636 0.5690639269406392 0.012038190120381901 0.04223744292237443
10 0.3011623080116231 0.5702054794520548 0.005396430053964301 0.007990867579908675
10 0.2731423827314238 0.5702054794520548 0.0033208800332088003 0.017123287671232876
1 0.5209630552096306 0.5713470319634704 0.009962640099626401 0.017123287671232876
10 0.04151100041511 0.6021689497716894 0.007471980074719801 0.014840182648401826
10 0.5340390203403902 0.6409817351598174 0.0062266500622665 0.012557077625570776
10 0.5336239103362391 0.6523972602739726 0.005396430053964301 0.012557077625570776
5 0.5797011207970112 0.6575342465753424 0.038605230386052306 0.07990867579908675
5 0.6583644665836447 0.6638127853881278 0.037359900373599 0.07648401826484018
1 0.42258198422581983 0.6649543378995434 0.004151100041511001 0.017123287671232876
1 0.4452054794520548 0.6655251141552512 0.0029057700290577005 0.01598173515981735
1 0.4896222498962225 0.6649543378995434 0.0029057700290577005 0.014840182648401826
1 0.441884599418846 0.666095890410959 0.0037359900373599006 0.017123287671232876
1 0.46948941469489414 0.666095890410959 0.0033208800332088003 0.017123287671232876
1 0.4738480697384807 0.6655251141552512 0.0037359900373599006 0.0136986301369863
1 0.4576587795765878 0.666095890410959 0.0037359900373599006 0.017123287671232876
1 0.4530925695309257 0.6666666666666666 0.0045662100456621 0.02054794520547945
1 0.41843088418430885 0.6666666666666666 0.0033208800332088003 0.0228310502283105
1 0.42631797426317974 0.666095890410959 0.0024906600249066002 0.014840182648401826
1 0.43088418430884184 0.666095890410959 0.0033208800332088003 0.014840182648401826
1 0.44997924449979243 0.666095890410959 0.0033208800332088003 0.014840182648401826
1 0.4622249896222499 0.666095890410959 0.0037359900373599006 0.014840182648401826
1 0.4850560398505604 0.666095890410959 0.0045662100456621 0.014840182648401826
1 0.47820672478206727 0.666095890410959 0.0033208800332088003 0.017123287671232876
1 0.4385637193856372 0.6666666666666666 0.0029057700290577005 0.0182648401826484
1 0.4339975093399751 0.6666666666666666 0.0029057700290577005 0.01598173515981735
1 0.4655458696554587 0.6666666666666666 0.0020755500207555004 0.01598173515981735
1 0.4929431299294313 0.6666666666666666 0.0037359900373599006 0.01598173515981735
1 0.5012453300124533 0.6666666666666666 0.0037359900373599006 0.01598173515981735
1 0.49688667496886674 0.6672374429223744 0.0033208800332088003 0.017123287671232876
10 0.5201328352013284 0.6735159817351598 0.005811540058115401 0.01141552511415525
10 0.5346616853466168 0.6752283105022832 0.007471980074719801 0.007990867579908675
10 0.520340390203404 0.6837899543378996 0.0062266500622665 0.0136986301369863
10 0.4261104192611042 0.6843607305936074 0.0029057700290577005 0.014840182648401826
10 0.5346616853466168 0.6843607305936074 0.005811540058115401 0.014840182648401826
10 0.4497716894977169 0.6855022831050228 0.0029057700290577005 0.014840182648401826
10 0.47322540473225405 0.6855022831050228 0.004151100041511001 0.014840182648401826
10 0.45911166459111663 0.6855022831050228 0.0024906600249066002 0.014840182648401826
10 0.46948941469489414 0.6860730593607306 0.0033208800332088003 0.01141552511415525
10 0.4887920298879203 0.6855022831050228 0.0037359900373599006 0.014840182648401826
10 0.5006226650062267 0.6860730593607306 0.004151100041511001 0.0136986301369863
10 0.41843088418430885 0.6860730593607306 0.004151100041511001 0.01598173515981735
10 0.46201743462017436 0.6866438356164384 0.0024906600249066002 0.012557077625570776
10 0.44541303445413033 0.6860730593607306 0.0033208800332088003 0.0182648401826484
10 0.4966791199667912 0.6866438356164384 0.0029057700290577005 0.014840182648401826
10 0.48194271481942713 0.6872146118721462 0.0024906600249066002 0.0136986301369863
10 0.44209215442092153 0.6866438356164384 0.004151100041511001 0.021689497716894976
10 0.4304690743046907 0.6872146118721462 0.004151100041511001 0.0182648401826484
10 0.45371523453715235 0.6877853881278538 0.004151100041511001 0.014840182648401826
10 0.4337899543378995 0.6872146118721462 0.0033208800332088003 0.01141552511415525
10 0.46616853466168534 0.6872146118721462 0.004151100041511001 0.01141552511415525
10 0.4929431299294313 0.6872146118721462 0.0045662100456621 0.0136986301369863
10 0.4854711498547115 0.6877853881278538 0.0029057700290577005 0.012557077625570776
10 0.42258198422581983 0.6883561643835616 0.0033208800332088003 0.0182648401826484
10 0.4383561643835616 0.6889269406392694 0.0024906600249066002 0.019406392694063926
10 0.4383561643835616 0.6894977168949772 0.0033208800332088003 0.02054794520547945
1 0.5197177251971773 0.6952054794520548 0.005811540058115401 0.00684931506849315
10 0.4680365296803653 0.702054794520548 0.005396430053964301 0.0091324200913242
1 0.5136986301369864 0.7026255707762558 0.005396430053964301 0.007990867579908675
10 0.5051888750518887 0.7026255707762558 0.006641760066417601 0.010273972602739725
10 0.42631797426317974 0.7054794520547946 0.0033208800332088003 0.01598173515981735
10 0.4186384391863844 0.7060502283105022 0.0037359900373599006 0.017123287671232876
10 0.5209630552096306 0.708904109589041 0.005811540058115401 0.00684931506849315
10 0.4634703196347032 0.7123287671232876 0.0062266500622665 0.0091324200913242
1 0.5058115400581153 0.714041095890411 0.0062266500622665 0.010273972602739725
10 0.5132835201328352 0.7151826484018264 0.005396430053964301 0.010273972602739725
10 0.5205479452054794 0.7197488584474886 0.0049813200498132005 0.010273972602739725
1 0.47322540473225405 0.7214611872146118 0.008302200083022002 0.0091324200913242
10 0.5136986301369864 0.7243150684931506 0.0045662100456621 0.005707762557077625
10 0.16023246160232463 0.7300228310502284 0.0033208800332088003 0.017123287671232876
10 0.21398920713989208 0.7300228310502284 0.005396430053964301 0.017123287671232876
10 0.18119551681195517 0.7300228310502284 0.0037359900373599006 0.019406392694063926
10 0.13636363636363635 0.730593607305936 0.0045662100456621 0.0182648401826484
10 0.16583644665836447 0.730593607305936 0.005396430053964301 0.02054794520547945
10 0.21793275217932753 0.7311643835616438 0.0049813200498132005 0.017123287671232876
10 0.22478206724782068 0.730593607305936 0.0045662100456621 0.02054794520547945
10 0.19779991697799917 0.7311643835616438 0.0029057700290577005 0.019406392694063926
10 0.12411789124117892 0.7311643835616438 0.004151100041511001 0.019406392694063926
10 0.15276048152760482 0.7317351598173516 0.004151100041511001 0.01598173515981735
10 0.20651722706517228 0.7317351598173516 0.0037359900373599006 0.01598173515981735
10 0.13221253632212537 0.7317351598173516 0.0037359900373599006 0.02054794520547945
10 0.19427148194271482 0.7317351598173516 0.0024906600249066002 0.02054794520547945
10 0.20963055209630552 0.7317351598173516 0.004151100041511001 0.01598173515981735
10 0.17559153175591533 0.7323059360730594 0.0033208800332088003 0.017123287671232876
10 0.1444582814445828 0.7323059360730594 0.004151100041511001 0.017123287671232876
10 0.14881693648816938 0.7323059360730594 0.0045662100456621 0.017123287671232876
10 0.22125363221253633 0.7328767123287672 0.0033208800332088003 0.0136986301369863
10 0.22955583229555832 0.7323059360730594 0.0049813200498132005 0.017123287671232876
10 0.14051473640514736 0.7323059360730594 0.0037359900373599006 0.019406392694063926
1 0.520340390203404 0.7323059360730594 0.007056870070568701 0.010273972602739725
10 0.12847654628476546 0.7328767123287672 0.0037359900373599006 0.0182648401826484
10 0.20153590701535906 0.7334474885844748 0.005396430053964301 0.017123287671232876
10 0.4186384391863844 0.7334474885844748 0.0020755500207555004 0.017123287671232876
10 0.42216687422166876 0.7334474885844748 0.0033208800332088003 0.019406392694063926
10 0.5342465753424658 0.7340182648401826 0.006641760066417601 0.01141552511415525
10 0.5408883354088834 0.7351598173515982 0.007471980074719801 0.0091324200913242
10 0.4618098796180988 0.7351598173515982 0.0078870900788709 0.01141552511415525
1 0.48443337484433374 0.7374429223744292 0.007471980074719801 0.01141552511415525
1 0.47239518472395187 0.7374429223744292 0.009962640099626401 0.0091324200913242
1 0.4937733499377335 0.7397260273972602 0.007056870070568701 0.0136986301369863
10 0.5595682855956828 0.7397260273972602 0.0033208800332088003 0.01598173515981735
1 0.5068493150684932 0.7420091324200914 0.010792860107928601 0.01141552511415525
10 0.5630967206309672 0.7414383561643836 0.0045662100456621 0.017123287671232876
10 0.46160232461602324 0.7488584474885844 0.0091324200913242 0.0136986301369863
1 0.4726027397260274 0.7539954337899544 0.008717310087173101 0.010273972602739725
1 0.491697799916978 0.7545662100456622 0.008717310087173101 0.0136986301369863
10 0.5141137401411374 0.7545662100456622 0.0062266500622665 0.01141552511415525
10 0.4995848899958489 0.7551369863013698 0.0062266500622665 0.010273972602739725
1 0.199252801992528 0.7579908675799086 0.0049813200498132005 0.0228310502283105
1 0.1187214611872146 0.7585616438356164 0.004151100041511001 0.021689497716894976
1 0.1232876712328767 0.759703196347032 0.004151100041511001 0.021689497716894976
10 0.5633042756330428 0.7591324200913242 0.0033208800332088003 0.01598173515981735
10 0.2752179327521793 0.759703196347032 0.007471980074719801 0.012557077625570776
10 0.23225404732254049 0.759703196347032 0.0045662100456621 0.0182648401826484
1 0.19510170195101703 0.7602739726027398 0.004151100041511001 0.0228310502283105
10 0.4842258198422582 0.7659817351598174 0.005396430053964301 0.01141552511415525
10 0.4921129099211291 0.7659817351598174 0.005396430053964301 0.0091324200913242
10 0.5147364051473641 0.7659817351598174 0.004151100041511001 0.0091324200913242
10 0.4989622249896222 0.7659817351598174 0.005811540058115401 0.0091324200913242
1 0.30427563304275634 0.7665525114155252 0.006641760066417601 0.012557077625570776
1 0.3138231631382316 0.7671232876712328 0.005811540058115401 0.0091324200913242
1 0.47239518472395187 0.7688356164383562 0.009962640099626401 0.014840182648401826
1 0.02469904524699045 0.776255707762557 0.0136986301369863 0.02054794520547945
10 0.29493565794935656 0.7779680365296804 0.007056870070568701 0.012557077625570776
10 0.3140307181403072 0.7785388127853882 0.0062266500622665 0.0091324200913242
10 0.3046907430469074 0.7796803652968036 0.005811540058115401 0.0091324200913242
10 0.18617683686176836 0.7848173515981736 0.0037359900373599006 0.017123287671232876
10 0.23246160232461602 0.785958904109589 0.0033208800332088003 0.017123287671232876
10 0.23640514736405147 0.785958904109589 0.0045662100456621 0.017123287671232876
10 0.11892901618929017 0.785958904109589 0.0029057700290577005 0.017123287671232876
10 0.1232876712328767 0.785958904109589 0.0049813200498132005 0.017123287671232876
10 0.19510170195101703 0.7865296803652968 0.004151100041511001 0.0182648401826484
10 0.11062681610626816 0.7865296803652968 0.0029057700290577005 0.01598173515981735
1 0.3221253632212536 0.78824200913242 0.005811540058115401 0.010273972602739725
1 0.3306351183063512 0.7899543378995434 0.0078870900788709 0.01141552511415525
10 0.30406807804068076 0.7899543378995434 0.0062266500622665 0.01141552511415525
10 0.2945205479452055 0.7905251141552512 0.0062266500622665 0.010273972602739725
1 0.3378995433789954 0.7905251141552512 0.005811540058115401 0.012557077625570776
10 0.3136156081361561 0.791095890410959 0.007056870070568701 0.0091324200913242
1 0.37048567870485677 0.8002283105022832 0.007056870070568701 0.0091324200913242
1 0.3609381486093815 0.8013698630136986 0.0062266500622665 0.0091324200913242
10 0.29514321295143214 0.8019406392694064 0.005811540058115401 0.010273972602739725
2 0.5846824408468244 0.0821917808219178 0.1473640514736405 0.04794520547945205
10 0.29389788293897884 0.8116438356164384 0.006641760066417601 0.01141552511415525
10 0.16687422166874222 0.8133561643835616 0.007471980074719801 0.010273972602739725
10 0.3607305936073059 0.8133561643835616 0.007471980074719801 0.012557077625570776
10 0.3711083437110834 0.8139269406392694 0.008302200083022002 0.01141552511415525
10 0.16687422166874222 0.8264840182648402 0.006641760066417601 0.01141552511415525
10 0.2544624325446243 0.83675799086758 0.0024906600249066002 0.01598173515981735
10 0.26317974263179744 0.8373287671232876 0.0033208800332088003 0.017123287671232876
10 0.16687422166874222 0.8396118721461188 0.006641760066417601 0.012557077625570776
10 0.20921544209215442 0.08447488584474885 0.0033208800332088003 0.01598173515981735
10 0.21315898713158987 0.08504566210045662 0.0037359900373599006 0.019406392694063926
10 0.16687422166874222 0.853310502283105 0.007471980074719801 0.010273972602739725
10 0.22976338729763388 0.08618721461187215 0.0037359900373599006 0.017123287671232876
10 0.19696969696969696 0.0867579908675799 0.0037359900373599006 0.0182648401826484
1 0.4611872146118721 0.10102739726027397 0.005811540058115401 0.012557077625570776
10 0.20112079701120797 0.1050228310502283 0.0029057700290577005 0.01598173515981735
10 0.2878787878787879 0.10616438356164383 0.0078870900788709 0.0136986301369863
10 0.20880033208800333 0.10730593607305935 0.0033208800332088003 0.0182648401826484
10 0.48443337484433374 0.10787671232876712 0.0033208800332088003 0.017123287671232876
10 0.48899958488999584 0.10844748858447488 0.0049813200498132005 0.0182648401826484
1 0.48028227480282276 0.1095890410958904 0.004151100041511001 0.0182648401826484
1 0.3686176836861768 0.1113013698630137 0.014113740141137402 0.019406392694063926