1 0.24464668094218414 0.42132505175983437 0.0053533190578158455 0.005175983436853002
1 0.24518201284796573 0.4365942028985507 0.007494646680942184 0.0036231884057971015
1 0.2815845824411135 0.44280538302277433 0.03747323340471092 0.03364389233954451
1 0.04737687366167023 0.43711180124223603 0.046573875802997856 0.04399585921325052
1 0.24411134903640258 0.44539337474120083 0.008565310492505354 0.004658385093167702
1 0.24544967880085652 0.46221532091097306 0.009100642398286937 0.007246376811594203
1 0.07976445396145611 0.4591097308488613 0.02569593147751606 0.022774327122153208
10 0.3302997858672377 0.4673913043478261 0.008565310492505354 0.005175983436853002
10 0.2920235546038544 0.4697204968944099 0.006959314775160599 0.005693581780538302
10 0.3292291220556745 0.4715320910973085 0.011777301927194861 0.004140786749482402
10 0.10626338329764454 0.4668737060041408 0.005888650963597431 0.014492753623188406
10 0.2963062098501071 0.47360248447204967 0.009100642398286937 0.005175983436853002
1 0.2427730192719486 0.4720496894409938 0.006959314775160599 0.003105590062111801
1 0.24250535331905781 0.47593167701863354 0.008565310492505354 0.005693581780538302
1 0.04336188436830835 0.47955486542443065 0.046038543897216275 0.04503105590062112
1 0.2427730192719486 0.4945652173913043 0.009100642398286937 0.005693581780538302
1 0.24143468950749464 0.4989648033126294 0.008565310492505354 0.004140786749482402
1 0.46413276231263384 0.5282091097308489 0.006423982869379015 0.010869565217391304
5 0.08779443254817987 0.5175983436853002 0.02676659528907923 0.028985507246376812
5 0.08137044967880086 0.55175983436853 0.02462526766595289 0.024844720496894408
1 0.023554603854389723 0.5670289855072463 0.013918629550321198 0.005693581780538302
10 0.09421841541755889 0.5714285714285714 0.0032119914346895075 0.008281573498964804
10 0.08859743040685225 0.5719461697722568 0.005888650963597431 0.008281573498964804
10 0.1006423982869379 0.5727225672877847 0.006423982869379015 0.009834368530020704
10 0.10492505353319058 0.5729813664596274 0.004282655246252677 0.008281573498964804
1 0.022751605995717343 0.5722049689440993 0.012312633832976445 0.004658385093167702
1 0.026498929336188436 0.578416149068323 0.009100642398286937 0.005693581780538302
10 0.24143468950749464 0.005693581780538302 0.0021413276231263384 0.005175983436853002
10 0.25187366167023556 0.006469979296066253 0.004817987152034261 0.005693581780538302
10 0.02542826552462527 0.5848861283643892 0.005888650963597431 0.002070393374741201
10 0.02569593147751606 0.589544513457557 0.006423982869379015 0.003105590062111801
1 0.4930406852248394 0.6071428571428571 0.010706638115631691 0.010351966873706004
1 0.6557815845824411 0.6130952380952381 0.008565310492505354 0.009834368530020704
1 0.612152034261242 0.6120600414078675 0.012312633832976445 0.008799171842650104
1 0.5433618843683083 0.6112836438923396 0.006423982869379015 0.007246376811594203
1 0.08993576017130621 0.6141304347826086 0.044967880085653104 0.04710144927536232
1 0.13758029978586725 0.6190476190476191 0.047109207708779445 0.036231884057971016
10 0.10385438972162742 0.005434782608695652 0.006423982869379015 0.005693581780538302
1 0.6798715203426124 0.6666666666666666 0.011777301927194861 0.007246376811594203
1 0.6209850107066381 0.6669254658385093 0.01284796573875803 0.006728778467908903
10 0.09261241970021414 0.6635610766045549 0.0053533190578158455 0.011387163561076604
1 0.11991434689507495 0.010093167701863354 0.007494646680942184 0.010869565217391304
10 0.16086723768736616 0.011645962732919254 0.009100642398286937 0.005693581780538302
1 0.15069593147751606 0.011645962732919254 0.008029978586723769 0.012939958592132506
10 0.25160599571734477 0.015786749482401656 0.0032119914346895075 0.004658385093167702
10 0.08565310492505353 0.6840062111801242 0.0032119914346895075 0.006728778467908903
10 0.24544967880085652 0.016304347826086956 0.0016059957173447537 0.006728778467908903
1 0.22992505353319057 0.016045548654244308 0.012312633832976445 0.007246376811594203
10 0.07012847965738758 0.6845238095238095 0.0032119914346895075 0.004658385093167702
1 0.07735546038543897 0.6853002070393375 0.005888650963597431 0.010351966873706004
10 0.24143468950749464 0.016821946169772256 0.004282655246252677 0.007763975155279503
5 0.20235546038543897 0.016304347826086956 0.022483940042826552 0.022256728778467908
10 0.1389186295503212 0.6992753623188406 0.003747323340471092 0.007246376811594203
10 0.08859743040685225 0.6977225672877847 0.005888650963597431 0.010351966873706004
10 0.07414346895074947 0.6977225672877847 0.0026766595289079227 0.007246376811594203
10 0.0971627408993576 0.6990165631469979 0.005888650963597431 0.009834368530020704
10 0.06798715203426124 0.6979813664596274 0.004282655246252677 0.007763975155279503
10 0.0936830835117773 0.6987577639751553 0.0053533190578158455 0.008281573498964804
1 0.17880085653104924 0.7016045548654244 0.0053533190578158455 0.007763975155279503
1 0.11375802997858672 0.6997929606625258 0.004817987152034261 0.009316770186335404
1 0.14855460385438973 0.7010869565217391 0.004817987152034261 0.009834368530020704
10 0.0591541755888651 0.6979813664596274 0.0026766595289079227 0.006728778467908903
1 0.16889721627408993 0.7021221532091098 0.0026766595289079227 0.007763975155279503
1 0.12981798715203427 0.7016045548654244 0.004817987152034261 0.009834368530020704
1 0.19619914346895076 0.7057453416149069 0.003747323340471092 0.007763975155279503
1 0.9606531049250535 0.7316252587991718 0.034796573875803 0.028467908902691512
1 0.5546038543897216 0.7298136645962733 0.028907922912205567 0.034161490683229816
1 0.40203426124197 0.7264492753623188 0.042826552462526764 0.03467908902691511
1 0.4791220556745182 0.7287784679089027 0.03854389721627409 0.037267080745341616
1 0.7374197002141327 0.7383540372670807 0.03586723768736617 0.03985507246376811
1 0.44271948608137046 0.7285196687370601 0.03640256959314775 0.03467908902691511
10 0.8723233404710921 0.7437888198757764 0.0026766595289079227 0.014492753623188406
1 0.5211456102783726 0.7316252587991718 0.03372591006423983 0.03985507246376811
10 0.8998929336188437 0.7445652173913043 0.004282655246252677 0.011904761904761904
1 0.7055674518201285 0.7378364389233955 0.03961456102783726 0.03364389233954451
10 0.8819593147751607 0.7437888198757764 0.003747323340471092 0.014492753623188406
10 0.8907922912205567 0.7450828157349897 0.0021413276231263384 0.009834368530020704
10 0.8771413276231264 0.7443064182194618 0.005888650963597431 0.016563146997929608
1 0.5899357601713062 0.7347308488612836 0.034261241970021415 0.03467908902691511
10 0.9052462526766595 0.7463768115942029 0.0053533190578158455 0.011387163561076604
1 0.6282119914346895 0.7383540372670807 0.034796573875803 0.03571428571428571
1 0.6656852248394004 0.740424430641822 0.03158458244111349 0.03364389233954451
5 0.3029978586723769 0.7349896480331263 0.027837259100642397 0.030020703933747412
10 0.14293361884368308 0.017857142857142856 0.0021413276231263384 0.005693581780538302
1 0.2604389721627409 0.7383540372670807 0.032655246252676656 0.028467908902691512
1 0.7668629550321199 0.7577639751552795 0.017665952890792293 0.026915113871635612
1 0.19619914346895076 0.7512939958592133 0.008029978586723769 0.002587991718426501
1 0.19593147751605997 0.7549171842650103 0.007494646680942184 0.002587991718426501
10 0.860813704496788 0.7795031055900621 0.008565310492505354 0.003105590062111801
10 0.19646680942184155 0.7590579710144928 0.009635974304068522 0.004658385093167702
10 0.6541755888650964 0.7753623188405797 0.0053533190578158455 0.008281573498964804
10 0.02569593147751606 0.7567287784679089 0.007494646680942184 0.005175983436853002
5 0.48822269807280516 0.7725155279503105 0.034261241970021415 0.03157349896480331
1 0.771948608137045 0.785455486542443 0.013918629550321198 0.005693581780538302
10 0.8567987152034261 0.7883022774327122 0.010171306209850108 0.003105590062111801
10 0.02542826552462527 0.7626811594202898 0.009100642398286937 0.0036231884057971015
10 0.0243576017130621 0.7675983436853002 0.011241970021413276 0.005175983436853002
10 0.024892933618843684 0.7738095238095238 0.009100642398286937 0.005175983436853002
10 0.2556209850107066 0.7846790890269151 0.014453961456102784 0.007246376811594203
5 0.520610278372591 0.7932194616977226 0.04229122055674518 0.03364389233954451
10 0.29336188436830835 0.7857142857142857 0.016059957173447537 0.009316770186335404
5 0.9103319057815846 0.8064182194616977 0.0626338329764454 0.08281573498964803
10 0.2767665952890792 0.7857142857142857 0.004282655246252677 0.008281573498964804
10 0.2810492505353319 0.7859730848861284 0.0032119914346895075 0.006728778467908903
10 0.27301927194860814 0.7864906832298136 0.0032119914346895075 0.008799171842650104
10 0.02462526766595289 0.7782091097308489 0.009635974304068522 0.0036231884057971015
10 0.26686295503211993 0.7864906832298136 0.003747323340471092 0.007763975155279503
1 0.21279443254817987 0.7857142857142857 0.04229122055674518 0.035196687370600416
5 0.11134903640256959 0.782608695652174 0.11563169164882227 0.10869565217391304
10 0.024089935760171308 0.7828674948240165 0.008565310492505354 0.004658385093167702
10 0.011509635974304069 0.7828674948240165 0.004817987152034261 0.0015527950310559005
1 0.6646145610278372 0.8103002070393375 0.0026766595289079227 0.007763975155279503
5 0.7591006423982869 0.817287784679089 0.034261241970021415 0.030020703933747412
10 0.011509635974304069 0.792184265010352 0.004817987152034261 0.0036231884057971015
10 0.024089935760171308 0.7934782608695652 0.008565310492505354 0.004140786749482402
10 0.023822269807280513 0.7981366459627329 0.011241970021413276 0.004140786749482402
10 0.8565310492505354 0.8273809523809523 0.009635974304068522 0.002587991718426501
1 0.3760706638115632 0.8118530020703933 0.0026766595289079227 0.010869565217391304
1 0.362152034261242 0.8118530020703933 0.005888650963597431 0.011904761904761904
1 0.37205567451820126 0.812888198757764 0.0053533190578158455 0.011904761904761904
1 0.3811563169164882 0.8134057971014492 0.004282655246252677 0.015010351966873706
1 0.36643468950749464 0.8131469979296067 0.003747323340471092 0.011387163561076604
1 0.6415952890792291 0.8227225672877847 0.011241970021413276 0.005693581780538302
10 0.024089935760171308 0.8040890269151139 0.008565310492505354 0.004658385093167702
1 0.9673447537473233 0.8366977225672878 0.02462526766595289 0.022256728778467908
10 0.011241970021413276 0.8071946169772257 0.009635974304068522 0.004658385093167702
10 0.023286937901498928 0.807712215320911 0.005888650963597431 0.002587991718426501
1 0.0066916488222698075 0.818064182194617 0.011241970021413276 0.0036231884057971015
1 0.546306209850107 0.8372153209109731 0.030513918629550323 0.023291925465838508
10 0.023286937901498928 0.8234989648033126 0.003747323340471092 0.003105590062111801
10 0.7240364025695931 0.8467908902691511 0.0016059957173447537 0.007246376811594203
1 0.9649357601713062 0.8553312629399586 0.011241970021413276 0.005693581780538302
10 0.7184154175588865 0.847567287784679 0.004282655246252677 0.009834368530020704
10 0.40497858672376874 0.8372153209109731 0.015524625267665952 0.005693581780538302
10 0.7304603854389722 0.848343685300207 0.006959314775160599 0.009316770186335404
10 0.7130620985010707 0.8478260869565217 0.004282655246252677 0.010351966873706004
1 0.6514989293361885 0.8462732919254659 0.01284796573875803 0.005175983436853002
10 0.8669700214132763 0.8545548654244306 0.003747323340471092 0.006211180124223602
1 0.963865096359743 0.8599896480331263 0.013383297644539615 0.0036231884057971015
10 0.02221627408993576 0.8294513457556936 0.009100642398286937 0.005693581780538302
10 0.8731263383297645 0.8633540372670807 0.008565310492505354 0.004140786749482402
1 0.007226980728051392 0.8346273291925466 0.011241970021413276 0.005693581780538302
10 0.9130085653104925 0.8680124223602484 0.003747323340471092 0.012422360248447204
10 0.021948608137044967 0.8377329192546584 0.008565310492505354 0.005693581780538302
10 0.9180942184154176 0.8685300207039337 0.0053533190578158455 0.010351966873706004
10 0.9031049250535332 0.8685300207039337 0.0021413276231263384 0.013457556935817806
10 0.9076552462526767 0.8690476190476191 0.004817987152034261 0.012422360248447204
1 0.0053533190578158455 0.8387681159420289 0.010706638115631691 0.005693581780538302
10 0.9274625267665952 0.8708592132505176 0.004817987152034261 0.009834368530020704
10 0.6892398286937902 0.8633540372670807 0.004817987152034261 0.007246376811594203
10 0.8747323340471093 0.8695652173913043 0.008565310492505354 0.004140786749482402
1 0.1975374732334047 0.848343685300207 0.014989293361884369 0.007246376811594203
10 0.022483940042826552 0.8429089026915114 0.008565310492505354 0.0036231884057971015
10 0.022483940042826552 0.8478260869565217 0.008565310492505354 0.006211180124223602
10 0.1421306209850107 0.028985507246376812 0.006959314775160599 0.007246376811594203
10 0.17157387580299785 0.030020703933747412 0.004817987152034261 0.005175983436853002
10 0.8843683083511777 0.8848343685300207 0.0053533190578158455 0.009834368530020704
10 0.8747323340471093 0.8850931677018633 0.0053533190578158455 0.011387163561076604
10 0.1319593147751606 0.030538302277432712 0.003747323340471092 0.005175983436853002
1 0.15738758029978586 0.031314699792960664 0.004282655246252677 0.009834368530020704
10 0.8953426124197003 0.8874223602484472 0.005888650963597431 0.008799171842650104
10 0.8798179871520343 0.8879399585921325 0.005888650963597431 0.009834368530020704
1 0.06076017130620985 0.8630952380952381 0.004817987152034261 0.009834368530020704
10 0.12259100642398287 0.8659420289855072 0.0053533190578158455 0.009316770186335404
1 0.15203426124197003 0.03183229813664596 0.004282655246252677 0.009834368530020704
10 0.17532119914346894 0.8680124223602484 0.006959314775160599 0.011387163561076604
10 0.1183083511777302 0.8664596273291926 0.0053533190578158455 0.009316770186335404
1 0.046038543897216275 0.8638716356107661 0.0032119914346895075 0.007246376811594203
10 0.1279443254817987 0.8664596273291926 0.0053533190578158455 0.010351966873706004
1 0.159796573875803 0.8674948240165632 0.006959314775160599 0.012422360248447204
1 0.06852248394004283 0.864648033126294 0.004282655246252677 0.007763975155279503
1 0.034261241970021415 0.8641304347826086 0.0021413276231263384 0.005693581780538302
10 0.14320128479657387 0.8677536231884058 0.005888650963597431 0.009834368530020704
10 0.17987152034261242 0.8687888198757764 0.004282655246252677 0.008799171842650104
10 0.09234475374732334 0.8662008281573499 0.004817987152034261 0.011904761904761904
1 0.0869914346895075 0.8656832298136646 0.004817987152034261 0.010869565217391304
1 0.04095289079229122 0.864648033126294 0.004817987152034261 0.008799171842650104
1 0.0968950749464668 0.8667184265010351 0.004282655246252677 0.009834368530020704
10 0.13945396145610278 0.8682712215320911 0.008029978586723769 0.013975155279503106
1 0.053265524625267666 0.8656832298136646 0.004817987152034261 0.010869565217391304
1 0.07949678800856531 0.8664596273291926 0.005888650963597431 0.011387163561076604
1 0.07334047109207709 0.8664596273291926 0.0053533190578158455 0.013457556935817806
10 0.3399357601713062 0.8850931677018633 0.007494646680942184 0.005175983436853002
10 0.26900428265524623 0.884575569358178 0.009100642398286937 0.005175983436853002
1 0.2296573875802998 0.035196687370600416 0.009635974304068522 0.006211180124223602
10 0.14079229122055675 0.8812111801242236 0.0053533190578158455 0.009834368530020704
10 0.4400428265524625 0.8920807453416149 0.013918629550321198 0.007763975155279503
10 0.13329764453961457 0.8822463768115942 0.0032119914346895075 0.007763975155279503
10 0.9194325481798715 0.9096790890269151 0.009100642398286937 0.004658385093167702
10 0.2917558886509636 0.8892339544513458 0.008565310492505354 0.006211180124223602
10 0.2698072805139186 0.8907867494824017 0.009635974304068522 0.006211180124223602
10 0.9172912205567452 0.9189958592132506 0.010171306209850108 0.004658385093167702
1 0.10894004282655247 0.032349896480331264 0.032655246252676656 0.03364389233954451
10 0.20396145610278374 0.03674948240165631 0.008565310492505354 0.004140786749482402
5 0.916220556745182 0.9459109730848861 0.009100642398286937 0.004658385093167702
10 0.1734475374732334 0.9213250517598344 0.007494646680942184 0.005175983436853002
10 0.6758565310492506 0.9433229813664596 0.014453961456102784 0.004658385093167702
1 0.07655246252676659 0.92675983436853 0.007494646680942184 0.008799171842650104
1 0.0936830835117773 0.9272774327122153 0.0032119914346895075 0.010869565217391304
1 0.2462526766595289 0.9321946169772257 0.013918629550321198 0.004140786749482402
1 0.09903640256959315 0.9280538302277432 0.004282655246252677 0.013457556935817806
10 0.17639186295503212 0.9306418219461697 0.006959314775160599 0.003105590062111801
1 0.08297644539614561 0.9272774327122153 0.0053533190578158455 0.011904761904761904
1 0.8846359743040685 0.9575569358178054 0.009100642398286937 0.017598343685300208
1 0.8736616702355461 0.9583333333333334 0.0053533190578158455 0.016045548654244308
1 0.9041755888650964 0.9596273291925466 0.0053533190578158455 0.011387163561076604
10 0.24437901498929337 0.9399585921325052 0.012312633832976445 0.006211180124223602
10 0.16033190578158457 0.9381469979296067 0.008029978586723769 0.005693581780538302
10 0.16220556745182013 0.9477225672877847 0.0053533190578158455 0.007246376811594203
10 0.1745182012847966 0.9547101449275363 0.008565310492505354 0.004658385093167702
10 0.20396145610278374 0.04192546583850932 0.006423982869379015 0.003105590062111801
10 0.2047644539614561 0.04736024844720497 0.008029978586723769 0.0036231884057971015
10 0.5144539614561028 0.05822981366459627 0.014989293361884369 0.005693581780538302
10 0.2044967880085653 0.05331262939958592 0.010706638115631691 0.005175983436853002
10 0.20396145610278374 0.056935817805383024 0.006423982869379015 0.002070393374741201
1 0.2326017130620985 0.05848861283643892 0.010171306209850108 0.004140786749482402
10 0.05058886509635974 0.05434782608695652 0.004817987152034261 0.014492753623188406
1 0.10251605995717344 0.05719461697722567 0.010171306209850108 0.012939958592132506
10 0.20396145610278374 0.06133540372670807 0.007494646680942184 0.0036231884057971015
1 0.035331905781584586 0.056677018633540376 0.008565310492505354 0.015010351966873706
10 0.20315845824411136 0.06573498964803312 0.005888650963597431 0.003105590062111801
10 0.20396145610278374 0.07116977225672878 0.006423982869379015 0.002587991718426501
1 0.22269807280513917 0.07194616977225674 0.011777301927194861 0.005175983436853002
5 0.15444325481798715 0.07479296066252587 0.07012847965738758 0.06677018633540373
1 0.33244111349036404 0.08618012422360248 0.029978586723768737 0.027432712215320912
1 0.30032119914346894 0.08618012422360248 0.02569593147751606 0.029503105590062112
10 0.02569593147751606 0.07815734989648034 0.008565310492505354 0.005175983436853002
5 0.053265524625267666 0.08333333333333333 0.027301927194860815 0.023809523809523808
1 0.0835117773019272 0.08540372670807453 0.009635974304068522 0.004140786749482402
10 0.024892933618843684 0.08488612836438923 0.006959314775160599 0.004140786749482402
10 0.5853854389721628 0.10403726708074534 0.005888650963597431 0.010351966873706004
10 0.6017130620985011 0.1048136645962733 0.004282655246252677 0.008799171842650104
10 0.5778907922912205 0.1048136645962733 0.005888650963597431 0.009834368530020704
1 0.08244111349036402 0.09006211180124224 0.007494646680942184 0.003105590062111801
5 0.5406852248394004 0.10584886128364389 0.02462526766595289 0.019151138716356108
1 0.4718950749464668 0.10351966873706005 0.03158458244111349 0.035196687370600416
1 0.22243040685224838 0.09627329192546584 0.014453961456102784 0.008281573498964804
1 0.20690578158458245 0.09627329192546584 0.016595289079229122 0.006211180124223602
1 0.5099036402569593 0.1089544513457557 0.032655246252676656 0.029503105590062112
1 0.08404710920770878 0.09601449275362318 0.010706638115631691 0.005693581780538302
10 0.22082441113490364 0.1027432712215321 0.011241970021413276 0.004658385093167702
10 0.5620985010706638 0.12008281573498965 0.01284796573875803 0.007246376811594203
1 0.39025695931477516 0.1167184265010352 0.035331905781584586 0.03157349896480331
10 0.22055674518201285 0.11128364389233955 0.009635974304068522 0.004140786749482402
1 0.05594218415417559 0.10947204968944099 0.005888650963597431 0.010869565217391304
1 0.06129550321199143 0.11154244306418219 0.005888650963597431 0.011904761904761904
5 0.0968950749464668 0.11594202898550725 0.02569593147751606 0.018633540372670808
10 0.5436295503211992 0.13457556935817805 0.015524625267665952 0.006211180124223602
10 0.5294432548179872 0.13561076604554864 0.01284796573875803 0.004140786749482402
1 0.01873661670235546 0.11982401656314699 0.008565310492505354 0.005693581780538302
1 0.1667558886509636 0.12836438923395446 0.005888650963597431 0.011387163561076604
1 0.159796573875803 0.12888198757763975 0.005888650963597431 0.010351966873706004
1 0.022751605995717343 0.1265527950310559 0.011241970021413276 0.0036231884057971015
1 0.45235546038543895 0.14337474120082816 0.023554603854389723 0.021739130434782608
1 0.015524625267665952 0.1348343685300207 0.0053533190578158455 0.006728778467908903
1 0.11215203426124197 0.14596273291925466 0.010171306209850108 0.014492753623188406
10 0.2917558886509636 0.15191511387163562 0.008565310492505354 0.004658385093167702
5 0.06397216274089935 0.14751552795031056 0.017665952890792293 0.021739130434782608
10 0.29255888650963596 0.1581262939958592 0.004817987152034261 0.002587991718426501
10 0.29255888650963596 0.1622670807453416 0.005888650963597431 0.002587991718426501
10 0.03961456102783726 0.15476190476190477 0.007494646680942184 0.006211180124223602
1 0.4068522483940043 0.17028985507246377 0.004282655246252677 0.009316770186335404
10 0.2917558886509636 0.16770186335403728 0.007494646680942184 0.004140786749482402
5 0.4724304068522484 0.17391304347826086 0.023019271948608137 0.016563146997929608
1 0.9593147751605996 0.19073498964803312 0.048179871520342615 0.03364389233954451
5 0.32789079229122053 0.17883022774327123 0.03372591006423983 0.07919254658385093
10 0.03693790149892934 0.17054865424430643 0.007494646680942184 0.002587991718426501
1 0.732066381156317 0.19435817805383024 0.03586723768736617 0.03260869565217391
1 0.9164882226980728 0.20186335403726707 0.035331905781584586 0.039337474120082816
10 0.2914882226980728 0.18141821946169773 0.006959314775160599 0.0036231884057971015
10 0.278372591006424 0.18115942028985507 0.010706638115631691 0.005175983436853002
10 0.4060492505353319 0.18555900621118013 0.014453961456102784 0.008799171842650104
1 0.7698072805139187 0.19772256728778467 0.035331905781584586 0.032091097308488616
1 0.882762312633833 0.20186335403726707 0.03854389721627409 0.039337474120082816
1 0.661134903640257 0.19461697722567287 0.031049250535331904 0.034161490683229816
1 0.8442184154175589 0.20186335403726707 0.03747323340471092 0.038302277432712216
1 0.69593147751606 0.19772256728778467 0.042826552462526764 0.035196687370600416
1 0.808083511777302 0.2028985507246377 0.03158458244111349 0.028985507246376812
10 0.2920235546038544 0.18633540372670807 0.010171306209850108 0.005175983436853002
10 0.27864025695931477 0.18659420289855072 0.008029978586723769 0.0036231884057971015
1 0.1841541755888651 0.1873706004140787 0.03747323340471092 0.043478260869565216
10 0.0658458244111349 0.20238095238095238 0.007494646680942184 0.010351966873706004
1 0.09421841541755889 0.2080745341614907 0.02676659528907923 0.030020703933747412
5 0.42960385438972165 0.2204968944099379 0.028372591006423982 0.026915113871635612
10 0.5305139186295503 0.22489648033126294 0.018201284796573874 0.007763975155279503
1 0.45985010706638113 0.23110766045548653 0.033190578158458245 0.03467908902691511
10 0.5310492505353319 0.2365424430641822 0.021413276231263382 0.008281573498964804
10 0.5299785867237687 0.24870600414078675 0.019271948608137045 0.007763975155279503
1 0.08940042826552462 0.24767080745341616 0.027837259100642397 0.024327122153209108
1 0.4472698072805139 0.26475155279503104 0.032655246252676656 0.03674948240165631
1 0.40390792291220556 0.2644927536231884 0.04229122055674518 0.034161490683229816
1 0.3624197002141328 0.2634575569358178 0.034261241970021415 0.039337474120082816
1 0.2502676659528908 0.2637163561076605 0.011241970021413276 0.0036231884057971015
1 0.2494646680942184 0.2686335403726708 0.007494646680942184 0.003105590062111801
1 0.28533190578158457 0.27070393374741203 0.03961456102783726 0.041407867494824016
1 0.3220021413276231 0.27355072463768115 0.034796573875803 0.04089026915113872
1 0.4799250535331906 0.28545548654244307 0.006959314775160599 0.015010351966873706
1 0.25 0.2805383022774327 0.011777301927194861 0.005175983436853002
1 0.24919700214132762 0.2859730848861284 0.009100642398286937 0.0036231884057971015
1 0.24812633832976447 0.2968426501035197 0.008029978586723769 0.0036231884057971015
1 0.24866167023554603 0.3007246376811594 0.009100642398286937 0.004140786749482402
1 0.4726980728051392 0.31185300207039335 0.011777301927194861 0.006728778467908903
1 0.09127408993576017 0.3033126293995859 0.026231263383297645 0.030020703933747412
10 0.47002141327623126 0.322463768115942 0.007494646680942184 0.008281573498964804
1 0.44593147751605994 0.3219461697722567 0.006423982869379015 0.006211180124223602
10 0.47109207708779444 0.32608695652173914 0.006423982869379015 0.006211180124223602
1 0.24785867237687367 0.3216873706004141 0.008565310492505354 0.004658385093167702
1 0.44539614561027835 0.32945134575569357 0.010706638115631691 0.007763975155279503
10 0.47109207708779444 0.33152173913043476 0.008565310492505354 0.0036231884057971015
1 0.24732334047109208 0.3258281573498965 0.006423982869379015 0.004658385093167702
10 0.47002141327623126 0.3366977225672878 0.008565310492505354 0.004658385093167702
1 0.44512847965738755 0.33747412008281574 0.009100642398286937 0.008281573498964804
10 0.46975374732334046 0.3408385093167702 0.009100642398286937 0.002587991718426501
1 0.2470556745182013 0.338768115942029 0.009100642398286937 0.004658385093167702
10 0.059957173447537475 0.3361801242236025 0.0053533190578158455 0.011904761904761904
1 0.2470556745182013 0.3434265010351967 0.008029978586723769 0.004658385093167702
1 0.056745182012847964 0.34627329192546585 0.01284796573875803 0.006211180124223602
1 0.2462526766595289 0.35429606625258797 0.006423982869379015 0.002587991718426501
10 0.0591541755888651 0.3574016563146998 0.008029978586723769 0.011904761904761904
1 0.2459850107066381 0.37370600414078675 0.006959314775160599 0.003105590062111801
1 0.0452355460385439 0.38768115942028986 0.05513918629550321 0.048654244306418216
1 0.08886509635974305 0.4045031055900621 0.02676659528907923 0.03467908902691511
1 0.32762312633832974 0.4138198757763975 0.03640256959314775 0.03674948240165631