1 0.2831001076426265 0.4322916666666667 0.005382131324004306 0.005208333333333333
1 0.2852529601722282 0.44817708333333334 0.007534983853606028 0.0036458333333333334
1 0.3218514531754575 0.4518229166666667 0.03767491926803014 0.033854166666666664
1 0.08692142088266953 0.4622395833333333 0.04682454251883746 0.044270833333333336
1 0.28417653390742736 0.45703125 0.008611410118406888 0.0046875
1 0.2871367061356297 0.4734375 0.00914962325080732 0.007291666666666667
1 0.12055974165769645 0.4817708333333333 0.02583423035522067 0.022916666666666665
10 0.37244348762109797 0.47291666666666665 0.008611410118406888 0.005208333333333333
10 0.3339612486544672 0.4778645833333333 0.006996770721205597 0.005729166666666666
10 0.37190527448869753 0.47760416666666666 0.011840688912809472 0.004166666666666667
10 0.14773950484391818 0.4875 0.005920344456404736 0.014583333333333334
10 0.33880516684607104 0.4817708333333333 0.00914962325080732 0.005208333333333333
1 0.284983853606028 0.48385416666666664 0.006996770721205597 0.003125
1 0.2847147470398278 0.48776041666666664 0.008611410118406888 0.005729166666666666
1 0.08557588805166846 0.5049479166666667 0.04628632938643703 0.0453125
1 0.28659849300322926 0.5065104166666666 0.00914962325080732 0.005729166666666666
1 0.2857911733046286 0.5109375 0.008611410118406888 0.004166666666666667
1 0.511302475780409 0.5252604166666667 0.006458557588805167 0.0109375
5 0.13293864370290634 0.5401041666666667 0.02691065662002153 0.029166666666666667
5 0.12917115177610333 0.5744791666666667 0.024757804090419805 0.025
1 0.0721205597416577 0.5940104166666667 0.013993541442411194 0.005729166666666666
10 0.14316469321851452 0.59375 0.0032292787944025836 0.008333333333333333
10 0.13805166846071043 0.5942708333333333 0.005920344456404736 0.008333333333333333
10 0.1496232508073197 0.59453125 0.006458557588805167 0.009895833333333333
10 0.15392895586652314 0.5942708333333333 0.004305705059203444 0.008333333333333333
1 0.07185145317545748 0.59921875 0.012378902045209902 0.0046875
1 0.0756189451022605 0.6049479166666667 0.00914962325080732 0.005729166666666666
10 0.24973089343379978 0.015625 0.002152852529601722 0.005208333333333333
10 0.2602260495156082 0.015885416666666666 0.004843918191603875 0.005729166666666666
10 0.0756189451022605 0.6119791666666666 0.005920344456404736 0.0020833333333333333
10 0.07588805166846072 0.6166666666666667 0.006458557588805167 0.003125
1 0.5457481162540366 0.6020833333333333 0.010764262648008612 0.010416666666666666
1 0.7093649085037675 0.5971354166666667 0.008611410118406888 0.009895833333333333
1 0.6660387513455328 0.59921875 0.012378902045209902 0.008854166666666666
1 0.596340150699677 0.603125 0.006458557588805167 0.007291666666666667
1 0.14208826695371368 0.63671875 0.04520990312163617 0.04739583333333333
1 0.189989235737352 0.6385416666666667 0.04736275565123789 0.036458333333333336
10 0.11194833153928956 0.024739583333333332 0.006458557588805167 0.005729166666666666
1 0.7378902045209903 0.6494791666666667 0.011840688912809472 0.007291666666666667
1 0.6786867599569429 0.6533854166666667 0.012917115177610334 0.0067708333333333336
10 0.1480086114101184 0.6859375 0.005382131324004306 0.011458333333333333
1 0.12809472551130247 0.028385416666666666 0.007534983853606028 0.0109375
10 0.16980624327233584 0.02734375 0.00914962325080732 0.005729166666666666
1 0.15958019375672766 0.027864583333333335 0.008073196986006458 0.013020833333333334
10 0.2604951560818084 0.025260416666666667 0.0032292787944025836 0.0046875
10 0.14316469321851452 0.70703125 0.0032292787944025836 0.0067708333333333336
10 0.2548439181916039 0.02578125 0.0016146393972012918 0.0067708333333333336
1 0.23923573735199138 0.027083333333333334 0.012378902045209902 0.007291666666666667
10 0.12755651237890203 0.70859375 0.0032292787944025836 0.0046875
1 0.13428417653390742 0.7088541666666667 0.005920344456404736 0.010416666666666666
10 0.2502691065662002 0.026822916666666665 0.004305705059203444 0.0078125
5 0.2109795479009688 0.02890625 0.022604951560818085 0.022395833333333334
10 0.19725511302475782 0.71875 0.003767491926803014 0.007291666666666667
10 0.14666307857911734 0.7203125 0.005920344456404736 0.010416666666666666
10 0.13213132400430572 0.7213541666666666 0.002691065662002153 0.007291666666666667
10 0.15527448869752422 0.72109375 0.005920344456404736 0.009895833333333333
10 0.1264800861141012 0.7221354166666667 0.004305705059203444 0.0078125
10 0.15231431646932186 0.7213541666666666 0.005382131324004306 0.008333333333333333
1 0.2378902045209903 0.7184895833333333 0.005382131324004306 0.0078125
1 0.17195909580193758 0.7213541666666666 0.004843918191603875 0.009375
1 0.20694294940796557 0.7200520833333334 0.004843918191603875 0.009895833333333333
10 0.11706135629709365 0.7231770833333333 0.002691065662002153 0.0067708333333333336
1 0.22739504843918193 0.7200520833333334 0.002691065662002153 0.0078125
1 0.18810548977395047 0.7216145833333333 0.004843918191603875 0.009895833333333333
1 0.2548439181916039 0.7216145833333333 0.003767491926803014 0.0078125
1 0.616254036598493 0.7213541666666666 0.02906350914962325 0.034375
1 0.4628632938643703 0.7278645833333334 0.04305705059203445 0.034895833333333334
1 0.5403659849300323 0.7255208333333333 0.038751345532831 0.0375
1 0.8005920344456404 0.71796875 0.03606027987082885 0.04010416666666667
1 0.5043057050592035 0.7278645833333334 0.03659849300322928 0.034895833333333334
10 0.936221743810549 0.7135416666666666 0.002691065662002153 0.014583333333333334
1 0.5831539289558665 0.72578125 0.03390742734122713 0.04010416666666667
10 0.9639397201291712 0.7127604166666667 0.004305705059203444 0.011979166666666667
1 0.7685683530678149 0.71953125 0.03982777179763186 0.033854166666666664
10 0.9459095801937567 0.7135416666666666 0.003767491926803014 0.014583333333333334
10 0.9547900968783638 0.7138020833333333 0.002152852529601722 0.009895833333333333
10 0.9410656620021528 0.7140625 0.005920344456404736 0.016666666666666666
1 0.6517761033369214 0.7236979166666667 0.03444564047362755 0.034895833333333334
10 0.9693218514531755 0.7140625 0.005382131324004306 0.011458333333333333
1 0.6907965554359526 0.7252604166666666 0.03498385360602799 0.0359375
1 0.7284714747039828 0.72421875 0.031754574811625406 0.033854166666666664
5 0.3643702906350915 0.7432291666666667 0.02798708288482239 0.030208333333333334
10 0.15231431646932186 0.03463541666666667 0.002152852529601722 0.005729166666666666
1 0.3221205597416577 0.7502604166666667 0.03283100107642627 0.028645833333333332
1 0.831270182992465 0.7348958333333333 0.01776103336921421 0.027083333333333334
1 0.2586114101184069 0.7674479166666667 0.008073196986006458 0.0026041666666666665
1 0.25834230355220666 0.77109375 0.007534983853606028 0.0026041666666666665
10 0.9273412271259419 0.7505208333333333 0.008611410118406888 0.003125
10 0.25941872981700753 0.7752604166666667 0.00968783638320775 0.0046875
10 0.7195909580193757 0.7598958333333333 0.005382131324004306 0.008333333333333333
10 0.08826695371367062 0.7838541666666666 0.007534983853606028 0.005208333333333333
5 0.5527448869752422 0.7690104166666667 0.03444564047362755 0.03177083333333333
1 0.8385360602798708 0.7622395833333333 0.013993541442411194 0.005729166666666666
10 0.923842841765339 0.759375 0.01022604951560818 0.003125
10 0.0879978471474704 0.7903645833333334 0.00914962325080732 0.0036458333333333334
10 0.08745963401506997 0.7947916666666667 0.011302475780409042 0.005208333333333333
10 0.0879978471474704 0.8010416666666667 0.00914962325080732 0.005208333333333333
10 0.3205059203444564 0.7963541666666667 0.014531754574811625 0.007291666666666667
5 0.5869214208826695 0.7872395833333333 0.042518837459634015 0.033854166666666664
10 0.35844994617868675 0.7953125 0.016146393972012917 0.009375
5 0.9730893433799784 0.77421875 0.0527448869752422 0.08385416666666666
10 0.3417653390742734 0.7963541666666667 0.004305705059203444 0.008333333333333333
10 0.34607104413347684 0.79609375 0.0032292787944025836 0.0067708333333333336
10 0.3379978471474704 0.79765625 0.0032292787944025836 0.008854166666666666
10 0.08826695371367062 0.8059895833333334 0.00968783638320775 0.0036458333333333334
10 0.33180839612486546 0.79765625 0.003767491926803014 0.0078125
1 0.2779870828848224 0.8005208333333333 0.042518837459634015 0.035416666666666666
5 0.17545748116254037 0.8046875 0.116254036598493 0.109375
10 0.08826695371367062 0.8106770833333333 0.008611410118406888 0.0046875
10 0.0756189451022605 0.81171875 0.004843918191603875 0.0015625
1 0.7327771797631862 0.79453125 0.002691065662002153 0.0078125
5 0.8277717976318623 0.7947916666666667 0.03444564047362755 0.030208333333333334
10 0.07669537136706135 0.82109375 0.004843918191603875 0.0036458333333333334
10 0.08880516684607104 0.8208333333333333 0.008611410118406888 0.004166666666666667
10 0.08907427341227125 0.8255208333333334 0.011302475780409042 0.004166666666666667
10 0.926264800861141 0.7986979166666667 0.00968783638320775 0.0026041666666666665
1 0.4432185145317546 0.8158854166666667 0.002691065662002153 0.0109375
1 0.4292249730893434 0.8169270833333333 0.005920344456404736 0.011979166666666667
1 0.43918191603875134 0.8169270833333333 0.005382131324004306 0.011979166666666667
1 0.44833153928955866 0.8169270833333333 0.004305705059203444 0.015104166666666667
1 0.4340688912809473 0.8177083333333334 0.003767491926803014 0.011458333333333333
1 0.7107104413347686 0.80859375 0.011302475780409042 0.005729166666666666
10 0.0898815931108719 0.83203125 0.008611410118406888 0.0046875
10 0.07696447793326157 0.8361979166666667 0.00968783638320775 0.0046875
10 0.08961248654467169 0.8356770833333333 0.005920344456404736 0.0026041666666666665
1 0.07346609257265878 0.8471354166666667 0.011302475780409042 0.0036458333333333334
1 0.6159849300322928 0.8299479166666667 0.030678148546824543 0.0234375
10 0.09068891280947255 0.8510416666666667 0.003767491926803014 0.003125
10 0.7946716899892358 0.8276041666666667 0.0016146393972012918 0.007291666666666667
10 0.7895586652314317 0.8283854166666667 0.004305705059203444 0.009895833333333333
10 0.47389666307857914 0.8393229166666667 0.015608180839612486 0.005729166666666666
10 0.8011302475780409 0.828125 0.006996770721205597 0.009375
10 0.7841765339074274 0.8286458333333333 0.004305705059203444 0.010416666666666666
1 0.7222820236813778 0.83125 0.012917115177610334 0.005208333333333333
10 0.9389128094725512 0.825 0.003767491926803014 0.00625
10 0.08961248654467169 0.8575520833333333 0.00914962325080732 0.005729166666666666
10 0.9456404736275565 0.8338541666666667 0.008611410118406888 0.004166666666666667
1 0.07508073196986007 0.8638020833333333 0.011302475780409042 0.005729166666666666
10 0.986275565123789 0.8354166666666667 0.003767491926803014 0.0125
10 0.0898815931108719 0.8658854166666666 0.008611410118406888 0.005729166666666666
10 0.9908503767491926 0.8359375 0.005382131324004306 0.010416666666666666
10 0.9757804090419806 0.8369791666666667 0.002152852529601722 0.013541666666666667
10 0.9808934337997847 0.8369791666666667 0.004843918191603875 0.0125
1 0.0721205597416577 0.8677083333333333 0.012917115177610334 0.005208333333333333
10 0.998654467168999 0.8375 0.0016146393972012918 0.010416666666666666
1 0.05032292787944026 0.86953125 0.013455328310010764 0.0036458333333333334
10 0.761302475780409 0.8463541666666666 0.004843918191603875 0.007291666666666667
10 0.9477933261571583 0.8401041666666667 0.008611410118406888 0.004166666666666667
1 0.26695371367061355 0.8645833333333334 0.015069967707212056 0.007291666666666667
10 0.09095801937567277 0.87109375 0.008611410118406888 0.0036458333333333334
10 0.05005382131324004 0.8736979166666666 0.010764262648008612 0.0036458333333333334
10 0.09149623250807319 0.8755208333333333 0.008611410118406888 0.00625
10 0.15204520990312165 0.04583333333333333 0.006996770721205597 0.007291666666666667
10 0.18164693218514533 0.04479166666666667 0.004843918191603875 0.005208333333333333
1 0.04978471474703983 0.8796875 0.011302475780409042 0.00625
10 0.04951560818083961 0.8830729166666667 0.011840688912809472 0.0067708333333333336
10 0.9585575888051668 0.8544270833333333 0.005382131324004306 0.009895833333333333
10 0.9488697524219591 0.8557291666666667 0.005382131324004306 0.011458333333333333
10 0.05059203444564048 0.8869791666666667 0.010764262648008612 0.005208333333333333
10 0.14181916038751347 0.04791666666666667 0.003767491926803014 0.005208333333333333
1 0.16792249730893433 0.047135416666666666 0.004305705059203444 0.009895833333333333
10 0.9695909580193757 0.8565104166666667 0.005920344456404736 0.008854166666666666
10 0.9539827771797632 0.8580729166666666 0.005920344456404736 0.009895833333333333
1 0.13051668460710442 0.88828125 0.004843918191603875 0.009895833333333333
10 0.19321851453175456 0.8875 0.005382131324004306 0.009375
1 0.16254036598493002 0.04765625 0.004305705059203444 0.009895833333333333
10 0.24569429494079656 0.8859375 0.006996770721205597 0.011458333333333333
10 0.18891280947255112 0.8880208333333334 0.005382131324004306 0.009375
1 0.116254036598493 0.890625 0.0032292787944025836 0.007291666666666667
10 0.19860064585575887 0.8875 0.005382131324004306 0.010416666666666666
1 0.23008611410118407 0.8864583333333333 0.006996770721205597 0.0125
1 0.13885898815931108 0.88984375 0.004305705059203444 0.0078125
1 0.10441334768568353 0.89140625 0.002152852529601722 0.005729166666666666
10 0.2134015069967707 0.8877604166666667 0.005920344456404736 0.009895833333333333
10 0.25080731969860065 0.8861979166666667 0.004305705059203444 0.008854166666666666
10 0.16227125941872983 0.8893229166666666 0.004843918191603875 0.011979166666666667
1 0.15688912809472552 0.8893229166666666 0.004843918191603875 0.0109375
1 0.11114101184068892 0.89140625 0.004843918191603875 0.008854166666666666
1 0.16738428417653392 0.88984375 0.004305705059203444 0.009895833333333333
10 0.2096340150699677 0.88828125 0.008073196986006458 0.0140625
1 0.12351991388589882 0.8919270833333334 0.004843918191603875 0.0109375
1 0.1498923573735199 0.890625 0.005920344456404736 0.011458333333333333
1 0.14370290635091496 0.8911458333333333 0.005382131324004306 0.013541666666666667
10 0.41227125941872983 0.8916666666666667 0.007534983853606028 0.005208333333333333
10 0.34095801937567277 0.8958333333333334 0.00914962325080732 0.005208333333333333
1 0.24058127018299247 0.04635416666666667 0.00968783638320775 0.00625
10 0.21259418729817006 0.9013020833333333 0.005382131324004306 0.009895833333333333
10 0.5134553283100107 0.8919270833333334 0.013993541442411194 0.0078125
10 0.20505920344456405 0.9028645833333333 0.0032292787944025836 0.0078125
10 0.9954251883745964 0.8768229166666667 0.00914962325080732 0.0046875
10 0.3643702906350915 0.8994791666666667 0.008611410118406888 0.00625
10 0.34230355220667386 0.9020833333333333 0.00968783638320775 0.00625
10 0.9938105489773951 0.88671875 0.01022604951560818 0.0046875
1 0.11867599569429495 0.05130208333333333 0.03283100107642627 0.033854166666666664
10 0.2147470398277718 0.049479166666666664 0.008611410118406888 0.004166666666666667
5 0.9948869752421959 0.9138020833333333 0.00914962325080732 0.0046875
10 0.24811625403659848 0.9395833333333333 0.007534983853606028 0.005208333333333333
10 0.753767491926803 0.92734375 0.014531754574811625 0.0046875
1 0.151237890204521 0.9513020833333333 0.007534983853606028 0.008854166666666666
1 0.16846071044133476 0.95078125 0.0032292787944025836 0.0109375
1 0.3218514531754575 0.9453125 0.013993541442411194 0.004166666666666667
1 0.17384284176533907 0.9510416666666667 0.004305705059203444 0.013541666666666667
10 0.25215285252960173 0.9484375 0.006996770721205597 0.003125
1 0.15769644779332614 0.9513020833333333 0.005382131324004306 0.011979166666666667
1 0.9642088266953713 0.9276041666666667 0.00914962325080732 0.017708333333333333
1 0.9526372443487621 0.92890625 0.005382131324004306 0.016145833333333335
1 0.9833153928955867 0.928125 0.005382131324004306 0.011458333333333333
10 0.3205059203444564 0.953125 0.012378902045209902 0.00625
10 0.2360064585575888 0.95703125 0.008073196986006458 0.005729166666666666
10 0.23842841765339073 0.9666666666666667 0.005382131324004306 0.007291666666666667
10 0.2518837459634015 0.97265625 0.008611410118406888 0.0046875
10 0.2147470398277718 0.0546875 0.006458557588805167 0.003125
10 0.21609257265877288 0.06015625 0.008073196986006458 0.0036458333333333334
10 0.527448869752422 0.04973958333333333 0.015069967707212056 0.005729166666666666
10 0.2163616792249731 0.06614583333333333 0.010764262648008612 0.005208333333333333
10 0.21582346609257266 0.06979166666666667 0.006458557588805167 0.0020833333333333333
1 0.24515608180839613 0.06927083333333334 0.01022604951560818 0.004166666666666667
10 0.06216361679224973 0.07760416666666667 0.004843918191603875 0.014583333333333334
1 0.11437029063509149 0.07682291666666667 0.01022604951560818 0.013020833333333334
10 0.21582346609257266 0.07421875 0.007534983853606028 0.0036458333333333334
1 0.04682454251883746 0.08098958333333334 0.008611410118406888 0.015104166666666667
10 0.21555435952637245 0.07864583333333333 0.005920344456404736 0.003125
10 0.21689989235737353 0.08411458333333334 0.006458557588805167 0.0026041666666666665
1 0.2357373519913886 0.08333333333333333 0.011840688912809472 0.005208333333333333
5 0.1676533907427341 0.09088541666666666 0.07050592034445641 0.0671875
1 0.3471474703982777 0.09036458333333333 0.030139935414424113 0.027604166666666666
1 0.3148546824542519 0.09244791666666667 0.02583423035522067 0.0296875
10 0.038751345532831 0.103125 0.008611410118406888 0.005208333333333333
5 0.0670075349838536 0.10625 0.02744886975242196 0.023958333333333335
1 0.0968783638320775 0.10625 0.00968783638320775 0.004166666666666667
10 0.038482238966630784 0.10989583333333333 0.006996770721205597 0.004166666666666667
10 0.6014531754574811 0.09114583333333333 0.005920344456404736 0.010416666666666666
10 0.6184068891280947 0.09088541666666666 0.004305705059203444 0.008854166666666666
10 0.594994617868676 0.09244791666666667 0.005920344456404736 0.009895833333333333
1 0.0968783638320775 0.1109375 0.007534983853606028 0.003125
5 0.5570505920344456 0.09609375 0.024757804090419805 0.019270833333333334
1 0.48842841765339073 0.0984375 0.031754574811625406 0.035416666666666666
1 0.23708288482238968 0.1078125 0.014531754574811625 0.008333333333333333
1 0.2214747039827772 0.10885416666666667 0.016684607104413347 0.00625
1 0.5266415500538213 0.10130208333333333 0.03283100107642627 0.0296875
1 0.0984930032292788 0.11692708333333333 0.010764262648008612 0.005729166666666666
10 0.23654467168998924 0.11432291666666666 0.011302475780409042 0.0046875
10 0.5796555435952637 0.10885416666666667 0.012917115177610334 0.007291666666666667
1 0.4068891280947255 0.11692708333333333 0.03552206673842842 0.03177083333333333
10 0.23681377825618946 0.12291666666666666 0.00968783638320775 0.004166666666666667
1 0.07131324004305704 0.13255208333333332 0.005920344456404736 0.0109375
1 0.07723358449946179 0.13411458333333334 0.005920344456404736 0.011979166666666667
5 0.11248654467168999 0.13645833333333332 0.02583423035522067 0.01875
10 0.5627018299246501 0.12447916666666667 0.015608180839612486 0.00625
10 0.5479009687836384 0.1265625 0.012917115177610334 0.004166666666666667
1 0.03498385360602799 0.14505208333333333 0.008611410118406888 0.005729166666666666
1 0.18433799784714747 0.14375 0.005920344456404736 0.011458333333333333
1 0.17734122712594189 0.14479166666666668 0.005920344456404736 0.010416666666666666
1 0.039558665231431644 0.15182291666666667 0.011302475780409042 0.0036458333333333334
1 0.4714747039827772 0.13958333333333334 0.023681377825618945 0.021875
1 0.03283100107642627 0.16067708333333333 0.005382131324004306 0.0067708333333333336
1 0.13051668460710442 0.16510416666666666 0.01022604951560818 0.014583333333333334
10 0.3110871905274489 0.15911458333333334 0.008611410118406888 0.0046875
5 0.08207750269106566 0.1703125 0.01776103336921421 0.021875
10 0.3118945102260495 0.16536458333333334 0.004843918191603875 0.0026041666666666665
10 0.31243272335844996 0.16953125 0.005920344456404736 0.0026041666666666665
10 0.0581270182992465 0.17916666666666667 0.007534983853606028 0.00625
1 0.4278794402583423 0.16979166666666667 0.004305705059203444 0.009375
10 0.31216361679224974 0.175 0.007534983853606028 0.004166666666666667
5 0.49381054897739507 0.16875 0.023143164693218515 0.016666666666666666
1 0.9736275565123789 0.15338541666666666 0.02906350914962325 0.033854166666666664
5 0.3490312163616792 0.18359375 0.03390742734122713 0.0796875
10 0.05651237890204521 0.19505208333333332 0.007534983853606028 0.0026041666666666665
1 0.7553821313240043 0.17213541666666668 0.03606027987082885 0.0328125
1 0.9407965554359526 0.16666666666666666 0.03552206673842842 0.03958333333333333
10 0.3129709364908504 0.18880208333333334 0.006996770721205597 0.0036458333333333334
10 0.2997847147470398 0.18958333333333333 0.010764262648008612 0.005208333333333333
10 0.4281485468245425 0.18515625 0.014531754574811625 0.008854166666666666
1 0.7938643702906351 0.17291666666666666 0.03552206673842842 0.03229166666666667
1 0.907427341227126 0.16875 0.038751345532831 0.03958333333333333
1 0.6846071044133477 0.17708333333333334 0.031216361679224973 0.034375
1 0.868675995694295 0.171875 0.03767491926803014 0.03854166666666667
1 0.7195909580193757 0.17760416666666667 0.04305705059203445 0.035416666666666666
1 0.8323466092572659 0.175 0.031754574811625406 0.029166666666666667
10 0.3135091496232508 0.19375 0.01022604951560818 0.005208333333333333
10 0.30005382131324004 0.19453125 0.008073196986006458 0.0036458333333333334
1 0.20559741657696448 0.20208333333333334 0.03767491926803014 0.04375
10 0.08772874058127018 0.225 0.007534983853606028 0.010416666666666666
1 0.11733046286329386 0.22916666666666666 0.02691065662002153 0.030208333333333334
5 0.4539827771797632 0.21875 0.02852529601722282 0.027083333333333334
10 0.5554359526372443 0.21640625 0.01829924650161464 0.0078125
1 0.48546824542518835 0.22682291666666668 0.03336921420882669 0.034895833333333334
10 0.5570505920344456 0.22760416666666666 0.021528525296017224 0.008333333333333333
10 0.5570505920344456 0.24036458333333333 0.0193756727664155 0.0078125
1 0.11463939720129171 0.26848958333333334 0.02798708288482239 0.024479166666666666
1 0.47497308934338 0.26171875 0.03283100107642627 0.03697916666666667
1 0.4313778256189451 0.2640625 0.042518837459634015 0.034375
1 0.38966630785791173 0.26614583333333336 0.03444564047362755 0.03958333333333333
1 0.27744886975242194 0.27421875 0.011302475780409042 0.0036458333333333334
1 0.2766415500538213 0.2786458333333333 0.007534983853606028 0.003125
1 0.3132400430570506 0.2786458333333333 0.03982777179763186 0.041666666666666664
1 0.3501076426264801 0.27890625 0.03498385360602799 0.04114583333333333
1 0.5094187298170075 0.28046875 0.006996770721205597 0.015104166666666667
1 0.2782561894510226 0.290625 0.011840688912809472 0.005208333333333333
1 0.2779870828848224 0.29661458333333335 0.00914962325080732 0.0036458333333333334
1 0.2779870828848224 0.30755208333333334 0.008073196986006458 0.0036458333333333334
1 0.2785252960172228 0.3109375 0.00914962325080732 0.004166666666666667
1 0.503767491926803 0.30703125 0.011840688912809472 0.0067708333333333336
1 0.12082884822389667 0.325 0.0263724434876211 0.030208333333333334
10 0.5021528525296017 0.3182291666666667 0.007534983853606028 0.008333333333333333
1 0.47793326157158234 0.31875 0.006458557588805167 0.00625
10 0.5032292787944026 0.321875 0.006458557588805167 0.00625
1 0.27933261571582346 0.33255208333333336 0.008611410118406888 0.0046875
1 0.47793326157158234 0.3268229166666667 0.010764262648008612 0.0078125
10 0.503767491926803 0.3268229166666667 0.008611410118406888 0.0036458333333333334
1 0.27879440258342303 0.33671875 0.006458557588805167 0.0046875
10 0.5032292787944026 0.33203125 0.008611410118406888 0.0046875
1 0.47820236813778255 0.33489583333333334 0.00914962325080732 0.008333333333333333
10 0.5034983853606028 0.33619791666666665 0.00914962325080732 0.0026041666666666665
1 0.2796017222820237 0.3497395833333333 0.00914962325080732 0.0046875
10 0.09149623250807319 0.35963541666666665 0.005382131324004306 0.011979166666666667
1 0.2801399354144241 0.35442708333333334 0.008073196986006458 0.0046875
1 0.08934337997847147 0.3703125 0.012917115177610334 0.00625
1 0.2798708288482239 0.3653645833333333 0.006458557588805167 0.0026041666666666665
10 0.09230355220667384 0.3809895833333333 0.008073196986006458 0.011979166666666667
1 0.281216361679225 0.384375 0.006996770721205597 0.003125
1 0.08046286329386437 0.4125 0.05543595263724435 0.04895833333333333
1 0.12594187298170076 0.42630208333333336 0.02691065662002153 0.034895833333333334
1 0.36598493003229277 0.41953125 0.03659849300322928 0.03697916666666667