1 0.10767696909272183 0.5421083627797408 0.01694915254237288 0.010011778563015312
2 0.8332502492522432 0.6060070671378092 0.06430707876370888 0.425206124852768
2 0.7465104685942173 0.5998233215547704 0.06929212362911266 0.428150765606596
2 0.9187437686939183 0.6142520612485277 0.06281156530408774 0.4299175500588928
1 0.10667996011964108 0.5512367491166078 0.015952143569292122 0.009422850412249705
1 0.8501994017946162 0.08274440518256773 0.012462612163509471 0.0076560659599528855
10 0.1253738783649053 0.5686101295641932 0.011465603190428714 0.006478209658421673
1 0.13609172482552342 0.5742049469964664 0.004985044865403789 0.012956419316843345
10 0.3352442671984048 0.04151943462897526 0.006480558325024925 0.014723203769140165
10 0.11964107676969092 0.588339222614841 0.01694915254237288 0.01060070671378092
1 0.8606679960119641 0.6537102473498233 0.014456630109670987 0.008244994110718492
10 0.1532901296111665 0.6039458186101295 0.006480558325024925 0.013545347467608953
10 0.15927218344965105 0.6039458186101295 0.005483549351944167 0.014723203769140165
1 0.1016949152542373 0.5998233215547704 0.007976071784646061 0.019434628975265017
1 0.5533399800598205 0.6428150765606596 0.005982053838484547 0.013545347467608953
10 0.5383848454636092 0.6566548881036514 0.009970089730807577 0.008244994110718492
10 0.47258225324027914 0.6563604240282686 0.010967098703888335 0.006478209658421673
10 0.5383848454636092 0.6625441696113075 0.010967098703888335 0.005889281507656066
10 0.18045862412761715 0.6369257950530035 0.010967098703888335 0.006478209658421673
10 0.5371385842472582 0.6684334511189635 0.011465603190428714 0.007067137809187279
10 0.4583748753738784 0.6628386336866903 0.012462612163509471 0.0076560659599528855
10 0.1794616151545364 0.643698468786808 0.011964107676969093 0.005889281507656066
10 0.4715852442671984 0.6687279151943463 0.01296111665004985 0.0076560659599528855
10 0.6086739780658026 0.6843345111896348 0.004985044865403789 0.012956419316843345
1 0.5371385842472582 0.6808009422850412 0.011465603190428714 0.007067137809187279
1 0.6198903290129611 0.6896348645465253 0.010468594217347957 0.005889281507656066
10 0.47133599202392823 0.6778563015312132 0.010468594217347957 0.005889281507656066
10 0.45663010967098705 0.682567726737338 0.01296111665004985 0.008244994110718492
1 0.47133599202392823 0.6849234393404005 0.010468594217347957 0.005889281507656066
1 0.8793619142572283 0.7232037691401649 0.006979062811565304 0.014134275618374558
10 0.47058823529411764 0.6899293286219081 0.009970089730807577 0.006478209658421673
10 0.45588235294117646 0.6905182567726738 0.012462612163509471 0.0088339222614841
10 0.4411764705882353 0.6908127208480566 0.010967098703888335 0.007067137809187279
1 0.5358923230309073 0.699057714958775 0.010967098703888335 0.008244994110718492
10 0.47008973080757727 0.6964075382803298 0.010967098703888335 0.006478209658421673
10 0.4406779661016949 0.6996466431095406 0.011964107676969093 0.007067137809187279
1 0.4693419740777667 0.7049469964664311 0.011465603190428714 0.008244994110718492
1 0.5992023928215354 0.7187868080094229 0.010967098703888335 0.0076560659599528855
1 0.5351445663010967 0.7173144876325088 0.010468594217347957 0.005889281507656066
10 0.5481056829511466 0.7181978798586572 0.011465603190428714 0.0076560659599528855
1 0.5984546360917248 0.724676089517079 0.010468594217347957 0.00530035335689046
10 0.3227816550348953 0.052414605418138985 0.010468594217347957 0.005889281507656066
2 0.9688434695912264 0.7573616018845701 0.045363908275174475 0.19434628975265017
10 0.5351445663010967 0.7229093050647821 0.010468594217347957 0.00530035335689046
10 0.4546360917248255 0.717020023557126 0.01296111665004985 0.0088339222614841
10 0.44391824526420737 0.7167255594817432 0.006480558325024925 0.014134275618374558
10 0.4359421734795613 0.717020023557126 0.005483549351944167 0.013545347467608953
10 0.5481056829511466 0.7258539458186102 0.011465603190428714 0.0076560659599528855
1 0.5984546360917248 0.730565371024735 0.010468594217347957 0.00530035335689046
10 0.5343968095712861 0.7299764428739693 0.010967098703888335 0.00530035335689046
10 0.5481056829511466 0.7314487632508834 0.011465603190428714 0.005889281507656066
10 0.5979561316051845 0.7376325088339223 0.010468594217347957 0.00530035335689046
1 0.5201894317048853 0.7352767962308598 0.011465603190428714 0.006478209658421673
10 0.5471086739780658 0.7376325088339223 0.012462612163509471 0.0076560659599528855
1 0.5082253240279162 0.7343934040047114 0.011465603190428714 0.005889281507656066
10 0.48205383848454636 0.7426383981154299 0.004985044865403789 0.012956419316843345
10 0.472333000997009 0.7417550058892816 0.006480558325024925 0.013545347467608953
1 0.5954636091724825 0.7523557126030624 0.010468594217347957 0.006478209658421673
10 0.4773180458624128 0.7429328621908127 0.005483549351944167 0.013545347467608953
10 0.5952143569292123 0.7582449941107184 0.009970089730807577 0.006478209658421673
10 0.06879361914257229 0.7164310954063604 0.010967098703888335 0.006478209658421673
1 0.3865902293120638 0.7576560659599529 0.011465603190428714 0.0076560659599528855
1 0.7071286141575274 0.7862190812720848 0.006480558325024925 0.014134275618374558
1 0.6622632103688934 0.7871024734982333 0.012462612163509471 0.0076560659599528855
10 0.613160518444666 0.7838633686690224 0.010967098703888335 0.007067137809187279
1 0.6044366899302094 0.7868080094228505 0.00448654037886341 0.012956419316843345
1 0.7938683948155534 0.817432273262662 0.012462612163509471 0.007067137809187279
10 0.38110667996011965 0.06448763250883392 0.010468594217347957 0.00530035335689046
1 0.4666001994017946 0.7950530035335689 0.010967098703888335 0.005889281507656066
10 0.4661016949152542 0.8015312131919906 0.009970089730807577 0.005889281507656066
10 0.3442173479561316 0.7924028268551236 0.005483549351944167 0.013545347467608953
12 0.10044865403788635 0.7770906949352179 0.03339980059820538 0.05830388692579505
12 0.06430707876370888 0.7747349823321554 0.03489531405782652 0.05712603062426384
10 0.36465603190428714 0.800942285041225 0.005483549351944167 0.014134275618374558
10 0.4661016949152542 0.8094817432273262 0.009970089730807577 0.00530035335689046
10 0.3544366899302094 0.06448763250883392 0.010967098703888335 0.006478209658421673
1 0.8850947158524427 0.8498233215547704 0.00448654037886341 0.011778563015312132
12 0.2809072781655035 0.800942285041225 0.03339980059820538 0.05653710247349823
12 0.32452642073778665 0.8050647820965842 0.03489531405782652 0.05653710247349823
1 0.46585244267198406 0.8165488810365136 0.010468594217347957 0.006478209658421673
1 0.34346959122632104 0.8071260306242638 0.005982053838484547 0.014723203769140165
10 0.3644067796610169 0.8168433451118964 0.004985044865403789 0.012956419316843345
10 0.8482053838484547 0.1068904593639576 0.011465603190428714 0.006478209658421673
1 0.7562313060817547 0.8601295641931684 0.010967098703888335 0.00530035335689046
1 0.06455633100697906 0.04299175500588928 0.012462612163509471 0.007067137809187279
1 0.0967098703888335 0.8094817432273262 0.011964107676969093 0.0076560659599528855
10 0.30558325024925226 0.826266195524146 0.004985044865403789 0.011778563015312132
1 0.10917248255234296 0.8106595995288575 0.010967098703888335 0.006478209658421673
1 0.1084247258225324 0.8109540636042403 0.010468594217347957 0.005889281507656066
10 0.08325024925224327 0.8091872791519434 0.011964107676969093 0.007067137809187279
1 0.053838484546360914 0.8074204946996466 0.010967098703888335 0.005889281507656066
1 0.06679960119641076 0.808303886925795 0.010967098703888335 0.00530035335689046
5 0.8155533399800599 0.8716136631330977 0.10767696909272183 0.10011778563015312
1 0.8743768693918246 0.8769140164899882 0.010967098703888335 0.005889281507656066
10 0.47507477567298106 0.8445229681978799 0.009970089730807577 0.005889281507656066
1 0.22931206380857427 0.05742049469964664 0.010967098703888335 0.006478209658421673
10 0.9581256231306082 0.8875147232037691 0.011964107676969093 0.007067137809187279
10 0.8741276171485544 0.8842756183745583 0.012462612163509471 0.0076560659599528855
10 0.48055832502492524 0.8515901060070671 0.009970089730807577 0.005889281507656066
1 0.20638085742771686 0.8315665488810365 0.010967098703888335 0.007067137809187279
1 0.08325024925224327 0.8221436984687868 0.011964107676969093 0.008244994110718492
1 0.20613160518444665 0.839811542991755 0.011465603190428714 0.005889281507656066
10 0.3693918245264207 0.0706713780918728 0.005982053838484547 0.011778563015312132
1 0.7559820538384845 0.8883981154299175 0.010468594217347957 0.006478209658421673
10 0.8811066799601196 0.9037102473498233 0.006480558325024925 0.013545347467608953
1 0.188185443668993 0.8474676089517079 0.006480558325024925 0.014134275618374558
1 0.193419740777667 0.8483510011778563 0.005982053838484547 0.013545347467608953
1 0.16575274177467597 0.8462897526501767 0.005483549351944167 0.014134275618374558
1 0.16126620139581258 0.8462897526501767 0.005483549351944167 0.012956419316843345
1 0.11640079760717846 0.842756183745583 0.005483549351944167 0.012956419316843345
1 0.27367896311066797 0.8560070671378092 0.005982053838484547 0.013545347467608953
1 0.14980059820538386 0.8457008244994111 0.00448654037886341 0.012956419316843345
1 0.07402791625124626 0.8389281507656066 0.00448654037886341 0.012367491166077738
1 0.15478564307078763 0.8457008244994111 0.005483549351944167 0.012956419316843345
1 0.07901296111665004 0.8395170789163722 0.005483549351944167 0.014723203769140165
1 0.12138584247258226 0.8433451118963486 0.005483549351944167 0.012956419316843345
1 0.11216350947158524 0.8430506478209658 0.005982053838484547 0.013545347467608953
1 0.26021934197407776 0.8551236749116607 0.006979062811565304 0.014134275618374558
1 0.1271186440677966 0.8442285041224971 0.005982053838484547 0.012367491166077738
1 0.089481555333998 0.8409893992932862 0.005483549351944167 0.014134275618374558
1 0.051595214356929216 0.8377502944640753 0.006480558325024925 0.013545347467608953
1 0.0847457627118644 0.8406949352179034 0.004985044865403789 0.013545347467608953
1 0.045862412761714856 0.838339222614841 0.005982053838484547 0.013545347467608953
10 0.7435194416749751 0.8969375736160189 0.00448654037886341 0.011778563015312132
1 0.7380358923230309 0.8972320376914017 0.005483549351944167 0.012367491166077738
1 0.730309072781655 0.8969375736160189 0.005982053838484547 0.011778563015312132
1 0.7567298105682951 0.8992932862190812 0.004985044865403789 0.011778563015312132
10 0.8716350947158524 0.9131330977620731 0.011465603190428714 0.006478209658421673
1 0.768444666001994 0.9193168433451119 0.012462612163509471 0.007067137809187279
1 0.844715852442672 0.925206124852768 0.011465603190428714 0.007067137809187279
1 0.805333998005982 0.9225559481743227 0.010468594217347957 0.006478209658421673
10 0.8330009970089731 0.9249116607773852 0.01296111665004985 0.0076560659599528855
10 0.8190428713858424 0.925206124852768 0.011964107676969093 0.008244994110718492
1 0.363160518444666 0.8881036513545347 0.005483549351944167 0.012956419316843345
10 0.7886340977068793 0.9240282685512368 0.005982053838484547 0.014134275618374558
10 0.7814057826520439 0.923733804475854 0.007477567298105683 0.013545347467608953
10 0.7956131605184447 0.9260895170789164 0.007976071784646061 0.013545347467608953
1 0.7681954137587238 0.925206124852768 0.011964107676969093 0.007067137809187279
1 0.0029910269192422734 0.8701413427561837 0.003988035892323031 0.012367491166077738
10 0.7838983050847458 0.9343345111896348 0.012462612163509471 0.0076560659599528855
1 0.014705882352941176 0.8716136631330977 0.006480558325024925 0.012956419316843345
1 0.768444666001994 0.9337455830388692 0.012462612163509471 0.0076560659599528855
1 0.009222333000997009 0.8710247349823321 0.005483549351944167 0.012956419316843345
5 0.7387836490528414 0.932567726737338 0.04685942173479561 0.05594817432273263
10 0.7961116650049851 0.9428739693757362 0.005982053838484547 0.014134275618374558
10 0.767198404785643 0.9405182567726738 0.010967098703888335 0.008244994110718492
1 0.7652043868394816 0.9525912838633687 0.005982053838484547 0.013545347467608953
10 0.6585244267198405 0.10159010600706714 0.009970089730807577 0.0076560659599528855
1 0.788135593220339 0.9681978798586572 0.004985044865403789 0.011778563015312132
1 0.755234297108674 0.9693757361601885 0.004985044865403789 0.011778563015312132
1 0.7452642073778664 0.9690812720848057 0.005982053838484547 0.013545347467608953
1 0.7504985044865404 0.9696702002355713 0.006480558325024925 0.012367491166077738
1 0.7604685942173479 0.9705535924617197 0.005483549351944167 0.012956419316843345
1 0.27293120638085744 0.9305064782096584 0.005483549351944167 0.014134275618374558
10 0.773678963110668 0.974676089517079 0.010967098703888335 0.005889281507656066
10 0.6572781655034895 0.1336866902237927 0.010468594217347957 0.005889281507656066
10 0.9429212362911267 0.1704946996466431 0.005483549351944167 0.012367491166077738
1 0.9965104685942173 0.17991755005889282 0.005982053838484547 0.0076560659599528855
1 0.788135593220339 0.17373380447585396 0.010967098703888335 0.005889281507656066
10 0.7764207377866401 0.17285041224970554 0.010468594217347957 0.00530035335689046
1 0.9055333998005982 0.18875147232037692 0.011465603190428714 0.006478209658421673
1 0.7517447657028913 0.17785630153121318 0.005982053838484547 0.014134275618374558
1 0.8594217347956131 0.1896348645465253 0.004985044865403789 0.012956419316843345
1 0.7756729810568295 0.18286219081272084 0.010967098703888335 0.006478209658421673
1 0.9067796610169492 0.196113074204947 0.010967098703888335 0.005889281507656066
1 0.8676470588235294 0.19375736160188456 0.010468594217347957 0.005889281507656066
2 0.34371884346959125 0.15429917550058891 0.6066799601196411 0.1354534746760895
10 0.9177467597208375 0.2123085983510012 0.005982053838484547 0.013545347467608953
1 0.6969092721834497 0.20082449941107186 0.010967098703888335 0.007067137809187279
10 0.8910767696909272 0.22732626619552415 0.010468594217347957 0.005889281507656066
10 0.8903290129611167 0.233510011778563 0.010967098703888335 0.00530035335689046
10 0.9690927218344965 0.25206124852767964 0.011964107676969093 0.008244994110718492
10 0.8893320039880359 0.24705535924617197 0.010967098703888335 0.0076560659599528855
10 0.7098703888334995 0.2414605418138987 0.010967098703888335 0.005889281507656066
10 0.8883349950149552 0.25647820965842166 0.009970089730807577 0.0076560659599528855
10 0.8883349950149552 0.26354534746760894 0.010967098703888335 0.00530035335689046
1 0.7243270189431705 0.251472320376914 0.009970089730807577 0.005889281507656066
10 0.7086241276171485 0.25 0.010468594217347957 0.00530035335689046
10 0.3220338983050847 0.005005889281507656 0.011964107676969093 0.006478209658421673
10 0.928963110667996 0.2865135453474676 0.005483549351944167 0.012367491166077738
1 0.884097706879362 0.284452296819788 0.00448654037886341 0.012956419316843345
5 0.8068295114656032 0.28062426383981154 0.1390827517447657 0.16666666666666666
10 0.7228315054835494 0.28003533568904593 0.011964107676969093 0.006478209658421673
10 0.9257228315054835 0.29770318021201414 0.004985044865403789 0.011189634864546525
1 0.7238285144566301 0.2879858657243816 0.009970089730807577 0.005889281507656066
1 0.7235792622133599 0.2956419316843345 0.011465603190428714 0.008244994110718492
10 0.924975074775673 0.3136042402826855 0.005483549351944167 0.013545347467608953
1 0.7235792622133599 0.3032979976442874 0.011465603190428714 0.005889281507656066
10 0.373629112662014 0.013250883392226149 0.006480558325024925 0.013545347467608953
10 0.36764705882352944 0.012661955241460542 0.006480558325024925 0.014723203769140165
1 0.8818544366899302 0.3194935217903416 0.005982053838484547 0.013545347467608953
1 0.7220837487537388 0.31007067137809186 0.009471585244267198 0.006478209658421673
10 0.4030408773678963 0.015901060070671377 0.011465603190428714 0.005889281507656066
1 0.7225822532402791 0.31802120141342755 0.00847457627118644 0.004711425206124852
10 0.38110667996011965 0.015017667844522967 0.005483549351944167 0.012367491166077738
1 0.46360917248255235 0.299469964664311 0.014955134596211365 0.018256772673733806
1 0.7213359920239282 0.3280329799764429 0.01296111665004985 0.008244994110718492
1 0.7218344965104686 0.3336277974087161 0.011964107676969093 0.006478209658421673
1 0.9057826520438684 0.3495288574793875 0.005982053838484547 0.013545347467608953
1 0.7203389830508474 0.3486454652532391 0.010967098703888335 0.005889281507656066
1 0.9409272183449651 0.3830977620730271 0.005483549351944167 0.013545347467608953
10 0.8369890329012961 0.3763250883392226 0.011964107676969093 0.007067137809187279
1 0.8529411764705882 0.37750294464075385 0.010967098703888335 0.005889281507656066
10 0.7387836490528414 0.36955241460541816 0.011964107676969093 0.0076560659599528855
1 0.6415752741774676 0.3630742049469965 0.010967098703888335 0.00530035335689046
1 0.7719341974077767 0.3745583038869258 0.007477567298105683 0.014134275618374558
1 0.7776669990029911 0.3748527679623086 0.005982053838484547 0.014723203769140165
1 0.784147557328016 0.3763250883392226 0.005982053838484547 0.012956419316843345
10 0.8133100697906281 0.37838633686690226 0.005483549351944167 0.013545347467608953
10 0.7963609172482552 0.37720848056537104 0.00448654037886341 0.012367491166077738
10 0.8080757726819542 0.37868080094228507 0.004985044865403789 0.012956419316843345
1 0.6410767696909272 0.37043580683156657 0.00897308075772682 0.005889281507656066
10 0.6293619142572283 0.37338044758539457 0.006480558325024925 0.014134275618374558
10 0.40229312063808575 0.023557126030624265 0.010967098703888335 0.005889281507656066
12 0.11839481555333999 0.3389281507656066 0.018444666001994018 0.015901060070671377
10 0.10219341974077767 0.3404004711425206 0.011964107676969093 0.007067137809187279
1 0.10443668993020937 0.3539458186101296 0.005483549351944167 0.012956419316843345
12 0.11739780658025922 0.35600706713780916 0.01744765702891326 0.015901060070671377
10 0.09870388833499502 0.3539458186101296 0.004985044865403789 0.011778563015312132
1 0.3419740777666999 0.38191990577149587 0.009970089730807577 0.012367491166077738
1 0.3509471585244267 0.39369846878680803 0.010967098703888335 0.013545347467608953
1 0.11415752741774676 0.37809187279151946 0.009970089730807577 0.005889281507656066
10 0.1228813559322034 0.38191990577149587 0.005483549351944167 0.014723203769140165
10 0.6617647058823529 0.04976442873969376 0.009471585244267198 0.006478209658421673
10 0.6273678963110668 0.43492343934040045 0.006480558325024925 0.013545347467608953
10 0.40229312063808575 0.03180212014134275 0.010967098703888335 0.005889281507656066
10 0.6350947158524427 0.4634864546525324 0.005982053838484547 0.012956419316843345
1 0.3514456630109671 0.44287396937573614 0.00897308075772682 0.007067137809187279
10 0.8362412761714856 0.07008244994110718 0.005483549351944167 0.015312131919905771
10 0.3382352941176471 0.49793875147232036 0.011465603190428714 0.0076560659599528855