1 0.9453290870488322 0.4901041666666667 0.03503184713375796 0.016666666666666666
1 0.9479830148619958 0.5239583333333333 0.044585987261146494 0.017708333333333333
1 0.6990445859872612 0.7494791666666667 0.06263269639065817 0.025
10 0.7945859872611465 0.7981770833333334 0.028662420382165606 0.059895833333333336
10 0.6799363057324841 0.8002604166666667 0.028662420382165606 0.06197916666666667
10 0.6480891719745223 0.8015625 0.03078556263269639 0.06041666666666667
2 0.1040339702760085 0.85 0.09341825902335456 0.20208333333333334
2 0.9644373673036093 0.8489583333333334 0.06900212314225053 0.12604166666666666
1 0.7616772823779193 0.07578125 0.03078556263269639 0.0203125
10 0.4984076433121019 0.08125 0.013800424628450107 0.011458333333333333
10 0.5148619957537155 0.08151041666666667 0.014861995753715499 0.013020833333333334
10 0.3970276008492569 0.0921875 0.014861995753715499 0.0125
5 0.5334394904458599 0.10703125 0.0881104033970276 0.03802083333333333
1 0.7361995753715499 0.11119791666666666 0.024416135881104035 0.0067708333333333336
1 0.4007430997876858 0.11588541666666667 0.01592356687898089 0.016145833333333335
12 0.3476645435244161 0.12161458333333333 0.05201698513800425 0.0359375
10 0.5881104033970276 0.121875 0.012738853503184714 0.0125
5 0.8556263269639066 0.11953125 0.04883227176220807 0.030729166666666665
1 0.8906581740976646 0.11953125 0.012738853503184714 0.0109375
1 0.45116772823779194 0.12421875 0.03821656050955414 0.027604166666666666
5 0.7377919320594479 0.13307291666666668 0.059447983014861996 0.0328125
2 0.07802547770700637 0.16015625 0.09447983014861996 0.20364583333333333
10 0.37154989384288745 0.16510416666666666 0.012738853503184714 0.011458333333333333
10 0.34447983014861994 0.16822916666666668 0.022292993630573247 0.00625
10 0.28290870488322717 0.21744791666666666 0.03503184713375796 0.04635416666666667
10 0.31687898089171973 0.21770833333333334 0.03078556263269639 0.04583333333333333
1 0.9373673036093418 0.3502604166666667 0.03184713375796178 0.016145833333333335
1 0.9511677282377919 0.38125 0.04246284501061571 0.017708333333333333