10 0.913330078125 0.273224043715847 0.00244140625 0.07650273224043716
10 0.04638671875 0.28415300546448086 0.0029296875 0.0546448087431694
10 0.085205078125 0.2814207650273224 0.00244140625 0.07103825136612021
10 0.08837890625 0.2896174863387978 0.00390625 0.07650273224043716
1 0.264892578125 0.2896174863387978 0.00341796875 0.07650273224043716
10 0.091796875 0.2896174863387978 0.0029296875 0.07650273224043716
1 0.267578125 0.28688524590163933 0.0029296875 0.08196721311475409
10 0.939208984375 0.2923497267759563 0.00341796875 0.07103825136612021
1 0.043212890625 0.29508196721311475 0.00341796875 0.06557377049180328
10 0.9638671875 0.29508196721311475 0.0029296875 0.06557377049180328
10 0.0498046875 0.2923497267759563 0.0029296875 0.08196721311475409
1 0.42529296875 0.29508196721311475 0.00390625 0.06557377049180328
1 0.439697265625 0.2978142076502732 0.00244140625 0.060109289617486336
10 0.22314453125 0.30601092896174864 0.00390625 0.07650273224043716
1 0.429443359375 0.30601092896174864 0.00244140625 0.06557377049180328
1 0.436279296875 0.30601092896174864 0.00341796875 0.07650273224043716
1 0.432861328125 0.30327868852459017 0.00341796875 0.07103825136612021
10 0.2265625 0.3087431693989071 0.0029296875 0.07103825136612021
1 0.219970703125 0.3114754098360656 0.00439453125 0.06557377049180328
1 0.390869140625 0.319672131147541 0.00341796875 0.07103825136612021
10 0.394775390625 0.319672131147541 0.00341796875 0.07103825136612021
10 0.398193359375 0.3224043715846995 0.00244140625 0.07650273224043716
10 0.740234375 0.3333333333333333 0.0029296875 0.0546448087431694
10 0.566162109375 0.3333333333333333 0.00341796875 0.06557377049180328
1 0.733642578125 0.33879781420765026 0.00244140625 0.06557377049180328
10 0.737060546875 0.3360655737704918 0.00244140625 0.060109289617486336
10 0.563232421875 0.33879781420765026 0.00244140625 0.06557377049180328
1 0.04833984375 0.3360655737704918 0.0068359375 0.03825136612021858
1 0.559326171875 0.3360655737704918 0.00244140625 0.07103825136612021
1 0.90625 0.3469945355191257 0.0029296875 0.07103825136612021
1 0.9091796875 0.3469945355191257 0.0029296875 0.07103825136612021
10 0.947265625 0.3524590163934426 0.0029296875 0.07103825136612021
1 0.548095703125 0.3551912568306011 0.00244140625 0.06557377049180328
10 0.944580078125 0.35792349726775957 0.00146484375 0.08196721311475409
10 0.08447265625 0.3770491803278688 0.0029296875 0.07650273224043716
10 0.09130859375 0.3743169398907104 0.0029296875 0.09289617486338798
10 0.08837890625 0.3770491803278688 0.00390625 0.07650273224043716
1 0.81884765625 0.38524590163934425 0.00390625 0.10382513661202186
1 0.813720703125 0.3879781420765027 0.00439453125 0.1092896174863388
1 0.376953125 0.3989071038251366 0.0029296875 0.07650273224043716
1 0.373046875 0.39617486338797814 0.00390625 0.08196721311475409
1 0.20849609375 0.39617486338797814 0.0029296875 0.060109289617486336
1 0.70068359375 0.40437158469945356 0.005859375 0.03278688524590164
1 0.380126953125 0.40437158469945356 0.00244140625 0.07650273224043716
1 0.394287109375 0.40437158469945356 0.00341796875 0.0546448087431694
1 0.205810546875 0.40437158469945356 0.00341796875 0.08743169398907104
1 0.201904296875 0.40710382513661203 0.00341796875 0.07103825136612021
1 0.562744140625 0.4207650273224044 0.00244140625 0.06557377049180328
10 0.539306640625 0.42349726775956287 0.00634765625 0.03825136612021858
10 0.701171875 0.43169398907103823 0.0068359375 0.03278688524590164
1 0.737060546875 0.4371584699453552 0.00244140625 0.07650273224043716
10 0.586181640625 0.4453551912568306 0.00341796875 0.07103825136612021
10 0.748779296875 0.4453551912568306 0.00634765625 0.03825136612021858
10 0.582763671875 0.453551912568306 0.00341796875 0.06557377049180328
1 0.759521484375 0.45081967213114754 0.00634765625 0.0273224043715847
10 0.6953125 0.4562841530054645 0.0029296875 0.07103825136612021
10 0.6923828125 0.45901639344262296 0.0029296875 0.08743169398907104
10 0.53955078125 0.45901639344262296 0.0068359375 0.03278688524590164
1 0.82421875 0.46174863387978143 0.005859375 0.03825136612021858
1 0.754150390625 0.46994535519125685 0.00244140625 0.06557377049180328
1 0.6064453125 0.47540983606557374 0.0029296875 0.07650273224043716
10 0.701416015625 0.47540983606557374 0.00537109375 0.03278688524590164
1 0.601806640625 0.47540983606557374 0.00341796875 0.07650273224043716
10 0.829833984375 0.47540983606557374 0.00341796875 0.07650273224043716
5 0.614990234375 0.47540983606557374 0.01123046875 0.09836065573770492
10 0.805908203125 0.4808743169398907 0.00634765625 0.04371584699453552
10 0.75927734375 0.4808743169398907 0.005859375 0.03278688524590164
10 0.576416015625 0.48633879781420764 0.00244140625 0.06557377049180328
10 0.052978515625 0.48360655737704916 0.00732421875 0.04918032786885246
10 0.56689453125 0.48360655737704916 0.00390625 0.07103825136612021
10 0.573486328125 0.4972677595628415 0.00439453125 0.07650273224043716
10 0.570068359375 0.49453551912568305 0.00244140625 0.08196721311475409
1 0.623779296875 0.49453551912568305 0.00244140625 0.07103825136612021
10 0.55419921875 0.5027322404371585 0.0048828125 0.03278688524590164
1 0.810791015625 0.5027322404371585 0.00244140625 0.06557377049180328
10 0.5390625 0.5081967213114754 0.0068359375 0.03278688524590164
1 0.71630859375 0.505464480874317 0.005859375 0.0273224043715847
1 0.587890625 0.5163934426229508 0.005859375 0.0273224043715847
10 0.76708984375 0.5245901639344263 0.005859375 0.03278688524590164
1 0.849365234375 0.5245901639344263 0.00927734375 0.0546448087431694
10 0.760009765625 0.5245901639344263 0.00537109375 0.03278688524590164
10 0.728759765625 0.5300546448087432 0.00244140625 0.0546448087431694
10 0.539794921875 0.5300546448087432 0.00634765625 0.03278688524590164
10 0.554443359375 0.5327868852459017 0.00732421875 0.03825136612021858
1 0.78369140625 0.546448087431694 0.005859375 0.03278688524590164
10 0.827392578125 0.5491803278688525 0.00732421875 0.03825136612021858
10 0.530029296875 0.5573770491803278 0.00634765625 0.03278688524590164
1 0.587890625 0.5546448087431693 0.005859375 0.0273224043715847
10 0.7939453125 0.5655737704918032 0.0029296875 0.08196721311475409
1 0.78955078125 0.5683060109289617 0.0029296875 0.06557377049180328
10 0.834716796875 0.5737704918032787 0.00732421875 0.04371584699453552
10 0.76904296875 0.5846994535519126 0.0029296875 0.07650273224043716
10 0.730224609375 0.5846994535519126 0.00634765625 0.03278688524590164
10 0.530029296875 0.5901639344262295 0.00634765625 0.02185792349726776
10 0.53759765625 0.587431693989071 0.005859375 0.03825136612021858
10 0.782470703125 0.5901639344262295 0.00634765625 0.03278688524590164
1 0.8994140625 0.587431693989071 0.0029296875 0.07103825136612021
10 0.827392578125 0.5983606557377049 0.00732421875 0.04918032786885246
1 0.91748046875 0.6065573770491803 0.005859375 0.03278688524590164
1 0.76416015625 0.6092896174863388 0.00390625 0.10382513661202186
1 0.5517578125 0.6092896174863388 0.001953125 0.060109289617486336
1 0.555908203125 0.6120218579234973 0.00244140625 0.06557377049180328
10 0.537841796875 0.6202185792349727 0.00537109375 0.03825136612021858
10 0.530517578125 0.6202185792349727 0.00537109375 0.03825136612021858
10 0.73046875 0.6256830601092896 0.0068359375 0.03825136612021858
5 0.810302734375 0.6256830601092896 0.01220703125 0.1366120218579235
10 0.796142578125 0.6256830601092896 0.00732421875 0.03825136612021858
1 0.7880859375 0.6311475409836066 0.005859375 0.0273224043715847
10 0.835205078125 0.6366120218579235 0.00634765625 0.0273224043715847
10 0.917724609375 0.639344262295082 0.00634765625 0.04371584699453552
10 0.77197265625 0.644808743169399 0.0078125 0.03278688524590164
10 0.90869140625 0.644808743169399 0.0068359375 0.03278688524590164
10 0.821044921875 0.6502732240437158 0.00634765625 0.0546448087431694
10 0.537841796875 0.6557377049180327 0.00634765625 0.03278688524590164
10 0.52978515625 0.6530054644808743 0.0068359375 0.03825136612021858
10 0.966552734375 0.6557377049180327 0.00732421875 0.04371584699453552
10 0.84619140625 0.6612021857923497 0.0029296875 0.06557377049180328
1 0.84033203125 0.6612021857923497 0.0029296875 0.06557377049180328
10 0.826171875 0.6612021857923497 0.00390625 0.06557377049180328
10 0.84375 0.6639344262295082 0.0029296875 0.07103825136612021
10 0.74853515625 0.6639344262295082 0.0029296875 0.060109289617486336
5 0.570068359375 0.6666666666666666 0.02099609375 0.24043715846994534
1 0.8291015625 0.6721311475409836 0.001953125 0.08743169398907104
10 0.900146484375 0.6693989071038251 0.00341796875 0.060109289617486336
10 0.90380859375 0.6721311475409836 0.0029296875 0.07650273224043716
12 0.92724609375 0.6721311475409836 0.0078125 0.07650273224043716
10 0.83447265625 0.6693989071038251 0.005859375 0.04918032786885246
1 0.771240234375 0.6830601092896175 0.00732421875 0.03278688524590164
10 0.908203125 0.6885245901639344 0.005859375 0.03278688524590164
10 0.53759765625 0.6912568306010929 0.005859375 0.03825136612021858
1 0.821044921875 0.6939890710382514 0.00634765625 0.03278688524590164
10 0.731201171875 0.6912568306010929 0.00634765625 0.0273224043715847
12 0.91748046875 0.7103825136612022 0.0078125 0.06557377049180328
10 0.770751953125 0.7131147540983607 0.00634765625 0.03825136612021858
1 0.802978515625 0.73224043715847 0.00634765625 0.03278688524590164
1 0.72998046875 0.7377049180327869 0.005859375 0.03278688524590164
1 0.58642578125 0.7404371584699454 0.005859375 0.0273224043715847
10 0.9345703125 0.7540983606557377 0.0029296875 0.07650273224043716
10 0.70458984375 0.7595628415300546 0.005859375 0.03278688524590164
1 0.7890625 0.76775956284153 0.0068359375 0.03825136612021858
1 0.548583984375 0.7704918032786885 0.00244140625 0.06557377049180328
1 0.556396484375 0.7704918032786885 0.00244140625 0.06557377049180328
1 0.587158203125 0.773224043715847 0.00537109375 0.0273224043715847
1 0.552490234375 0.7786885245901639 0.00244140625 0.060109289617486336
10 0.696533203125 0.7814207650273224 0.00341796875 0.06557377049180328
10 0.699462890625 0.7950819672131147 0.00341796875 0.08196721311475409
1 0.5869140625 0.8114754098360656 0.005859375 0.0273224043715847
1 0.788818359375 0.8333333333333334 0.00634765625 0.03825136612021858
10 0.56591796875 0.8387978142076503 0.0029296875 0.07103825136612021
10 0.563232421875 0.8415300546448088 0.00341796875 0.07650273224043716
1 0.829833984375 0.8497267759562842 0.00439453125 0.10382513661202186
10 0.544677734375 0.8661202185792349 0.00634765625 0.04918032786885246
1 0.78857421875 0.8934426229508197 0.0068359375 0.03825136612021858
1 0.85205078125 0.8989071038251366 0.00390625 0.09289617486338798
1 0.84521484375 0.9043715846994536 0.00390625 0.10382513661202186
1 0.859375 0.9098360655737705 0.0048828125 0.10382513661202186
10 0.556640625 0.9180327868852459 0.0029296875 0.06557377049180328
1 0.56396484375 0.9180327868852459 0.001953125 0.06557377049180328
1 0.56005859375 0.9180327868852459 0.001953125 0.06557377049180328
10 0.248046875 0.20765027322404372 0.0029296875 0.06557377049180328
10 0.046630859375 0.20765027322404372 0.00341796875 0.06557377049180328
10 0.04833984375 0.21584699453551912 0.0029296875 0.07103825136612021
1 0.07421875 0.21584699453551912 0.0029296875 0.060109289617486336
10 0.052490234375 0.2185792349726776 0.00341796875 0.06557377049180328
10 0.030517578125 0.22131147540983606 0.00537109375 0.03825136612021858
10 0.2265625 0.22404371584699453 0.00390625 0.0546448087431694
10 0.223388671875 0.22404371584699453 0.00341796875 0.06557377049180328
1 0.3662109375 0.23224043715846995 0.0029296875 0.08196721311475409
1 0.212158203125 0.22950819672131148 0.00341796875 0.06557377049180328
1 0.37060546875 0.23224043715846995 0.0029296875 0.07103825136612021
10 0.219970703125 0.22950819672131148 0.00341796875 0.06557377049180328
1 0.41943359375 0.22950819672131148 0.0029296875 0.0546448087431694
1 0.383544921875 0.23770491803278687 0.00341796875 0.07103825136612021
10 0.953857421875 0.24316939890710382 0.00244140625 0.060109289617486336
1 0.095703125 0.24043715846994534 0.00390625 0.06557377049180328
10 0.394287109375 0.2459016393442623 0.00341796875 0.06557377049180328
10 0.39697265625 0.24863387978142076 0.0029296875 0.08196721311475409
10 0.390625 0.25136612021857924 0.0029296875 0.07650273224043716
1 0.20751953125 0.2540983606557377 0.005859375 0.11475409836065574
10 0.737060546875 0.2540983606557377 0.00244140625 0.07103825136612021
1 0.724609375 0.2568306010928962 0.001953125 0.06557377049180328
10 0.73974609375 0.2568306010928962 0.0029296875 0.06557377049180328
10 0.7333984375 0.2540983606557377 0.001953125 0.060109289617486336
10 0.90576171875 0.25956284153005466 0.0029296875 0.04918032786885246
10 0.559326171875 0.26229508196721313 0.00341796875 0.06557377049180328
1 0.551513671875 0.25956284153005466 0.00244140625 0.07103825136612021
10 0.56591796875 0.25956284153005466 0.0029296875 0.07103825136612021
1 0.5478515625 0.2677595628415301 0.001953125 0.06557377049180328
1 0.378662109375 0.2650273224043716 0.00537109375 0.11475409836065574
10 0.5625 0.2650273224043716 0.0029296875 0.07103825136612021
10 0.909912109375 0.2677595628415301 0.00244140625 0.07650273224043716
1 0.8974609375 0.2677595628415301 0.001953125 0.06557377049180328
1 0.893798828125 0.273224043715847 0.00244140625 0.06557377049180328