1 0.93603515625 0.5312989045383412 0.0068359375 0.051643192488262914
10 0.320068359375 0.5312989045383412 0.00634765625 0.03912363067292645
1 0.6318359375 0.5328638497652582 0.0068359375 0.03912363067292645
1 0.6943359375 0.5344287949921753 0.0068359375 0.04225352112676056
1 0.3798828125 0.543035993740219 0.0029296875 0.025039123630672927
10 0.3759765625 0.5438184663536776 0.00390625 0.026604068857589983
1 0.3935546875 0.5469483568075117 0.0068359375 0.03912363067292645
10 0.865478515625 0.5524256651017214 0.00927734375 0.050078247261345854
10 0.97021484375 0.5539906103286385 0.0078125 0.046948356807511735
10 0.44091796875 0.55320813771518 0.005859375 0.03286384976525822
10 0.413330078125 0.5563380281690141 0.00537109375 0.023474178403755867
1 0.891845703125 0.5563380281690141 0.00732421875 0.03912363067292645
1 0.417236328125 0.5579029733959311 0.00341796875 0.023474178403755867
1 0.216064453125 0.5602503912363067 0.00830078125 0.0406885758998435
10 0.40087890625 0.5610328638497653 0.0048828125 0.02034428794992175
1 0.453125 0.5743348982785602 0.0068359375 0.046948356807511735
10 0.234375 0.582942097026604 0.005859375 0.03912363067292645
10 0.240966796875 0.5868544600938967 0.00732421875 0.04381846635367762
10 0.188720703125 0.5876369327073553 0.00634765625 0.04538341158059468
1 0.158935546875 0.5876369327073553 0.00439453125 0.023474178403755867
10 0.195068359375 0.5876369327073553 0.00537109375 0.04538341158059468
1 0.13916015625 0.5892018779342723 0.0068359375 0.03912363067292645
10 0.064453125 0.5892018779342723 0.005859375 0.03912363067292645
10 0.155029296875 0.5899843505477308 0.00634765625 0.04381846635367762
10 0.14794921875 0.5915492957746479 0.005859375 0.04381846635367762
10 0.265625 0.5907668231611893 0.0068359375 0.04225352112676056
10 0.946044921875 0.5923317683881064 0.00537109375 0.026604068857589983
10 0.272705078125 0.5923317683881064 0.00634765625 0.04538341158059468
1 0.24560546875 0.5938967136150235 0.00390625 0.023474178403755867
12 0.96630859375 0.5938967136150235 0.0126953125 0.026604068857589983
12 0.95458984375 0.5970266040688575 0.009765625 0.026604068857589983
1 0.260986328125 0.5978090766823161 0.00439453125 0.025039123630672927
10 0.17919921875 0.5993740219092332 0.0029296875 0.018779342723004695
1 0.182861328125 0.5993740219092332 0.00341796875 0.018779342723004695
1 0.508544921875 0.607981220657277 0.05810546875 0.09233176838810642
1 0.5869140625 0.607981220657277 0.0634765625 0.08294209702660407
10 0.04150390625 0.6220657276995305 0.00390625 0.02034428794992175
12 0.0712890625 0.6236306729264476 0.0107421875 0.023474178403755867
10 0.048828125 0.6275430359937402 0.0048828125 0.03442879499217527
12 0.05908203125 0.6291079812206573 0.009765625 0.018779342723004695
10 0.9453125 0.634585289514867 0.005859375 0.03599374021909233
12 0.919677734375 0.6369327073552425 0.02392578125 0.081377151799687
12 0.954345703125 0.6392801251956182 0.01220703125 0.0297339593114241
12 0.96630859375 0.6424100156494522 0.013671875 0.023474178403755867
10 0.027099609375 0.6471048513302035 0.00341796875 0.02034428794992175
1 0.030517578125 0.6486697965571205 0.00341796875 0.023474178403755867
1 0.12939453125 0.6533646322378717 0.0048828125 0.02034428794992175
10 0.12109375 0.6557120500782473 0.0029296875 0.02190923317683881
10 0.12451171875 0.6549295774647887 0.00390625 0.02034428794992175
1 0.1513671875 0.6557120500782473 0.0048828125 0.018779342723004695
12 0.039794921875 0.6572769953051644 0.01123046875 0.018779342723004695
1 0.1611328125 0.6564945226917058 0.0048828125 0.023474178403755867
10 0.051025390625 0.6682316118935837 0.00537109375 0.028169014084507043
12 0.071044921875 0.6690140845070423 0.01025390625 0.023474178403755867
12 0.059814453125 0.6697965571205008 0.01025390625 0.02190923317683881
10 0.02587890625 0.6713615023474179 0.00390625 0.02190923317683881
10 0.030517578125 0.6721439749608764 0.00341796875 0.023474178403755867
12 0.6669921875 0.6815336463223787 0.0234375 0.07981220657276995
12 0.967529296875 0.6830985915492958 0.01123046875 0.026604068857589983
10 0.94580078125 0.6854460093896714 0.005859375 0.03129890453834116
12 0.9541015625 0.6870109546165885 0.0126953125 0.02190923317683881
12 0.706298828125 0.6917057902973396 0.02392578125 0.08450704225352113
12 0.43310546875 0.6917057902973396 0.0234375 0.081377151799687
12 0.404541015625 0.6932707355242567 0.02294921875 0.081377151799687
12 0.84375 0.6924882629107981 0.0234375 0.08294209702660407
12 0.326416015625 0.6924882629107981 0.02294921875 0.07981220657276995
12 0.812255859375 0.6940532081377152 0.02392578125 0.07981220657276995
10 0.11181640625 0.6940532081377152 0.00390625 0.026604068857589983
10 0.115234375 0.6956181533646323 0.00390625 0.023474178403755867
12 0.04052734375 0.6956181533646323 0.0068359375 0.03912363067292645
10 0.135986328125 0.6956181533646323 0.00341796875 0.023474178403755867
1 0.14111328125 0.6979655712050078 0.00390625 0.01564945226917058
12 0.884521484375 0.6979655712050078 0.02392578125 0.081377151799687
1 0.10498046875 0.6971830985915493 0.00390625 0.023474178403755867
10 0.100830078125 0.6979655712050078 0.00341796875 0.02190923317683881
1 0.132568359375 0.6995305164319249 0.00341796875 0.02190923317683881
10 0.025634765625 0.702660406885759 0.00341796875 0.02190923317683881
12 0.360595703125 0.7018779342723005 0.02490234375 0.08294209702660407
10 0.029296875 0.704225352112676 0.0029296875 0.025039123630672927
12 0.29345703125 0.7050078247261345 0.0234375 0.08294209702660407
10 0.0537109375 0.7065727699530516 0.0048828125 0.03286384976525822
12 0.769287109375 0.7097026604068858 0.02392578125 0.07981220657276995
12 0.735595703125 0.7120500782472613 0.02392578125 0.08450704225352113
12 0.062744140625 0.7112676056338029 0.01025390625 0.02034428794992175
12 0.197021484375 0.7112676056338029 0.02294921875 0.07981220657276995
1 0.64892578125 0.7136150234741784 0.005859375 0.03755868544600939
12 0.07470703125 0.7136150234741784 0.0107421875 0.025039123630672927
12 0.265380859375 0.7167449139280125 0.02294921875 0.081377151799687
1 0.505859375 0.7167449139280125 0.0556640625 0.11580594679186229
1 0.641845703125 0.7183098591549296 0.00634765625 0.03442879499217527
10 0.095703125 0.7198748043818466 0.0029296875 0.025039123630672927
12 0.224365234375 0.7230046948356808 0.02392578125 0.081377151799687
1 0.101806640625 0.7237871674491393 0.00439453125 0.02034428794992175
10 0.948486328125 0.7276995305164319 0.00537109375 0.03442879499217527
1 0.0166015625 0.729264475743349 0.005859375 0.025039123630672927
12 0.96826171875 0.7300469483568075 0.01171875 0.026604068857589983
1 0.899169921875 0.7300469483568075 0.00439453125 0.026604068857589983
1 0.904296875 0.7323943661971831 0.0048828125 0.028169014084507043
12 0.95751953125 0.7323943661971831 0.0107421875 0.028169014084507043
1 0.9091796875 0.7339593114241002 0.00390625 0.025039123630672927
12 0.025634765625 0.7347417840375586 0.00537109375 0.0297339593114241
1 0.583984375 0.7386541471048513 0.0615234375 0.09076682316118936
12 0.03857421875 0.7394366197183099 0.0107421875 0.017214397496087636
1 0.37646484375 0.7394366197183099 0.005859375 0.023474178403755867
1 0.38818359375 0.7417840375586855 0.005859375 0.025039123630672927
1 0.1416015625 0.7425665101721439 0.0048828125 0.026604068857589983
1 0.38232421875 0.744131455399061 0.0048828125 0.026604068857589983
10 0.147216796875 0.7472613458528952 0.00341796875 0.023474178403755867
1 0.791015625 0.7472613458528952 0.005859375 0.0297339593114241
10 0.1513671875 0.7488262910798122 0.0029296875 0.03286384976525822
1 0.785888671875 0.7496087636932708 0.00439453125 0.03129890453834116
1 0.79736328125 0.7511737089201878 0.005859375 0.028169014084507043
10 0.094482421875 0.7566510172143975 0.00439453125 0.023474178403755867
10 0.101806640625 0.755868544600939 0.00439453125 0.02190923317683881
12 0.06982421875 0.7574334898278561 0.0107421875 0.025039123630672927
10 0.108154296875 0.7597809076682316 0.00439453125 0.023474178403755867
10 0.96533203125 0.7605633802816901 0.00390625 0.02190923317683881
5 0.12353515625 0.7613458528951487 0.021484375 0.09546165884194054
10 0.962646484375 0.7613458528951487 0.00439453125 0.023474178403755867
1 0.95703125 0.7644757433489828 0.0078125 0.023474178403755867
1 0.250244140625 0.7636932707355243 0.00341796875 0.025039123630672927
12 0.93896484375 0.7660406885758998 0.0126953125 0.026604068857589983
1 0.2392578125 0.7676056338028169 0.005859375 0.026604068857589983
1 0.2451171875 0.7676056338028169 0.005859375 0.026604068857589983
1 0.0478515625 0.769170579029734 0.00390625 0.026604068857589983
10 0.92724609375 0.7723004694835681 0.00390625 0.023474178403755867
10 0.03076171875 0.7730829420970265 0.00390625 0.025039123630672927
1 0.036376953125 0.7746478873239436 0.00439453125 0.025039123630672927
10 0.027099609375 0.7754303599374022 0.00341796875 0.026604068857589983
10 0.6572265625 0.7785602503912363 0.00390625 0.026604068857589983
10 0.654052734375 0.7777777777777778 0.00537109375 0.03129890453834116
10 0.15087890625 0.784037558685446 0.00390625 0.03129890453834116
10 0.14501953125 0.7856025039123631 0.00390625 0.028169014084507043
10 0.873291015625 0.7902973395931142 0.00244140625 0.025039123630672927
10 0.868408203125 0.7902973395931142 0.00341796875 0.028169014084507043
10 0.857666015625 0.7942097026604069 0.00634765625 0.03912363067292645
12 0.0703125 0.7981220657276995 0.0146484375 0.025039123630672927
10 0.40283203125 0.8043818466353677 0.00390625 0.02190923317683881
10 0.352294921875 0.8043818466353677 0.00439453125 0.02190923317683881
10 0.33642578125 0.8043818466353677 0.0029296875 0.018779342723004695
10 0.34619140625 0.8043818466353677 0.0029296875 0.018779342723004695
10 0.398193359375 0.8059467918622848 0.00341796875 0.025039123630672927
10 0.65673828125 0.8075117370892019 0.0048828125 0.025039123630672927
10 0.80078125 0.812206572769953 0.00390625 0.03442879499217527
10 0.7177734375 0.8129890453834115 0.00390625 0.026604068857589983
10 0.797607421875 0.8129890453834115 0.00537109375 0.0297339593114241
10 0.7216796875 0.8137715179968701 0.0029296875 0.03129890453834116
10 0.706787109375 0.8145539906103286 0.00244140625 0.0297339593114241
1 0.314208984375 0.8176838810641628 0.00341796875 0.017214397496087636
10 0.803955078125 0.8192488262910798 0.00439453125 0.026604068857589983
1 0.309326171875 0.8192488262910798 0.00537109375 0.026604068857589983
1 0.745361328125 0.8200312989045383 0.00537109375 0.028169014084507043
1 0.447265625 0.8215962441314554 0.005859375 0.028169014084507043
1 0.453369140625 0.8223787167449139 0.00537109375 0.026604068857589983
10 0.09814453125 0.8231611893583725 0.00390625 0.03129890453834116
1 0.76953125 0.823943661971831 0.0068359375 0.03286384976525822
1 0.130126953125 0.8231611893583725 0.00537109375 0.028169014084507043
10 0.39404296875 0.8247261345852895 0.00390625 0.018779342723004695
10 0.147705078125 0.8255086071987481 0.00341796875 0.023474178403755867
10 0.1943359375 0.8255086071987481 0.0029296875 0.0297339593114241
1 0.76318359375 0.8247261345852895 0.005859375 0.03442879499217527
10 0.198974609375 0.8262910798122066 0.00439453125 0.03129890453834116
10 0.459716796875 0.827073552425665 0.00537109375 0.03912363067292645
1 0.466552734375 0.827073552425665 0.00830078125 0.03286384976525822
1 0.929931640625 0.827073552425665 0.00439453125 0.023474178403755867
10 0.135009765625 0.8262910798122066 0.00341796875 0.025039123630672927
10 0.185302734375 0.8262910798122066 0.00341796875 0.025039123630672927
1 0.921875 0.8286384976525821 0.0068359375 0.026604068857589983
5 0.04248046875 0.8364632237871674 0.0322265625 0.07355242566510173
10 0.270751953125 0.8395931142410016 0.00341796875 0.02034428794992175
10 0.260009765625 0.8395931142410016 0.00439453125 0.02034428794992175
5 0.946044921875 0.8411580594679187 0.02294921875 0.10485133020344288
1 0.962158203125 0.8419405320813772 0.00634765625 0.025039123630672927
10 0.2548828125 0.8435054773082942 0.00390625 0.025039123630672927
10 0.967041015625 0.8450704225352113 0.00537109375 0.028169014084507043
1 0.069091796875 0.8482003129890454 0.00537109375 0.028169014084507043
10 0.08984375 0.8497652582159625 0.0029296875 0.025039123630672927
1 0.0859375 0.8505477308294209 0.0048828125 0.023474178403755867
10 0.013427734375 0.852112676056338 0.00439453125 0.026604068857589983
10 0.916015625 0.8591549295774648 0.00390625 0.025039123630672927
10 0.90771484375 0.8615023474178404 0.0048828125 0.026604068857589983
1 0.912109375 0.8615023474178404 0.0029296875 0.023474178403755867
10 0.451171875 0.863849765258216 0.0029296875 0.025039123630672927
10 0.019287109375 0.8646322378716745 0.00341796875 0.02034428794992175
1 0.023681640625 0.863849765258216 0.00341796875 0.02190923317683881
1 0.42724609375 0.8661971830985915 0.00390625 0.026604068857589983
10 0.92724609375 0.865414710485133 0.0048828125 0.03129890453834116
12 0.4365234375 0.86697965571205 0.0126953125 0.02190923317683881
1 0.447998046875 0.8685446009389671 0.00537109375 0.025039123630672927
1 0.392333984375 0.8693270735524257 0.00341796875 0.02034428794992175
10 0.422119140625 0.8685446009389671 0.00439453125 0.028169014084507043
10 0.4169921875 0.8685446009389671 0.00390625 0.028169014084507043
12 0.458984375 0.8693270735524257 0.0146484375 0.026604068857589983
10 0.46826171875 0.8708920187793427 0.0029296875 0.023474178403755867
10 0.401611328125 0.8708920187793427 0.00439453125 0.023474178403755867
10 0.406494140625 0.8716744913928013 0.00341796875 0.028169014084507043
1 0.388916015625 0.877151799687011 0.00341796875 0.014084507042253521
1 0.6826171875 0.8763693270735524 0.00390625 0.028169014084507043
10 0.678955078125 0.8763693270735524 0.00439453125 0.028169014084507043
1 0.6865234375 0.8794992175273866 0.0029296875 0.025039123630672927
10 0.6064453125 0.8802816901408451 0.0068359375 0.023474178403755867
10 0.641357421875 0.8794992175273866 0.00537109375 0.03129890453834116
12 0.670166015625 0.8818466353677621 0.00830078125 0.03599374021909233
10 0.614501953125 0.8810641627543035 0.00537109375 0.025039123630672927
10 0.627685546875 0.8818466353677621 0.00439453125 0.023474178403755867
10 0.641357421875 0.8826291079812206 0.00439453125 0.025039123630672927
10 0.962158203125 0.8834115805946792 0.00341796875 0.02034428794992175
1 0.966796875 0.8849765258215962 0.0029296875 0.02034428794992175
10 0.294921875 0.8849765258215962 0.0029296875 0.02034428794992175
12 0.087158203125 0.8865414710485133 0.00634765625 0.03286384976525822
10 0.29052734375 0.8865414710485133 0.00390625 0.02034428794992175
10 0.07763671875 0.8896713615023474 0.0029296875 0.02034428794992175
10 0.03955078125 0.892018779342723 0.00390625 0.025039123630672927
1 0.0439453125 0.8935837245696401 0.0048828125 0.03129890453834116
12 0.912109375 0.8951486697965572 0.0078125 0.03755868544600939
1 0.401611328125 0.8967136150234741 0.00439453125 0.025039123630672927
10 0.468017578125 0.8974960876369327 0.00439453125 0.023474178403755867
1 0.718505859375 0.8974960876369327 0.00732421875 0.023474178403755867
10 0.41748046875 0.8982785602503912 0.00390625 0.025039123630672927
1 0.39208984375 0.9021909233176839 0.001953125 0.017214397496087636
12 0.44482421875 0.9014084507042254 0.0087890625 0.03755868544600939
10 0.396728515625 0.903755868544601 0.00439453125 0.026604068857589983
12 0.425537109375 0.903755868544601 0.00732421875 0.03912363067292645
10 0.435302734375 0.903755868544601 0.00439453125 0.026604068857589983
12 0.41162109375 0.905320813771518 0.01171875 0.0297339593114241
1 0.958251953125 0.906885758998435 0.00439453125 0.02034428794992175
10 0.92529296875 0.9061032863849765 0.00390625 0.02190923317683881
10 0.967041015625 0.9084507042253521 0.00341796875 0.02034428794992175
5 0.37158203125 0.9084507042253521 0.021484375 0.11737089201877934
10 0.96240234375 0.9092331768388107 0.00390625 0.02190923317683881
5 0.74365234375 0.9100156494522692 0.025390625 0.07981220657276995
12 0.459716796875 0.9115805946791862 0.00830078125 0.048513302034428794
10 0.234375 0.9115805946791862 0.00390625 0.023474178403755867
10 0.671142578125 0.9115805946791862 0.00537109375 0.02034428794992175
10 0.229248046875 0.9107981220657277 0.00341796875 0.02190923317683881
10 0.2490234375 0.9115805946791862 0.00390625 0.026604068857589983
1 0.676025390625 0.9115805946791862 0.00537109375 0.023474178403755867
10 0.25341796875 0.9115805946791862 0.00390625 0.023474178403755867
10 0.245849609375 0.9107981220657277 0.00341796875 0.028169014084507043
12 0.6845703125 0.9123630672926447 0.013671875 0.028169014084507043
10 0.70751953125 0.9123630672926447 0.0029296875 0.03129890453834116
10 0.711669921875 0.9123630672926447 0.00341796875 0.03129890453834116
10 0.241455078125 0.9123630672926447 0.00341796875 0.02190923317683881
10 0.704345703125 0.9123630672926447 0.00244140625 0.03442879499217527
10 0.666015625 0.9123630672926447 0.005859375 0.025039123630672927
10 0.700439453125 0.9154929577464789 0.00439453125 0.025039123630672927
5 0.2734375 0.9162754303599374 0.0224609375 0.09859154929577464
10 0.34716796875 0.917057902973396 0.00390625 0.02190923317683881
10 0.355712890625 0.9209702660406885 0.00439453125 0.026604068857589983
10 0.322509765625 0.9209702660406885 0.00341796875 0.026604068857589983
10 0.3310546875 0.92018779342723 0.00390625 0.025039123630672927
1 0.291015625 0.9209702660406885 0.0078125 0.03286384976525822
10 0.339599609375 0.9217527386541471 0.00439453125 0.025039123630672927
10 0.29638671875 0.9248826291079812 0.00390625 0.018779342723004695
12 0.91162109375 0.9311424100156495 0.0087890625 0.03755868544600939
10 0.95849609375 0.9327073552425665 0.00390625 0.028169014084507043
12 0.933837890625 0.9342723004694836 0.00830078125 0.03755868544600939
12 0.692626953125 0.9342723004694836 0.01123046875 0.025039123630672927
12 0.951416015625 0.9358372456964006 0.00830078125 0.04381846635367762
10 0.660888671875 0.9374021909233177 0.00634765625 0.028169014084507043
10 0.942138671875 0.9381846635367762 0.00341796875 0.03286384976525822
1 0.924072265625 0.9381846635367762 0.00634765625 0.0297339593114241
1 0.718505859375 0.9389671361502347 0.00634765625 0.025039123630672927
1 0.6669921875 0.9389671361502347 0.005859375 0.028169014084507043
10 0.671630859375 0.9405320813771518 0.00341796875 0.03129890453834116
12 0.44482421875 0.9413145539906104 0.009765625 0.04225352112676056
10 0.675048828125 0.9428794992175273 0.00244140625 0.03286384976525822
10 0.69970703125 0.9420970266040689 0.0048828125 0.025039123630672927
10 0.6796875 0.9436619718309859 0.00390625 0.025039123630672927
1 0.35546875 0.9460093896713615 0.005859375 0.023474178403755867
10 0.703857421875 0.945226917057903 0.00439453125 0.03129890453834116
12 0.240234375 0.945226917057903 0.0107421875 0.02190923317683881
10 0.436767578125 0.9475743348982786 0.00341796875 0.023474178403755867
10 0.231689453125 0.94679186228482 0.00439453125 0.028169014084507043
10 0.4326171875 0.9475743348982786 0.0029296875 0.0297339593114241
1 0.392822265625 0.9475743348982786 0.00439453125 0.023474178403755867
10 0.24853515625 0.9491392801251957 0.00390625 0.026604068857589983
10 0.257568359375 0.9491392801251957 0.00341796875 0.026604068857589983
10 0.4111328125 0.9491392801251957 0.00390625 0.014084507042253521
10 0.415771484375 0.9491392801251957 0.00244140625 0.026604068857589983
10 0.29736328125 0.9507042253521126 0.00390625 0.02034428794992175
1 0.2529296875 0.9507042253521126 0.0029296875 0.02034428794992175
10 0.398193359375 0.9507042253521126 0.00439453125 0.02034428794992175
1 0.402587890625 0.9499217527386542 0.00439453125 0.02190923317683881
1 0.406982421875 0.9514866979655712 0.00341796875 0.018779342723004695
10 0.29296875 0.9514866979655712 0.0048828125 0.025039123630672927
10 0.314208984375 0.9530516431924883 0.00439453125 0.025039123630672927