10 0.7972972972972973 0.4044943820224719 0.0056093829678735335 0.007816316560820713
10 0.7498725140234574 0.40473864191499753 0.0035696073431922487 0.0073277967757694185
10 0.7424783273839878 0.4049829018075232 0.005099439061703213 0.006839276990718124
1 0.6866394696583376 0.4054714215925745 0.034166241713411524 0.030288226673180263
10 0.7763895971443141 0.4057156814851001 0.0025497195308516064 0.00537371763556424
1 0.5267720550739419 0.4069369809477284 0.03161652218255992 0.03321934538348803
10 0.7297297297297297 0.40718124084025403 0.00407955124936257 0.008304836345872008
1 0.8768485466598674 0.4081582804103566 0.037225905150433454 0.02882266731802638
10 0.09969403365629781 0.41157791890571566 0.0035696073431922487 0.0073277967757694185
10 0.10377358490566038 0.4123106985832926 0.0025497195308516064 0.008793356130923302
10 0.1211116777154513 0.412066438690767 0.0035696073431922487 0.002442598925256473
10 0.7751147373788884 0.4142647777234978 0.00407955124936257 0.006839276990718124
10 0.15961244263131055 0.4147532975085491 0.00407955124936257 0.0019540791402051783
10 0.7679755226925038 0.4157303370786517 0.005099439061703213 0.008793356130923302
1 0.12162162162162163 0.4169516365412799 0.0035696073431922487 0.002442598925256473
10 0.16037735849056603 0.41914997557401074 0.0015298317185109638 0.0039081582804103565
1 0.1055583885772565 0.4240351734245237 0.002039775624681285 0.0039081582804103565
1 0.8120856705762366 0.42476795310210064 0.006629270780214177 0.00537371763556424
1 0.112697603263641 0.4255007327796776 0.0030596634370219276 0.0029311187103077674
10 0.30979092299847016 0.4272105520273571 0.0056093829678735335 0.002442598925256473
10 0.09510453850076492 0.42745481191988277 0.0035696073431922487 0.0039081582804103565
10 0.2870984191738909 0.42745481191988277 0.006119326874043855 0.0029311187103077674
10 0.28684344722080574 0.432828529555447 0.006629270780214177 0.0039081582804103565
10 0.3090260071392147 0.4330727894479726 0.005099439061703213 0.003419638495359062
1 0.7547169811320755 0.04372252076209086 0.017338092809790925 0.020029311187103077
1 0.684089750127486 0.43673668783585734 0.03518612952575217 0.029311187103077674
1 0.3100458949515553 0.43722520762090866 0.0071392146863844975 0.0019540791402051783
1 0.2870984191738909 0.43771372740595993 0.0071392146863844975 0.0029311187103077674
1 0.309535951045385 0.441133365901319 0.005099439061703213 0.004885197850512946
1 0.2870984191738909 0.441133365901319 0.006119326874043855 0.0029311187103077674
1 0.8732789393166752 0.4416218856863703 0.03314635390107088 0.024425989252564728
1 0.728454869964304 0.4428431851489985 0.009688934217236104 0.003419638495359062
1 0.5560938296787353 0.4450415241817294 0.02702702702702703 0.029311187103077674
1 0.2870984191738909 0.4457743038593063 0.006119326874043855 0.003419638495359062
1 0.30928097909229985 0.44601856375183196 0.0056093829678735335 0.0039081582804103565
2 0.14252932177460478 0.44919394235466537 0.037225905150433454 0.13825109916951636
1 0.520652728199898 0.4592085979482169 0.015298317185109638 0.006839276990718124
1 0.5328913819479857 0.4592085979482169 0.011218765935747067 0.006839276990718124
1 0.6823049464558899 0.4628724963361016 0.03467618561958185 0.025891548607718612
1 0.5198878123406425 0.4648265754763068 0.013768485466598673 0.0073277967757694185
1 0.5326364099949006 0.466047874938935 0.012748597654258032 0.007816316560820713
1 0.11014788373278939 0.4658036150464094 0.0030596634370219276 0.002442598925256473
1 0.1223865374808771 0.4675134342940889 0.0030596634370219276 0.0029311187103077674
10 0.09637939826619071 0.4682462139716658 0.005099439061703213 0.004396678065461651
10 0.1017338092809791 0.4682462139716658 0.0035696073431922487 0.003419638495359062
10 0.10632330443651199 0.47313141182217877 0.0035696073431922487 0.003419638495359062
1 0.09280979092299847 0.47313141182217877 0.005099439061703213 0.003419638495359062
1 0.1139724630290668 0.47313141182217877 0.0015298317185109638 0.004396678065461651
10 0.10581336053034167 0.4802149487054226 0.0035696073431922487 0.0019540791402051783
1 0.08592554818969914 0.48216902784562776 0.0035696073431922487 0.0039081582804103565
1 0.8495665476797553 0.4836345872007816 0.03773584905660377 0.03419638495359062
10 0.19250382457929627 0.49364924279433314 0.007649158592554819 0.004396678065461651
1 0.6616522182559919 0.49706888128969223 0.008669046404895462 0.013190034196384953
1 0.6861295257521672 0.5009770395701026 0.04130545639979602 0.0268685881778212
10 0.16216216216216217 0.5063507572056668 0.0071392146863844975 0.002442598925256473
1 0.23278939316675165 0.5232046897899365 0.02702702702702703 0.024425989252564728
1 0.46022437531871496 0.5258915486077186 0.010708822029576747 0.008304836345872008
1 0.7929627740948496 0.5368832437713728 0.02447730749617542 0.02051783097215437
1 0.6381947985721571 0.5385930630190523 0.006629270780214177 0.009281875915974597
1 0.6239163691993881 0.5385930630190523 0.006629270780214177 0.010258915486077186
1 0.6323304436511984 0.5393258426966292 0.0071392146863844975 0.01074743527112848
1 0.7264150943396226 0.5405471421592575 0.026007139214686385 0.03175378602833415
1 0.4594594594594595 0.5407914020517831 0.01223865374808771 0.008793356130923302
1 0.6902090770015298 0.5405471421592575 0.030086690464048955 0.033707865168539325
1 0.22131565527791944 0.5549584758182706 0.03161652218255992 0.03321934538348803
1 0.45869454360020395 0.5571568148510014 0.012748597654258032 0.0073277967757694185
10 0.6264660887302397 0.5576453346360528 0.0035696073431922487 0.006350757205666829
10 0.6218765935747068 0.5581338544211041 0.0025497195308516064 0.0073277967757694185
10 0.6318204997450281 0.558866634098681 0.00407955124936257 0.008793356130923302
1 0.8630800611932687 0.559599413776258 0.02906680265170831 0.025891548607718612
10 0.6381947985721571 0.5622862725940401 0.0025497195308516064 0.01074743527112848
10 0.6547679755226925 0.5644846116267709 0.0030596634370219276 0.009281875915974597
10 0.6631820499745028 0.5652173913043478 0.0035696073431922487 0.008793356130923302
1 0.4589495155532891 0.5769418661455789 0.009178990311065782 0.009770395701025891
1 0.7700152983171851 0.5854909623839766 0.010198878123406425 0.00537371763556424
1 0.8577256501784803 0.5903761602344895 0.035696073431922486 0.032730825598436736
10 0.03620601733809281 0.5908646800195408 0.00407955124936257 0.008304836345872008
1 0.2065272819989801 0.5945285784074255 0.03467618561958185 0.03321934538348803
1 0.08388577256501785 0.5986809965803616 0.022947475777664456 0.019052271617000488
2 0.016828148903620603 0.5991695163654128 0.033656297807241206 0.21250610649731314
1 0.45818459969403363 0.6016121152906693 0.008669046404895462 0.009281875915974597
10 0.03748087710351861 0.6074743527112848 0.004589495155532891 0.010258915486077186
10 0.8383477817440081 0.6133365901319003 0.006119326874043855 0.010258915486077186
10 0.03544110147883733 0.621152906692721 0.0056093829678735335 0.0073277967757694185
12 0.15374808771035187 0.6231069858329262 0.0382457929627741 0.023937469467513434
10 0.850841407445181 0.6265266243282853 0.0035696073431922487 0.011235955056179775
1 0.19785823559408466 0.6284807034684905 0.03773584905660377 0.02979970688812897
5 0.09357470678225395 0.6463116756228627 0.0239673635900051 0.02247191011235955
10 0.07674655787863335 0.6524181729360039 0.011728709841917389 0.0073277967757694185
12 0.15323814380418155 0.6555935515388374 0.037225905150433454 0.024425989252564728
10 0.10938296787353391 0.6555935515388374 0.007649158592554819 0.004885197850512946
1 0.19760326364099948 0.6629213483146067 0.03518612952575217 0.03224230581338544
10 0.1009688934217236 0.6638983878847093 0.0030596634370219276 0.01074743527112848
10 0.6565527791942887 0.6761113825109917 0.0056093829678735335 0.013678553981436248
1 0.8447220805711372 0.680752320468979 0.03212646608873024 0.03175378602833415
10 0.7580316165221825 0.6939423546653639 0.010708822029576747 0.01612115290669272
2 0.6741458439571647 0.07010258915486077 0.32024477307496174 0.034684904738641914
10 0.7348291687914329 0.7076209086468002 0.006119326874043855 0.006350757205666829
1 0.8006119326874044 0.710552027357108 0.03263640999490056 0.030776746458231558
10 0.7345741968383478 0.7127503663898388 0.004589495155532891 0.0039081582804103565
10 0.7345741968383478 0.7176355642403517 0.004589495155532891 0.0039081582804103565
1 0.049464558898521166 0.7208109428431851 0.022437531871494134 0.00537371763556424
1 0.05736868944416114 0.7288715192965315 0.006629270780214177 0.006839276990718124
1 0.801631820499745 0.7410845139228138 0.02855685874553799 0.027357107962872496
1 0.06144824069352371 0.7496336101612115 0.011728709841917389 0.004396678065461651
1 0.1950535441101479 0.7567171470444553 0.022947475777664456 0.024425989252564728
10 0.11524732279449261 0.7684416218856863 0.00407955124936257 0.008793356130923302
10 0.12034676185619582 0.7696629213483146 0.002039775624681285 0.008304836345872008
10 0.08796532381438042 0.7701514411333659 0.006629270780214177 0.0073277967757694185
10 0.07751147373788883 0.7706399609184172 0.005099439061703213 0.0073277967757694185
1 0.8041815400305966 0.7708842208109429 0.029576746557878633 0.028334147532975085
1 0.13590005099439062 0.776990718124084 0.0056093829678735335 0.012212994626282364
12 0.18638449770525242 0.782608695652174 0.014788373278939317 0.013678553981436248
2 0.02014278429372769 0.7948216902784563 0.04028556858745538 0.1875915974596971
1 0.8064762876083631 0.8004396678065462 0.02804691483936767 0.03175378602833415
12 0.17389087200407954 0.8063019052271617 0.041815400305966345 0.0268685881778212
5 0.09408465068842427 0.8204689789936492 0.04844467108618052 0.06692721055202736
10 0.5122386537480877 0.8302393746946751 0.0056093829678735335 0.003419638495359062
1 0.8041815400305966 0.8334147532975086 0.025497195308516064 0.027357107962872496
1 0.5028046914839368 0.8339032730825598 0.006119326874043855 0.0029311187103077674
10 0.5127485976542581 0.8343917928676111 0.0056093829678735335 0.0029311187103077674
10 0.5117287098419174 0.8378114313629702 0.007649158592554819 0.0029311187103077674
10 0.5028046914839368 0.8387884709330727 0.006119326874043855 0.004885197850512946
1 0.4933707292197858 0.8417195896433806 0.008669046404895462 0.0039081582804103565
10 0.5017848036715962 0.8424523693209575 0.005099439061703213 0.004396678065461651
10 0.5119836817950025 0.8522227650219834 0.0071392146863844975 0.002442598925256473
10 0.5124936257011729 0.8617489008304836 0.006119326874043855 0.0039081582804103565
1 0.8052014278429372 0.8627259404005863 0.026517083120856707 0.027357107962872496
10 0.5130035696073432 0.865657059110894 0.0071392146863844975 0.0029311187103077674
10 0.5109637939826619 0.8688324377137274 0.006119326874043855 0.004396678065461651
1 0.1450790413054564 0.8715192965315095 0.024987251402345742 0.018563751831949193
10 0.5122386537480877 0.8737176355642403 0.004589495155532891 0.003419638495359062
10 0.5122386537480877 0.878114313629702 0.0056093829678735335 0.004396678065461651
10 0.5124936257011729 0.8908158280410357 0.006119326874043855 0.002442598925256473
1 0.8046914839367669 0.8925256472887152 0.02855685874553799 0.03126526624328285
10 0.5130035696073432 0.8952125061064973 0.005099439061703213 0.002442598925256473
10 0.46863844977052527 0.8957010258915487 0.0030596634370219276 0.006350757205666829
10 0.47297297297297297 0.8954567659990229 0.004589495155532891 0.007816316560820713
10 0.48164201937786844 0.8959452857840743 0.0035696073431922487 0.006839276990718124
10 0.47781744008159105 0.8959452857840743 0.0030596634370219276 0.006839276990718124
10 0.4648138704742478 0.8959452857840743 0.0015298317185109638 0.005862237420615535
10 0.46022437531871496 0.8959452857840743 0.0025497195308516064 0.004885197850512946
10 0.2950025497195308 0.9035173424523694 0.004589495155532891 0.012212994626282364
10 0.29882712901580827 0.903761602344895 0.0030596634370219276 0.012701514411333659
10 0.2901580826109128 0.903761602344895 0.0030596634370219276 0.01172447484123107
2 0.10147883732789394 0.9042501221299463 0.19275879653238143 0.05959941377625794
10 0.3120856705762366 0.9049829018075232 0.005099439061703213 0.010258915486077186
10 0.5537990821009688 0.9110893991206643 0.0030596634370219276 0.006839276990718124
10 0.592044875063743 0.9110893991206643 0.0030596634370219276 0.006839276990718124
10 0.5614482406935237 0.9110893991206643 0.0030596634370219276 0.006839276990718124
10 0.5958694543600204 0.9118221787982413 0.0025497195308516064 0.0073277967757694185
10 0.5874553799082101 0.9123106985832926 0.002039775624681285 0.006350757205666829
10 0.557113717491076 0.9123106985832926 0.0025497195308516064 0.0073277967757694185
10 0.5815910249872513 0.9125549584758182 0.004589495155532891 0.005862237420615535
10 0.571392146863845 0.9127992183683439 0.0035696073431922487 0.0073277967757694185
10 0.3768485466598674 0.9186614557889594 0.0071392146863844975 0.003419638495359062
1 0.8059663437021928 0.9223253541768441 0.034166241713411524 0.026380068392769906
10 0.542835288118307 0.9255007327796776 0.007649158592554819 0.003419638495359062
10 0.5418154003059663 0.9311187103077675 0.006629270780214177 0.0029311187103077674
1 0.6940336562978072 0.9372252076209087 0.010198878123406425 0.003419638495359062
10 0.661907190209077 0.9391792867611138 0.0071392146863844975 0.003419638495359062
10 0.6621621621621622 0.9430874450415242 0.007649158592554819 0.003419638495359062
1 0.6027536970933197 0.9472398632144602 0.011218765935747067 0.004885197850512946
5 0.6415094339622641 0.9511480214948705 0.018357980622131564 0.03321934538348803
1 0.815910249872514 0.9513922813873962 0.033656297807241206 0.02979970688812897
10 0.6631820499745028 0.9516365412799218 0.006629270780214177 0.0039081582804103565
10 0.6022437531871494 0.9528578407425501 0.009178990311065782 0.003419638495359062
10 0.6629270780214176 0.9606741573033708 0.00815910249872514 0.003419638495359062
1 0.6764405915349312 0.9650708353688324 0.009688934217236104 0.003419638495359062
1 0.6022437531871494 0.9662921348314607 0.01223865374808771 0.0039081582804103565
10 0.7307496175420704 0.09672691744015632 0.0071392146863844975 0.007816316560820713
1 0.5033146353901071 0.9689789936492428 0.027536970933197347 0.02979970688812897
1 0.6769505354411015 0.9702002931118711 0.008669046404895462 0.0029311187103077674
1 0.6007139214686384 0.9726428920371275 0.01223865374808771 0.005862237420615535
1 0.7674655787863335 0.10454323400097704 0.029576746557878633 0.02247191011235955
1 0.6468638449770525 0.11016121152906692 0.030086690464048955 0.023937469467513434
1 0.48036715961244264 0.1162677088422081 0.02855685874553799 0.02149487054225696
10 0.18510963793982663 0.12750366389838788 0.002039775624681285 0.007816316560820713
10 0.17899031106578275 0.13409868099658037 0.00407955124936257 0.012212994626282364
10 0.8357980622131566 0.13727405959941377 0.006119326874043855 0.008793356130923302
10 0.04105048444671086 0.13751831949193943 0.0056093829678735335 0.011235955056179775
10 0.059153493115757266 0.13751831949193943 0.005099439061703213 0.012212994626282364
10 0.04589495155532891 0.13776257938446507 0.005099439061703213 0.01172447484123107
10 0.05099439061703213 0.13800683927699073 0.006119326874043855 0.011235955056179775
10 0.8439571647118816 0.13800683927699073 0.005099439061703213 0.008304836345872008
1 0.03467618561958185 0.13849535906204202 0.005099439061703213 0.014167073766487542
1 0.850841407445181 0.13873961895456766 0.0056093829678735335 0.007816316560820713
2 0.6733809280979093 0.14289203712750367 0.3227944926058134 0.034684904738641914
10 0.17593064762876084 0.14338055691255497 0.009178990311065782 0.003419638495359062
1 0.9326874043855176 0.14777723497801662 0.005099439061703213 0.00537371763556424
10 0.9268230494645588 0.15437225207620908 0.008669046404895462 0.0039081582804103565
10 0.9270780214176441 0.1595017098192477 0.00815910249872514 0.003419638495359062
1 0.9275879653238144 0.16389838788470934 0.00815910249872514 0.004396678065461651
5 0.9041305456399796 0.16365412799218368 0.029576746557878633 0.028334147532975085
5 0.21902090770015298 0.17024914509037617 0.031106578276389598 0.012212994626282364
10 0.19836817950025498 0.1700048851978505 0.0030596634370219276 0.009770395701025891
10 0.17950025497195307 0.17024914509037617 0.00407955124936257 0.009281875915974597
10 0.17440081591024986 0.17122618466047876 0.005099439061703213 0.009281875915974597
10 0.18867924528301888 0.17220322423058135 0.0030596634370219276 0.006350757205666829
1 0.18536460989291179 0.17269174401563264 0.004589495155532891 0.006350757205666829
10 0.7315145334013259 0.17464582315583782 0.0056093829678735335 0.00537371763556424
1 0.8684344722080571 0.17586712261846604 0.00407955124936257 0.009770395701025891
1 0.779449260581336 0.17782120175867122 0.024987251402345742 0.024425989252564728
10 0.038500764915859256 0.180752320468979 0.0056093829678735335 0.007816316560820713
1 0.6468638449770525 0.1844162188568637 0.030086690464048955 0.021006350757205666
1 0.906425293217746 0.18661455788959452 0.0056093829678735335 0.008793356130923302
1 0.8488016318204997 0.18661455788959452 0.0035696073431922487 0.006839276990718124
1 0.8447220805711372 0.18685881778212018 0.004589495155532891 0.0073277967757694185
1 0.8314635390107088 0.1875915974596971 0.0035696073431922487 0.009770395701025891
1 0.9013258541560428 0.1875915974596971 0.0025497195308516064 0.012701514411333659
1 0.9120346761856196 0.18783585735222277 0.004589495155532891 0.008304836345872008
1 0.8921468638449771 0.18783585735222277 0.004589495155532891 0.010258915486077186
1 0.8964813870474247 0.18881289692232536 0.0030596634370219276 0.011235955056179775
10 0.1955634880163182 0.19662921348314608 0.0035696073431922487 0.008304836345872008
1 0.19122896481387047 0.19662921348314608 0.002039775624681285 0.006350757205666829
1 0.1787353391126976 0.19662921348314608 0.0035696073431922487 0.006350757205666829
10 0.23100458949515554 0.1968734733756717 0.00407955124936257 0.006839276990718124
1 0.18740438551759306 0.19711773326819737 0.0025497195308516064 0.0073277967757694185
1 0.18332483426823049 0.1968734733756717 0.004589495155532891 0.006839276990718124
1 0.20550739418663946 0.1968734733756717 0.0030596634370219276 0.005862237420615535
1 0.20040795512493625 0.1968734733756717 0.0030596634370219276 0.006839276990718124
10 0.2233554309026007 0.19858329262335125 0.0030596634370219276 0.00537371763556424
10 0.21009688934217235 0.1983390327308256 0.0030596634370219276 0.005862237420615535
10 0.2241203467618562 0.20859794821690278 0.0025497195308516064 0.004885197850512946
10 0.19760326364099948 0.20933072789447973 0.0035696073431922487 0.006350757205666829
10 0.25497195308516063 0.20933072789447973 0.0030596634370219276 0.00537371763556424
10 0.1917389087200408 0.20908646800195407 0.0030596634370219276 0.005862237420615535
10 0.18408975012748596 0.20908646800195407 0.0030596634370219276 0.006839276990718124
10 0.21927587965323814 0.20981924767953103 0.00407955124936257 0.00537371763556424
10 0.20678225395206526 0.20957498778700537 0.0025497195308516064 0.005862237420615535
10 0.18765935747067822 0.20981924767953103 0.0030596634370219276 0.00537371763556424
10 0.21417644059153493 0.20981924767953103 0.0030596634370219276 0.00537371763556424
10 0.21009688934217235 0.20957498778700537 0.0030596634370219276 0.004885197850512946
10 0.23737888832228454 0.20957498778700537 0.0035696073431922487 0.005862237420615535
10 0.25038245792962777 0.20957498778700537 0.0030596634370219276 0.004885197850512946
10 0.22870984191738908 0.20981924767953103 0.0035696073431922487 0.00537371763556424
10 0.24145843957164712 0.20981924767953103 0.0035696073431922487 0.006350757205666829
10 0.23278939316675165 0.20957498778700537 0.0025497195308516064 0.004885197850512946
10 0.17950025497195307 0.20957498778700537 0.0030596634370219276 0.005862237420615535
10 0.24706782253952064 0.20981924767953103 0.004589495155532891 0.00537371763556424
10 0.17542070372259053 0.21030776746458232 0.0030596634370219276 0.006350757205666829
2 0.6741458439571647 0.2132388861748901 0.31820499745028047 0.032730825598436736
1 0.16241713411524733 0.22007816316560821 0.0056093829678735335 0.002442598925256473
1 0.8528811830698623 0.22300928187591598 0.011728709841917389 0.00537371763556424
1 0.16241713411524733 0.2237420615534929 0.006629270780214177 0.0029311187103077674
10 0.30800611932687405 0.22618466047874938 0.005099439061703213 0.0039081582804103565
1 0.1626721060683325 0.22838299951148022 0.006119326874043855 0.002442598925256473
1 0.8844977052524222 0.23375671714704446 0.02702702702702703 0.022960429897410845
10 0.3077511473737889 0.23571079628724964 0.004589495155532891 0.00537371763556424
1 0.16241713411524733 0.2391304347826087 0.006629270780214177 0.0014655593551538837
10 0.3077511473737889 0.24303859306301906 0.006629270780214177 0.002442598925256473
1 0.1631820499745028 0.2432828529555447 0.00407955124936257 0.0029311187103077674
10 0.30800611932687405 0.24621397166585246 0.00407955124936257 0.0029311187103077674
1 0.16292707802141765 0.2474352711284807 0.0056093829678735335 0.002442598925256473
1 0.32024477307496174 0.2489008304836346 0.009178990311065782 0.003419638495359062
1 0.40234574196838346 0.2510991695163654 0.04589495155532891 0.04201270151441133
1 0.16165221825599185 0.25158768930141673 0.006119326874043855 0.0029311187103077674
1 0.5232024477307496 0.2530532486565706 0.035696073431922486 0.03712750366389839
1 0.8373278939316675 0.2530532486565706 0.005099439061703213 0.01172447484123107
10 0.3077511473737889 0.2545188080117245 0.004589495155532891 0.0019540791402051783
1 0.649158592554819 0.25500732779677576 0.025497195308516064 0.028334147532975085
1 0.8625701172870984 0.25598436736687835 0.007649158592554819 0.014655593551538837
10 0.34089750127485974 0.25793844650708353 0.008669046404895462 0.0039081582804103565
1 0.8215196328403875 0.25793844650708353 0.00815910249872514 0.01172447484123107
10 0.30851606323304437 0.25818270639960916 0.00407955124936257 0.004396678065461651
1 0.025497195308516064 0.26062530532486566 0.00815910249872514 0.003419638495359062
1 0.7636409994900561 0.2623351245725452 0.0035696073431922487 0.006839276990718124
10 0.3087710351861295 0.26257938446507084 0.0056093829678735335 0.003419638495359062
1 0.768230494645589 0.2628236443575965 0.004589495155532891 0.007816316560820713
1 0.8166751657317695 0.026380068392769906 0.010708822029576747 0.004885197850512946
1 0.025752167261601223 0.264533463605276 0.008669046404895462 0.003419638495359062
10 0.3082610912799592 0.2659990229604299 0.006629270780214177 0.0014655593551538837
1 0.3082610912799592 0.2740595994137763 0.009688934217236104 0.0039081582804103565
1 0.026517083120856707 0.2740595994137763 0.00815910249872514 0.0029311187103077674
1 0.9191738908720041 0.2743038593063019 0.013768485466598673 0.0073277967757694185
1 0.5981642019377869 0.27772349780166095 0.04385517593064763 0.033707865168539325
1 0.02702702702702703 0.27772349780166095 0.010198878123406425 0.002442598925256473
5 0.2358490566037736 0.27796775769418663 0.09229984701682815 0.0898876404494382
1 0.3077511473737889 0.27870053737176353 0.009688934217236104 0.0014655593551538837
1 0.5568587455379909 0.2804103566194431 0.038755736868944415 0.039081582804103565
1 0.30851606323304437 0.28578407425500735 0.00815910249872514 0.0029311187103077674
10 0.16216216216216217 0.28676111382510994 0.005099439061703213 0.0029311187103077674
5 0.49490056093829676 0.28798241328773816 0.021927587965323816 0.022960429897410845
10 0.1631820499745028 0.2904250122129946 0.005099439061703213 0.003419638495359062
1 0.4048954614992351 0.2914020517830972 0.04283528811830699 0.032730825598436736
1 0.3090260071392147 0.2914020517830972 0.0071392146863844975 0.003419638495359062
10 0.1626721060683325 0.2948216902784563 0.005099439061703213 0.003419638495359062
10 0.30851606323304437 0.29872984855886664 0.0071392146863844975 0.002442598925256473
1 0.8273839877613463 0.3001954079140205 0.0056093829678735335 0.012212994626282364
1 0.30851606323304437 0.302638006839277 0.0071392146863844975 0.003419638495359062
10 0.14941356450790413 0.3036150464093796 0.005099439061703213 0.003419638495359062
10 0.1626721060683325 0.30410356619443085 0.005099439061703213 0.002442598925256473
1 0.5260071392146863 0.30605764533463603 0.008669046404895462 0.003419638495359062
10 0.7488526262111168 0.30605764533463603 0.0035696073431922487 0.009281875915974597
10 0.7340642529321775 0.306790425012213 0.0035696073431922487 0.007816316560820713
1 0.7450280469148394 0.3072789447972643 0.0030596634370219276 0.007816316560820713
1 0.7401835798062213 0.3072789447972643 0.0035696073431922487 0.005862237420615535
1 0.3090260071392147 0.30752320468978994 0.005099439061703213 0.003419638495359062
10 0.1626721060683325 0.30874450415241816 0.005099439061703213 0.0019540791402051783
1 0.9446710861805201 0.3092330239374695 0.009688934217236104 0.004885197850512946
10 0.5775114737378888 0.30972154372252075 0.008669046404895462 0.0039081582804103565
10 0.14941356450790413 0.31191988275525157 0.005099439061703213 0.002442598925256473
1 0.30851606323304437 0.31216414264777725 0.00815910249872514 0.0019540791402051783
1 0.7804691483936766 0.31387396189545674 0.037225905150433454 0.02882266731802638
10 0.5678225395206528 0.3146067415730337 0.008669046404895462 0.005862237420615535
5 0.4882712901580826 0.3165608207132389 0.024987251402345742 0.024425989252564728
1 0.8273839877613463 0.3165608207132389 0.006629270780214177 0.012701514411333659
1 0.3082610912799592 0.3165608207132389 0.0056093829678735335 0.0039081582804103565
1 0.3077511473737889 0.3202247191011236 0.0056093829678735335 0.003419638495359062
1 0.4630290668026517 0.32291157791890573 0.00815910249872514 0.0039081582804103565
1 0.3069862315145334 0.3246213971665852 0.00407955124936257 0.004396678065461651
10 0.14023457419683835 0.32510991695163655 0.0030596634370219276 0.00537371763556424
1 0.30800611932687405 0.3280410356619443 0.006119326874043855 0.003419638495359062
10 0.46404895461499235 0.3285295554469956 0.009178990311065782 0.002442598925256473
1 0.569862315145334 0.3299951148021495 0.009688934217236104 0.004396678065461651
1 0.30800611932687405 0.3321934538348803 0.006119326874043855 0.0029311187103077674
10 0.13768485466598673 0.3336590131900342 0.009178990311065782 0.009770395701025891
10 0.16241713411524733 0.3334147532975085 0.008669046404895462 0.002442598925256473
10 0.1626721060683325 0.33707865168539325 0.009178990311065782 0.0019540791402051783
1 0.2985721570627231 0.3456277479237909 0.0056093829678735335 0.002442598925256473
1 0.3090260071392147 0.34587200781631655 0.00407955124936257 0.0019540791402051783
1 0.19989801121876594 0.34807034684904736 0.0030596634370219276 0.008304836345872008
1 0.8610402855685875 0.34904738641914995 0.0056093829678735335 0.013190034196384953
1 0.29831718510963795 0.3495359062042013 0.006119326874043855 0.003419638495359062
1 0.27613462519122894 0.3529555446995603 0.011728709841917389 0.012212994626282364
1 0.18001019887812342 0.3529555446995603 0.0071392146863844975 0.014167073766487542
1 0.8834778174400816 0.35368832437713726 0.0056093829678735335 0.01172447484123107
1 0.29831718510963795 0.35466536394723985 0.005099439061703213 0.004885197850512946
1 0.9331973482916879 0.3551538837322912 0.005099439061703213 0.008793356130923302
1 0.1450790413054564 0.35686370297997067 0.0035696073431922487 0.00537371763556424
1 0.2893931667516573 0.35979482169027843 0.0035696073431922487 0.00537371763556424
1 0.2855685874553799 0.36028334147532975 0.0030596634370219276 0.0073277967757694185
1 0.23049464558898522 0.361504640937958 0.03263640999490056 0.03126526624328285
1 0.14609892911779704 0.3673668783585735 0.0056093829678735335 0.007816316560820713
1 0.620601733809281 0.37787005373717636 0.002039775624681285 0.003419638495359062
1 0.6364099949005609 0.378114313629702 0.002039775624681285 0.004885197850512946
1 0.5119836817950025 0.37787005373717636 0.0030596634370219276 0.006350757205666829
1 0.6167771545130035 0.37787005373717636 0.0035696073431922487 0.00537371763556424
1 0.6022437531871494 0.3783585735222276 0.0030596634370219276 0.003419638495359062
1 0.50790413054564 0.3783585735222276 0.005099439061703213 0.0073277967757694185
1 0.6310555838857725 0.3783585735222276 0.0035696073431922487 0.00537371763556424
1 0.6060683324834268 0.3786028334147533 0.004589495155532891 0.005862237420615535
1 0.5509943906170321 0.3783585735222276 0.0035696073431922487 0.006350757205666829
1 0.5736868944416115 0.3790913531998046 0.0030596634370219276 0.005862237420615535
1 0.5283018867924528 0.37884709330727895 0.0030596634370219276 0.006350757205666829
1 0.555583885772565 0.3790913531998046 0.0035696073431922487 0.005862237420615535
1 0.5367159612442631 0.3790913531998046 0.0025497195308516064 0.005862237420615535
1 0.5328913819479857 0.3790913531998046 0.0030596634370219276 0.006839276990718124
1 0.5420703722590515 0.37884709330727895 0.0030596634370219276 0.0073277967757694185
1 0.5588985211626721 0.37982413287738154 0.0030596634370219276 0.00537371763556424
10 0.1858745537990821 0.3883732291157792 0.004589495155532891 0.01172447484123107
1 0.11371749107598164 0.3935026868588178 0.0030596634370219276 0.003419638495359062
1 0.21060683324834267 0.3981436248168051 0.027536970933197347 0.026380068392769906