10 0.7533686236766122 0.5270057682223388 0.03512993262752647 0.014682747771368642
10 0.7557747834456208 0.5398531725222863 0.0370548604427334 0.02149973780807551
5 0.5250240615976901 0.5443104352385947 0.08662175168431184 0.033560566334556896
5 0.6376323387872955 0.5469323544834819 0.0846968238691049 0.03670686942842161
2 0.9095283926852743 0.05663345568956476 0.1453320500481232 0.018877818563188254
2 0.4167468719923003 0.058206607236497114 0.4157844080846968 0.030414263240692185
2 0.5666506256015399 0.5967488201363398 0.21992300288739172 0.0356581017304667
2 0.27165543792107794 0.5977975878342947 0.35563041385948024 0.03775563712637651
1 0.9807507218479307 0.5985841636077609 0.013474494706448507 0.03408495018353435
10 0.9684793070259865 0.605138961719979 0.014918190567853706 0.03985317252228631
1 0.15327237728585177 0.6449921342422653 0.01395572666025024 0.032511798636601995
1 0.5575072184793071 0.645254326166754 0.01395572666025024 0.03828002097535396
5 0.6068334937439847 0.6455165180912428 0.08854667949951876 0.04090194022024122
1 0.17396535129932628 0.6484006292606188 0.014918190567853706 0.03513371788148925
2 0.2172762271414822 0.6489250131095963 0.014918190567853706 0.03513371788148925
1 0.2179980750721848 0.6499737808075511 0.016361886429258902 0.037231253277399054
1 0.19682386910490857 0.6520713162034609 0.014436958614051972 0.03932878867330886
1 0.9480269489894129 0.6525957000524384 0.013474494706448507 0.040377556371263765
1 0.7155919153031761 0.6573151546932354 0.015399422521655439 0.04457262716308338
10 0.9687199230028873 0.6651809124278972 0.02021174205967276 0.03932878867330886
2 0.5714629451395573 0.6942842160461458 0.22569778633301252 0.03985317252228631
2 0.2735803657362849 0.6958573675930781 0.3652550529355149 0.03670686942842161
5 0.7408565928777671 0.06974305191400104 0.15640038498556305 0.03670686942842161
1 0.8243503368623677 0.0713162034609334 0.015399422521655439 0.0346093340325118
1 0.9684793070259865 0.7121132669113791 0.011068334937439845 0.03146303093864709
10 0.9797882579403272 0.7139486103828002 0.016361886429258902 0.037231253277399054
5 0.5057747834456208 0.7383324593602517 0.109720885466795 0.04404824331410592
1 0.4326275264677575 0.7385946512847404 0.021174205967276226 0.026743576297850027
1 0.971126082771896 0.7624541164132145 0.013474494706448507 0.03670686942842161
1 0.6549566891241578 0.07656004195070792 0.011549566891241578 0.033560566334556896
10 0.8082290664100096 0.7663869952805453 0.03224254090471607 0.016255899318300997
10 0.7495187680461982 0.7669113791295228 0.0370548604427334 0.02045097011012061
1 0.8373435996150145 0.7844782380702674 0.03657362848893166 0.012585212375458836
2 0.5705004812319538 0.7876245411641322 0.2179980750721848 0.04404824331410592
2 0.27189605389797883 0.7891976927110645 0.3638113570741097 0.04299947561615102
1 0.9590952839268527 0.8065023597273204 0.013474494706448507 0.04090194022024122
10 0.9699230028873917 0.8151546932354483 0.012993262752646775 0.037231253277399054
5 0.2762271414821944 0.8348190875721028 0.10490856592877768 0.03985317252228631
1 0.21174205967276227 0.8363922391190352 0.017324350336862367 0.033560566334556896
1 0.17709335899903753 0.8371788148925013 0.01828681424446583 0.03513371788148925
1 0.15567853705486046 0.8377031987414788 0.01588065447545717 0.03093864708966964
1 0.1973051010587103 0.8379653906659675 0.017324350336862367 0.03670686942842161
2 0.9102502406159769 0.08416360776088097 0.15062560153994226 0.01415836392239119
1 0.9713666987487969 0.8691662296801258 0.01588065447545717 0.040377556371263765
2 0.5738691049085659 0.8830624016780283 0.2228103946102021 0.04404824331410592
2 0.2743022136669875 0.8835867855270058 0.37247353224254093 0.03880440482433141
1 0.9391241578440809 0.8856843209229156 0.01395572666025024 0.03670686942842161
5 0.8445620789220404 0.8898793917147352 0.13089509143407121 0.1447299423177766
1 0.766361886429259 0.9092815941269009 0.012993262752646775 0.03146303093864709
5 0.2911453320500481 0.9265862611431568 0.109720885466795 0.0346093340325118
1 0.21920115495668913 0.9289459884635554 0.01395572666025024 0.029889879391714735
2 0.41915303176130897 0.09386470896696382 0.4167468719923003 0.030414263240692185
2 0.5695380173243504 0.9748295752490823 0.21992300288739172 0.03670686942842161
2 0.273339749759384 0.9774514944939696 0.3647738209817132 0.04195070791819612
1 0.8349374398460058 0.9842684845306765 0.03753609239653513 0.014682747771368642
2 0.9100096246390761 0.10409019402202412 0.15014436958614052 0.019402202412165705
2 0.9092877767083735 0.010225485055060305 0.14870067372473533 0.019402202412165705
5 0.7442252165543792 0.11798636601992658 0.1573628488931665 0.04299947561615102
1 0.6564003849855631 0.11955951756685894 0.012512030798845043 0.04195070791819612
1 0.8257940327237728 0.11955951756685894 0.011549566891241578 0.02831672784478238
2 0.1068334937439846 0.12794965915049816 0.04331087584215592 0.21814368117461982
2 0.41530317613089507 0.13083377031987414 0.4196342637151107 0.028841111693759833
2 0.0348893166506256 0.13266911379129523 0.0697786333012512 0.09963293130571578
2 0.9128970163618865 0.13266911379129523 0.1530317613089509 0.01782905086523335
10 0.07675649663137632 0.13817514420555846 0.0178055822906641 0.037231253277399054
5 0.16891241578440808 0.13948610382800208 0.06929740134744947 0.23911903513371788
2 0.9100096246390761 0.1525957000524384 0.14918190567853706 0.01782905086523335
2 0.41843118383060635 0.1638699528054536 0.41915303176130897 0.03408495018353435
1 0.8248315688161694 0.16439433665443104 0.012512030798845043 0.025694808599895123
1 0.6544754571703562 0.16649187205034086 0.012512030798845043 0.02045097011012061
5 0.7384504331087585 0.16675406397482959 0.15158806544754572 0.04404824331410592
2 0.9116939364773821 0.18091242789722076 0.15062560153994226 0.018877818563188254
2 0.9109720885466795 0.1995280545359203 0.14918190567853706 0.01415836392239119
2 0.41530317613089507 0.19979024646040902 0.41482194417709334 0.030414263240692185
1 0.07627526467757459 0.21054011536444678 0.01203079884504331 0.028841111693759833
1 0.6576034648700674 0.21132669113791294 0.01973051010587103 0.033560566334556896
1 0.8257940327237728 0.21342422653382276 0.011549566891241578 0.025170424750917672
5 0.7437439846005774 0.21657052962768747 0.15062560153994226 0.030414263240692185
2 0.41482194417709334 0.02281069743051914 0.41482194417709334 0.029889879391714735
2 0.9116939364773821 0.22941793392763504 0.15062560153994226 0.015207131620346093
2 0.41867179980750724 0.23544834819087573 0.4196342637151107 0.030414263240692185
5 0.7423002887391723 0.023597273203985317 0.1573628488931665 0.04299947561615102
1 0.09239653512993262 0.24488725747246984 0.025024061597690085 0.012585212375458836
1 0.6544754571703562 0.25930781331934977 0.017324350336862367 0.02779234399580493
5 0.8876323387872955 0.2606187729417934 0.11693936477382098 0.03670686942842161
5 0.7206448508180944 0.2624541164132145 0.10731472569778633 0.03828002097535396
1 0.17757459095283926 0.2695332983744101 0.030798845043310877 0.02097535395909806
1 0.14027911453320502 0.2697954902988988 0.02358036573628489 0.02149973780807551
2 0.41626564003849853 0.2708442579968537 0.41482194417709334 0.03198741478762454
10 0.8144850818094321 0.27058206607236496 0.012993262752646775 0.04404824331410592
10 0.8012512030798845 0.27136864184583115 0.01828681424446583 0.04562139486103828
1 0.825553416746872 0.027530152071316205 0.011068334937439845 0.02779234399580493
1 0.35153994225216556 0.29680125852123757 0.04186717998075072 0.015731515469323543
10 0.0846968238691049 0.3117461982170949 0.0356111645813282 0.019402202412165705
1 0.5871029836381135 0.3154168851599371 0.03176130895091434 0.018353434714210803
1 0.06881616939364774 0.34084950183534346 0.013474494706448507 0.019926586261143155
5 0.5014436958614052 0.3466177241740954 0.1126082771896054 0.03880440482433141
5 0.6195861405197305 0.34871525957000526 0.11020211742059673 0.03880440482433141
5 0.14629451395572665 0.362349239643419 0.1482194417709336 0.07446250655479811
10 0.22738209817131858 0.36706869428421607 0.0178055822906641 0.04404824331410592
2 0.9102502406159769 0.037231253277399054 0.15062560153994226 0.01782905086523335
1 0.43984600577478344 0.37860513896172 0.017324350336862367 0.04299947561615102
1 0.24879692011549567 0.3799160985841636 0.017324350336862367 0.03985317252228631
1 0.7018768046198267 0.3799160985841636 0.03609239653512993 0.019402202412165705
5 0.3469682386910491 0.38542212899842687 0.1482194417709336 0.15836392239119035
5 0.8707892204042348 0.39250131095962243 0.15158806544754572 0.1588883062401678
1 0.9672762271414822 0.39748295752490825 0.012512030798845043 0.03146303093864709
1 0.7781520692974013 0.4032511798636602 0.02021174205967276 0.03775563712637651
1 0.5875842155919153 0.408232826428946 0.028873917228103944 0.015207131620346093
1 0.06183830606352262 0.42396434189826954 0.01203079884504331 0.026743576297850027
10 0.2394128970163619 0.437860513896172 0.01588065447545717 0.04404824331410592
5 0.5043310875842156 0.4399580492920818 0.11068334937439846 0.04090194022024122
5 0.1496631376323388 0.44022024121657055 0.15399422521655437 0.07813319349764027
5 0.6195861405197305 0.44153120083901415 0.1082771896053898 0.04404824331410592
10 0.04643888354186718 0.4551651809124279 0.03128007699711261 0.01782905086523335
10 0.24687199230028875 0.4685369690613529 0.030798845043310877 0.02045097011012061
10 0.044995187680461984 0.47325642370215 0.028392685274302214 0.019402202412165705
1 0.3503368623676612 0.4792868379653907 0.025024061597690085 0.016780283167278448
10 0.7771896053897979 0.48138437336130047 0.012512030798845043 0.0356581017304667
10 0.7646775745909529 0.48217094913476666 0.012512030798845043 0.037231253277399054
10 0.8224254090471608 0.48584163607760883 0.028873917228103944 0.016255899318300997
1 0.03464870067372473 0.4900367068694284 0.02406159769008662 0.022548505506030415
2 0.5680943214629451 0.502884111169376 0.21896053897978826 0.03880440482433141
2 0.2726179018286814 0.5039328788673308 0.36717998075072183 0.03670686942842161
1 0.875842155919153 0.5112742527530152 0.025024061597690085 0.016780283167278448
10 0.7502406159769008 0.5117986366019927 0.03368623676612127 0.02097535395909806