1 0.4486738703339882 0.3800751879699248 0.011296660117878193 0.018796992481203006
1 0.4631630648330059 0.3924812030075188 0.01669941060903733 0.01804511278195489
1 0.5306974459724951 0.45526315789473687 0.0073673870333988214 0.012781954887218045
1 0.5395383104125737 0.4631578947368421 0.01031434184675835 0.013533834586466165
1 0.5476424361493124 0.468796992481203 0.008840864440078585 0.014285714285714285
1 0.525294695481336 0.4718045112781955 0.008349705304518664 0.014285714285714285
1 0.5555009823182712 0.47593984962406016 0.010805500982318271 0.013533834586466165
1 0.5550098231827112 0.4770676691729323 0.011787819253438114 0.012781954887218045
1 0.5368369351669942 0.4842105263157895 0.008840864440078585 0.012030075187969926
1 0.4963163064833006 0.48345864661654137 0.009332023575638507 0.013533834586466165
1 0.5444499017681729 0.48984962406015037 0.009332023575638507 0.011278195488721804
10 0.48280943025540274 0.48984962406015037 0.008840864440078585 0.012781954887218045
1 0.5525540275049116 0.49849624060150377 0.0068762278978389 0.012030075187969926
10 0.48772102161100195 0.49473684210526314 0.0068762278978389 0.010526315789473684
1 0.556237721021611 0.5015037593984962 0.0073673870333988214 0.013533834586466165
1 0.4918958742632613 0.49849624060150377 0.008349705304518664 0.012030075187969926
1 0.5613948919449901 0.5056390977443609 0.007858546168958742 0.012781954887218045
1 0.5665520628683693 0.5093984962406015 0.008349705304518664 0.011278195488721804
10 0.5702357563850687 0.5131578947368421 0.008840864440078585 0.014285714285714285
10 0.575147347740668 0.5176691729323308 0.007858546168958742 0.012781954887218045
5 0.4592337917485265 0.5097744360902255 0.01669941060903733 0.03308270676691729
10 0.5795677799607073 0.5203007518796993 0.010805500982318271 0.012030075187969926
1 0.48330058939096265 0.518796992481203 0.009823182711198428 0.012030075187969926
1 0.5965127701375246 0.5398496240601504 0.008349705304518664 0.010526315789473684
10 0.44842829076620827 0.5289473684210526 0.008840864440078585 0.011278195488721804
1 0.631385068762279 0.5458646616541354 0.011296660117878193 0.015037593984962405
10 0.45211198428290766 0.531578947368421 0.0073673870333988214 0.012030075187969926
1 0.4774066797642436 0.5345864661654135 0.007858546168958742 0.010526315789473684
1 0.6036345776031434 0.5454887218045112 0.009823182711198428 0.011278195488721804
10 0.45726915520628686 0.5357142857142857 0.008840864440078585 0.009774436090225564
1 0.5663064833005894 0.5466165413533834 0.0068762278978389 0.010526315789473684
10 0.4442534381139489 0.5387218045112782 0.0073673870333988214 0.011278195488721804
5 0.518664047151277 0.544360902255639 0.10903732809430255 0.15037593984962405
1 0.5707269155206287 0.55 0.008840864440078585 0.009774436090225564
10 0.44842829076620827 0.5417293233082707 0.007858546168958742 0.009774436090225564
1 0.6468565815324165 0.5601503759398496 0.014734774066797643 0.01804511278195489
10 0.45211198428290766 0.5462406015037594 0.0073673870333988214 0.011278195488721804
1 0.45653241650294696 0.5488721804511278 0.0063850687622789785 0.010526315789473684
1 0.6208251473477406 0.5620300751879699 0.011787819253438114 0.014285714285714285
10 0.4403241650294695 0.5492481203007519 0.0073673870333988214 0.011278195488721804
10 0.45972495088408644 0.5530075187969925 0.0068762278978389 0.009774436090225564
10 0.4442534381139489 0.5526315789473685 0.0063850687622789785 0.010526315789473684
1 0.5589390962671905 0.5635338345864662 0.007858546168958742 0.012781954887218045
10 0.46414538310412573 0.556390977443609 0.008840864440078585 0.010526315789473684
10 0.44769155206286837 0.5548872180451128 0.0063850687622789785 0.010526315789473684
1 0.5645874263261297 0.5657894736842105 0.008349705304518664 0.009774436090225564
10 0.4346758349705305 0.5578947368421052 0.009823182711198428 0.015037593984962405
10 0.45112966601178783 0.5593984962406015 0.008349705304518664 0.012030075187969926
10 0.4403241650294695 0.5631578947368421 0.008349705304518664 0.012030075187969926
5 0.6024066797642437 0.5778195488721805 0.06237721021611002 0.0924812030075188
10 0.4444990176817289 0.5669172932330827 0.008840864440078585 0.012030075187969926
1 0.47102161100196466 0.5744360902255639 0.009823182711198428 0.010526315789473684
1 0.5523084479371316 0.5827067669172933 0.0063850687622789785 0.012030075187969926
1 0.4793713163064833 0.5808270676691729 0.0068762278978389 0.011278195488721804
10 0.555992141453831 0.5868421052631579 0.007858546168958742 0.011278195488721804
1 0.5724459724950884 0.5898496240601504 0.0073673870333988214 0.011278195488721804
10 0.5604125736738703 0.5906015037593985 0.008840864440078585 0.011278195488721804
1 0.48330058939096265 0.5864661654135338 0.0068762278978389 0.012030075187969926
1 0.575147347740668 0.593609022556391 0.0068762278978389 0.011278195488721804
10 0.5648330058939096 0.5943609022556391 0.008840864440078585 0.012781954887218045
10 0.4862475442043222 0.58796992481203 0.008840864440078585 0.013533834586466165
1 0.5788310412573674 0.5977443609022557 0.0063850687622789785 0.009022556390977444
10 0.4911591355599214 0.5909774436090226 0.008840864440078585 0.012030075187969926
1 0.5830058939096268 0.6015037593984962 0.0068762278978389 0.012030075187969926
10 0.4945972495088409 0.5951127819548873 0.007858546168958742 0.011278195488721804
1 0.5444499017681729 0.6015037593984962 0.0063850687622789785 0.013533834586466165
10 0.49852652259332025 0.5981203007518797 0.007858546168958742 0.011278195488721804
1 0.5491159135559921 0.6048872180451128 0.0068762278978389 0.015789473684210527
1 0.5717092337917485 0.6067669172932331 0.009823182711198428 0.013533834586466165
10 0.5024557956777996 0.6018796992481203 0.009823182711198428 0.011278195488721804
1 0.505648330058939 0.606390977443609 0.008349705304518664 0.011278195488721804
1 0.5977406679764243 0.6146616541353384 0.007858546168958742 0.014285714285714285
1 0.5771119842829077 0.6131578947368421 0.0068762278978389 0.012781954887218045
1 0.5095776031434185 0.6093984962406015 0.0073673870333988214 0.011278195488721804
10 0.5795677799607073 0.6161654135338346 0.008840864440078585 0.012781954887218045
1 0.5137524557956779 0.6116541353383459 0.007858546168958742 0.011278195488721804
1 0.6031434184675835 0.6199248120300752 0.008840864440078585 0.011278195488721804
1 0.7224950884086444 0.6304511278195488 0.012770137524557957 0.014285714285714285
10 0.5839882121807466 0.6195488721804512 0.007858546168958742 0.010526315789473684
1 0.5171905697445972 0.6150375939849624 0.007858546168958742 0.012030075187969926
1 0.6070726915520629 0.6229323308270677 0.007858546168958742 0.012781954887218045
10 0.5881630648330058 0.6229323308270677 0.009332023575638507 0.011278195488721804
1 0.662573673870334 0.6300751879699248 0.015717092337917484 0.02406015037593985
1 0.612475442043222 0.6266917293233083 0.009823182711198428 0.011278195488721804
1 0.5225933202357563 0.6203007518796992 0.010805500982318271 0.015037593984962405
1 0.5943025540275049 0.6304511278195488 0.009823182711198428 0.011278195488721804
1 0.6682220039292731 0.6372180451127819 0.012278978388998035 0.02481203007518797
1 0.6335952848722987 0.6349624060150376 0.012770137524557957 0.02180451127819549
1 0.7409135559921415 0.643984962406015 0.009332023575638507 0.018796992481203006
1 0.6021611001964636 0.6357142857142857 0.009823182711198428 0.011278195488721804
10 0.6529960707269156 0.6492481203007519 0.01031434184675835 0.012781954887218045
1 0.5287328094302554 0.6402255639097745 0.013261296660117878 0.018796992481203006
10 0.6571709233791748 0.6537593984962407 0.009823182711198428 0.009774436090225564
5 0.6409626719056974 0.6526315789473685 0.019646365422396856 0.03759398496240601
5 0.5753929273084479 0.6484962406015038 0.06630648330058939 0.07443609022556391
1 0.5363457760314342 0.6466165413533834 0.012770137524557957 0.022556390977443608
1 0.6510314341846758 0.6642857142857143 0.01424361493123772 0.02030075187969925
1 0.5459233791748527 0.6590225563909774 0.0073673870333988214 0.012781954887218045
1 0.5493614931237721 0.6612781954887218 0.0073673870333988214 0.012781954887218045
1 0.5530451866404715 0.6665413533834587 0.007858546168958742 0.009774436090225564
1 0.5569744597249509 0.6706766917293233 0.008840864440078585 0.012030075187969926
10 0.6294204322200393 0.6785714285714286 0.009332023575638507 0.011278195488721804
10 0.6350687622789783 0.681203007518797 0.008840864440078585 0.013533834586466165
1 0.6439096267190569 0.6834586466165413 0.012770137524557957 0.01804511278195489
1 0.6149312377210217 0.6838345864661655 0.014734774066797643 0.02180451127819549
1 0.5709724950884086 0.6830827067669173 0.008349705304518664 0.015789473684210527
1 0.5766208251473477 0.6879699248120301 0.007858546168958742 0.013533834586466165
1 0.04346758349705305 0.02819548872180451 0.0063850687622789785 0.014285714285714285
1 0.581286836935167 0.6921052631578948 0.0073673870333988214 0.011278195488721804
1 0.5859528487229863 0.6951127819548872 0.007858546168958742 0.011278195488721804
1 0.6365422396856582 0.7037593984962406 0.015717092337917484 0.02857142857142857
1 0.6439096267190569 0.7109022556390977 0.01669941060903733 0.02481203007518797
10 0.04764243614931238 0.030827067669172932 0.007858546168958742 0.012030075187969926
10 0.7404223968565815 0.7296992481203007 0.01031434184675835 0.011278195488721804
1 0.7477897838899804 0.7304511278195489 0.013261296660117878 0.018796992481203006
1 0.7232318271119843 0.7308270676691729 0.009332023575638507 0.015037593984962405
10 0.7283889980353635 0.7353383458646616 0.007858546168958742 0.010526315789473684
10 0.731335952848723 0.7387218045112782 0.007858546168958742 0.009774436090225564
10 0.7355108055009824 0.7428571428571429 0.0063850687622789785 0.010526315789473684
10 0.7391944990176817 0.7458646616541353 0.007858546168958742 0.012030075187969926
1 0.7779960707269156 0.7488721804511278 0.015717092337917484 0.02406015037593985
10 0.7431237721021611 0.7481203007518797 0.009823182711198428 0.012030075187969926
5 0.7197937131630648 0.7481203007518797 0.015225933202357564 0.01804511278195489
1 0.7863457760314342 0.7560150375939849 0.01669941060903733 0.02330827067669173
10 0.05181728880157171 0.03458646616541353 0.0073673870333988214 0.012030075187969926
1 0.7274066797642437 0.7552631578947369 0.0137524557956778 0.02180451127819549
10 0.7021119842829077 0.7556390977443609 0.008349705304518664 0.016541353383458645
10 0.7055500982318271 0.7590225563909775 0.008349705304518664 0.012781954887218045
1 0.7107072691552063 0.7665413533834586 0.012770137524557957 0.018796992481203006
1 0.8691060903732809 0.7793233082706766 0.011296660117878193 0.014285714285714285
1 0.7701375245579568 0.7725563909774437 0.01669941060903733 0.02481203007518797
10 0.8732809430255403 0.7830827067669173 0.010805500982318271 0.012781954887218045
10 0.8772102161100196 0.7864661654135339 0.010805500982318271 0.013533834586466165
1 0.7787328094302554 0.780827067669173 0.01424361493123772 0.02330827067669173
5 0.7222495088408645 0.7759398496240602 0.016208251473477406 0.02406015037593985
10 0.880648330058939 0.7898496240601504 0.008840864440078585 0.011278195488721804
1 0.7863457760314342 0.7849624060150376 0.014734774066797643 0.021052631578947368
10 0.8845776031434185 0.793984962406015 0.011787819253438114 0.012030075187969926
10 0.8892436149312377 0.7969924812030075 0.008349705304518664 0.010526315789473684
1 0.868860510805501 0.7969924812030075 0.008840864440078585 0.012030075187969926
1 0.7946954813359528 0.7921052631578948 0.01768172888015717 0.02180451127819549
10 0.8921905697445972 0.8011278195488721 0.008349705304518664 0.009774436090225564
1 0.7008840864440079 0.7860902255639097 0.010805500982318271 0.017293233082706767
1 0.7620333988212181 0.7921052631578948 0.013261296660117878 0.018796992481203006
1 0.8720530451866405 0.8007518796992481 0.009332023575638507 0.012030075187969926
10 0.8963654223968566 0.8048872180451128 0.009823182711198428 0.011278195488721804
10 0.7045677799607073 0.7902255639097744 0.011296660117878193 0.012030075187969926
1 0.8767190569744597 0.8045112781954887 0.009823182711198428 0.012030075187969926
1 0.9010314341846758 0.8078947368421052 0.009332023575638507 0.011278195488721804
1 0.7092337917485265 0.794360902255639 0.008840864440078585 0.012781954887218045
1 0.8801571709233792 0.8075187969924812 0.0068762278978389 0.010526315789473684
10 0.7134086444007859 0.7966165413533834 0.01031434184675835 0.011278195488721804
10 0.9047151277013753 0.8116541353383459 0.007858546168958742 0.009774436090225564
1 0.8843320235756386 0.8109022556390978 0.008349705304518664 0.012781954887218045
10 0.05550098231827112 0.039097744360902256 0.008840864440078585 0.010526315789473684
10 0.9086444007858546 0.8142857142857143 0.008840864440078585 0.009022556390977444
10 0.7163555992141454 0.8007518796992481 0.011296660117878193 0.012030075187969926
1 0.7765225933202358 0.8052631578947368 0.014734774066797643 0.019548872180451128
1 0.7215127701375246 0.8030075187969925 0.007858546168958742 0.013533834586466165
10 0.912819253438114 0.8184210526315789 0.01031434184675835 0.009774436090225564
10 0.8015717092337917 0.8109022556390978 0.009823182711198428 0.012781954887218045
1 0.724950884086444 0.806390977443609 0.007858546168958742 0.009774436090225564
10 0.831286836935167 0.8161654135338345 0.008349705304518664 0.011278195488721804
10 0.9165029469548134 0.8225563909774436 0.009823182711198428 0.012030075187969926
10 0.9199410609037328 0.824812030075188 0.008840864440078585 0.010526315789473684
10 0.8361984282907662 0.8180451127819549 0.008349705304518664 0.013533834586466165
1 0.755648330058939 0.812406015037594 0.016208251473477406 0.017293233082706767
10 0.7278978388998035 0.8109022556390978 0.008840864440078585 0.011278195488721804
1 0.8995579567779961 0.8266917293233083 0.008349705304518664 0.014285714285714285
10 0.8393909626719057 0.8214285714285714 0.007858546168958742 0.012781954887218045
10 0.9238703339882122 0.8293233082706767 0.007858546168958742 0.010526315789473684
1 0.9442534381139489 0.8312030075187969 0.0073673870333988214 0.012781954887218045
10 0.731827111984283 0.8142857142857143 0.008840864440078585 0.012030075187969926
1 0.9029960707269156 0.8289473684210527 0.008349705304518664 0.012781954887218045
1 0.7932220039292731 0.8203007518796992 0.009823182711198428 0.012030075187969926
10 0.843811394891945 0.8259398496240602 0.008840864440078585 0.012781954887218045
1 0.9476915520628684 0.8342105263157895 0.008349705304518664 0.011278195488721804
10 0.9275540275049116 0.8327067669172933 0.009332023575638507 0.009774436090225564
10 0.7357563850687623 0.8169172932330827 0.009823182711198428 0.014285714285714285
1 0.8273575638506876 0.8270676691729323 0.01031434184675835 0.015037593984962405
1 0.9069253438113949 0.8334586466165413 0.008349705304518664 0.014285714285714285
10 0.9317288801571709 0.8357142857142857 0.008840864440078585 0.011278195488721804
10 0.8474950884086444 0.8293233082706767 0.008349705304518664 0.015037593984962405
1 0.7411591355599214 0.8210526315789474 0.009823182711198428 0.015037593984962405
1 0.9118369351669942 0.8357142857142857 0.008349705304518664 0.012781954887218045
1 0.7698919449901768 0.824812030075188 0.015225933202357564 0.022556390977443608
10 0.831286836935167 0.8293233082706767 0.008349705304518664 0.012030075187969926
10 0.8514243614931237 0.8308270676691729 0.009332023575638507 0.012030075187969926
5 0.7966601178781926 0.8270676691729323 0.0137524557956778 0.01804511278195489
1 0.9349214145383105 0.8390977443609022 0.008349705304518664 0.009022556390977444
1 0.9150294695481336 0.8394736842105263 0.007858546168958742 0.011278195488721804
10 0.774803536345776 0.8289473684210527 0.009332023575638507 0.012781954887218045
10 0.8352161100196464 0.8334586466165413 0.0073673870333988214 0.011278195488721804
1 0.8040275049115914 0.8315789473684211 0.008840864440078585 0.01804511278195489
10 0.8546168958742633 0.8368421052631579 0.009823182711198428 0.012030075187969926
1 0.918713163064833 0.8417293233082707 0.009332023575638507 0.012781954887218045
10 0.8086935166994106 0.8357142857142857 0.01031434184675835 0.012781954887218045
10 0.8388998035363457 0.83796992481203 0.007858546168958742 0.011278195488721804
1 0.943516699410609 0.8477443609022557 0.009823182711198428 0.012781954887218045
10 0.05918467583497053 0.042105263157894736 0.009332023575638507 0.012030075187969926
1 0.9219056974459725 0.8462406015037593 0.009823182711198428 0.011278195488721804
10 0.81286836935167 0.8387218045112782 0.009823182711198428 0.015789473684210527
10 0.8418467583497053 0.8413533834586466 0.008840864440078585 0.010526315789473684
1 0.7826620825147348 0.837218045112782 0.008349705304518664 0.017293233082706767
1 0.9268172888015717 0.849624060150376 0.009823182711198428 0.010526315789473684
1 0.787573673870334 0.8402255639097744 0.008349705304518664 0.015789473684210527
10 0.8457760314341847 0.8466165413533835 0.009823182711198428 0.013533834586466165
1 0.8209724950884086 0.8454887218045113 0.01031434184675835 0.014285714285714285
1 0.7917485265225933 0.843609022556391 0.007858546168958742 0.013533834586466165
10 0.850196463654224 0.8481203007518797 0.0068762278978389 0.010526315789473684
10 0.7966601178781926 0.8469924812030075 0.008840864440078585 0.015789473684210527
10 0.8531434184675835 0.8522556390977444 0.008840864440078585 0.009774436090225564
10 0.8575638506876228 0.8548872180451128 0.0068762278978389 0.013533834586466165
1 0.8285854616895875 0.8533834586466166 0.008840864440078585 0.016541353383458645
10 0.800098231827112 0.8522556390977444 0.010805500982318271 0.012781954887218045
1 0.862721021611002 0.8601503759398497 0.012278978388998035 0.013533834586466165
1 0.8150785854616895 0.8605263157894737 0.009332023575638507 0.012781954887218045
5 0.8339882121807466 0.8642857142857143 0.022593320235756387 0.03383458646616541
10 0.8428290766208252 0.8672932330827068 0.008840864440078585 0.012781954887218045
1 0.8234282907662083 0.8672932330827068 0.008349705304518664 0.011278195488721804
10 0.8472495088408645 0.8695488721804512 0.007858546168958742 0.011278195488721804
1 0.8511787819253438 0.8733082706766917 0.008840864440078585 0.011278195488721804
10 0.06335952848722987 0.04661654135338346 0.007858546168958742 0.012030075187969926
10 0.8551080550098232 0.8766917293233083 0.008840864440078585 0.013533834586466165
1 0.8590373280943026 0.880827067669173 0.008840864440078585 0.014285714285714285
10 0.837180746561886 0.880827067669173 0.008349705304518664 0.009774436090225564
1 0.862721021611002 0.8860902255639098 0.008349705304518664 0.012781954887218045
10 0.8416011787819253 0.8845864661654136 0.008349705304518664 0.012781954887218045
10 0.8671414538310412 0.8883458646616541 0.0063850687622789785 0.012781954887218045
1 0.8460216110019646 0.8872180451127819 0.008349705304518664 0.012030075187969926
10 0.8494597249508841 0.8902255639097745 0.0073673870333988214 0.013533834586466165
1 0.8703339882121808 0.8928571428571429 0.009823182711198428 0.012781954887218045
1 0.8528978388998035 0.893984962406015 0.008349705304518664 0.012030075187969926
1 0.8575638506876228 0.8977443609022556 0.007858546168958742 0.015037593984962405
1 0.06753438113948919 0.04924812030075188 0.0073673870333988214 0.015789473684210527
10 0.861984282907662 0.9026315789473685 0.008840864440078585 0.011278195488721804
5 0.8764734774066798 0.9045112781954887 0.026031434184675836 0.03458646616541353
10 0.8867878192534381 0.9060150375939849 0.01031434184675835 0.013533834586466165
1 0.8661591355599214 0.9067669172932331 0.012278978388998035 0.012030075187969926
10 0.8907170923379175 0.9101503759398496 0.009332023575638507 0.014285714285714285
10 0.880648330058939 0.9187969924812031 0.007858546168958742 0.010526315789473684
10 0.8850687622789783 0.9225563909774436 0.007858546168958742 0.009022556390977444
1 0.045923379174852653 0.05 0.009332023575638507 0.014285714285714285
1 0.050589390962671905 0.05112781954887218 0.004911591355599214 0.019548872180451128
10 0.07170923379174853 0.05413533834586466 0.007858546168958742 0.012030075187969926
1 0.054764243614931235 0.05601503759398496 0.008349705304518664 0.014285714285714285
10 0.07637524557956778 0.05902255639097744 0.01031434184675835 0.011278195488721804
1 0.057465618860510805 0.058646616541353384 0.009823182711198428 0.015037593984962405
10 0.07956777996070727 0.06127819548872181 0.008840864440078585 0.011278195488721804
10 0.08300589390962672 0.06390977443609022 0.007858546168958742 0.010526315789473684
1 0.06679764243614932 0.06654135338345865 0.0068762278978389 0.017293233082706767
10 0.0869351669941061 0.06879699248120301 0.007858546168958742 0.012781954887218045
10 0.09135559921414538 0.07105263157894737 0.009823182711198428 0.009774436090225564
1 0.06974459724950884 0.07105263157894737 0.009823182711198428 0.012781954887218045
10 0.09528487229862476 0.07443609022556391 0.0068762278978389 0.012030075187969926
1 0.07391944990176817 0.07481203007518797 0.009332023575638507 0.011278195488721804
10 0.09823182711198428 0.07857142857142857 0.008840864440078585 0.009774436090225564
1 0.07711198428290766 0.07781954887218046 0.010805500982318271 0.009774436090225564
1 0.10265225933202357 0.08157894736842106 0.0068762278978389 0.017293233082706767
1 0.08177799607072692 0.08157894736842106 0.011296660117878193 0.014285714285714285
1 0.08619842829076621 0.08571428571428572 0.011296660117878193 0.010526315789473684
1 0.09037328094302555 0.08834586466165413 0.009823182711198428 0.011278195488721804
1 0.09528487229862476 0.09097744360902256 0.009823182711198428 0.013533834586466165
1 0.16994106090373282 0.12443609022556391 0.009823182711198428 0.018796992481203006
1 0.13580550098231828 0.12781954887218044 0.008349705304518664 0.015037593984962405
10 0.14047151277013753 0.13157894736842105 0.009823182711198428 0.010526315789473684
1 0.18737721021611 0.13834586466165413 0.009332023575638507 0.02556390977443609
1 0.13040275049115913 0.1394736842105263 0.008349705304518664 0.014285714285714285
10 0.15201375245579568 0.14210526315789473 0.008349705304518664 0.012030075187969926
5 0.14464636542239687 0.14172932330827068 0.016208251473477406 0.027819548872180452
1 0.15618860510805502 0.14548872180451128 0.008840864440078585 0.014285714285714285
10 0.13605108055009824 0.14473684210526316 0.008840864440078585 0.011278195488721804
10 0.1468565815324165 0.15413533834586465 0.0068762278978389 0.009022556390977444
1 0.1512770137524558 0.15601503759398497 0.009823182711198428 0.014285714285714285
1 0.18271119842829076 0.17030075187969926 0.014734774066797643 0.027819548872180452
10 0.2006385068762279 0.1763157894736842 0.01031434184675835 0.017293233082706767
1 0.1900785854616896 0.17894736842105263 0.0137524557956778 0.02556390977443609
10 0.20456777996070727 0.18233082706766918 0.009332023575638507 0.011278195488721804
10 0.2087426326129666 0.18646616541353384 0.009823182711198428 0.015037593984962405
10 0.21340864440078586 0.18909774436090226 0.01031434184675835 0.014285714285714285
1 0.19572691552062868 0.18796992481203006 0.008349705304518664 0.015037593984962405
1 0.19990176817288802 0.1913533834586466 0.008840864440078585 0.015789473684210527
10 0.21782907662082515 0.19398496240601504 0.01031434184675835 0.013533834586466165
1 0.25098231827111983 0.19661654135338347 0.011787819253438114 0.02030075187969925
10 0.22224950884086445 0.19661654135338347 0.01031434184675835 0.015789473684210527
1 0.20456777996070727 0.19548872180451127 0.009332023575638507 0.016541353383458645
10 0.22666994106090374 0.20112781954887218 0.009332023575638507 0.014285714285714285
1 0.2087426326129666 0.20150375939849624 0.007858546168958742 0.015037593984962405
10 0.23035363457760313 0.20601503759398496 0.008840864440078585 0.013533834586466165
1 0.2649803536345776 0.21052631578947367 0.013261296660117878 0.01804511278195489
1 0.2175834970530452 0.20789473684210527 0.007858546168958742 0.014285714285714285
10 0.23477406679764243 0.20977443609022556 0.008840864440078585 0.013533834586466165
1 0.2220039292730845 0.212406015037594 0.0068762278978389 0.017293233082706767
10 0.2387033398821218 0.21390977443609022 0.008840864440078585 0.012781954887218045
1 0.24386051080550097 0.21729323308270676 0.008349705304518664 0.012030075187969926
10 0.24778978388998035 0.22180451127819548 0.008349705304518664 0.010526315789473684
1 0.2293713163064833 0.2199248120300752 0.009823182711198428 0.015789473684210527
1 0.23477406679764243 0.22330827067669173 0.005893909626719057 0.01804511278195489
10 0.25196463654223966 0.22556390977443608 0.008840864440078585 0.013533834586466165
1 0.23968565815324164 0.2281954887218045 0.008840864440078585 0.014285714285714285
10 0.25663064833005894 0.22969924812030076 0.0073673870333988214 0.014285714285714285
10 0.26154223968565815 0.23421052631578948 0.009332023575638507 0.012781954887218045
1 0.24386051080550097 0.23270676691729322 0.009332023575638507 0.011278195488721804
10 0.26571709233791746 0.23759398496240602 0.008840864440078585 0.013533834586466165
1 0.24680746561886052 0.23721804511278197 0.01031434184675835 0.011278195488721804
10 0.2706286836935167 0.24172932330827068 0.007858546168958742 0.012781954887218045
1 0.25270137524557956 0.24135338345864663 0.011296660117878193 0.015037593984962405
10 0.27455795677799605 0.24661654135338346 0.008840864440078585 0.013533834586466165
1 0.26031434184675833 0.24849624060150377 0.010805500982318271 0.015789473684210527
10 0.27897838899803534 0.24962406015037594 0.008840864440078585 0.013533834586466165
1 0.26596267190569745 0.2518796992481203 0.009332023575638507 0.015037593984962405
10 0.2831532416502947 0.25338345864661654 0.009332023575638507 0.013533834586466165
10 0.287573673870334 0.256390977443609 0.008349705304518664 0.012030075187969926
1 0.2730844793713163 0.26090225563909775 0.009823182711198428 0.012030075187969926
1 0.2787328094302554 0.2650375939849624 0.009332023575638507 0.012781954887218045
1 0.28388998035363455 0.26879699248120303 0.009823182711198428 0.012781954887218045
1 0.35535363457760316 0.29473684210526313 0.011296660117878193 0.013533834586466165
1 0.3713163064833006 0.3090225563909774 0.011787819253438114 0.016541353383458645
1 0.43835952848722987 0.37180451127819547 0.012278978388998035 0.014285714285714285
10 0.443762278978389 0.374812030075188 0.01031434184675835 0.012781954887218045