10 0.2437624750499002 0.31666666666666665 0.0054890219560878245 0.044444444444444446
10 0.26447105788423153 0.3055555555555556 0.005988023952095809 0.05
10 0.3403193612774451 0.2611111111111111 0.00499001996007984 0.05555555555555555
10 0.16117764471057885 0.36944444444444446 0.005988023952095809 0.05
1 0.19236526946107785 0.35 0.0074850299401197605 0.05
10 0.20683632734530938 0.3416666666666667 0.004491017964071856 0.05
1 0.21132734530938124 0.34305555555555556 0.0054890219560878245 0.04722222222222222
10 0.20134730538922155 0.3486111111111111 0.006487025948103792 0.04722222222222222
10 0.15419161676646706 0.37916666666666665 0.005988023952095809 0.05277777777777778
12 0.10104790419161677 0.4097222222222222 0.0074850299401197605 0.06388888888888888
1 0.5860778443113772 0.12777777777777777 0.0054890219560878245 0.06111111111111111
10 0.1092814371257485 0.4041666666666667 0.005988023952095809 0.04722222222222222
1 0.12275449101796407 0.4 0.003992015968063872 0.044444444444444446
10 0.11601796407185629 0.4083333333333333 0.0054890219560878245 0.044444444444444446
12 0.1317365269461078 0.3972222222222222 0.012974051896207584 0.08888888888888889
10 0.5810878243512974 0.1361111111111111 0.0054890219560878245 0.06666666666666667
1 0.6347305389221557 0.10694444444444444 0.006986027944111776 0.041666666666666664
12 0.21906187624750498 0.35 0.010978043912175649 0.08333333333333333
10 0.5750998003992016 0.14166666666666666 0.0054890219560878245 0.06111111111111111
5 0.2879241516966068 0.30833333333333335 0.0249500998003992 0.17222222222222222
10 0.6407185628742516 0.10972222222222222 0.00499001996007984 0.041666666666666664
10 0.6294910179640718 0.11388888888888889 0.0054890219560878245 0.03888888888888889
12 0.1442115768463074 0.4 0.012974051896207584 0.09444444444444444
10 0.3083832335329341 0.30416666666666664 0.005988023952095809 0.04722222222222222
10 0.3236027944111776 0.3 0.004491017964071856 0.044444444444444446
10 0.8572854291417166 0.0125 0.007984031936127744 0.025
1 0.6212574850299402 0.13055555555555556 0.005988023952095809 0.05
1 0.5439121756487026 0.17777777777777778 0.005988023952095809 0.06111111111111111
10 0.5494011976047904 0.1763888888888889 0.005988023952095809 0.06388888888888888
1 0.6541916167664671 0.11944444444444445 0.005988023952095809 0.06111111111111111
10 0.25823353293413176 0.3597222222222222 0.004491017964071856 0.04722222222222222
10 0.24500998003992017 0.36666666666666664 0.005988023952095809 0.05
10 0.250998003992016 0.3680555555555556 0.00499001996007984 0.05277777777777778
1 0.8520459081836327 0.027777777777777776 0.006487025948103792 0.05555555555555555
1 0.7949101796407185 0.05416666666666667 0.00499001996007984 0.06388888888888888
12 0.5606287425149701 0.19166666666666668 0.0124750499001996 0.07222222222222222
12 0.23602794411177644 0.3819444444444444 0.011976047904191617 0.06944444444444445
1 0.5885728542914171 0.17916666666666667 0.0054890219560878245 0.041666666666666664
10 0.18862275449101795 0.4111111111111111 0.00499001996007984 0.05
10 0.1936127744510978 0.4097222222222222 0.00499001996007984 0.05277777777777778
1 0.6362275449101796 0.1527777777777778 0.006986027944111776 0.044444444444444446
1 0.6254990019960079 0.15833333333333333 0.0054890219560878245 0.044444444444444446
1 0.6302395209580839 0.15555555555555556 0.003992015968063872 0.044444444444444446
1 0.5833333333333334 0.18333333333333332 0.00499001996007984 0.044444444444444446
10 0.313872255489022 0.34444444444444444 0.00499001996007984 0.044444444444444446
12 0.0813373253493014 0.48194444444444445 0.011976047904191617 0.08055555555555556
1 0.3051397205588822 0.3527777777777778 0.0054890219560878245 0.05
12 0.1157684630738523 0.4666666666666667 0.011976047904191617 0.07222222222222222
1 0.07235528942115768 0.49027777777777776 0.00499001996007984 0.05277777777777778
12 0.09306387225548902 0.4777777777777778 0.0124750499001996 0.07222222222222222
1 0.10154690618762476 0.475 0.004491017964071856 0.05555555555555555
10 0.0658682634730539 0.49444444444444446 0.005988023952095809 0.05
1 0.5778443113772455 0.1986111111111111 0.0029940119760479044 0.03611111111111111
5 0.6067864271457086 0.18194444444444444 0.023952095808383235 0.14166666666666666
10 0.32335329341317365 0.3472222222222222 0.00499001996007984 0.044444444444444446
12 0.20508982035928144 0.41805555555555557 0.011976047904191617 0.08611111111111111
1 0.7896706586826348 0.07777777777777778 0.0074850299401197605 0.05555555555555555
1 0.5736027944111777 0.20694444444444443 0.003493013972055888 0.041666666666666664
10 0.5701097804391217 0.2152777777777778 0.004491017964071856 0.041666666666666664
10 0.2694610778443114 0.39305555555555555 0.003992015968063872 0.04722222222222222
1 0.1339820359281437 0.4708333333333333 0.0074850299401197605 0.06388888888888888
1 0.27345309381237526 0.39444444444444443 0.00499001996007984 0.05555555555555555
10 0.7844311377245509 0.10138888888888889 0.005988023952095809 0.05277777777777778
10 0.34231536926147704 0.3625 0.005988023952095809 0.05277777777777778
10 0.653692614770459 0.18055555555555555 0.005988023952095809 0.05
10 0.6422155688622755 0.19027777777777777 0.003992015968063872 0.041666666666666664
10 0.6462075848303394 0.19166666666666668 0.003992015968063872 0.03888888888888889
10 0.6374750499001997 0.19722222222222222 0.0054890219560878245 0.03888888888888889
10 0.8430638722554891 0.07916666666666666 0.004491017964071856 0.04722222222222222
1 0.4251497005988024 0.3263888888888889 0.005988023952095809 0.06388888888888888
1 0.41791417165668665 0.33055555555555555 0.0074850299401197605 0.06666666666666667
10 0.7093313373253493 0.16111111111111112 0.006487025948103792 0.05
10 0.9261477045908184 0.034722222222222224 0.005988023952095809 0.04722222222222222
1 0.6322355289421158 0.20555555555555555 0.005988023952095809 0.044444444444444446
1 0.5960578842315369 0.23333333333333334 0.0054890219560878245 0.05555555555555555
1 0.5910678642714571 0.23472222222222222 0.0054890219560878245 0.04722222222222222
12 0.33033932135728544 0.3902777777777778 0.010978043912175649 0.08055555555555556
12 0.25823353293413176 0.43333333333333335 0.0124750499001996 0.08888888888888889
10 0.06711576846307385 0.5444444444444444 0.006487025948103792 0.05
10 0.28892215568862273 0.4152777777777778 0.003992015968063872 0.05277777777777778
10 0.7744510978043913 0.13055555555555556 0.005988023952095809 0.05555555555555555
12 0.3191117764471058 0.4 0.011477045908183632 0.07777777777777778
1 0.5726047904191617 0.2513888888888889 0.003493013972055888 0.03611111111111111
10 0.2841816367265469 0.41944444444444445 0.004491017964071856 0.05555555555555555
10 0.2936626746506986 0.4152777777777778 0.004491017964071856 0.058333333333333334
10 0.5773453093812375 0.25 0.003992015968063872 0.03888888888888889
1 0.2791916167664671 0.4222222222222222 0.0054890219560878245 0.05
10 0.22305389221556887 0.4583333333333333 0.00499001996007984 0.06111111111111111
12 0.5409181636726547 0.2763888888888889 0.011976047904191617 0.075
10 0.24476047904191617 0.45 0.006487025948103792 0.06666666666666667
1 0.31037924151696605 0.4111111111111111 0.005988023952095809 0.05555555555555555
1 0.22979041916167664 0.4583333333333333 0.0074850299401197605 0.07222222222222222
1 0.3051397205588822 0.4125 0.004491017964071856 0.06388888888888888
10 0.23802395209580837 0.45694444444444443 0.005988023952095809 0.06944444444444445
10 0.5506487025948104 0.27361111111111114 0.0074850299401197605 0.075
10 0.11651696606786427 0.5263888888888889 0.004491017964071856 0.05277777777777778
1 0.10678642714570859 0.5333333333333333 0.00499001996007984 0.05
10 0.11152694610778444 0.5305555555555556 0.004491017964071856 0.05
1 0.21681636726546907 0.4708333333333333 0.008483033932135729 0.08055555555555556
10 0.12350299401197605 0.525 0.0054890219560878245 0.05
10 0.9476047904191617 0.044444444444444446 0.006986027944111776 0.06111111111111111
1 0.08632734530938124 0.5458333333333333 0.00499001996007984 0.05277777777777778
10 0.9174151696606786 0.06666666666666667 0.0054890219560878245 0.05
10 0.8512974051896207 0.10555555555555556 0.006986027944111776 0.06666666666666667
10 0.718562874251497 0.18611111111111112 0.005988023952095809 0.06111111111111111
10 0.9234031936127745 0.06666666666666667 0.004491017964071856 0.044444444444444446
12 0.562874251497006 0.2791666666666667 0.010978043912175649 0.08055555555555556
12 0.09505988023952096 0.5555555555555556 0.0124750499001996 0.08333333333333333
10 0.2085828343313373 0.4888888888888889 0.00499001996007984 0.05555555555555555
10 0.1659181636726547 0.5166666666666667 0.004491017964071856 0.05555555555555555
10 0.19411177644710578 0.5027777777777778 0.00499001996007984 0.06111111111111111
1 0.17315369261477045 0.5152777777777777 0.008982035928143712 0.06944444444444445
1 0.18712574850299402 0.5069444444444444 0.008982035928143712 0.06944444444444445
1 0.6531936127744511 0.2388888888888889 0.00499001996007984 0.05
10 0.18013972055888225 0.5152777777777777 0.00499001996007984 0.058333333333333334
1 0.20109780439121758 0.5013888888888889 0.008982035928143712 0.075
1 0.6457085828343313 0.24166666666666667 0.008982035928143712 0.05555555555555555
10 0.7916666666666666 0.15694444444444444 0.0074850299401197605 0.075
1 0.6379740518962076 0.24583333333333332 0.0074850299401197605 0.04722222222222222
1 0.15868263473053892 0.5277777777777778 0.008982035928143712 0.07222222222222222
10 0.6709081836327345 0.23055555555555557 0.009481037924151697 0.09444444444444444
10 0.843812375249501 0.13055555555555556 0.00499001996007984 0.05555555555555555
10 0.7110778443113772 0.20972222222222223 0.005988023952095809 0.05277777777777778
12 0.5855788423153693 0.2833333333333333 0.010479041916167664 0.07777777777777778
10 0.7856786427145709 0.16527777777777777 0.004491017964071856 0.05277777777777778
10 0.5741017964071856 0.2902777777777778 0.003493013972055888 0.041666666666666664
10 0.5778443113772455 0.28888888888888886 0.003992015968063872 0.03888888888888889
1 0.6254990019960079 0.26944444444444443 0.004491017964071856 0.05555555555555555
10 0.6017964071856288 0.2861111111111111 0.005988023952095809 0.05
10 0.6317365269461078 0.26944444444444443 0.00499001996007984 0.05555555555555555
1 0.6070359281437125 0.2861111111111111 0.0054890219560878245 0.05555555555555555
12 0.6190119760479041 0.2847222222222222 0.010479041916167664 0.08055555555555556
10 0.02844311377245509 0.6347222222222222 0.005988023952095809 0.04722222222222222
10 0.0344311377245509 0.6305555555555555 0.005988023952095809 0.05
1 0.9488522954091816 0.1111111111111111 0.0054890219560878245 0.06111111111111111
1 0.6796407185628742 0.2708333333333333 0.006986027944111776 0.05277777777777778
1 0.9426147704590818 0.12361111111111112 0.005988023952095809 0.06944444444444445
12 0.26422155688622756 0.5319444444444444 0.011477045908183632 0.06944444444444445
10 0.25449101796407186 0.5416666666666666 0.007984031936127744 0.06666666666666667
10 0.2744510978043912 0.5319444444444444 0.006986027944111776 0.06388888888888888
1 0.935129740518962 0.1625 0.008982035928143712 0.08055555555555556
1 0.5276946107784432 0.4111111111111111 0.009481037924151697 0.08333333333333333
1 0.05114770459081836 0.7 0.008483033932135729 0.09444444444444444
1 0.45583832335329344 0.4666666666666667 0.009481037924151697 0.09444444444444444
1 0.0037425149700598802 0.7597222222222222 0.003493013972055888 0.04722222222222222
1 0.010728542914171657 0.7569444444444444 0.006487025948103792 0.058333333333333334
12 0.01996007984031936 0.7513888888888889 0.011976047904191617 0.06944444444444445
12 0.033932135728542916 0.7416666666666667 0.012974051896207584 0.07777777777777778
12 0.23677644710578843 0.6430555555555556 0.011477045908183632 0.075
10 0.24550898203592814 0.6402777777777777 0.005988023952095809 0.05277777777777778
12 0.9483532934131736 0.24027777777777778 0.011477045908183632 0.075
10 0.9326347305389222 0.25555555555555554 0.00499001996007984 0.044444444444444446
1 0.93687624750499 0.25555555555555554 0.004491017964071856 0.05
12 0.005738522954091816 0.8208333333333333 0.006487025948103792 0.08055555555555556
10 0.03842315369261477 0.8013888888888889 0.00499001996007984 0.05277777777777778
1 0.2220558882235529 0.6958333333333333 0.006986027944111776 0.058333333333333334
1 0.02220558882235529 0.8138888888888889 0.0054890219560878245 0.05
10 0.03268463073852296 0.8083333333333333 0.006487025948103792 0.05
12 0.4832834331337325 0.5527777777777778 0.0124750499001996 0.07777777777777778
12 0.5034930139720559 0.5402777777777777 0.011976047904191617 0.08055555555555556
1 0.7572355289421158 0.3958333333333333 0.0054890219560878245 0.05277777777777778
12 0.7290419161676647 0.4125 0.00998003992015968 0.058333333333333334
1 0.7210578842315369 0.4166666666666667 0.005988023952095809 0.06111111111111111
10 0.5229540918163673 0.5347222222222222 0.007984031936127744 0.06944444444444445
10 0.7622255489021956 0.3958333333333333 0.006487025948103792 0.058333333333333334
12 0.7405189620758483 0.4097222222222222 0.010978043912175649 0.06944444444444445
1 0.5134730538922155 0.5430555555555555 0.005988023952095809 0.05277777777777778
1 0.4748003992015968 0.5680555555555555 0.0054890219560878245 0.05277777777777778
10 0.011976047904191617 0.8430555555555556 0.005988023952095809 0.04722222222222222
10 0.7093313373253493 0.43333333333333335 0.006487025948103792 0.06111111111111111
12 0.24301397205588823 0.7097222222222223 0.00998003992015968 0.075
12 0.23178642714570857 0.7180555555555556 0.011477045908183632 0.075
10 0.47005988023952094 0.5833333333333334 0.005988023952095809 0.05555555555555555
12 0.7315369261477046 0.4861111111111111 0.00998003992015968 0.07777777777777778
12 0.7198103792415169 0.49166666666666664 0.01347305389221557 0.08333333333333333
1 0.2435129740518962 0.7847222222222222 0.00499001996007984 0.05277777777777778
10 0.2377744510978044 0.7930555555555555 0.0054890219560878245 0.058333333333333334
1 0.6337325349301397 0.059722222222222225 0.006986027944111776 0.041666666666666664
1 0.5898203592814372 0.09166666666666666 0.003992015968063872 0.05
10 0.6062874251497006 0.08333333333333333 0.005988023952095809 0.06111111111111111
1 0.594061876247505 0.09166666666666666 0.004491017964071856 0.05
12 0.3295908183632735 0.24444444444444444 0.0124750499001996 0.07777777777777778
10 0.6397205588822356 0.06527777777777778 0.00499001996007984 0.04722222222222222
10 0.6000499001996008 0.09027777777777778 0.006487025948103792 0.058333333333333334
1 0.6447105788423154 0.06388888888888888 0.00499001996007984 0.05
10 0.5531437125748503 0.11666666666666667 0.008483033932135729 0.06111111111111111
1 0.6282435129740519 0.0763888888888889 0.00499001996007984 0.041666666666666664
1 0.6217564870259481 0.07916666666666666 0.006986027944111776 0.04722222222222222
2 0.3897205588822355 0.225 0.09181636726546906 0.20555555555555555
10 0.25723552894211577 0.3055555555555556 0.004491017964071856 0.044444444444444446