10 0.2908950617283951 0.03610206297502715 0.01594650205761317 0.007057546145494028
5 0.7854938271604939 0.5347448425624322 0.05864197530864197 0.05971769815418024
5 0.8500514403292181 0.5350162866449512 0.05606995884773663 0.057003257328990226
1 0.6093106995884774 0.5363735070575462 0.00874485596707819 0.019543973941368076
1 0.6774691358024691 0.5361020629750272 0.00720164609053498 0.016829533116178068
10 0.6977880658436214 0.5366449511400652 0.006687242798353909 0.014657980456026058
1 0.6406893004115226 0.5371878393051032 0.007716049382716049 0.017915309446254073
10 0.6666666666666666 0.5371878393051032 0.00823045267489712 0.016829533116178068
1 0.536522633744856 0.5374592833876222 0.00823045267489712 0.016286644951140065
1 0.5257201646090535 0.5377307274701412 0.0051440329218107 0.015743756786102063
10 0.6880144032921811 0.5380021715526602 0.007716049382716049 0.02062975027144408
1 0.6003086419753086 0.5382736156351792 0.006172839506172839 0.016829533116178068
1 0.54809670781893 0.5385450597176982 0.00565843621399177 0.016286644951140065
10 0.503858024691358 0.5388165038002172 0.004629629629629629 0.017915309446254073
1 0.5727880658436214 0.5388165038002172 0.006687242798353909 0.016829533116178068
1 0.5825617283950617 0.5390879478827362 0.00874485596707819 0.019543973941368076
1 0.466820987654321 0.5388165038002172 0.004629629629629629 0.015743756786102063
10 0.5123456790123457 0.5390879478827362 0.00720164609053498 0.018458197611292075
1 0.6517489711934157 0.5390879478827362 0.009259259259259259 0.01737242128121607
1 0.47788065843621397 0.5393593919652552 0.00823045267489712 0.019001085776330078
10 0.5190329218106996 0.5404451682953312 0.00720164609053498 0.019001085776330078
10 0.2044753086419753 0.5523887079261672 0.006687242798353909 0.013572204125950055
10 0.22042181069958847 0.5523887079261672 0.00565843621399177 0.013572204125950055
10 0.2361111111111111 0.5523887079261672 0.00823045267489712 0.013572204125950055
10 0.2525720164609053 0.5526601520086862 0.00823045267489712 0.01520086862106406
10 0.2605452674897119 0.5526601520086862 0.00874485596707819 0.014115092290988056
10 0.21193415637860083 0.5523887079261672 0.00720164609053498 0.013572204125950055
10 0.22813786008230452 0.5529315960912052 0.006687242798353909 0.014657980456026058
10 0.08796296296296297 0.5529315960912052 0.018518518518518517 0.007057546145494028
10 0.24459876543209877 0.5532030401737242 0.00874485596707819 0.01520086862106406
1 0.08822016460905349 0.5648751357220413 0.01594650205761317 0.008143322475570033
1 0.9920267489711934 0.5654180238870793 0.013888888888888888 0.007057546145494028
2 0.5807613168724279 0.5675895765472313 0.33641975308641975 0.03637350705754615
10 0.26260288065843623 0.5678610206297503 0.004629629629629629 0.013029315960912053
10 0.22582304526748972 0.5684039087947883 0.00411522633744856 0.013029315960912053
10 0.23405349794238683 0.5684039087947883 0.009259259259259259 0.009771986970684038
10 0.25617283950617287 0.5689467969598263 0.0051440329218107 0.011943539630836048
10 0.24151234567901234 0.5689467969598263 0.00360082304526749 0.014115092290988056
10 0.21939300411522633 0.5694896851248643 0.006687242798353909 0.011943539630836048
10 0.25 0.5694896851248643 0.00720164609053498 0.010857763300760043
10 0.24511316872427982 0.5700325732899023 0.00360082304526749 0.013029315960912053
10 0.20627572016460904 0.5703040173724213 0.006172839506172839 0.01248642779587405
10 0.21347736625514405 0.5705754614549403 0.0051440329218107 0.011943539630836048
1 0.08770576131687242 0.5757328990228013 0.013888888888888888 0.007057546145494028
10 0.20164609053497942 0.042073832790445166 0.0051440329218107 0.019001085776330078
10 0.21630658436213993 0.042073832790445166 0.006687242798353909 0.016829533116178068
1 0.20910493827160495 0.04261672095548317 0.006687242798353909 0.015743756786102063
1 0.2294238683127572 0.04261672095548317 0.00823045267489712 0.015743756786102063
10 0.23996913580246915 0.04261672095548317 0.006687242798353909 0.015743756786102063
10 0.2227366255144033 0.04288816503800217 0.00411522633744856 0.01737242128121607
10 0.14377572016460904 0.6077633007600435 0.007716049382716049 0.016829533116178068
5 0.22067901234567902 0.6093919652551575 0.07098765432098765 0.05266015200868621
5 0.06790123456790123 0.6281216069489685 0.04835390946502058 0.09229098805646037
2 0.7188786008230452 0.6324647122692725 0.2700617283950617 0.04343105320304017
1 0.2623456790123457 0.6411509229098805 0.01748971193415638 0.00760043431053203
1 0.5555555555555556 0.6441368078175895 0.006172839506172839 0.015743756786102063
10 0.5419238683127572 0.6449511400651465 0.006687242798353909 0.016286644951140065
1 0.5478395061728395 0.6446796959826275 0.0051440329218107 0.015743756786102063
10 0.1044238683127572 0.6558089033659066 0.013374485596707819 0.0054288816503800215
10 0.18930041152263374 0.6558089033659066 0.00411522633744856 0.013029315960912053
10 0.22608024691358025 0.6555374592833876 0.004629629629629629 0.015743756786102063
10 0.5115740740740741 0.6560803474484256 0.00565843621399177 0.015743756786102063
1 0.5185185185185185 0.6560803474484256 0.006172839506172839 0.015743756786102063
10 0.24022633744855967 0.6560803474484256 0.0051440329218107 0.01248642779587405
10 0.22067901234567902 0.6563517915309446 0.006172839506172839 0.01520086862106406
10 0.5249485596707819 0.6563517915309446 0.004629629629629629 0.01520086862106406
10 0.1949588477366255 0.6566232356134636 0.0051440329218107 0.014657980456026058
10 0.2080761316872428 0.6566232356134636 0.00565843621399177 0.014657980456026058
10 0.21424897119341563 0.6566232356134636 0.00565843621399177 0.013572204125950055
10 0.23405349794238683 0.6563517915309446 0.0051440329218107 0.013029315960912053
1 0.5321502057613169 0.6568946796959826 0.00565843621399177 0.016286644951140065
10 0.25977366255144035 0.6568946796959826 0.006172839506172839 0.013029315960912053
10 0.24691358024691357 0.6571661237785016 0.0051440329218107 0.015743756786102063
10 0.2525720164609053 0.6571661237785016 0.00411522633744856 0.013572204125950055
10 0.2006172839506173 0.6571661237785016 0.0051440329218107 0.013572204125950055
10 0.5213477366255144 0.6701954397394136 0.00565843621399177 0.015743756786102063
10 0.21064814814814814 0.6715526601520087 0.00565843621399177 0.01520086862106406
10 0.22633744855967078 0.6720955483170467 0.006172839506172839 0.014115092290988056
10 0.2536008230452675 0.6723669923995657 0.0051440329218107 0.015743756786102063
10 0.17824074074074073 0.6723669923995657 0.006687242798353909 0.013572204125950055
10 0.24022633744855967 0.6726384364820847 0.006172839506172839 0.011943539630836048
10 0.2021604938271605 0.6729098805646037 0.00720164609053498 0.014657980456026058
10 0.26003086419753085 0.6729098805646037 0.007716049382716049 0.014657980456026058
10 0.19444444444444445 0.6729098805646037 0.0051440329218107 0.016829533116178068
10 0.2345679012345679 0.6731813246471227 0.0051440329218107 0.014115092290988056
10 0.24717078189300412 0.6729098805646037 0.006687242798353909 0.013572204125950055
10 0.18647119341563786 0.6729098805646037 0.006687242798353909 0.015743756786102063
10 0.21862139917695472 0.6734527687296417 0.00823045267489712 0.015743756786102063
2 0.720164609053498 0.6807817589576547 0.2613168724279835 0.048859934853420196
1 0.9876543209876543 0.6805103148751357 0.01646090534979424 0.009229098805646038
10 0.57690329218107 0.6894679695982627 0.016975308641975308 0.00760043431053203
1 0.5450102880658436 0.6897394136807817 0.01286008230452675 0.007057546145494028
1 0.558641975308642 0.6902823018458197 0.012345679012345678 0.005971769815418024
5 0.4104938271604938 0.6978827361563518 0.16358024691358025 0.16666666666666666
1 0.9637345679012346 0.7065689467969598 0.013888888888888888 0.007057546145494028
2 0.9284979423868313 0.7065689467969598 0.050411522633744855 0.24592833876221498
10 0.9796810699588477 0.7073832790445168 0.013888888888888888 0.006514657980456026
1 0.08204732510288065 0.7103691639522258 0.00874485596707819 0.015743756786102063
10 0.6242283950617284 0.7119978284473398 0.013888888888888888 0.004885993485342019
10 0.9650205761316872 0.7152551574375678 0.01440329218106996 0.004885993485342019
1 0.9804526748971193 0.7155266015200868 0.015432098765432098 0.006514657980456026
10 0.6229423868312757 0.7179695982627579 0.013374485596707819 0.005971769815418024
1 0.31635802469135804 0.7239413680781759 0.013374485596707819 0.005971769815418024
1 0.06532921810699588 0.05564603691639522 0.026748971193415638 0.03311617806731813
1 0.6234567901234568 0.7271986970684039 0.01646090534979424 0.007057546145494028
2 0.7337962962962963 0.7293702497285559 0.20318930041152264 0.041802388707926165
2 0.8752572016460906 0.7293702497285559 0.04681069958847737 0.19381107491856678
10 0.602366255144033 0.7331704668838219 0.00720164609053498 0.016829533116178068
1 0.61059670781893 0.7334419109663409 0.0051440329218107 0.01520086862106406
1 0.5946502057613169 0.7337133550488599 0.006172839506172839 0.015743756786102063
1 0.5097736625514403 0.7347991313789359 0.01440329218106996 0.008143322475570033
10 0.7507716049382716 0.056731813246471224 0.006687242798353909 0.014657980456026058
1 0.1476337448559671 0.7364277958740499 0.00720164609053498 0.015743756786102063
1 0.025205761316872428 0.05754614549402823 0.024691358024691357 0.02823018458197611
10 0.7623456790123457 0.05754614549402823 0.0051440329218107 0.01520086862106406
10 0.775977366255144 0.05754614549402823 0.004629629629629629 0.01520086862106406
1 0.5982510288065843 0.746742671009772 0.015432098765432098 0.007057546145494028
10 0.7885802469135802 0.059446254071661236 0.0051440329218107 0.016829533116178068
10 0.8011831275720165 0.05971769815418024 0.006687242798353909 0.01737242128121607
1 0.046553497942386834 0.7641150922909881 0.013888888888888888 0.008143322475570033
1 0.1476337448559671 0.7671009771986971 0.00720164609053498 0.01520086862106406
1 0.3150720164609053 0.7782301845819761 0.016975308641975308 0.009229098805646038
5 0.09645061728395062 0.7793159609120521 0.08076131687242798 0.11563517915309446
2 0.7260802469135802 0.7918023887079262 0.22890946502057613 0.05808903365906623
5 0.5576131687242798 0.06243213897937025 0.043209876543209874 0.038002171552660155
1 0.0470679012345679 0.7956026058631922 0.014917695473251029 0.008143322475570033
1 0.49537037037037035 0.7991313789359392 0.01646090534979424 0.008686210640608035
10 0.408179012345679 0.8021172638436482 0.00565843621399177 0.017915309446254073
1 0.6679526748971193 0.06568946796959826 0.00977366255144033 0.013029315960912053
10 0.7309670781893004 0.06596091205211727 0.0051440329218107 0.017915309446254073
1 0.6329732510288066 0.06596091205211727 0.007716049382716049 0.016829533116178068
1 0.6455761316872428 0.06623235613463627 0.00720164609053498 0.016286644951140065
1 0.05169753086419753 0.8303474484256244 0.006687242798353909 0.015743756786102063
1 0.6561213991769548 0.06623235613463627 0.00874485596707819 0.01520086862106406
10 0.7008744855967078 0.06623235613463627 0.006687242798353909 0.01520086862106406
10 0.7132201646090535 0.06623235613463627 0.006687242798353909 0.018458197611292075
1 0.6792695473251029 0.06704668838219327 0.006687242798353909 0.014657980456026058
10 0.49537037037037035 0.06704668838219327 0.006172839506172839 0.014657980456026058
10 0.5972222222222222 0.06758957654723127 0.006172839506172839 0.016829533116178068
1 0.6152263374485597 0.06758957654723127 0.0051440329218107 0.016829533116178068
10 0.6072530864197531 0.06758957654723127 0.006687242798353909 0.017915309446254073
10 0.4050925925925926 0.06758957654723127 0.006687242798353909 0.017915309446254073
10 0.3289609053497942 0.06786102062975027 0.006687242798353909 0.016286644951140065
10 0.3948045267489712 0.06758957654723127 0.00874485596707819 0.015743756786102063
10 0.42926954732510286 0.06758957654723127 0.006687242798353909 0.015743756786102063
10 0.44650205761316875 0.06758957654723127 0.0051440329218107 0.015743756786102063
10 0.4642489711934156 0.06786102062975027 0.006687242798353909 0.01520086862106406
10 0.4827674897119342 0.06786102062975027 0.007716049382716049 0.01520086862106406
1 0.13117283950617284 0.8463626492942454 0.01440329218106996 0.00760043431053203
10 0.5069444444444444 0.06813246471226928 0.006687242798353909 0.014657980456026058
10 0.5195473251028807 0.06813246471226928 0.00823045267489712 0.014657980456026058
10 0.41280864197530864 0.06813246471226928 0.006687242798353909 0.014657980456026058
10 0.43544238683127573 0.06786102062975027 0.00565843621399177 0.01737242128121607
10 0.4207818930041152 0.06813246471226928 0.00823045267489712 0.015743756786102063
10 0.38143004115226337 0.06840390879478828 0.006687242798353909 0.01737242128121607
10 0.4742798353909465 0.06840390879478828 0.00720164609053498 0.01520086862106406
1 0.08050411522633745 0.8526058631921825 0.006687242798353909 0.016829533116178068
10 0.08976337448559671 0.8528773072747015 0.00565843621399177 0.01520086862106406
10 0.09567901234567901 0.8526058631921825 0.00411522633744856 0.013572204125950055
10 0.0720164609053498 0.8526058631921825 0.006172839506172839 0.014657980456026058
10 0.11651234567901235 0.8528773072747015 0.006687242798353909 0.016286644951140065
10 0.06430041152263374 0.8531487513572205 0.0051440329218107 0.015743756786102063
10 0.05787037037037037 0.8531487513572205 0.006687242798353909 0.014657980456026058
10 0.10313786008230452 0.8542345276872965 0.007716049382716049 0.015743756786102063
10 0.33539094650205764 0.06894679695982628 0.0051440329218107 0.016286644951140065
1 0.024434156378600823 0.8558631921824105 0.025205761316872428 0.026601520086862108
5 0.8996913580246914 0.8591205211726385 0.056584362139917695 0.05591748099891422
10 0.3585390946502058 0.06921824104234528 0.006172839506172839 0.019001085776330078
2 0.5408950617283951 0.8721498371335505 0.6332304526748971 0.041802388707926165
10 0.9356995884773662 0.8759500542888164 0.00720164609053498 0.016829533116178068
1 0.9431584362139918 0.8762214983713354 0.006687242798353909 0.01737242128121607
10 0.9089506172839507 0.07057546145494029 0.00720164609053498 0.01520086862106406
2 0.9758230452674898 0.8813789359391965 0.047325102880658436 0.08957654723127036
10 0.775977366255144 0.0722041259500543 0.00565843621399177 0.01520086862106406
10 0.7628600823045267 0.0727470141150923 0.00411522633744856 0.013029315960912053
10 0.7510288065843621 0.0727470141150923 0.006172839506172839 0.011943539630836048
10 0.8842592592592593 0.0727470141150923 0.0051440329218107 0.01737242128121607
10 0.7880658436213992 0.0738327904451683 0.00411522633744856 0.011943539630836048
10 0.8006687242798354 0.0738327904451683 0.004629629629629629 0.011943539630836048
1 0.03575102880658436 0.9106948968512486 0.03446502057613169 0.039630836047774155
2 0.5432098765432098 0.9147665580890336 0.6419753086419753 0.04343105320304017
1 0.1574074074074074 0.9158523344191096 0.03909465020576132 0.04451682953311618
5 0.9356995884773662 0.9180238870792616 0.00720164609053498 0.01737242128121607
10 0.9439300411522634 0.9196525515743756 0.00720164609053498 0.01520086862106406
5 0.8994341563786008 0.9280673181324647 0.058127572016460904 0.05808903365906623
1 0.033950617283950615 0.07844733984799131 0.00720164609053498 0.015743756786102063
10 0.20601851851851852 0.9543973941368078 0.00565843621399177 0.01520086862106406
10 0.8446502057613169 0.9568403908794788 0.01440329218106996 0.007057546145494028
10 0.19161522633744857 0.9644408251900108 0.00360082304526749 0.014657980456026058
10 0.8438786008230452 0.9644408251900108 0.013888888888888888 0.007057546145494028
1 0.18518518518518517 0.9644408251900108 0.00720164609053498 0.014657980456026058
1 0.19830246913580246 0.9649837133550488 0.007716049382716049 0.015743756786102063
2 0.48405349794238683 0.9655266015200868 0.5236625514403292 0.039630836047774155
1 0.2528292181069959 0.08034744842562432 0.00565843621399177 0.014115092290988056
10 0.8104423868312757 0.9704125950054289 0.00565843621399177 0.013572204125950055
10 0.8166152263374485 0.9709554831704669 0.004629629629629629 0.013572204125950055
10 0.9045781893004116 0.9709554831704669 0.006687242798353909 0.013572204125950055
10 0.8032407407407407 0.9712269272529859 0.006687242798353909 0.01737242128121607
10 0.8310185185185185 0.9714983713355049 0.006687242798353909 0.015743756786102063
10 0.8238168724279835 0.9712269272529859 0.006687242798353909 0.01520086862106406
1 0.914866255144033 0.9714983713355049 0.006687242798353909 0.015743756786102063
10 0.878343621399177 0.9720412595005429 0.006687242798353909 0.014657980456026058
1 0.8966049382716049 0.9723127035830619 0.006172839506172839 0.01520086862106406
1 0.17978395061728394 0.9856134636264929 0.03960905349794239 0.02768729641693811
2 0.48225308641975306 0.994028230184582 0.5241769547325102 0.010857763300760043
1 0.05478395061728395 0.10260586319218241 0.041666666666666664 0.04125950054288816
10 0.2286522633744856 0.10504885993485343 0.00874485596707819 0.015743756786102063
10 0.25205761316872427 0.10504885993485343 0.006172839506172839 0.015743756786102063
10 0.2605452674897119 0.10504885993485343 0.006687242798353909 0.014657980456026058
10 0.2672325102880658 0.10504885993485343 0.006687242798353909 0.017915309446254073
10 0.2397119341563786 0.10532030401737243 0.006172839506172839 0.01520086862106406
10 0.21784979423868311 0.10613463626492943 0.00565843621399177 0.014657980456026058
1 0.2037037037037037 0.10694896851248643 0.0051440329218107 0.018458197611292075
2 0.617798353909465 0.10803474484256244 0.6296296296296297 0.04343105320304017
10 0.2101337448559671 0.10776330076004344 0.007716049382716049 0.019001085776330078
1 0.20756172839506173 0.1273072747014115 0.03343621399176955 0.041802388707926165
1 0.16306584362139917 0.12839305103148752 0.03189300411522634 0.03637350705754615
5 0.9771090534979424 0.13355048859934854 0.044753086419753084 0.06188925081433225
5 0.26363168724279834 0.15363735070575463 0.042695473251028807 0.04125950054288816
1 0.2916666666666667 0.16232356134636264 0.006172839506172839 0.016286644951140065
1 0.07253086419753087 0.16775244299674266 0.04218106995884774 0.04343105320304017
1 0.1566358024691358 0.16856677524429967 0.03446502057613169 0.04723127035830619
1 0.19881687242798354 0.17019543973941367 0.03960905349794239 0.04288816503800217
2 0.6625514403292181 0.1758957654723127 0.39300411522633744 0.048859934853420196
10 0.04063786008230453 0.1758957654723127 0.006172839506172839 0.01737242128121607
10 0.028292181069958847 0.1767100977198697 0.0051440329218107 0.014657980456026058
10 0.24279835390946503 0.18295331161780673 0.006172839506172839 0.01520086862106406
10 0.2345679012345679 0.18322475570032573 0.006172839506172839 0.014657980456026058
1 0.27752057613168724 0.19462540716612378 0.007716049382716049 0.019001085776330078
10 0.29475308641975306 0.19462540716612378 0.00720164609053498 0.019001085776330078
10 0.2862654320987654 0.1957111834961998 0.00565843621399177 0.02008686210640608
10 0.10056584362139917 0.20928338762214985 0.006687242798353909 0.015743756786102063
1 0.996656378600823 0.21064060803474485 0.00565843621399177 0.008686210640608035
10 0.10853909465020577 0.21118349619978286 0.00720164609053498 0.01737242128121607
10 0.3359053497942387 0.21552660152008687 0.00823045267489712 0.013029315960912053
10 0.3436213991769547 0.21579804560260588 0.00823045267489712 0.015743756786102063
10 0.36085390946502055 0.21579804560260588 0.007716049382716049 0.015743756786102063
10 0.3513374485596708 0.21606948968512488 0.0051440329218107 0.014115092290988056
10 0.739454732510288 0.21715526601520088 0.007716049382716049 0.016286644951140065
10 0.8070987654320988 0.21769815418023888 0.006172839506172839 0.018458197611292075
10 0.8171296296296297 0.2185124864277959 0.00977366255144033 0.021172638436482084
10 0.3523662551440329 0.23099891422366992 0.00720164609053498 0.013572204125950055
10 0.3595679012345679 0.23099891422366992 0.00823045267489712 0.013572204125950055
10 0.3724279835390947 0.23235613463626492 0.006172839506172839 0.01737242128121607
10 0.33719135802469136 0.23262757871878392 0.007716049382716049 0.014657980456026058
10 0.34439300411522633 0.23262757871878392 0.007716049382716049 0.013572204125950055
10 0.37808641975308643 0.23344191096634093 0.00823045267489712 0.01520086862106406
10 0.21296296296296297 0.007057546145494028 0.01440329218106996 0.00760043431053203
10 0.7404835390946503 0.23778501628664495 0.007716049382716049 0.01520086862106406
5 0.900977366255144 0.247014115092291 0.07973251028806584 0.20195439739413681
5 0.9763374485596708 0.248099891422367 0.046296296296296294 0.06188925081433225
10 0.42489711934156377 0.25651465798045603 0.00823045267489712 0.019001085776330078
1 0.32175925925925924 0.2681867535287731 0.006687242798353909 0.01737242128121607
1 0.30709876543209874 0.2725298588490771 0.0051440329218107 0.011943539630836048
2 0.6651234567901234 0.2749728555917481 0.38786008230452673 0.04505971769815418
1 0.4400720164609053 0.2776872964169381 0.014917695473251029 0.008143322475570033
10 0.4611625514403292 0.2782301845819761 0.014917695473251029 0.008143322475570033
2 0.6159979423868313 0.016829533116178068 0.6342592592592593 0.033659066232356136
10 0.46219135802469136 0.28637350705754616 0.016975308641975308 0.007057546145494028
10 0.46219135802469136 0.2945168295331162 0.01594650205761317 0.005971769815418024
10 0.2906378600823045 0.013029315960912053 0.01440329218106996 0.00760043431053203
10 0.46399176954732513 0.2996742671009772 0.018518518518518517 0.003257328990228013
2 0.14814814814814814 0.013300760043431054 0.11522633744855967 0.025515743756786103
10 0.4619341563786008 0.30537459283387625 0.015432098765432098 0.008143322475570033
10 0.49871399176954734 0.30863192182410426 0.01903292181069959 0.009229098805646038
10 0.46219135802469136 0.31406080347448423 0.013888888888888888 0.007057546145494028
10 0.8209876543209876 0.31460369163952223 0.00720164609053498 0.014657980456026058
10 0.49819958847736623 0.31704668838219324 0.014917695473251029 0.006514657980456026
10 0.4783950617283951 0.32166123778501626 0.01954732510288066 0.007057546145494028
1 0.0933641975308642 0.3246471226927253 0.004629629629629629 0.014115092290988056
1 0.06867283950617284 0.3246471226927253 0.00565843621399177 0.014115092290988056
1 0.17258230452674897 0.3246471226927253 0.00565843621399177 0.013029315960912053
1 0.10365226337448559 0.3246471226927253 0.004629629629629629 0.013029315960912053
1 0.08101851851851852 0.3249185667752443 0.006687242798353909 0.016829533116178068
1 0.14531893004115226 0.3249185667752443 0.006687242798353909 0.011400651465798045
1 0.12242798353909465 0.3249185667752443 0.0051440329218107 0.013572204125950055
1 0.15637860082304528 0.3251900108577633 0.006172839506172839 0.013029315960912053
1 0.1324588477366255 0.3251900108577633 0.006687242798353909 0.013029315960912053
10 0.060699588477366256 0.3257328990228013 0.00720164609053498 0.011943539630836048
1 0.18569958847736626 0.3311617806731813 0.013374485596707819 0.00760043431053203
10 0.4773662551440329 0.3311617806731813 0.018518518518518517 0.00760043431053203
10 0.739454732510288 0.3327904451682953 0.007716049382716049 0.016286644951140065
1 0.8220164609053497 0.3338762214983713 0.00823045267489712 0.016286644951140065
10 0.08513374485596707 0.016286644951140065 0.00565843621399177 0.01737242128121607
1 0.07844650205761317 0.016558089033659067 0.006687242798353909 0.015743756786102063
1 0.18492798353909465 0.34120521172638435 0.014917695473251029 0.007057546145494028
1 0.06481481481481481 0.3493485342019544 0.01440329218106996 0.005971769815418024
1 0.45267489711934156 0.3526058631921824 0.00720164609053498 0.017915309446254073
1 0.06635802469135803 0.35884907709011943 0.015432098765432098 0.00760043431053203
1 0.9645061728395061 0.36400651465798045 0.00720164609053498 0.014657980456026058
5 0.3690843621399177 0.36563517915309446 0.1527777777777778 0.16449511400651465
1 0.1867283950617284 0.36672095548317046 0.012345679012345678 0.004885993485342019
2 0.6630658436213992 0.3745928338762215 0.38477366255144035 0.038002171552660155
10 0.18595679012345678 0.3756786102062975 0.01286008230452675 0.006514657980456026
1 0.06507201646090535 0.3778501628664495 0.013888888888888888 0.006514657980456026
1 0.18467078189300412 0.38626492942453855 0.01440329218106996 0.007057546145494028
5 0.047325102880658436 0.02252985884907709 0.047325102880658436 0.039630836047774155
1 0.06610082304526749 0.39060803474484257 0.014917695473251029 0.008143322475570033
10 0.4529320987654321 0.3952225841476656 0.006687242798353909 0.01737242128121607
1 0.06532921810699588 0.4033659066232356 0.01440329218106996 0.0054288816503800215
1 0.1867283950617284 0.4036373507057546 0.012345679012345678 0.005971769815418024
1 0.18595679012345678 0.4142236699239957 0.01286008230452675 0.006514657980456026
1 0.06661522633744855 0.4166666666666667 0.014917695473251029 0.008143322475570033
10 0.8024691358024691 0.4212812160694897 0.00720164609053498 0.016286644951140065
1 0.1867283950617284 0.4253528773072747 0.01131687242798354 0.004885993485342019
10 0.2908950617283951 0.025787187839305104 0.014917695473251029 0.008143322475570033
5 0.9375 0.42698154180238873 0.12397119341563786 0.10694896851248643
10 0.06455761316872428 0.42861020629750274 0.013888888888888888 0.007057546145494028
10 0.7391975308641975 0.43051031487513575 0.00720164609053498 0.014115092290988056
1 0.18518518518518517 0.4375678610206297 0.013374485596707819 0.006514657980456026
1 0.06635802469135803 0.43919652551574373 0.015432098765432098 0.006514657980456026
1 0.16769547325102882 0.44652551574375676 0.006172839506172839 0.014657980456026058
1 0.14531893004115226 0.44679695982627576 0.00565843621399177 0.014115092290988056
1 0.11291152263374486 0.44679695982627576 0.006687242798353909 0.01520086862106406
1 0.18647119341563786 0.44679695982627576 0.01286008230452675 0.0054288816503800215
1 0.15612139917695472 0.44706840390879476 0.00565843621399177 0.013572204125950055
1 0.13554526748971193 0.44733984799131377 0.004629629629629629 0.014115092290988056
1 0.08513374485596707 0.44788273615635177 0.006687242798353909 0.01520086862106406
1 0.12525720164609053 0.44788273615635177 0.00565843621399177 0.016286644951140065
1 0.09953703703703703 0.44815418023887077 0.004629629629629629 0.013572204125950055
10 0.06532921810699588 0.4503257328990228 0.015432098765432098 0.007057546145494028
1 0.4053497942386831 0.4568403908794788 0.00720164609053498 0.016829533116178068
1 0.38040123456790126 0.46226927252985883 0.007716049382716049 0.016829533116178068
2 0.6640946502057613 0.46769815418023886 0.39300411522633744 0.039630836047774155
1 0.9974279835390947 0.496742671009772 0.00411522633744856 0.014115092290988056