1 0.08626373626373626 0.06345663265306123 0.00402930402930403 0.019770408163265307
1 0.08113553113553114 0.06409438775510204 0.004761904761904762 0.021045918367346938
10 0.33278388278388277 0.06505102040816327 0.005494505494505495 0.02040816326530612
10 0.2692307692307692 0.06600765306122448 0.013186813186813187 0.00701530612244898
2 0.289010989010989 0.6680484693877551 0.4380952380952381 0.054209183673469385
10 0.9538461538461539 0.6843112244897959 0.01391941391941392 0.008928571428571428
12 0.2078754578754579 0.7458545918367347 0.05824175824175824 0.05803571428571429
10 0.6956043956043956 0.7509566326530612 0.013186813186813187 0.010841836734693877
10 0.11245421245421246 0.7774234693877551 0.005128205128205128 0.02295918367346939
10 0.1184981684981685 0.7774234693877551 0.004761904761904762 0.02295918367346939
10 0.12435897435897436 0.7774234693877551 0.00402930402930403 0.021683673469387755
10 0.13406593406593406 0.7780612244897959 0.003663003663003663 0.021683673469387755
10 0.13974358974358975 0.7780612244897959 0.004761904761904762 0.02040816326530612
10 0.12875457875457874 0.7786989795918368 0.00402930402930403 0.021683673469387755
1 0.2608058608058608 0.7825255102040817 0.005860805860805861 0.02295918367346939
1 0.24377289377289377 0.7841198979591837 0.00695970695970696 0.0274234693877551
10 0.2542124542124542 0.7847576530612245 0.004395604395604396 0.024872448979591837
10 0.48736263736263735 0.7853954081632653 0.010622710622710623 0.008290816326530613
10 0.5131868131868131 0.7895408163265306 0.005128205128205128 0.02295918367346939
10 0.5190476190476191 0.7898596938775511 0.005128205128205128 0.021045918367346938
10 0.48736263736263735 0.7940051020408163 0.010622710622710623 0.006377551020408163
10 0.4868131868131868 0.8026147959183674 0.011721611721611722 0.00701530612244898
12 0.0912087912087912 0.8070790816326531 0.01391941391941392 0.009566326530612245
10 0.5153846153846153 0.8080357142857143 0.012454212454212455 0.01020408163265306
10 0.4989010989010989 0.8089923469387755 0.01098901098901099 0.008290816326530613
1 0.031135531135531136 0.08163265306122448 0.005128205128205128 0.02040816326530612
5 0.7664835164835165 0.8118622448979592 0.14102564102564102 0.09948979591836735
1 0.04157509157509157 0.8131377551020408 0.0062271062271062275 0.021683673469387755
1 0.054945054945054944 0.8131377551020408 0.004395604395604396 0.021683673469387755
1 0.04835164835164835 0.8137755102040817 0.005128205128205128 0.021683673469387755
1 0.06098901098901099 0.8137755102040817 0.005494505494505495 0.021683673469387755
1 0.0326007326007326 0.8163265306122449 0.00805860805860806 0.030612244897959183
1 0.03882783882783883 0.08258928571428571 0.005860805860805861 0.023596938775510203
1 0.24670329670329672 0.8306760204081632 0.0062271062271062275 0.022321428571428572
1 0.3283882783882784 0.8325892857142857 0.0062271062271062275 0.022321428571428572
10 0.9554945054945055 0.8329081632653061 0.011355311355311355 0.01020408163265306
1 0.041758241758241756 0.8354591836734694 0.005128205128205128 0.021683673469387755
1 0.06098901098901099 0.8354591836734694 0.005494505494505495 0.01913265306122449
1 0.05457875457875458 0.8360969387755102 0.004395604395604396 0.01913265306122449
1 0.04871794871794872 0.8360969387755102 0.005128205128205128 0.021683673469387755
10 0.9331501831501832 0.8364158163265306 0.004761904761904762 0.023596938775510203
1 0.1108058608058608 0.8405612244897959 0.0062271062271062275 0.021683673469387755
5 0.6476190476190476 0.8411989795918368 0.06813186813186813 0.15178571428571427
10 0.9236263736263737 0.8565051020408163 0.005494505494505495 0.02040816326530612
10 0.9181318681318681 0.8571428571428571 0.00402930402930403 0.02040816326530612
10 0.9139194139194139 0.857780612244898 0.005128205128205128 0.02040816326530612
10 0.9082417582417582 0.8574617346938775 0.004761904761904762 0.019770408163265307
10 0.9032967032967033 0.8584183673469388 0.005860805860805861 0.01913265306122449
10 0.15036630036630036 0.8616071428571429 0.005494505494505495 0.021683673469387755
10 0.15586080586080586 0.8616071428571429 0.004761904761904762 0.02295918367346939
1 0.160989010989011 0.8622448979591837 0.004761904761904762 0.021683673469387755
5 0.8717948717948718 0.8762755102040817 0.046886446886446886 0.07908163265306123
10 0.9093406593406593 0.8788265306122449 0.004761904761904762 0.01913265306122449
10 0.9141025641025641 0.8788265306122449 0.00402930402930403 0.01913265306122449
10 0.9192307692307692 0.8788265306122449 0.0062271062271062275 0.02040816326530612
10 0.9036630036630037 0.8797831632653061 0.005128205128205128 0.019770408163265307
1 0.7404761904761905 0.8801020408163265 0.01282051282051282 0.008928571428571428
10 0.7633699633699633 0.8807397959183674 0.011721611721611722 0.01020408163265306
10 0.7276556776556776 0.8810586734693877 0.012087912087912088 0.009566326530612245
5 0.4879120879120879 0.8845663265306123 0.04468864468864469 0.06760204081632654
5 0.436996336996337 0.8883928571428571 0.04249084249084249 0.0625
10 0.7478021978021978 0.8893494897959183 0.01282051282051282 0.009566326530612245
10 0.33315018315018313 0.08928571428571429 0.005494505494505495 0.017857142857142856
5 0.8175824175824176 0.8963647959183674 0.04322344322344322 0.06313775510204081
10 0.7476190476190476 0.8992346938775511 0.013186813186813187 0.008928571428571428
10 0.9034798534798535 0.9001913265306123 0.00402930402930403 0.01721938775510204
10 0.9093406593406593 0.9008290816326531 0.004761904761904762 0.019770408163265307
10 0.9142857142857143 0.9005102040816326 0.004395604395604396 0.017857142857142856
10 0.686996336996337 0.9049744897959183 0.005494505494505495 0.02040816326530612
10 0.7481684981684982 0.9065688775510204 0.014285714285714285 0.005739795918367347
5 0.7263736263736263 0.9097576530612245 0.029304029304029304 0.0389030612244898
5 0.7712454212454213 0.9103954081632653 0.02967032967032967 0.04145408163265306
10 0.747985347985348 0.9145408163265306 0.013186813186813187 0.008928571428571428
10 0.8998168498168498 0.9183673469387755 0.011355311355311355 0.01020408163265306
10 0.9115384615384615 0.9183673469387755 0.011355311355311355 0.008928571428571428
10 0.9230769230769231 0.9183673469387755 0.011721611721611722 0.008928571428571428
10 0.5815018315018315 0.9228316326530612 0.013553113553113554 0.011479591836734694
1 0.8930402930402931 0.9279336734693877 0.012454212454212455 0.01020408163265306
10 0.9111721611721612 0.9282525510204082 0.01282051282051282 0.009566326530612245
10 0.922893772893773 0.9288903061224489 0.011355311355311355 0.008290816326530613
1 0.8470695970695971 0.9320790816326531 0.005494505494505495 0.018494897959183673
10 0.5686813186813187 0.9330357142857143 0.013553113553113554 0.01020408163265306
2 0.43315018315018317 0.09725765306122448 0.18937728937728937 0.056760204081632654
2 0.23315018315018315 0.09789540816326531 0.163003663003663 0.056760204081632654
10 0.6353479853479853 0.1285076530612245 0.012087912087912088 0.005739795918367347
10 0.6478021978021978 0.1326530612244898 0.012087912087912088 0.007653061224489796
10 0.6353479853479853 0.13934948979591838 0.010622710622710623 0.008290816326530613
10 0.6937728937728938 0.140625 0.01098901098901099 0.00701530612244898
5 0.9545787545787546 0.14158163265306123 0.011721611721611722 0.02423469387755102
10 0.6472527472527473 0.14221938775510204 0.013186813186813187 0.007653061224489796
10 0.634981684981685 0.14636479591836735 0.012087912087912088 0.008290816326530613
10 0.6941391941391941 0.15051020408163265 0.013186813186813187 0.01020408163265306
10 0.6474358974358975 0.1521045918367347 0.013553113553113554 0.008290816326530613
10 0.6346153846153846 0.15497448979591838 0.011355311355311355 0.007653061224489796
5 0.7554945054945055 0.15752551020408162 0.08681318681318681 0.14923469387755103
1 0.569047619047619 0.16103316326530612 0.011355311355311355 0.009566326530612245
1 0.5807692307692308 0.16103316326530612 0.010622710622710623 0.009566326530612245
1 0.6880952380952381 0.16135204081632654 0.011355311355311355 0.01020408163265306
10 0.6481684981684982 0.16230867346938777 0.012087912087912088 0.009566326530612245
10 0.6353479853479853 0.1642219387755102 0.013553113553113554 0.008290816326530613
2 0.25842490842490845 0.16549744897959184 0.4553113553113553 0.05293367346938776
1 0.5815018315018315 0.17155612244897958 0.01282051282051282 0.008928571428571428
1 0.5684981684981685 0.171875 0.01098901098901099 0.010841836734693877
10 0.6351648351648351 0.17315051020408162 0.013186813186813187 0.008290816326530613
10 0.6472527472527473 0.17283163265306123 0.011721611721611722 0.01020408163265306
10 0.5805860805860806 0.18016581632653061 0.012454212454212455 0.008290816326530613
5 0.6076923076923076 0.18048469387755103 0.03736263736263736 0.10331632653061225
10 0.634981684981685 0.18048469387755103 0.013553113553113554 0.007653061224489796
10 0.6897435897435897 0.18176020408163265 0.011721611721611722 0.011479591836734694
5 0.9547619047619048 0.18494897959183673 0.00989010989010989 0.02295918367346939
10 0.6353479853479853 0.18973214285714285 0.014285714285714285 0.008290816326530613
1 0.5815018315018315 0.19005102040816327 0.012087912087912088 0.008928571428571428
10 0.14615384615384616 0.019770408163265307 0.013186813186813187 0.008928571428571428
10 0.6346153846153846 0.19802295918367346 0.01282051282051282 0.008290816326530613
10 0.5811355311355312 0.1996173469387755 0.012087912087912088 0.007653061224489796
1 0.13315018315018315 0.021045918367346938 0.012087912087912088 0.008928571428571428
1 0.6351648351648351 0.20631377551020408 0.013186813186813187 0.00701530612244898
1 0.5820512820512821 0.20886479591836735 0.013186813186813187 0.009566326530612245
10 0.08223443223443223 0.021364795918367346 0.012087912087912088 0.008290816326530613
10 0.09395604395604396 0.021364795918367346 0.010622710622710623 0.008290816326530613
1 0.6346153846153846 0.2149234693877551 0.01282051282051282 0.008928571428571428
1 0.5813186813186814 0.22034438775510204 0.013186813186813187 0.010841836734693877
2 0.25842490842490845 0.22130102040816327 0.45897435897435895 0.049107142857142856
1 0.634981684981685 0.22576530612244897 0.014285714285714285 0.008928571428571428
1 0.8021978021978022 0.023596938775510203 0.01098901098901099 0.01020408163265306
5 0.9558608058608059 0.23341836734693877 0.010622710622710623 0.021683673469387755
10 0.5800366300366301 0.24075255102040816 0.005494505494505495 0.023596938775510203
10 0.5858974358974359 0.24107142857142858 0.00402930402930403 0.021683673469387755
10 0.7093406593406594 0.2493622448979592 0.01282051282051282 0.01020408163265306
1 0.732051282051282 0.2531887755102041 0.005494505494505495 0.017857142857142856
2 0.2602564102564103 0.2713647959183674 0.4736263736263736 0.04783163265306122
10 0.13974358974358975 0.030293367346938774 0.009157509157509158 0.00701530612244898
10 0.1510989010989011 0.030612244897959183 0.011355311355311355 0.007653061224489796
2 0.258974358974359 0.3198341836734694 0.46007326007326005 0.05931122448979592
5 0.11373626373626373 0.03284438775510204 0.02600732600732601 0.03125
10 0.8117216117216117 0.03411989795918367 0.005128205128205128 0.018494897959183673
1 0.8023809523809524 0.03443877551020408 0.011355311355311355 0.01020408163265306
5 0.7212454212454212 0.035076530612244895 0.011721611721611722 0.026785714285714284
10 0.0847985347985348 0.35682397959183676 0.013553113553113554 0.008290816326530613
10 0.09926739926739926 0.35873724489795916 0.011721611721611722 0.005739795918367347
10 0.0847985347985348 0.36575255102040816 0.013553113553113554 0.010841836734693877
10 0.09816849816849817 0.366390306122449 0.011721611721611722 0.00701530612244898
10 0.29084249084249086 0.3746811224489796 0.005128205128205128 0.019770408163265307
10 0.08040293040293041 0.038584183673469385 0.005494505494505495 0.023596938775510203
10 0.08608058608058608 0.038584183673469385 0.005128205128205128 0.023596938775510203
10 0.09194139194139195 0.0389030612244898 0.004395604395604396 0.021683673469387755
2 0.43424908424908426 0.039540816326530615 0.1879120879120879 0.05229591836734694
10 0.4062271062271062 0.39221938775510207 0.01098901098901099 0.007653061224489796
2 0.5432234432234432 0.39221938775510207 0.03223443223443224 0.42091836734693877
10 0.09761904761904762 0.04017857142857143 0.005494505494505495 0.02040816326530612
10 0.4065934065934066 0.4021045918367347 0.012454212454212455 0.00701530612244898
1 0.25677655677655675 0.40401785714285715 0.005128205128205128 0.021045918367346938
10 0.223992673992674 0.04081632653061224 0.01282051282051282 0.008928571428571428
1 0.12142857142857143 0.4164540816326531 0.010622710622710623 0.008928571428571428
1 0.13534798534798534 0.41709183673469385 0.011355311355311355 0.008928571428571428
1 0.19194139194139195 0.4177295918367347 0.012454212454212455 0.006377551020408163
10 0.15146520146520145 0.042091836734693876 0.011355311355311355 0.008928571428571428
1 0.2043956043956044 0.42442602040816324 0.010256410256410256 0.009566326530612245
1 0.12124542124542124 0.42665816326530615 0.01098901098901099 0.01020408163265306
1 0.20494505494505494 0.4336734693877551 0.011355311355311355 0.008928571428571428
10 0.25036630036630036 0.43399234693877553 0.012087912087912088 0.008290816326530613
1 0.9538461538461539 0.4375 0.01098901098901099 0.008928571428571428
1 0.12124542124542124 0.4375 0.01098901098901099 0.008928571428571428
1 0.20494505494505494 0.4429209183673469 0.011355311355311355 0.010841836734693877
1 0.25036630036630036 0.44419642857142855 0.011355311355311355 0.00701530612244898
2 0.9815018315018315 0.4448341836734694 0.036996336996337 0.78125
2 0.9173992673992674 0.4451530612244898 0.039194139194139194 0.7806122448979592
2 0.8521978021978022 0.4454719387755102 0.03333333333333333 0.7876275510204082
10 0.13333333333333333 0.4492984693877551 0.011721611721611722 0.008290816326530613
10 0.12161172161172161 0.4502551020408163 0.01098901098901099 0.01020408163265306
1 0.20512820512820512 0.45216836734693877 0.01098901098901099 0.007653061224489796
10 0.18736263736263736 0.04591836734693878 0.005494505494505495 0.02040816326530612
10 0.17051282051282052 0.04591836734693878 0.005494505494505495 0.02040816326530612
10 0.18186813186813186 0.04591836734693878 0.004761904761904762 0.02040816326530612
1 0.17545787545787545 0.046875 0.004395604395604396 0.021045918367346938
10 0.19065934065934065 0.46619897959183676 0.005494505494505495 0.021683673469387755
5 0.1620879120879121 0.46715561224489793 0.03553113553113553 0.11798469387755102
10 0.13223443223443224 0.46811224489795916 0.005860805860805861 0.021683673469387755
10 0.11648351648351649 0.4684311224489796 0.005128205128205128 0.023596938775510203
10 0.13846153846153847 0.4684311224489796 0.005860805860805861 0.022321428571428572
10 0.12252747252747252 0.46938775510204084 0.00402930402930403 0.02423469387755102
10 0.12783882783882783 0.46938775510204084 0.004395604395604396 0.02295918367346939
1 0.09395604395604396 0.47831632653061223 0.004761904761904762 0.021683673469387755
10 0.0782051282051282 0.4786352040816326 0.00402930402930403 0.021045918367346938
1 0.0836996336996337 0.47927295918367346 0.00402930402930403 0.019770408163265307
10 0.0880952380952381 0.47927295918367346 0.00402930402930403 0.021045918367346938
1 0.10842490842490843 0.47927295918367346 0.005128205128205128 0.021045918367346938
10 0.073992673992674 0.4799107142857143 0.004395604395604396 0.023596938775510203
10 0.06684981684981685 0.4805484693877551 0.004761904761904762 0.021045918367346938
10 0.1021978021978022 0.4811862244897959 0.004395604395604396 0.023596938775510203
10 0.5175824175824176 0.4815051020408163 0.01098901098901099 0.01020408163265306
10 0.06043956043956044 0.48182397959183676 0.005860805860805861 0.023596938775510203
10 0.22692307692307692 0.48660714285714285 0.011355311355311355 0.01020408163265306
1 0.23882783882783884 0.4872448979591837 0.01098901098901099 0.01020408163265306
1 0.2532967032967033 0.4882015306122449 0.01282051282051282 0.009566326530612245
10 0.42838827838827837 0.4897959183673469 0.010622710622710623 0.007653061224489796
10 0.4157509157509158 0.49043367346938777 0.01098901098901099 0.01020408163265306
1 0.4401098901098901 0.49043367346938777 0.010622710622710623 0.01020408163265306
5 0.3206959706959707 0.4920280612244898 0.11684981684981685 0.20471938775510204
1 0.765018315018315 0.4945790816326531 0.0062271062271062275 0.019770408163265307
1 0.3956043956043956 0.4945790816326531 0.006593406593406593 0.0274234693877551
10 0.186996336996337 0.4945790816326531 0.005494505494505495 0.019770408163265307
10 0.40164835164835166 0.49521683673469385 0.00402930402930403 0.021045918367346938
10 0.40586080586080586 0.4955357142857143 0.005128205128205128 0.02295918367346939
10 0.13846153846153847 0.4955357142857143 0.005860805860805861 0.021683673469387755
10 0.22380952380952382 0.04974489795918367 0.01391941391941392 0.007653061224489796
2 0.7377289377289378 0.501594387755102 0.03882783882783883 0.4802295918367347
2 0.6723443223443224 0.5022321428571429 0.04139194139194139 0.4815051020408163
2 0.8027472527472528 0.5025510204081632 0.04065934065934066 0.47831632653061223
10 0.11538461538461539 0.5028698979591837 0.004395604395604396 0.021045918367346938
2 0.6071428571428571 0.5041454081632653 0.03406593406593406 0.48788265306122447
10 0.5161172161172162 0.5057397959183674 0.011721611721611722 0.011479591836734694
10 0.05989010989010989 0.5130739795918368 0.0062271062271062275 0.024872448979591837
10 0.19194139194139195 0.5146683673469388 0.004395604395604396 0.01913265306122449
10 0.18626373626373627 0.5153061224489796 0.00402930402930403 0.017857142857142856
10 0.5166666666666667 0.5178571428571429 0.011355311355311355 0.01020408163265306
10 0.13736263736263737 0.5204081632653061 0.012454212454212455 0.008928571428571428
10 0.19743589743589743 0.5213647959183674 0.005128205128205128 0.022321428571428572
10 0.20238095238095238 0.5213647959183674 0.0032967032967032967 0.021045918367346938
10 0.20750915750915752 0.5213647959183674 0.00402930402930403 0.021045918367346938
10 0.12124542124542124 0.5226403061224489 0.003663003663003663 0.021045918367346938
1 0.8157509157509157 0.05197704081632653 0.013186813186813187 0.01211734693877551
10 0.08113553113553114 0.5232780612244898 0.005494505494505495 0.023596938775510203
10 0.12637362637362637 0.5232780612244898 0.004395604395604396 0.018494897959183673
10 0.11538461538461539 0.5235969387755102 0.003663003663003663 0.01913265306122449
10 0.5170329670329671 0.5350765306122449 0.011355311355311355 0.008928571428571428
10 0.15824175824175823 0.5417729591836735 0.0029304029304029304 0.022321428571428572
1 0.06666666666666667 0.054209183673469385 0.00805860805860806 0.02423469387755102
1 0.07417582417582418 0.0545280612244898 0.0062271062271062275 0.023596938775510203
1 0.14523809523809525 0.5424107142857143 0.005494505494505495 0.018494897959183673
10 0.15256410256410258 0.5430484693877551 0.0032967032967032967 0.022321428571428572
10 0.16336996336996337 0.5446428571428571 0.003663003663003663 0.021683673469387755
5 0.18333333333333332 0.5459183673469388 0.023076923076923078 0.03571428571428571
10 0.5173992673992674 0.5462372448979592 0.011355311355311355 0.008290816326530613
10 0.08864468864468865 0.5462372448979592 0.006593406593406593 0.01721938775510204
10 0.13736263736263737 0.5491071428571429 0.004395604395604396 0.02040816326530612
10 0.1315018315018315 0.5497448979591837 0.005128205128205128 0.021683673469387755
10 0.06941391941391942 0.5503826530612245 0.01868131868131868 0.015306122448979591
10 0.11593406593406594 0.5650510204081632 0.011355311355311355 0.007653061224489796
1 0.17673992673992675 0.5666454081632653 0.01282051282051282 0.010841836734693877
10 0.2692307692307692 0.05707908163265306 0.013186813186813187 0.008290816326530613
10 0.12673992673992673 0.5701530612244898 0.003663003663003663 0.01913265306122449
5 0.15384615384615385 0.5701530612244898 0.021245421245421246 0.025510204081632654
10 0.13205128205128205 0.5711096938775511 0.00402930402930403 0.018494897959183673
10 0.1380952380952381 0.5711096938775511 0.005128205128205128 0.021045918367346938
10 0.22472527472527473 0.057716836734693876 0.014285714285714285 0.008290816326530613
10 0.1173992673992674 0.5746173469387755 0.012087912087912088 0.007653061224489796
10 0.17655677655677657 0.5774872448979592 0.013186813186813187 0.00701530612244898
1 0.4521978021978022 0.5825892857142857 0.00695970695970696 0.024872448979591837
10 0.4613553113553114 0.5841836734693877 0.005494505494505495 0.021683673469387755
10 0.11684981684981685 0.5845025510204082 0.012454212454212455 0.008290816326530613
1 0.147985347985348 0.5899234693877551 0.012454212454212455 0.01020408163265306
10 0.11684981684981685 0.5911989795918368 0.013186813186813187 0.007653061224489796
10 0.12765567765567765 0.592155612244898 0.005494505494505495 0.021045918367346938
10 0.1371794871794872 0.592155612244898 0.00402930402930403 0.019770408163265307
10 0.16135531135531136 0.592155612244898 0.010622710622710623 0.009566326530612245
10 0.1326007326007326 0.5934311224489796 0.0029304029304029304 0.019770408163265307
10 0.31245421245421245 0.06058673469387755 0.005128205128205128 0.016581632653061226
10 0.11721611721611722 0.6007653061224489 0.012454212454212455 0.007653061224489796
10 0.14871794871794872 0.6014030612244898 0.012454212454212455 0.007653061224489796
10 0.2846153846153846 0.06058673469387755 0.003663003663003663 0.015306122448979591
10 0.2978021978021978 0.06058673469387755 0.005128205128205128 0.015306122448979591
10 0.3080586080586081 0.061224489795918366 0.004395604395604396 0.017857142857142856
10 0.24047619047619048 0.06090561224489796 0.004761904761904762 0.01721938775510204
10 0.2468864468864469 0.061224489795918366 0.005860805860805861 0.016581632653061226
10 0.2902930402930403 0.06090561224489796 0.004761904761904762 0.01594387755102041
10 0.3032967032967033 0.061224489795918366 0.005860805860805861 0.016581632653061226
10 0.12875457875457874 0.6087372448979592 0.009157509157509158 0.00701530612244898
10 0.11666666666666667 0.609375 0.011355311355311355 0.00701530612244898
10 0.13754578754578756 0.6132015306122449 0.00402930402930403 0.019770408163265307
10 0.12912087912087913 0.6167091836734694 0.009157509157509158 0.007653061224489796
10 0.1163003663003663 0.6183035714285714 0.012087912087912088 0.008290816326530613
1 0.7787545787545788 0.062181122448979595 0.006593406593406593 0.021045918367346938
1 0.7840659340659341 0.062181122448979595 0.00402930402930403 0.021045918367346938
1 0.7899267399267399 0.0625 0.004761904761904762 0.01913265306122449
10 0.7996336996336997 0.0625 0.004395604395604396 0.02040816326530612
10 0.7952380952380952 0.0628188775510204 0.005128205128205128 0.021045918367346938