1 0.8946266573621773 0.7072484166080225 0.006978367062107467 0.015482054890921885
2 0.9501046755059316 0.7149894440534834 0.03558967201674808 0.10133708655876143
1 0.8949755757152826 0.7244897959183674 0.00628053035589672 0.014778325123152709
1 0.907536636427076 0.7396199859254047 0.011863224005582694 0.0211118930330753
1 0.8946266573621773 0.7536945812807881 0.011165387299371946 0.015482054890921885
10 0.13293789253314725 0.7600281491907108 0.020237264480111653 0.00844475721323012
1 0.19609211444521982 0.7653061224489796 0.08932309839497557 0.04152005629838142
10 0.5136078157711096 0.7821956368754398 0.00837404047452896 0.019000703729767768
10 0.5010467550593162 0.7832512315270936 0.009769713886950453 0.01688951442646024
1 0.03314724354501047 0.07916959887403237 0.06489881367759945 0.04433497536945813
10 0.555129099790649 0.7931034482758621 0.007676203768318213 0.018296973961998593
10 0.5666434054431263 0.7934553131597467 0.006978367062107467 0.019000703729767768
1 0.392533147243545 0.7959183673469388 0.017445917655268667 0.007037297677691766
12 0.43021632937892534 0.8001407459535539 0.020237264480111653 0.025334271639690358
1 0.5816468946266573 0.800844475721323 0.0104675505931612 0.018296973961998593
1 0.6095603628750872 0.8015482054890922 0.009071877180739707 0.019704433497536946
10 0.2069085833914864 0.8036593947923997 0.009071877180739707 0.01688951442646024
10 0.2930914166085136 0.8040112596762843 0.0209351011863224 0.011963406052076003
10 0.4713886950453594 0.8054187192118226 0.016050244242847175 0.007741027445460943
1 0.4898813677599442 0.8082336382828994 0.009769713886950453 0.019000703729767768
1 0.5275645498953245 0.8114004222378607 0.01256106071179344 0.023926812104152005
10 0.47418004187020235 0.8138634764250527 0.016050244242847175 0.007741027445460943
10 0.28995115143056527 0.8156228008444757 0.017445917655268667 0.00844475721323012
10 0.3206559665038381 0.8152709359605911 0.016050244242847175 0.009148486980999296
1 0.541172365666434 0.8156228008444757 0.0104675505931612 0.01688951442646024
10 0.19748778785764132 0.08198451794510908 0.00837404047452896 0.01618578465869106
1 0.677599441730635 0.8233638282899367 0.06838799720865317 0.06192821956368754
2 0.07920446615491974 0.8240675580577058 0.03977669225401256 0.3040112596762843
1 0.4856943475226797 0.8254750175932442 0.01674808094905792 0.011259676284306826
1 0.26517794836008374 0.8251231527093597 0.006978367062107467 0.014778325123152709
10 0.09002093510118632 0.08339197748064743 0.006978367062107467 0.01618578465869106
10 0.371946964410328 0.08374384236453201 0.01674808094905792 0.007037297677691766
12 0.17515701325889743 0.08339197748064743 0.01674808094905792 0.02040816326530612
1 0.3206559665038381 0.840253342716397 0.01465457083042568 0.011259676284306826
1 0.6165387299371947 0.8420126671358198 0.009071877180739707 0.02040816326530612
1 0.6444521981856246 0.8479943701618579 0.017445917655268667 0.011259676284306826
5 0.28960223307745986 0.8497536945812808 0.03210048848569435 0.047149894440534836
5 0.5833914863921842 0.8522167487684729 0.04745289602233078 0.04926108374384237
10 0.837404047452896 0.08585503166783955 0.006978367062107467 0.01688951442646024
10 0.17690160502442429 0.8592540464461647 0.017445917655268667 0.009852216748768473
1 0.6479413817166783 0.8603096410978185 0.021632937892533146 0.011963406052076003
1 0.4846475924633636 0.8673469387755102 0.017445917655268667 0.011963406052076003
10 0.5198883461270063 0.8705137227304715 0.015352407536636426 0.00844475721323012
1 0.6168876482903001 0.8715693173821253 0.009769713886950453 0.02040816326530612
10 0.17236566643405443 0.8729767769176636 0.02372644801116539 0.01055594651653765
1 0.7693649685973483 0.8796622097114708 0.06769016050244243 0.06474313863476425
10 0.4720865317515701 0.8814215341308937 0.016050244242847175 0.007741027445460943
10 0.5195394277739009 0.8824771287825475 0.016050244242847175 0.00844475721323012
10 0.32205163991625957 0.884588318085855 0.017445917655268667 0.00844475721323012
1 0.3918353105373343 0.8842364532019704 0.01884159106769016 0.01055594651653765
1 0.4891835310537334 0.8852920478536243 0.011165387299371946 0.019704433497536946
10 0.28227494766224703 0.8849401829697396 0.017445917655268667 0.007741027445460943
10 0.4713886950453594 0.8898662913441239 0.016050244242847175 0.007741027445460943
12 0.4333565945568737 0.8909218859957776 0.022330774598743892 0.02674173117522871
10 0.5181437543614794 0.8951442646023927 0.017445917655268667 0.00844475721323012
10 0.2826238660153524 0.8954961294862772 0.0209351011863224 0.009148486980999296
1 0.6891137473831124 0.8958479943701618 0.06489881367759945 0.06474313863476425
1 0.3217027215631542 0.8986629134412386 0.015352407536636426 0.00844475721323012
1 0.6067690160502442 0.9064039408866995 0.013258897418004187 0.0211118930330753
1 0.5676901605024425 0.9064039408866995 0.009071877180739707 0.0211118930330753
1 0.5799023028611305 0.9064039408866995 0.011165387299371946 0.0211118930330753
1 0.5540823447313329 0.9067558057705841 0.011165387299371946 0.021815622800844477
10 0.5404745289602233 0.9204785362420831 0.016050244242847175 0.00844475721323012
10 0.3297278436845778 0.09254046446164672 0.016050244242847175 0.0063335679099225895
10 0.3496161898115841 0.09254046446164672 0.01674808094905792 0.007741027445460943
10 0.34089323098394975 0.9229415904292751 0.01465457083042568 0.007741027445460943
10 0.46545708304256805 0.9229415904292751 0.018143754361479414 0.009148486980999296
10 0.36182833217027216 0.9229415904292751 0.016050244242847175 0.009148486980999296
1 0.4138171667829728 0.926460239268121 0.005582693649685973 0.01618578465869106
12 0.39497557571528263 0.9292751583391977 0.02512212142358688 0.024630541871921183
2 0.8360083740404746 0.9338494018296974 0.16050244242847173 0.02674173117522871
10 0.3101884159106769 0.941942294159043 0.00628053035589672 0.01618578465869106
1 0.32205163991625957 0.941942294159043 0.007676203768318213 0.01618578465869106
12 0.33914863921842286 0.9429978888106967 0.019539427773900907 0.023926812104152005
10 0.3967201674808095 0.9482758620689655 0.017445917655268667 0.0063335679099225895
10 0.31507327285415215 0.956368754398311 0.016050244242847175 0.007037297677691766
10 0.395324494068388 0.956368754398311 0.017445917655268667 0.00844475721323012
12 0.12351709699930216 0.11822660098522167 0.018143754361479414 0.0211118930330753
1 0.5830425680390788 0.15130190007037297 0.06071179344033496 0.06192821956368754
10 0.8157711095603629 0.17452498240675582 0.019539427773900907 0.00844475721323012
1 0.24180041870202373 0.18859957776213934 0.05512909979064899 0.06896551724137931
1 0.6343335659455688 0.20971147079521463 0.0418702023726448 0.04785362420830401
1 0.6946964410327984 0.21534130893736805 0.056524773203070484 0.050668543279380716
1 0.5223307745987439 0.2163969035890218 0.05373342637822749 0.055594651653764954
1 0.46929518492672717 0.2163969035890218 0.020237264480111653 0.05277973258268825
1 0.2819260293091417 0.2406755805770584 0.061409630146545706 0.0633356790992259
1 0.1423586880669923 0.2512315270935961 0.11723656664340544 0.057705840957072485
1 0.3541521284019539 0.2522871217452498 0.028611304954640614 0.054187192118226604
1 0.7903000697836706 0.3131597466572836 0.05512909979064899 0.03377902885292048
1 0.8381018841591068 0.3279380717804363 0.0418702023726448 0.06896551724137931
10 0.537334263782275 0.3286418015482055 0.006978367062107467 0.018296973961998593
1 0.15771109560362875 0.3550316678395496 0.05303558967201675 0.07107670654468684
10 0.3353105373342638 0.35679099225897254 0.007676203768318213 0.015482054890921885
10 0.38136775994417305 0.3641801548205489 0.017445917655268667 0.009148486980999296
1 0.23098394975575715 0.3673469387755102 0.08234473133286811 0.029556650246305417
10 0.3625261688764829 0.3821252638986629 0.0104675505931612 0.018296973961998593
10 0.3496161898115841 0.3828289936664321 0.011165387299371946 0.01688951442646024
10 0.4933705512909979 0.38353272343420125 0.015352407536636426 0.007037297677691766
1 0.8272854152128402 0.38353272343420125 0.030006978367062107 0.014074595355383532
10 0.4134682484298674 0.39338494018296977 0.016050244242847175 0.009852216748768473
1 0.32030704815073274 0.4060520760028149 0.00837404047452896 0.018296973961998593
2 0.9504535938590369 0.4123856439127375 0.03210048848569435 0.0844475721323012
10 0.395324494068388 0.41942294159042925 0.009071877180739707 0.019000703729767768
10 0.35799023028611304 0.41977480647431387 0.01256106071179344 0.02040816326530612
10 0.5307048150732728 0.422237860661506 0.016050244242847175 0.007037297677691766
1 0.7728541521284019 0.42329345531315976 0.052337752965806 0.07670654468684025
10 0.33705512909979063 0.42646023926812104 0.01674808094905792 0.00844475721323012
10 0.2630844382414515 0.42681210415200566 0.018143754361479414 0.009148486980999296
2 0.07745987438939288 0.43455313159746656 0.05861828332170272 0.08937368050668543
10 0.319609211444522 0.43560872624912034 0.006978367062107467 0.014074595355383532
10 0.26273551988834615 0.4387755102040816 0.017445917655268667 0.009148486980999296
10 0.39043963712491275 0.4398311048557354 0.01884159106769016 0.011259676284306826
10 0.4720865317515701 0.44475721323011963 0.004884856943475227 0.015482054890921885
10 0.4609211444521982 0.444405348346235 0.007676203768318213 0.014778325123152709
10 0.5554780181437544 0.44722026741731175 0.013956734124214934 0.007741027445460943
1 0.8963712491277042 0.46586910626319494 0.045359385903698535 0.06615059817030261
12 0.09176552686671319 0.0482054890921886 0.025819958129797628 0.01618578465869106
10 0.38939288206559663 0.0601688951442646 0.009769713886950453 0.017593244194229415
10 0.17550593161200279 0.061224489795918366 0.016050244242847175 0.009852216748768473
12 0.3695045359385904 0.06157635467980296 0.020237264480111653 0.021815622800844477
12 0.34473133286810886 0.06298381421534131 0.018143754361479414 0.021815622800844477
1 0.8946266573621773 0.6783954961294862 0.006978367062107467 0.01688951442646024
1 0.9071877180739707 0.6928219563687544 0.00837404047452896 0.017593244194229415