1 0.8298429319371727 0.23902027027027026 0.02198952879581152 0.07601351351351351
1 0.31308900523560207 0.03885135135135135 0.0356020942408377 0.0777027027027027
1 0.39031413612565447 0.08952702702702703 0.01832460732984293 0.07094594594594594
1 0.11989528795811519 0.009290540540540541 0.02198952879581152 0.018581081081081082
2 0.6018324607329842 0.2170608108108108 0.05392670157068063 0.3597972972972973
1 0.08115183246073299 0.007601351351351352 0.025130890052356022 0.015202702702702704
1 0.14450261780104712 0.02956081081081081 0.01780104712041885 0.05912162162162162
1 0.34895287958115184 0.14611486486486486 0.026701570680628273 0.07601351351351351
5 0.4735602094240838 0.21030405405405406 0.08952879581151832 0.2179054054054054
1 0.3782722513089005 0.16807432432432431 0.02356020942408377 0.08277027027027027
1 0.8240837696335078 0.375 0.025130890052356022 0.07432432432432433
5 0.2450261780104712 0.18243243243243243 0.09214659685863874 0.25
1 0.15785340314136126 0.14949324324324326 0.016230366492146597 0.05574324324324324
2 0.6863874345549739 0.4535472972972973 0.08481675392670157 0.7584459459459459
2 0.8717277486910995 0.5371621621621622 0.0806282722513089 0.7128378378378378
2 0.768586387434555 0.5050675675675675 0.08272251308900523 0.7466216216216216
1 0.450261780104712 0.38513513513513514 0.02931937172774869 0.09121621621621621
1 0.1531413612565445 0.25253378378378377 0.0193717277486911 0.05574324324324324
1 0.1730366492146597 0.29307432432432434 0.01832460732984293 0.05574324324324324
1 0.29712041884816753 0.3623310810810811 0.026701570680628273 0.08614864864864864
1 0.19214659685863875 0.3158783783783784 0.016753926701570682 0.057432432432432436
1 0.4979057591623037 0.48057432432432434 0.025130890052356022 0.07939189189189189
1 0.13324607329842933 0.34628378378378377 0.026701570680628273 0.07094594594594594
1 0.10628272251308901 0.34290540540540543 0.027225130890052355 0.09121621621621621
1 0.256020942408377 0.41638513513513514 0.016753926701570682 0.04222972972972973
1 0.06910994764397906 0.33361486486486486 0.024083769633507852 0.07939189189189189
1 0.22303664921465968 0.40540540540540543 0.014659685863874346 0.05067567567567568
1 0.1869109947643979 0.39864864864864863 0.028272251308900525 0.0777027027027027
1 0.9361256544502617 0.7643581081081081 0.0356020942408377 0.09628378378378379
1 0.2732984293193717 0.49408783783783783 0.024083769633507852 0.07939189189189189
1 0.09345549738219895 0.4408783783783784 0.028795811518324606 0.08445945945945946
2 0.4397905759162304 0.017736486486486486 0.061780104712041886 0.03547297297297297
1 0.8405759162303665 0.9569256756756757 0.028795811518324606 0.08277027027027027
2 0.6162303664921466 0.9569256756756757 0.09633507853403141 0.08277027027027027
1 0.7034031413612566 0.9839527027027027 0.020418848167539267 0.028716216216216218