10 0.514892578125 0.5407147041593439 0.00927734375 0.008201523140011716
10 0.669189453125 0.5421792618629174 0.01123046875 0.007615700058582308
1 0.6865234375 0.5436438195664909 0.0244140625 0.028119507908611598
10 0.775634765625 0.5451083772700644 0.01123046875 0.006444053895723492
10 0.75927734375 0.5456942003514939 0.0107421875 0.006444053895723492
10 0.90673828125 0.5489162272993556 0.01171875 0.007029876977152899
1 0.669677734375 0.5527240773286467 0.01123046875 0.007615700058582308
10 0.75927734375 0.5559461042765085 0.009765625 0.008201523140011716
1 0.775146484375 0.5559461042765085 0.01025390625 0.007029876977152899
10 0.898193359375 0.5588752196836555 0.01123046875 0.005858230814294083
10 0.760009765625 0.5667838312829525 0.01025390625 0.007615700058582308
10 0.898681640625 0.5700058582308143 0.01025390625 0.007029876977152899
10 0.898193359375 0.5808435852372583 0.00927734375 0.006444053895723492
10 0.814208984375 0.5902167545401289 0.00634765625 0.012302284710017574
1 0.79541015625 0.5902167545401289 0.005859375 0.013473930872876391
10 0.804931640625 0.591095489162273 0.00537109375 0.012888107791446984
1 0.787353515625 0.5908025776215583 0.00634765625 0.014645577035735208
1 0.72509765625 0.591095489162273 0.0380859375 0.04569420035149385
1 0.483154296875 0.6022261277094317 0.03369140625 0.03163444639718805
10 0.81005859375 0.6045694200351494 0.009765625 0.007029876977152899
1 0.8115234375 0.614821323960164 0.0107421875 0.007615700058582308
1 0.619384765625 0.629759812536614 0.02001953125 0.0351493848857645
1 0.6474609375 0.6315172817809022 0.021484375 0.03046280023432923
1 0.46240234375 0.6391329818394845 0.03515625 0.009373169302870533
1 0.76220703125 0.6432337434094904 0.005859375 0.015231400117164616
1 0.50732421875 0.6496777973052138 0.0341796875 0.03397773872290568
10 0.673583984375 0.6599297012302284 0.01025390625 0.006444053895723492
1 0.88330078125 0.6599297012302284 0.0068359375 0.013473930872876391
1 0.788330078125 0.6625659050966608 0.02685546875 0.029291154071470416
5 0.859619140625 0.6666666666666666 0.02490234375 0.022261277094317515
10 0.673095703125 0.6704745166959578 0.01025390625 0.006444053895723492
10 0.83203125 0.6745752782659636 0.0068359375 0.012302284710017574
1 0.612548828125 0.680140597539543 0.00732421875 0.012888107791446984
10 0.62158203125 0.680140597539543 0.0068359375 0.014059753954305799
1 0.635009765625 0.680140597539543 0.00634765625 0.015231400117164616
5 0.72021484375 0.6804335090802578 0.0654296875 0.07908611599297012
10 0.60400390625 0.6807264206209724 0.0068359375 0.012888107791446984
10 0.584716796875 0.6813122437024018 0.00732421875 0.014059753954305799
10 0.595947265625 0.6813122437024018 0.00732421875 0.014059753954305799
1 0.574951171875 0.6816051552431166 0.00732421875 0.01698886936145284
1 0.645263671875 0.6818980667838312 0.00927734375 0.01991798476859988
10 0.674072265625 0.682190978324546 0.01025390625 0.006444053895723492
1 0.765869140625 0.6918570591681312 0.01123046875 0.008201523140011716
10 0.673828125 0.69302870533099 0.0107421875 0.005858230814294083
1 0.787353515625 0.6994727592267135 0.02197265625 0.03046280023432923
10 0.76611328125 0.7021089630931459 0.0107421875 0.006444053895723492
1 0.80078125 0.7024018746338606 0.0048828125 0.012888107791446984
10 0.673583984375 0.70298769771529 0.01025390625 0.007029876977152899
5 0.608154296875 0.7199765670767428 0.05615234375 0.0421792618629174
10 0.751953125 0.7231985940246046 0.005859375 0.013473930872876391
10 0.769775390625 0.7234915055653193 0.00634765625 0.012888107791446984
10 0.7607421875 0.723784417106034 0.0068359375 0.013473930872876391
10 0.719970703125 0.7331575864089045 0.00537109375 0.012302284710017574
10 0.730224609375 0.7331575864089045 0.00634765625 0.012302284710017574
10 0.73876953125 0.7337434094903339 0.0068359375 0.012302284710017574
10 0.71044921875 0.7337434094903339 0.0068359375 0.011130638547158758
1 0.316162109375 0.7439953134153485 0.02490234375 0.03632103104862332
1 0.6806640625 0.7454598711189221 0.0322265625 0.040421792618629174
1 0.37451171875 0.7454598711189221 0.03125 0.03456356180433509
10 0.9072265625 0.7565905096660809 0.01171875 0.006444053895723492
1 0.64453125 0.7601054481546573 0.005859375 0.013473930872876391
10 0.6533203125 0.760398359695372 0.005859375 0.015231400117164616
10 0.6171875 0.7606912712360867 0.0068359375 0.013473930872876391
1 0.626220703125 0.7606912712360867 0.00634765625 0.013473930872876391
10 0.60791015625 0.7609841827768014 0.0068359375 0.014059753954305799
1 0.599609375 0.7612770943175161 0.0078125 0.013473930872876391
10 0.572998046875 0.7615700058582309 0.00732421875 0.014059753954305799
1 0.58203125 0.7624487404803749 0.005859375 0.014645577035735208
1 0.371826171875 0.7662565905096661 0.03271484375 0.029291154071470416
1 0.228515625 0.768306971294669 0.0390625 0.04745166959578207
1 0.188720703125 0.7703573520796719 0.03466796875 0.04569420035149385
1 0.14453125 0.7706502636203867 0.0380859375 0.04745166959578207
1 0.270751953125 0.7712360867018161 0.03564453125 0.04862331575864089
1 0.741943359375 0.7996485061511424 0.00927734375 0.007029876977152899
5 0.724853515625 0.8043350908025776 0.01708984375 0.026947861745752782
10 0.74169921875 0.8110720562390158 0.009765625 0.006444053895723492
1 0.418701171875 0.8107791446983011 0.03466796875 0.03866432337434095
10 0.741943359375 0.8210310486233158 0.00927734375 0.007615700058582308
1 0.877197265625 0.8268892794376098 0.01025390625 0.005272407732864675
10 0.758544921875 0.835676625659051 0.01025390625 0.006444053895723492
1 0.877197265625 0.838605741066198 0.01025390625 0.007615700058582308
1 0.71826171875 0.841534856473345 0.0068359375 0.012302284710017574
10 0.742431640625 0.849443468072642 0.01025390625 0.008201523140011716
1 0.87744140625 0.8503222026947862 0.009765625 0.006444053895723492
1 0.41650390625 0.851493848857645 0.0498046875 0.03925014645577036
10 0.1640625 0.8608670181605155 0.0068359375 0.013473930872876391
1 0.8779296875 0.8617457527826596 0.0107421875 0.008201523140011716
5 0.130859375 0.8655536028119508 0.046875 0.029876977152899824
1 0.905029296875 0.867311072056239 0.01025390625 0.007615700058582308
1 0.878173828125 0.8734622144112478 0.01025390625 0.007029876977152899
1 0.061767578125 0.8734622144112478 0.00634765625 0.015231400117164616
1 0.171875 0.8778558875219684 0.0068359375 0.013473930872876391
10 0.163818359375 0.8784417106033978 0.00732421875 0.013473930872876391
1 0.754150390625 0.8810779144698301 0.00732421875 0.012888107791446984
1 0.7451171875 0.8819566490919742 0.0068359375 0.012302284710017574
1 0.08837890625 0.8816637375512595 0.03515625 0.03749267721148213
1 0.87841796875 0.8848857644991213 0.0107421875 0.007615700058582308
1 0.38330078125 0.8884007029876977 0.033203125 0.040421792618629174
2 0.038818359375 0.8910369068541301 0.02783203125 0.14997070884592853
1 0.427490234375 0.8936731107205624 0.03173828125 0.03925014645577036
10 0.760009765625 0.8963093145869947 0.01025390625 0.005858230814294083
10 0.744873046875 0.8966022261277095 0.01123046875 0.008787346221441126
1 0.87841796875 0.8974809607498535 0.009765625 0.008201523140011716
1 0.29443359375 0.9053895723491505 0.0390625 0.056824838898652606
1 0.25634765625 0.9074399531341535 0.0361328125 0.043350908025776215
1 0.13525390625 0.9080257762155829 0.0380859375 0.043350908025776215
10 0.76025390625 0.9086115992970123 0.009765625 0.005858230814294083
1 0.8779296875 0.9091974223784417 0.0107421875 0.008201523140011716
1 0.745361328125 0.9094903339191565 0.01025390625 0.007615700058582308
10 0.744873046875 0.9197422378441711 0.01025390625 0.007029876977152899
10 0.760498046875 0.9209138840070299 0.01123046875 0.005858230814294083
1 0.17333984375 0.9238429994141769 0.02734375 0.028119507908611598
1 0.087890625 0.9247217340363211 0.0322265625 0.031048623315758642
5 0.4228515625 0.9288224956063269 0.0322265625 0.031048623315758642
1 0.853271484375 0.9314586994727593 0.00634765625 0.011716461628588167
1 0.114013671875 0.9355594610427651 0.01123046875 0.007029876977152899
10 0.9140625 0.9379027533684827 0.0068359375 0.012888107791446984
10 0.906005859375 0.9384885764499121 0.00537109375 0.014059753954305799
1 0.897216796875 0.9393673110720563 0.00634765625 0.014645577035735208
1 0.383544921875 0.9402460456942003 0.03466796875 0.05038078500292911
5 0.13916015625 0.9443468072642062 0.017578125 0.016403046280023433
1 0.215576171875 0.945518453427065 0.04345703125 0.0492091388400703
2 0.603271484375 0.9493263034563562 0.03466796875 0.031048623315758642
2 0.670166015625 0.9502050380785003 0.04443359375 0.03046280023432923
10 0.11376953125 0.9531341534856473 0.0107421875 0.008201523140011716
1 0.17431640625 0.9578207381370826 0.0322265625 0.032806092560046865
10 0.9248046875 0.9592852958406561 0.01171875 0.007615700058582308
2 0.2919921875 0.9648506151142355 0.1015625 0.03163444639718805
1 0.56201171875 0.10427650849443468 0.0048828125 0.015231400117164616
1 0.542724609375 0.1051552431165788 0.00732421875 0.014645577035735208
1 0.55224609375 0.1051552431165788 0.0048828125 0.013473930872876391
1 0.53125 0.1054481546572935 0.005859375 0.014059753954305799
1 0.571533203125 0.1054481546572935 0.00830078125 0.011716461628588167
1 0.52197265625 0.1057410661980082 0.005859375 0.014645577035735208
1 0.582275390625 0.1057410661980082 0.00634765625 0.011130638547158758
10 0.600341796875 0.11570005858230814 0.01025390625 0.006444053895723492
10 0.5625 0.12390158172231985 0.005859375 0.012302284710017574
10 0.5419921875 0.12478031634446397 0.0068359375 0.014059753954305799
10 0.572021484375 0.12478031634446397 0.00537109375 0.012888107791446984
10 0.531982421875 0.12478031634446397 0.00634765625 0.011716461628588167
10 0.552001953125 0.1253661394258934 0.00634765625 0.01054481546572935
10 0.582275390625 0.1253661394258934 0.00634765625 0.011716461628588167
10 0.521484375 0.1253661394258934 0.0068359375 0.012888107791446984
10 0.6005859375 0.1265377855887522 0.0107421875 0.007029876977152899
10 0.6005859375 0.13737551259519626 0.0107421875 0.006444053895723492
10 0.60107421875 0.14762741652021089 0.009765625 0.007029876977152899
1 0.343505859375 0.14967779730521383 0.02685546875 0.035735207967193906
10 0.404052734375 0.15114235500878734 0.01025390625 0.007029876977152899
10 0.371337890625 0.15172817809021674 0.01123046875 0.007029876977152899
12 0.387451171875 0.15905096660808435 0.01416015625 0.01816051552431166
10 0.601318359375 0.15934387814879905 0.01025390625 0.007029876977152899
10 0.9208984375 0.161394258933802 0.0107421875 0.006444053895723492
1 0.318115234375 0.1619800820152314 0.02197265625 0.025190392501464556
10 0.40283203125 0.1622729935559461 0.01171875 0.007029876977152899
10 0.3720703125 0.1628588166373755 0.01171875 0.007029876977152899
10 0.601806640625 0.1690099589923843 0.01025390625 0.007615700058582308
10 0.37255859375 0.17281780902167546 0.01171875 0.005858230814294083
10 0.40283203125 0.17281780902167546 0.01171875 0.007029876977152899
10 0.601806640625 0.17926186291739896 0.01123046875 0.007029876977152899
12 0.38720703125 0.17926186291739896 0.0166015625 0.01757469244288225
10 0.404296875 0.18365553602811951 0.0107421875 0.007615700058582308
10 0.3720703125 0.18482718219097832 0.0107421875 0.005272407732864675
1 0.616943359375 0.18922085530169888 0.01025390625 0.008201523140011716
10 0.601806640625 0.18980667838312829 0.01025390625 0.007029876977152899
1 0.342529296875 0.19185705916813123 0.03076171875 0.04159343878148799
10 0.404541015625 0.19625073227885179 0.01025390625 0.008201523140011716
10 0.371826171875 0.1974223784417106 0.00927734375 0.007029876977152899
5 0.553955078125 0.19800820152314 0.06591796875 0.10896309314586995
1 0.6171875 0.20035149384885764 0.0107421875 0.008201523140011716
10 0.601806640625 0.20181605155243115 0.01025390625 0.007615700058582308
12 0.38818359375 0.20240187463386058 0.0146484375 0.019332161687170474
10 0.73095703125 0.2047451669595782 0.0068359375 0.013473930872876391
1 0.740234375 0.2047451669595782 0.005859375 0.013473930872876391
1 0.720458984375 0.2050380785002929 0.00634765625 0.014059753954305799
10 0.71142578125 0.2053309900410076 0.0078125 0.013473930872876391
10 0.69189453125 0.2053309900410076 0.0068359375 0.014645577035735208
1 0.701171875 0.2050380785002929 0.005859375 0.014059753954305799
10 0.371337890625 0.20767428236672525 0.01025390625 0.006444053895723492
10 0.40380859375 0.20826010544815465 0.009765625 0.006444053895723492
1 0.617919921875 0.2111892208553017 0.01220703125 0.007615700058582308
10 0.602294921875 0.2111892208553017 0.01025390625 0.007615700058582308
1 0.31640625 0.2117750439367311 0.0283203125 0.022847100175746926
10 0.800048828125 0.21470415934387815 0.00634765625 0.013473930872876391
1 0.83349609375 0.21441124780316345 0.0068359375 0.012888107791446984
10 0.842041015625 0.21470415934387815 0.00732421875 0.012302284710017574
1 0.851318359375 0.21470415934387815 0.00537109375 0.012302284710017574
1 0.80908203125 0.21499707088459286 0.0068359375 0.012888107791446984
1 0.82470703125 0.21499707088459286 0.005859375 0.012888107791446984
1 0.346435546875 0.2182190978324546 0.02880859375 0.03222026947861746
10 0.404296875 0.2179261862917399 0.0107421875 0.007029876977152899
10 0.372802734375 0.218804920913884 0.01123046875 0.006444053895723492
10 0.759033203125 0.21968365553602812 0.01025390625 0.007029876977152899
1 0.775146484375 0.21968365553602812 0.00927734375 0.005858230814294083
10 0.602294921875 0.22231985940246046 0.01025390625 0.007615700058582308
12 0.696044921875 0.22466315172817808 0.01513671875 0.01816051552431166
12 0.7353515625 0.22437024018746338 0.013671875 0.016403046280023433
12 0.7158203125 0.22466315172817808 0.015625 0.015817223198594025
12 0.38720703125 0.2252489748096075 0.0146484375 0.01698886936145284
10 0.404052734375 0.22788517867603983 0.01025390625 0.007029876977152899
10 0.37255859375 0.22847100175746923 0.01171875 0.008201523140011716
10 0.860107421875 0.22934973637961337 0.00634765625 0.013473930872876391
10 0.7587890625 0.23169302870533098 0.009765625 0.007615700058582308
1 0.617919921875 0.23140011716461628 0.01025390625 0.007029876977152899
1 0.774169921875 0.2322788517867604 0.01025390625 0.006444053895723492
10 0.601318359375 0.2322788517867604 0.01025390625 0.007615700058582308
10 0.404052734375 0.24135910954891623 0.01123046875 0.007029876977152899
10 0.372802734375 0.24223784417106034 0.01123046875 0.007615700058582308
10 0.71240234375 0.24282366725248974 0.0078125 0.012302284710017574
10 0.7314453125 0.24340949033391915 0.0068359375 0.013473930872876391
1 0.775634765625 0.24340949033391915 0.00927734375 0.007615700058582308
10 0.720703125 0.24311657879320445 0.0068359375 0.012888107791446984
10 0.6923828125 0.24340949033391915 0.0068359375 0.013473930872876391
10 0.700927734375 0.24311657879320445 0.00732421875 0.012888107791446984
10 0.7587890625 0.24340949033391915 0.009765625 0.006444053895723492
1 0.617919921875 0.24399531341534855 0.01123046875 0.008787346221441126
10 0.73974609375 0.24370240187463385 0.0068359375 0.012888107791446984
10 0.6025390625 0.24370240187463385 0.009765625 0.007029876977152899
12 0.388427734375 0.24926772114821324 0.01513671875 0.01698886936145284
1 0.345947265625 0.2507322788517868 0.02783203125 0.03046280023432923
10 0.40478515625 0.2516110134739309 0.0107421875 0.006444053895723492
10 0.372802734375 0.2530755711775044 0.00927734375 0.007029876977152899
10 0.6025390625 0.2539543057996485 0.009765625 0.006444053895723492
1 0.618896484375 0.2539543057996485 0.01123046875 0.007615700058582308
1 0.775146484375 0.2548330404217926 0.01025390625 0.005858230814294083
10 0.40478515625 0.2621558289396602 0.009765625 0.007615700058582308
10 0.373291015625 0.2630345635618043 0.01220703125 0.005858230814294083
1 0.775634765625 0.2662565905096661 0.00927734375 0.006444053895723492
1 0.498779296875 0.2662565905096661 0.02783203125 0.04510837727006444
1 0.468505859375 0.2671353251318102 0.03759765625 0.03983596953719976
10 0.58056640625 0.2680140597539543 0.0068359375 0.013473930872876391
1 0.720703125 0.2691857059168131 0.0078125 0.013473930872876391
1 0.74072265625 0.2691857059168131 0.0048828125 0.014645577035735208
10 0.73291015625 0.2694786174575278 0.0068359375 0.014059753954305799
10 0.5625 0.2694786174575278 0.0068359375 0.014059753954305799
10 0.5712890625 0.2694786174575278 0.005859375 0.014059753954305799
10 0.693115234375 0.2697715289982425 0.00634765625 0.013473930872876391
1 0.701904296875 0.27065026362038663 0.00634765625 0.012888107791446984
10 0.5537109375 0.27065026362038663 0.005859375 0.015231400117164616
12 0.389892578125 0.27035735207967193 0.01416015625 0.019332161687170474
10 0.53369140625 0.27123608670181604 0.0048828125 0.012888107791446984
10 0.712646484375 0.27123608670181604 0.00634765625 0.014059753954305799
10 0.40380859375 0.273286467486819 0.009765625 0.006444053895723492
10 0.373046875 0.2741652021089631 0.009765625 0.008201523140011716
2 0.164306640625 0.276215582893966 0.08154296875 0.3181019332161687
2 0.074951171875 0.27680140597539543 0.11865234375 0.28763913298183946
1 0.77587890625 0.27826596367896894 0.009765625 0.005858230814294083
10 0.89990234375 0.27885178676039835 0.0107421875 0.007029876977152899
2 0.263916015625 0.28412419449326304 0.10009765625 0.29759812536613944
10 0.421630859375 0.28646748681898065 0.01025390625 0.007029876977152899
5 0.826171875 0.28646748681898065 0.0673828125 0.10779144698301113
1 0.5810546875 0.28705330990041006 0.005859375 0.015231400117164616
12 0.3466796875 0.28676039835969536 0.0126953125 0.012302284710017574
1 0.56298828125 0.28676039835969536 0.0068359375 0.013473930872876391
1 0.572021484375 0.28763913298183946 0.00634765625 0.016403046280023433
1 0.554931640625 0.28822495606326887 0.00634765625 0.012888107791446984
12 0.73583984375 0.2885178676039836 0.0146484375 0.01698886936145284
10 0.901611328125 0.28939660222612773 0.01025390625 0.007029876977152899
12 0.7158203125 0.28910369068541303 0.0146484375 0.01698886936145284
12 0.697021484375 0.28939660222612773 0.01416015625 0.016403046280023433
1 0.75927734375 0.29056824838898654 0.0107421875 0.007029876977152899
1 0.77587890625 0.29115407147041594 0.0107421875 0.007029876977152899
10 0.362060546875 0.29525483304042177 0.01025390625 0.007029876977152899
10 0.420166015625 0.2961335676625659 0.01123046875 0.006444053895723492
10 0.89990234375 0.29964850615114236 0.0107421875 0.006444053895723492
1 0.760009765625 0.30023432923257176 0.01123046875 0.007615700058582308
10 0.776123046875 0.30023432923257176 0.01123046875 0.007615700058582308
10 0.36279296875 0.30638547158758056 0.0107421875 0.007029876977152899
12 0.347900390625 0.30697129466900996 0.01416015625 0.012888107791446984
10 0.740966796875 0.30726420620972467 0.00634765625 0.013473930872876391
10 0.693603515625 0.30726420620972467 0.00732421875 0.015817223198594025
10 0.721435546875 0.30726420620972467 0.00732421875 0.013473930872876391
10 0.732177734375 0.30755711775043937 0.00732421875 0.012888107791446984
10 0.4208984375 0.30726420620972467 0.0107421875 0.006444053895723492
10 0.7021484375 0.30726420620972467 0.0068359375 0.014645577035735208
10 0.713134765625 0.3084358523725835 0.00830078125 0.014645577035735208
10 0.77587890625 0.31224370240187466 0.0107421875 0.008201523140011716
10 0.76025390625 0.31195079086115995 0.009765625 0.007615700058582308
10 0.363525390625 0.3166373755125952 0.01123046875 0.006444053895723492
10 0.760009765625 0.3222026947861746 0.01123046875 0.007029876977152899
1 0.77587890625 0.322788517867604 0.009765625 0.007029876977152899
10 0.90185546875 0.3239601640304628 0.01171875 0.007029876977152899
10 0.36279296875 0.327768014059754 0.0107421875 0.007615700058582308
10 0.736572265625 0.3301113063854716 0.01123046875 0.007615700058582308
10 0.7041015625 0.3309900410076157 0.0107421875 0.007029876977152899
10 0.776123046875 0.3327475102519039 0.01025390625 0.007029876977152899
12 0.719970703125 0.3362624487404804 0.01318359375 0.016403046280023433
10 0.902099609375 0.3371411833626245 0.01123046875 0.008787346221441126
10 0.361572265625 0.3377270064440539 0.00830078125 0.006444053895723492
10 0.703857421875 0.3406561218512009 0.01025390625 0.006444053895723492
1 0.735595703125 0.3412419449326303 0.01025390625 0.006444053895723492
10 0.421142578125 0.34212067955477443 0.01025390625 0.007029876977152899
1 0.629638671875 0.34212067955477443 0.00732421875 0.012888107791446984
10 0.70458984375 0.3532513181019332 0.0087890625 0.007029876977152899
10 0.736328125 0.3538371411833626 0.0107421875 0.008201523140011716
1 0.476806640625 0.3538371411833626 0.03271484375 0.03749267721148213
1 0.794677734375 0.35442296426479203 0.01123046875 0.007029876977152899
12 0.720458984375 0.3585237258347979 0.01513671875 0.018746338605741066
10 0.805908203125 0.359402460456942 0.00830078125 0.013473930872876391
10 0.814697265625 0.3602811950790861 0.00634765625 0.012888107791446984
1 0.73583984375 0.36379613356766255 0.0107421875 0.007029876977152899
10 0.704345703125 0.36408904510837725 0.01123046875 0.006444053895723492
1 0.79541015625 0.36526069127123606 0.0107421875 0.006444053895723492
1 0.429931640625 0.37082601054481545 0.04345703125 0.04452255418863503
10 0.554931640625 0.37141183362624486 0.01123046875 0.008201523140011716
10 0.81103515625 0.37375512595196253 0.0126953125 0.008201523140011716
10 0.736572265625 0.37375512595196253 0.01123046875 0.007029876977152899
10 0.705078125 0.37727006444053895 0.0107421875 0.007029876977152899
12 0.720947265625 0.3804920913884007 0.01416015625 0.01816051552431166
10 0.55517578125 0.38137082601054484 0.01171875 0.007029876977152899
5 0.591796875 0.38283538371411835 0.046875 0.10369068541300527
1 0.81103515625 0.38400702987697716 0.0107421875 0.006444053895723492
1 0.736328125 0.3863503222026948 0.0107421875 0.007615700058582308
5 0.5224609375 0.3863503222026948 0.046875 0.09666080843585237
10 0.705078125 0.3875219683655536 0.0107421875 0.006444053895723492
5 0.4833984375 0.38957234915055655 0.021484375 0.023432923257176334
10 0.5556640625 0.39191564147627417 0.01171875 0.007029876977152899
10 0.736328125 0.39806678383128297 0.0107421875 0.007615700058582308
10 0.705078125 0.3992384299941418 0.0107421875 0.005272407732864675
12 0.720947265625 0.40392501464557706 0.01220703125 0.01698886936145284
1 0.7353515625 0.4080257762155829 0.0107421875 0.006444053895723492
10 0.704833984375 0.4086115992970123 0.01025390625 0.007615700058582308
10 0.489501953125 0.4100761570005858 0.01123046875 0.005858230814294083
10 0.476318359375 0.4100761570005858 0.01123046875 0.007029876977152899
1 0.4326171875 0.4159343878148799 0.0361328125 0.041007615700058585
10 0.737548828125 0.4197422378441711 0.01220703125 0.008787346221441126
10 0.706298828125 0.4206209724663152 0.01123046875 0.008201523140011716
12 0.720947265625 0.42647920328060923 0.01416015625 0.018746338605741066
1 0.48388671875 0.429701230228471 0.0244140625 0.025190392501464556
10 0.705078125 0.4311657879320445 0.01171875 0.007029876977152899
1 0.737548828125 0.4308728763913298 0.01025390625 0.006444053895723492
1 0.821533203125 0.44610427650849444 0.00537109375 0.012302284710017574
1 0.851318359375 0.44669009958992384 0.00634765625 0.013473930872876391
1 0.80859375 0.44756883421206795 0.005859375 0.012888107791446984
10 0.7998046875 0.44727592267135324 0.0078125 0.013473930872876391
1 0.833740234375 0.44756883421206795 0.00732421875 0.012888107791446984
10 0.841552734375 0.44727592267135324 0.00634765625 0.012302284710017574
10 0.759033203125 0.45225541886350323 0.01025390625 0.007029876977152899
1 0.77490234375 0.45196250732278853 0.0107421875 0.007615700058582308
1 0.455810546875 0.45840656121851203 0.02490234375 0.02401874633860574
10 0.860107421875 0.46133567662565905 0.00537109375 0.013473930872876391
1 0.482177734375 0.46192149970708846 0.02978515625 0.031048623315758642
1 0.774169921875 0.4642647920328061 0.01025390625 0.006444053895723492
10 0.75830078125 0.4642647920328061 0.0107421875 0.008787346221441126
10 0.759521484375 0.47598125366139427 0.01025390625 0.007615700058582308
1 0.7744140625 0.47685998828353837 0.0107421875 0.007029876977152899
1 0.77490234375 0.4874048037492677 0.0107421875 0.008201523140011716
1 0.759521484375 0.4876977152899824 0.01123046875 0.006444053895723492
1 0.775146484375 0.4985354422964265 0.01025390625 0.007029876977152899
1 0.7587890625 0.4997070884592853 0.0107421875 0.007029876977152899
1 0.759521484375 0.510837727006444 0.01123046875 0.007029876977152899
1 0.775634765625 0.5105448154657294 0.01123046875 0.007615700058582308
5 0.825439453125 0.5196250732278852 0.06982421875 0.10779144698301113
1 0.775146484375 0.5225541886350322 0.01025390625 0.007029876977152899
1 0.75927734375 0.5234329232571764 0.0107421875 0.007615700058582308
10 0.513916015625 0.5292911540714704 0.01025390625 0.00995899238429994
1 0.75927734375 0.5345635618043351 0.0107421875 0.006444053895723492
10 0.775634765625 0.5345635618043351 0.01025390625 0.007615700058582308
5 0.591064453125 0.5360281195079086 0.12451171875 0.14762741652021089