1 0.6980662983425414 0.05952380952380952 0.008287292817679558 0.031746031746031744
1 0.7138121546961326 0.06018518518518518 0.0077348066298342545 0.03835978835978836
10 0.8958563535911602 0.032407407407407406 0.009392265193370166 0.03571428571428571
1 0.8878453038674033 0.03439153439153439 0.0077348066298342545 0.03439153439153439
10 0.21464088397790054 0.14682539682539683 0.008287292817679558 0.03439153439153439
1 0.811878453038674 0.047619047619047616 0.009392265193370166 0.0291005291005291
1 0.8776243093922652 0.037037037037037035 0.009392265193370166 0.031746031746031744
1 0.8044198895027624 0.05026455026455026 0.008839779005524863 0.0291005291005291
10 0.24033149171270718 0.14484126984126985 0.008839779005524863 0.03306878306878307
10 0.6566298342541437 0.07473544973544974 0.009392265193370166 0.03571428571428571
1 0.8486187845303867 0.04298941798941799 0.008839779005524863 0.03042328042328042
1 0.8560773480662983 0.041666666666666664 0.008287292817679558 0.03306878306878307
1 0.8704419889502762 0.03902116402116402 0.008287292817679558 0.03306878306878307
1 0.8411602209944752 0.04497354497354497 0.008287292817679558 0.0291005291005291
10 0.6480662983425415 0.07671957671957672 0.0077348066298342545 0.03439153439153439
1 0.86353591160221 0.041666666666666664 0.0077348066298342545 0.03306878306878307
1 0.7607734806629834 0.05886243386243386 0.0077348066298342545 0.03042328042328042
1 0.7676795580110497 0.0582010582010582 0.008287292817679558 0.031746031746031744
1 0.7831491712707183 0.05555555555555555 0.008287292817679558 0.0291005291005291
1 0.8198895027624309 0.04894179894179894 0.008839779005524863 0.031746031746031744
1 0.8345303867403315 0.046957671957671955 0.008287292817679558 0.03042328042328042
1 0.7906077348066298 0.05423280423280423 0.0077348066298342545 0.031746031746031744
1 0.7977900552486188 0.05357142857142857 0.0077348066298342545 0.03042328042328042
1 0.8273480662983426 0.04828042328042328 0.0071823204419889505 0.03042328042328042
1 0.7756906077348066 0.057539682539682536 0.0077348066298342545 0.03042328042328042
1 0.7386740331491712 0.06481481481481481 0.0077348066298342545 0.037037037037037035
1 0.7461325966850829 0.06349206349206349 0.008287292817679558 0.037037037037037035
1 0.7535911602209945 0.062169312169312166 0.0066298342541436465 0.03439153439153439
1 0.724585635359116 0.06746031746031746 0.008287292817679558 0.037037037037037035
1 0.731767955801105 0.06613756613756613 0.0071823204419889505 0.03439153439153439
1 0.9088397790055248 0.05423280423280423 0.009944751381215469 0.05026455026455026
10 0.7243093922651934 0.10383597883597884 0.008839779005524863 0.03306878306878307
10 0.7325966850828729 0.10317460317460317 0.0077348066298342545 0.031746031746031744
10 0.03535911602209945 0.21957671957671956 0.008839779005524863 0.037037037037037035
1 0.02430939226519337 0.22420634920634921 0.012154696132596685 0.04365079365079365
10 0.7116022099447514 0.12301587301587301 0.016574585635359115 0.018518518518518517
1 0.8900552486187845 0.10648148148148148 0.0077348066298342545 0.03835978835978836
10 0.712707182320442 0.14351851851851852 0.015469613259668509 0.01984126984126984
1 0.7287292817679558 0.1402116402116402 0.017679558011049725 0.031746031746031744
1 0.3251381215469613 0.22288359788359788 0.014917127071823204 0.022486772486772486
10 0.7138121546961326 0.16335978835978837 0.014364640883977901 0.017195767195767195
10 0.8859116022099448 0.1421957671957672 0.016022099447513812 0.01984126984126984
10 0.3259668508287293 0.24206349206349206 0.015469613259668509 0.021164021164021163
10 0.7129834254143647 0.18452380952380953 0.016022099447513812 0.01984126984126984
1 0.730110497237569 0.18386243386243387 0.016022099447513812 0.023809523809523808
10 0.88646408839779 0.16335978835978837 0.014917127071823204 0.022486772486772486
10 0.71353591160221 0.20436507936507936 0.016022099447513812 0.01984126984126984
5 0.8281767955801105 0.18915343915343916 0.051933701657458566 0.1349206349206349
10 0.9270718232044199 0.17394179894179895 0.017679558011049725 0.022486772486772486
10 0.9428176795580111 0.17195767195767195 0.016022099447513812 0.021164021164021163
1 0.8875690607734806 0.1832010582010582 0.014917127071823204 0.01984126984126984
1 0.8654696132596685 0.19642857142857142 0.014917127071823204 0.017195767195767195
1 0.7309392265193371 0.2208994708994709 0.015469613259668509 0.021164021164021163
10 0.7146408839779006 0.22420634920634921 0.014917127071823204 0.01984126984126984
10 0.9428176795580111 0.19113756613756613 0.013812154696132596 0.01984126984126984
1 0.9276243093922651 0.19444444444444445 0.015469613259668509 0.023809523809523808
10 0.7151933701657458 0.24537037037037038 0.014917127071823204 0.01984126984126984
10 0.943646408839779 0.2123015873015873 0.016574585635359115 0.022486772486772486
10 0.6604972375690608 0.2671957671957672 0.014917127071823204 0.026455026455026454
10 0.6439226519337017 0.2705026455026455 0.020441988950276244 0.027777777777777776
10 0.6740331491712708 0.2698412698412698 0.0077348066298342545 0.031746031746031744
1 0.7323204419889503 0.26256613756613756 0.016022099447513812 0.02513227513227513
10 0.7160220994475138 0.2671957671957672 0.015469613259668509 0.021164021164021163
1 0.9295580110497238 0.2361111111111111 0.014917127071823204 0.02513227513227513
10 0.9450276243093922 0.23412698412698413 0.016022099447513812 0.023809523809523808
10 0.7168508287292817 0.2863756613756614 0.016022099447513812 0.02513227513227513
10 0.9455801104972376 0.2533068783068783 0.014917127071823204 0.022486772486772486
10 0.6524861878453039 0.30357142857142855 0.008839779005524863 0.03571428571428571
1 0.644475138121547 0.3055555555555556 0.009392265193370166 0.03439153439153439
1 0.523756906077348 0.3287037037037037 0.014364640883977901 0.022486772486772486
10 0.5085635359116022 0.33134920634920634 0.016022099447513812 0.022486772486772486
10 0.3124309392265193 0.37433862433862436 0.011602209944751382 0.018518518518518517
1 0.9301104972375691 0.2757936507936508 0.014917127071823204 0.022486772486772486
10 0.9461325966850829 0.27380952380952384 0.016022099447513812 0.021164021164021163
10 0.6839779005524862 0.32142857142857145 0.0077348066298342545 0.03439153439153439
1 0.6635359116022099 0.3247354497354497 0.011049723756906077 0.04365079365079365
10 0.6756906077348066 0.32275132275132273 0.008839779005524863 0.03439153439153439
1 0.9174033149171271 0.28835978835978837 0.009392265193370166 0.03439153439153439
1 0.8665745856353592 0.296957671957672 0.010497237569060774 0.03571428571428571
1 0.8834254143646408 0.29365079365079366 0.008839779005524863 0.037037037037037035
1 0.8323204419889503 0.3029100529100529 0.009392265193370166 0.03439153439153439
1 0.9 0.2916666666666667 0.008839779005524863 0.03571428571428571
1 0.8497237569060774 0.3002645502645503 0.009944751381215469 0.037037037037037035
1 0.7450276243093923 0.3187830687830688 0.010497237569060774 0.03968253968253968
1 0.7624309392265194 0.3167989417989418 0.011049723756906077 0.03835978835978836
1 0.7801104972375691 0.3134920634920635 0.008839779005524863 0.03439153439153439
1 0.7281767955801105 0.32275132275132273 0.011049723756906077 0.03968253968253968
1 0.7988950276243094 0.31084656084656087 0.008839779005524863 0.03439153439153439
1 0.6292817679558012 0.3439153439153439 0.008839779005524863 0.03439153439153439
10 0.6533149171270718 0.33994708994708994 0.009392265193370166 0.03439153439153439
10 0.6453038674033149 0.3412698412698413 0.008839779005524863 0.037037037037037035
10 0.611878453038674 0.3472222222222222 0.010497237569060774 0.03835978835978836
10 0.6209944751381216 0.3458994708994709 0.0077348066298342545 0.03835978835978836
10 0.5069060773480663 0.3697089947089947 0.008287292817679558 0.03306878306878307
10 0.49806629834254146 0.38955026455026454 0.010497237569060774 0.03571428571428571
10 0.8759668508287293 0.3306878306878307 0.008287292817679558 0.031746031746031744
10 0.9093922651933701 0.32605820105820105 0.009944751381215469 0.03571428571428571
10 0.9262430939226519 0.32275132275132273 0.010497237569060774 0.03439153439153439
10 0.8845303867403315 0.3306878306878307 0.008839779005524863 0.031746031746031744
10 0.8925414364640883 0.32936507936507936 0.009392265193370166 0.03439153439153439
10 0.8588397790055249 0.3353174603174603 0.009392265193370166 0.03306878306878307
10 0.8671270718232044 0.3333333333333333 0.009392265193370166 0.03439153439153439
10 0.9011049723756906 0.328042328042328 0.009944751381215469 0.03439153439153439
10 0.9179558011049723 0.3253968253968254 0.009392265193370166 0.03968253968253968
10 0.8505524861878453 0.33664021164021163 0.008287292817679558 0.03306878306878307
10 0.8419889502762431 0.3392857142857143 0.008839779005524863 0.03306878306878307
10 0.8334254143646409 0.3412698412698413 0.009392265193370166 0.03439153439153439
10 0.3146408839779006 0.42857142857142855 0.011602209944751382 0.015873015873015872
10 0.7635359116022099 0.35383597883597884 0.0077348066298342545 0.03306878306878307
10 0.7911602209944751 0.3492063492063492 0.0077348066298342545 0.03439153439153439
10 0.817403314917127 0.3445767195767196 0.009392265193370166 0.03306878306878307
10 0.7814917127071823 0.3505291005291005 0.009392265193370166 0.037037037037037035
10 0.8080110497237569 0.3458994708994709 0.008287292817679558 0.03306878306878307
10 0.737292817679558 0.3584656084656085 0.008287292817679558 0.03439153439153439
10 0.8248618784530387 0.3445767195767196 0.0077348066298342545 0.03306878306878307
10 0.7287292817679558 0.3611111111111111 0.0077348066298342545 0.03439153439153439
10 0.7541436464088398 0.3558201058201058 0.0077348066298342545 0.031746031746031744
1 0.6632596685082873 0.3723544973544973 0.0071823204419889505 0.03306878306878307
10 0.7461325966850829 0.3584656084656085 0.008287292817679558 0.03439153439153439
10 0.6455801104972375 0.37566137566137564 0.009392265193370166 0.031746031746031744
10 0.6546961325966851 0.37433862433862436 0.009944751381215469 0.03439153439153439
10 0.6720994475138121 0.3723544973544973 0.009392265193370166 0.03306878306878307
10 0.6801104972375691 0.37037037037037035 0.009944751381215469 0.03439153439153439
10 0.637292817679558 0.3783068783068783 0.0071823204419889505 0.031746031746031744
10 0.6306629834254144 0.3802910052910053 0.008287292817679558 0.03306878306878307
10 0.5080110497237569 0.4060846560846561 0.008287292817679558 0.031746031746031744
10 0.49972375690607734 0.4226190476190476 0.008287292817679558 0.03306878306878307
5 0.4085635359116022 0.4384920634920635 0.18066298342541437 0.421957671957672
10 0.5091160220994475 0.43783068783068785 0.008287292817679558 0.031746031746031744
10 0.3168508287292818 0.4708994708994709 0.011602209944751382 0.013227513227513227
1 0.631767955801105 0.4193121693121693 0.0071823204419889505 0.03439153439153439
10 0.5008287292817679 0.4583333333333333 0.0071823204419889505 0.03306878306878307
10 0.8596685082872928 0.4001322751322751 0.008839779005524863 0.03042328042328042
10 0.869060773480663 0.39814814814814814 0.008839779005524863 0.03439153439153439
5 0.23121546961325967 0.5066137566137566 0.10220994475138122 0.24603174603174602
10 0.850828729281768 0.4027777777777778 0.008839779005524863 0.03306878306878307
10 0.5104972375690607 0.47023809523809523 0.0077348066298342545 0.03042328042328042
1 0.7207182320441989 0.44246031746031744 0.014917127071823204 0.056878306878306875
1 0.7370165745856354 0.4398148148148148 0.014364640883977901 0.056878306878306875
10 0.318232044198895 0.5138888888888888 0.011049723756906077 0.017195767195767195
2 0.28342541436464086 0.06084656084656084 0.15469613259668508 0.07671957671957672
1 0.8262430939226519 0.4332010582010582 0.014917127071823204 0.05952380952380952
10 0.9237569060773481 0.4193121693121693 0.012154696132596685 0.05555555555555555
1 0.9447513812154696 0.41798941798941797 0.011049723756906077 0.04497354497354497
1 0.887292817679558 0.4279100529100529 0.008839779005524863 0.03306878306878307
10 0.5024861878453039 0.49404761904761907 0.0071823204419889505 0.03042328042328042
1 0.956353591160221 0.4193121693121693 0.012154696132596685 0.042328042328042326
1 0.85 0.4384920634920635 0.008287292817679558 0.03306878306878307
1 0.8406077348066299 0.44047619047619047 0.011602209944751382 0.042328042328042326
10 0.8588397790055249 0.4384920634920635 0.008287292817679558 0.03306878306878307
2 0.0787292817679558 0.0958994708994709 0.1541436464088398 0.07804232804232804
1 0.8676795580110497 0.43783068783068785 0.008287292817679558 0.03439153439153439
1 0.8773480662983425 0.43716931216931215 0.011049723756906077 0.04365079365079365
10 0.912707182320442 0.43187830687830686 0.008839779005524863 0.03306878306878307
10 0.5116022099447514 0.5059523809523809 0.0066298342541436465 0.03306878306878307
1 0.8055248618784531 0.47354497354497355 0.015469613259668509 0.021164021164021163
10 0.5035911602209945 0.5271164021164021 0.0071823204419889505 0.03042328042328042
1 0.9422651933701658 0.4623015873015873 0.008287292817679558 0.03306878306878307
10 0.9348066298342541 0.4642857142857143 0.0077348066298342545 0.03439153439153439
10 0.9262430939226519 0.4662698412698413 0.009392265193370166 0.03306878306878307
1 0.9179558011049723 0.46825396825396826 0.008287292817679558 0.03439153439153439
10 0.9096685082872928 0.47023809523809523 0.009392265193370166 0.03306878306878307
10 0.32320441988950277 0.5687830687830688 0.011049723756906077 0.015873015873015872
10 0.7767955801104972 0.501984126984127 0.011049723756906077 0.04365079365079365
10 0.3237569060773481 0.5853174603174603 0.011049723756906077 0.01455026455026455
10 0.6339779005524862 0.5542328042328042 0.011602209944751382 0.04497354497354497
10 0.17458563535911603 0.6362433862433863 0.009944751381215469 0.031746031746031744
10 0.15718232044198896 0.6395502645502645 0.009392265193370166 0.03571428571428571
10 0.16574585635359115 0.6382275132275133 0.008839779005524863 0.03306878306878307
1 0.9154696132596685 0.5231481481481481 0.01878453038674033 0.027777777777777776
5 0.8588397790055249 0.5390211640211641 0.07569060773480663 0.12301587301587301
10 0.3074585635359116 0.6335978835978836 0.016022099447513812 0.021164021164021163
1 0.3234806629834254 0.6329365079365079 0.013812154696132596 0.01984126984126984
10 0.7914364640883977 0.5595238095238095 0.008287292817679558 0.03439153439153439
10 0.800828729281768 0.5595238095238095 0.008287292817679558 0.037037037037037035
1 0.5165745856353591 0.6111111111111112 0.008839779005524863 0.037037037037037035
1 0.5080110497237569 0.6130952380952381 0.009392265193370166 0.03571428571428571
1 0.18922651933701656 0.671957671957672 0.008287292817679558 0.031746031746031744
1 0.19889502762430938 0.669973544973545 0.008839779005524863 0.03571428571428571
10 0.17513812154696132 0.6746031746031746 0.008839779005524863 0.03968253968253968
10 0.9165745856353591 0.5509259259259259 0.01878453038674033 0.027777777777777776
1 0.3234806629834254 0.6514550264550265 0.01270718232044199 0.017195767195767195
10 0.3082872928176796 0.6541005291005291 0.014364640883977901 0.01984126984126984
1 0.967403314917127 0.5548941798941799 0.02430939226519337 0.03042328042328042
1 0.9276243093922651 0.578042328042328 0.015469613259668509 0.021164021164021163
1 0.969060773480663 0.5886243386243386 0.02430939226519337 0.03439153439153439
1 0.3743093922651934 0.6957671957671958 0.009392265193370166 0.037037037037037035
10 0.36546961325966854 0.6984126984126984 0.008287292817679558 0.03439153439153439
10 0.3569060773480663 0.7003968253968254 0.008839779005524863 0.03306878306878307
1 0.9290055248618785 0.6044973544973545 0.014917127071823204 0.021164021164021163
1 0.3256906077348066 0.7083333333333334 0.0071823204419889505 0.027777777777777776
12 0.7535911602209945 0.6369047619047619 0.041988950276243095 0.0701058201058201
1 0.33314917127071825 0.7076719576719577 0.0066298342541436465 0.0291005291005291
1 0.8279005524861879 0.6388888888888888 0.009392265193370166 0.03968253968253968
1 0.8370165745856354 0.6395502645502645 0.008839779005524863 0.03571428571428571
10 0.856353591160221 0.6362433862433863 0.008839779005524863 0.03439153439153439
10 0.8756906077348067 0.6349206349206349 0.008839779005524863 0.03439153439153439
1 0.8660220994475138 0.6369047619047619 0.009392265193370166 0.041005291005291
1 0.8464088397790055 0.6395502645502645 0.008839779005524863 0.03571428571428571
1 0.8853591160220995 0.6349206349206349 0.011602209944751382 0.047619047619047616
1 0.9262430939226519 0.6283068783068783 0.016022099447513812 0.018518518518518517
1 0.9604972375690608 0.6223544973544973 0.008287292817679558 0.03571428571428571
10 0.9428176795580111 0.6283068783068783 0.009392265193370166 0.03439153439153439
10 0.9069060773480663 0.6369047619047619 0.024861878453038673 0.03306878306878307
1 0.457182320441989 0.7129629629629629 0.010497237569060774 0.037037037037037035
10 0.3425414364640884 0.7374338624338624 0.0077348066298342545 0.03306878306878307
10 0.33480662983425413 0.7400793650793651 0.0077348066298342545 0.03042328042328042
10 0.3588397790055249 0.7374338624338624 0.009392265193370166 0.03571428571428571
10 0.9284530386740332 0.6567460317460317 0.016022099447513812 0.01984126984126984
1 0.4486187845303867 0.7374338624338624 0.011049723756906077 0.041005291005291
10 0.9082872928176795 0.6673280423280423 0.02430939226519337 0.03042328042328042
10 0.830110497237569 0.6832010582010583 0.009392265193370166 0.03306878306878307
10 0.8571823204419889 0.6792328042328042 0.009392265193370166 0.03571428571428571
10 0.8383977900552486 0.6825396825396826 0.008287292817679558 0.03439153439153439
1 0.8480662983425414 0.6818783068783069 0.008839779005524863 0.03571428571428571
1 0.33314917127071825 0.7705026455026455 0.015469613259668509 0.01984126984126984
1 0.4591160220994475 0.7533068783068783 0.008839779005524863 0.03571428571428571
10 0.6044198895027625 0.7314814814814815 0.015469613259668509 0.023809523809523808
1 0.33370165745856356 0.7903439153439153 0.014364640883977901 0.017195767195767195
1 0.5917127071823205 0.7506613756613757 0.008839779005524863 0.04365079365079365
1 0.6088397790055249 0.7619047619047619 0.02430939226519337 0.031746031746031744
10 0.4058011049723757 0.8022486772486772 0.0071823204419889505 0.03306878306878307
10 0.41464088397790055 0.8002645502645502 0.0071823204419889505 0.031746031746031744
10 0.6270718232044199 0.8002645502645502 0.009944751381215469 0.03968253968253968
12 0.6107734806629834 0.8035714285714286 0.020441988950276244 0.041005291005291
1 0.6740331491712708 0.792989417989418 0.013259668508287293 0.056878306878306875
1 0.4066298342541437 0.83994708994709 0.0077348066298342545 0.031746031746031744
10 0.343646408839779 0.8505291005291006 0.0077348066298342545 0.0291005291005291
10 0.3516574585635359 0.8498677248677249 0.008287292817679558 0.03042328042328042
1 0.6574585635359116 0.798941798941799 0.015469613259668509 0.06084656084656084
10 0.3361878453038674 0.8538359788359788 0.0071823204419889505 0.03306878306878307
1 0.8983425414364641 0.7718253968253969 0.012154696132596685 0.04365079365079365
10 0.40828729281767956 0.8736772486772487 0.008839779005524863 0.03571428571428571
10 0.41629834254143644 0.8736772486772487 0.008287292817679558 0.03042328042328042
10 0.4312154696132597 0.8716931216931217 0.008287292817679558 0.03439153439153439
10 0.4240331491712707 0.873015873015873 0.0060773480662983425 0.031746031746031744
10 0.3994475138121547 0.8776455026455027 0.008839779005524863 0.03571428571428571
1 0.5961325966850829 0.8564814814814815 0.013259668508287293 0.04894179894179894
10 0.7223756906077348 0.8392857142857143 0.011602209944751382 0.04365079365079365
10 0.7897790055248619 0.8293650793650794 0.011602209944751382 0.042328042328042326
1 0.68646408839779 0.8478835978835979 0.018232044198895028 0.021164021164021163
5 0.3419889502762431 0.9451058201058201 0.03314917127071823 0.10449735449735449
12 0.6820441988950277 0.9047619047619048 0.062430939226519336 0.09788359788359788
1 0.8522099447513812 0.8783068783068783 0.01270718232044199 0.047619047619047616
1 0.86353591160221 0.876984126984127 0.011049723756906077 0.04497354497354497
1 0.7582872928176796 0.8955026455026455 0.011602209944751382 0.047619047619047616
1 0.7461325966850829 0.8981481481481481 0.01270718232044199 0.04497354497354497
12 0.8052486187845304 0.8928571428571429 0.04364640883977901 0.08994708994708994
10 0.7765193370165746 0.9292328042328042 0.018232044198895028 0.027777777777777776