1 0.4454613841524574 0.38556067588325654 0.01078234704112337 0.018433179723502304
1 0.4602557673019057 0.3966973886328725 0.01629889669007021 0.016897081413210446
1 0.5295887662988967 0.45314900153609833 0.007021063189568706 0.01228878648233487
1 0.5387412236710131 0.4608294930875576 0.010280842527582748 0.013056835637480798
1 0.546765295887663 0.46582181259600614 0.008274824473420261 0.013824884792626729
1 0.5248244734202607 0.4710061443932412 0.00802407221664995 0.013440860215053764
1 0.554914744232698 0.47215821812596004 0.01053159478435306 0.013440860215053764
1 0.5547893681043129 0.472926267281106 0.011785356068204614 0.012672811059907835
1 0.5369859578736209 0.48214285714285715 0.008776328986960883 0.011136712749615975
1 0.49661484453360083 0.4838709677419355 0.009277833500501504 0.013056835637480798
1 0.544383149448345 0.4871351766513057 0.009027081243731194 0.011136712749615975
10 0.48294884653961884 0.49174347158218124 0.008525576730190571 0.012672811059907835
1 0.552407221664995 0.494431643625192 0.006519558676028084 0.011904761904761904
10 0.4880892678034102 0.49635176651305685 0.006770310932798395 0.010368663594470046
1 0.5564192577733199 0.4975038402457757 0.007021063189568706 0.012672811059907835
1 0.4923520561685055 0.49980798771121354 0.008274824473420261 0.011136712749615975
1 0.5619358074222668 0.5015360983102919 0.007522567703109328 0.01228878648233487
1 0.5670762286860582 0.5046082949308756 0.008274824473420261 0.010752688172043012
10 0.5704613841524574 0.5084485407066052 0.008525576730190571 0.013824884792626729
10 0.5757271815446339 0.5113287250384024 0.007522567703109328 0.011904761904761904
5 0.46100802407221664 0.5130568356374808 0.01579739217652959 0.0314900153609831
10 0.5799899699097292 0.5140168970814132 0.01053159478435306 0.011904761904761904
1 0.4844533600802407 0.5207373271889401 0.009528585757271816 0.01152073732718894
1 0.5981695085255767 0.5316820276497696 0.007773319959879639 0.010368663594470046
10 0.4502256770310933 0.533410138248848 0.008776328986960883 0.010752688172043012
1 0.6325225677031093 0.5360983102918587 0.011283851554663993 0.014592933947772658
10 0.4543630892678034 0.5360983102918587 0.007021063189568706 0.01152073732718894
1 0.4793129388164494 0.5364823348694316 0.007271815446339017 0.009984639016897081
1 0.6051905717151455 0.5376344086021505 0.009779338014042127 0.010752688172043012
10 0.4593781344032096 0.5397465437788018 0.008525576730190571 0.009600614439324117
1 0.5678284854563691 0.5412826420890937 0.006770310932798395 0.010368663594470046
10 0.4464643931795386 0.5432027649769585 0.007271815446339017 0.010368663594470046
5 0.5208124373119358 0.5432027649769585 0.10381143430290872 0.14170506912442396
1 0.572592778335005 0.5449308755760369 0.008776328986960883 0.009216589861751152
10 0.4507271815446339 0.5464669738863287 0.007271815446339017 0.009216589861751152
1 0.6483199598796389 0.5487711213517665 0.014292878635907722 0.017665130568356373
10 0.45486459378134403 0.5501152073732719 0.007021063189568706 0.010368663594470046
1 0.45912738214643933 0.5524193548387096 0.006018054162487462 0.010368663594470046
1 0.6228686058174524 0.5526113671274961 0.011534603811434303 0.013824884792626729
10 0.4430792377131394 0.5547235023041475 0.007021063189568706 0.011136712749615975
10 0.4625125376128385 0.5558755760368663 0.006770310932798395 0.009600614439324117
10 0.44684052156469406 0.5574116743471582 0.006018054162487462 0.010368663594470046
1 0.5614343029087262 0.5587557603686636 0.007522567703109328 0.01228878648233487
10 0.46690070210631895 0.5589477726574501 0.008525576730190571 0.010368663594470046
10 0.4506018054162487 0.559331797235023 0.006018054162487462 0.010368663594470046
1 0.5670762286860582 0.5604838709677419 0.008274824473420261 0.009600614439324117
10 0.4374373119358074 0.5631720430107527 0.009277833500501504 0.014976958525345621
10 0.4543630892678034 0.5631720430107527 0.00802407221664995 0.011904761904761904
10 0.44332998996990974 0.5683563748079877 0.00802407221664995 0.01152073732718894
5 0.60481444332999 0.5698924731182796 0.05917753259779338 0.08755760368663594
10 0.44784353059177534 0.5716205837173579 0.008525576730190571 0.011904761904761904
1 0.47429789368104314 0.5773809523809523 0.009277833500501504 0.010368663594470046
1 0.5552908726178536 0.5785330261136713 0.0062688064192577735 0.011904761904761904
1 0.4828234704112337 0.5823732718894009 0.006770310932798395 0.011136712749615975
10 0.5591775325977933 0.5823732718894009 0.007522567703109328 0.011136712749615975
1 0.5751003009027081 0.5837173579109063 0.007271815446339017 0.010752688172043012
10 0.5634403209628887 0.5860215053763441 0.008525576730190571 0.010752688172043012
1 0.4867101303911735 0.5869815668202765 0.006519558676028084 0.011904761904761904
1 0.578234704112337 0.5875576036866359 0.006519558676028084 0.010752688172043012
10 0.5680792377131394 0.5887096774193549 0.008776328986960883 0.01228878648233487
10 0.4899699097291876 0.5894777265745008 0.008525576730190571 0.013056835637480798
1 0.5823721163490472 0.5912058371735791 0.0062688064192577735 0.008832565284178187
10 0.49498495486459376 0.5917818740399385 0.008525576730190571 0.01152073732718894
1 0.5865095285857572 0.5954301075268817 0.006519558676028084 0.011904761904761904
10 0.498370110330993 0.5958141321044547 0.007773319959879639 0.011136712749615975
1 0.5478936810431294 0.5975422427035331 0.006018054162487462 0.013056835637480798
10 0.5026328986960883 0.5981182795698925 0.007773319959879639 0.011136712749615975
1 0.5530341023069207 0.6008064516129032 0.006770310932798395 0.014976958525345621
1 0.5751003009027081 0.6008064516129032 0.009277833500501504 0.013440860215053764
10 0.506519558676028 0.6017665130568356 0.009528585757271816 0.010752688172043012
1 0.5097793380140421 0.6052227342549923 0.00802407221664995 0.010752688172043012
1 0.6013039117352056 0.6067588325652842 0.007522567703109328 0.013824884792626729
1 0.580616850551655 0.6071428571428571 0.006770310932798395 0.01228878648233487
1 0.5136659979939819 0.6084869431643625 0.007271815446339017 0.010368663594470046
10 0.583876629889669 0.6102150537634409 0.008776328986960883 0.01228878648233487
1 0.5178034102306921 0.6109831029185868 0.007522567703109328 0.010752688172043012
1 0.6074473420260782 0.6113671274961597 0.008776328986960883 0.010752688172043012
1 0.7259277833500501 0.6121351766513057 0.012537612838515547 0.013824884792626729
10 0.5878886659979939 0.6127112135176651 0.007773319959879639 0.009600614439324117
1 0.5216900702106319 0.613479262672811 0.007773319959879639 0.011136712749615975
1 0.6110832497492478 0.6144393241167435 0.007522567703109328 0.01228878648233487
10 0.5926529588766299 0.6161674347158218 0.009277833500501504 0.010368663594470046
1 0.6659979939819458 0.6167434715821812 0.015045135406218655 0.02227342549923195
1 0.6162236710130391 0.6175115207373272 0.009779338014042127 0.010752688172043012
1 0.5270812437311936 0.6180875576036866 0.01053159478435306 0.014208909370199693
1 0.5990471414242728 0.6226958525345622 0.009528585757271816 0.011136712749615975
1 0.671765295887663 0.6230798771121352 0.011534603811434303 0.024193548387096774
1 0.6376629889669007 0.6236559139784946 0.012537612838515547 0.021505376344086023
1 0.745110330992979 0.6238479262672811 0.009277833500501504 0.01804915514592934
1 0.606444332998997 0.6271121351766513 0.009277833500501504 0.010752688172043012
10 0.6575977933801405 0.6370967741935484 0.010280842527582748 0.01228878648233487
1 0.5342276830491475 0.6372887864823349 0.01328986960882648 0.01804915514592934
10 0.6618605817452357 0.6401689708141322 0.009277833500501504 0.009216589861751152
5 0.6458124373119358 0.6403609831029186 0.01880641925777332 0.03648233486943164
5 0.5801153460381143 0.6422811059907834 0.06344032096288867 0.06874039938556067
1 0.5416248746238717 0.6432411674347158 0.012537612838515547 0.02227342549923195
1 0.6560932798395186 0.6514976958525346 0.013791374122367101 0.019585253456221197
1 0.5517803410230692 0.6545698924731183 0.007271815446339017 0.011904761904761904
1 0.5550401203610833 0.657258064516129 0.007271815446339017 0.012672811059907835
1 0.5590521564694082 0.6610983102918587 0.007271815446339017 0.009600614439324117
1 0.5625626880641926 0.6649385560675883 0.008274824473420261 0.011904761904761904
10 0.6351554663991976 0.6676267281105991 0.009027081243731194 0.011136712749615975
10 0.6411735205616851 0.6693548387096774 0.008525576730190571 0.013056835637480798
1 0.6496990972918756 0.6710829493087558 0.012537612838515547 0.01804915514592934
1 0.6206118355065195 0.673963133640553 0.014543630892678034 0.021505376344086023
1 0.5777331995987964 0.6764592933947773 0.00802407221664995 0.014976958525345621
1 0.5832497492477432 0.6806835637480799 0.007522567703109328 0.013440860215053764
1 0.03146940822467402 0.06835637480798772 0.005767301905717151 0.013824884792626729
1 0.5875125376128385 0.684715821812596 0.007021063189568706 0.010752688172043012
1 0.5922768304914744 0.6874039938556068 0.007522567703109328 0.010752688172043012
1 0.6430541624874624 0.6922043010752689 0.014794383149448346 0.027265745007680493
1 0.650827482447342 0.6985407066052227 0.01579739217652959 0.023809523809523808
10 0.035356068204613844 0.07085253456221198 0.007522567703109328 0.011136712749615975
10 0.7471163490471414 0.7092933947772657 0.009779338014042127 0.010752688172043012
1 0.7546389167502507 0.7092933947772657 0.012788365095285857 0.018433179723502304
1 0.7301905717151455 0.712173579109063 0.009027081243731194 0.014976958525345621
10 0.7352056168505516 0.7156298003072197 0.007522567703109328 0.010368663594470046
10 0.7384653961885657 0.7190860215053764 0.007522567703109328 0.009600614439324117
10 0.7424774322968907 0.7223502304147466 0.006018054162487462 0.009984639016897081
10 0.7466148445336008 0.7258064516129032 0.007773319959879639 0.01152073732718894
1 0.7851053159478435 0.7258064516129032 0.015045135406218655 0.02304147465437788
10 0.7501253761283851 0.7273425499231951 0.009277833500501504 0.01152073732718894
5 0.7273069207622869 0.7290706605222734 0.014794383149448346 0.01651305683563748
1 0.7938816449348044 0.7313748079877113 0.016549648946840523 0.021889400921658985
10 0.03974423269809428 0.07373271889400922 0.006770310932798395 0.01152073732718894
1 0.7349548645937813 0.7357910906298003 0.01354062186559679 0.021505376344086023
10 0.7096288866599799 0.7379032258064516 0.00802407221664995 0.01574500768049155
10 0.7136409227683049 0.7419354838709677 0.00802407221664995 0.01228878648233487
1 0.7191574724172518 0.7482718894009217 0.012537612838515547 0.01881720430107527
1 0.8768806419257773 0.7486559139784946 0.011033099297893681 0.014208909370199693
1 0.77820962888666 0.7496159754224271 0.01579739217652959 0.023809523809523808
10 0.8807673019057172 0.7521121351766513 0.010280842527582748 0.011904761904761904
10 0.8847793380140421 0.755184331797235 0.01078234704112337 0.012672811059907835
1 0.7868605817452357 0.7569124423963134 0.01354062186559679 0.02304147465437788
5 0.7305667001003009 0.7576804915514593 0.015295887662988967 0.02304147465437788
10 0.8882898696088265 0.7580645161290323 0.008274824473420261 0.010752688172043012
1 0.7947592778335005 0.761136712749616 0.014292878635907722 0.020737327188940093
10 0.8920511534603811 0.7620967741935484 0.011283851554663993 0.011904761904761904
10 0.8969408224674023 0.7645929339477726 0.00802407221664995 0.009984639016897081
1 0.8767552657973922 0.7665130568356375 0.008274824473420261 0.01152073732718894
1 0.8029087261785356 0.7668970814132104 0.017051153460381142 0.020737327188940093
10 0.9002006018054163 0.7682411674347158 0.00802407221664995 0.009600614439324117
1 0.7095035105315948 0.7682411674347158 0.010280842527582748 0.01651305683563748
1 0.7705616850551655 0.7695852534562212 0.013039117352056168 0.018433179723502304
1 0.8800150451354062 0.7703533026113671 0.009277833500501504 0.01152073732718894
10 0.9044633901705116 0.7713133640552995 0.009528585757271816 0.011136712749615975
10 0.7136409227683049 0.7724654377880185 0.011033099297893681 0.011904761904761904
1 0.8849047141424273 0.7726574500768049 0.009528585757271816 0.01152073732718894
1 0.9092276830491475 0.7747695852534562 0.009027081243731194 0.011136712749615975
1 0.7186559679037111 0.7757296466973886 0.008525576730190571 0.01228878648233487
1 0.8885406218655968 0.7755376344086021 0.006770310932798395 0.010368663594470046
10 0.7222918756268807 0.7776497695852534 0.009779338014042127 0.010752688172043012
10 0.9127382146439318 0.77784178187404 0.007522567703109328 0.009600614439324117
1 0.892678034102307 0.7789938556067588 0.00802407221664995 0.012672811059907835
10 0.043630892678034106 0.07814900153609831 0.008525576730190571 0.010368663594470046
10 0.916875626880642 0.7803379416282642 0.008776328986960883 0.008448540706605223
10 0.7259277833500501 0.7812980030721967 0.011033099297893681 0.011904761904761904
1 0.7857321965897693 0.7820660522273426 0.014292878635907722 0.01881720430107527
1 0.7308174523570712 0.7836021505376344 0.007271815446339017 0.012672811059907835
10 0.9213891675025075 0.7839861751152074 0.010280842527582748 0.009600614439324117
10 0.8106820461384152 0.7855222734254992 0.009528585757271816 0.012672811059907835
1 0.7342026078234705 0.7874423963133641 0.007522567703109328 0.009600614439324117
10 0.8402708124373119 0.7882104454685099 0.00802407221664995 0.011136712749615975
10 0.9247743229689067 0.7882104454685099 0.009528585757271816 0.011136712749615975
10 0.9285356068204614 0.7893625192012289 0.008525576730190571 0.009600614439324117
10 0.8452858575727181 0.7897465437788018 0.00802407221664995 0.012672811059907835
1 0.7647943831494484 0.7903225806451613 0.0160481444332999 0.016129032258064516
10 0.7372116349047142 0.7908986175115207 0.008525576730190571 0.011136712749615975
1 0.9086008024072216 0.7932027649769585 0.008274824473420261 0.013440860215053764
10 0.8481695085255767 0.793394777265745 0.007271815446339017 0.01228878648233487
10 0.9326730190571715 0.793778801843318 0.007773319959879639 0.009984639016897081
1 0.9529839518555667 0.7939708141321045 0.007271815446339017 0.012672811059907835
10 0.7413490471414242 0.794162826420891 0.008776328986960883 0.01152073732718894
1 0.9121113340020061 0.7953149001536098 0.008274824473420261 0.01228878648233487
1 0.8025325977933802 0.7956989247311828 0.009779338014042127 0.01152073732718894
10 0.8525576730190572 0.7966589861751152 0.008525576730190571 0.012672811059907835
1 0.9562437311935807 0.7966589861751152 0.008274824473420261 0.011136712749615975
10 0.9361835506519559 0.7968509984639017 0.008776328986960883 0.009216589861751152
10 0.7452357071213641 0.7972350230414746 0.009528585757271816 0.013824884792626729
1 0.8370110330992979 0.79857910906298 0.010030090270812437 0.014976958525345621
1 0.9158726178535607 0.7991551459293394 0.007773319959879639 0.013824884792626729
10 0.9408224674022067 0.7997311827956989 0.008525576730190571 0.011136712749615975
10 0.8568204613841525 0.7999231950844854 0.00802407221664995 0.014592933947772658
1 0.7507522567703109 0.8003072196620584 0.009528585757271816 0.014592933947772658
1 0.9205115346038114 0.8012672811059908 0.00802407221664995 0.012672811059907835
1 0.7797141424272819 0.8010752688172043 0.014794383149448346 0.021505376344086023
10 0.8406469408224674 0.8014592933947773 0.00802407221664995 0.01152073732718894
10 0.8608324974924775 0.8018433179723502 0.009027081243731194 0.01152073732718894
5 0.8065446339017052 0.8018433179723502 0.01328986960882648 0.017665130568356373
1 0.9440822467402207 0.8028033794162827 0.00802407221664995 0.008832565284178187
1 0.9240220661985958 0.804147465437788 0.007522567703109328 0.010752688172043012
10 0.7842276830491475 0.804915514592934 0.008776328986960883 0.01228878648233487
10 0.8449097291875627 0.8052995391705069 0.007271815446339017 0.010752688172043012
1 0.8138164493480441 0.8058755760368663 0.008776328986960883 0.01804915514592934
10 0.8640922768304915 0.8066436251920123 0.009528585757271816 0.011904761904761904
1 0.9276579739217653 0.8070276497695853 0.008776328986960883 0.012672811059907835
10 0.8184553660982948 0.809331797235023 0.010030090270812437 0.012672811059907835
10 0.8485456369107321 0.809331797235023 0.007522567703109328 0.011136712749615975
1 0.9527331995987964 0.810099846390169 0.009779338014042127 0.011904761904761904
10 0.04789368104312939 0.08102918586789555 0.009027081243731194 0.01152073732718894
1 0.9315446339017052 0.8106758832565284 0.009528585757271816 0.010752688172043012
10 0.8223420260782347 0.8122119815668203 0.009779338014042127 0.015360983102918587
10 0.8519307923771314 0.8125960061443932 0.008274824473420261 0.009984639016897081
1 0.792753259779338 0.8131720430107527 0.008274824473420261 0.01651305683563748
1 0.936308926780341 0.8139400921658986 0.009528585757271816 0.010368663594470046
1 0.7976429287863591 0.815284178187404 0.00802407221664995 0.015360983102918587
10 0.855692076228686 0.8166282642089093 0.009779338014042127 0.012672811059907835
1 0.8309929789368105 0.8177803379416283 0.010030090270812437 0.013440860215053764
1 0.8021564694082247 0.8179723502304147 0.007522567703109328 0.013056835637480798
10 0.8602056168505516 0.8183563748079877 0.006770310932798395 0.009984639016897081
10 0.8066700100300903 0.821236559139785 0.008525576730190571 0.014976958525345621
10 0.8630892678034102 0.8220046082949308 0.008525576730190571 0.009600614439324117
10 0.8673520561685055 0.8245007680491552 0.006519558676028084 0.013056835637480798
1 0.8387662988966901 0.8250768049155146 0.008525576730190571 0.01651305683563748
10 0.8100551654964895 0.82642089093702 0.01078234704112337 0.01228878648233487
1 0.8724924774322969 0.8289170506912442 0.011785356068204614 0.012672811059907835
1 0.8254764292878636 0.8333333333333334 0.009027081243731194 0.01228878648233487
5 0.844282848545637 0.8358294930875576 0.02156469408224674 0.032642089093702
10 0.853184553660983 0.8379416282642089 0.008776328986960883 0.01228878648233487
1 0.8343781344032096 0.8396697388632872 0.007773319959879639 0.011136712749615975
10 0.8581995987963892 0.8404377880184332 0.007773319959879639 0.011136712749615975
1 0.8619608826479438 0.8435099846390169 0.008776328986960883 0.011136712749615975
10 0.051529588766298894 0.08486943164362519 0.007773319959879639 0.01152073732718894
10 0.8659729187562688 0.8460061443932412 0.008525576730190571 0.013056835637480798
1 0.8699849548645938 0.8502304147465438 0.008274824473420261 0.013824884792626729
10 0.8482948846539619 0.8519585253456221 0.00802407221664995 0.009600614439324117
1 0.8738716148445336 0.8550307219662059 0.00802407221664995 0.012672811059907835
10 0.8529338014042126 0.8552227342549923 0.008274824473420261 0.01228878648233487
10 0.8785105315947843 0.8563748079877113 0.0062688064192577735 0.01228878648233487
1 0.8571965897693079 0.8577188940092166 0.008274824473420261 0.011904761904761904
10 0.8607071213640923 0.8609831029185868 0.007271815446339017 0.013056835637480798
1 0.881519558676028 0.8611751152073732 0.009277833500501504 0.012672811059907835
1 0.8644684052156469 0.8636712749615976 0.007773319959879639 0.01152073732718894
1 0.8689819458375125 0.8669354838709677 0.007773319959879639 0.014976958525345621
1 0.05604312938816449 0.08717357910906298 0.007271815446339017 0.015360983102918587
10 0.8738716148445336 0.8713517665130568 0.008525576730190571 0.010752688172043012
5 0.8879137412236711 0.8721198156682027 0.025075225677031094 0.03302611367127496
10 0.8980692076228686 0.8730798771121352 0.010280842527582748 0.013440860215053764
1 0.8780090270812437 0.875768049155146 0.011785356068204614 0.011904761904761904
10 0.9023319959879639 0.8765360983102919 0.009277833500501504 0.013440860215053764
10 0.8928034102306921 0.8853686635944701 0.007773319959879639 0.009600614439324117
10 0.8971915747241725 0.8894009216589862 0.007522567703109328 0.008448540706605223
1 0.03447843530591775 0.08928571428571429 0.008776328986960883 0.013440860215053764
1 0.039368104312938815 0.09024577572964669 0.004513540621865597 0.019969278033794162
10 0.06055667001003009 0.0913978494623656 0.007773319959879639 0.01152073732718894
1 0.043505516549648945 0.09427803379416283 0.007773319959879639 0.013440860215053764
10 0.06494483450351053 0.09581413210445469 0.010030090270812437 0.011136712749615975
1 0.04626379137412237 0.09773425499231951 0.009779338014042127 0.014208909370199693
10 0.06807923771313942 0.09869431643625191 0.008274824473420261 0.010752688172043012
10 0.07221664994984955 0.10080645161290322 0.007522567703109328 0.010368663594470046
1 0.055792377131394184 0.10483870967741936 0.0062688064192577735 0.016897081413210446
10 0.07610330992978936 0.10483870967741936 0.007773319959879639 0.01228878648233487
10 0.0802407221664995 0.10714285714285714 0.009528585757271816 0.009216589861751152
1 0.05892678034102307 0.10848694316436253 0.009528585757271816 0.012672811059907835
10 0.08400200601805416 0.11040706605222735 0.006519558676028084 0.011904761904761904
1 0.0633149448345035 0.11175115207373272 0.008776328986960883 0.010752688172043012
10 0.08776328986960882 0.11386328725038403 0.008525576730190571 0.009600614439324117
1 0.0667001003009027 0.11501536098310292 0.01053159478435306 0.009600614439324117
1 0.09215145436308927 0.11635944700460829 0.006770310932798395 0.016897081413210446
1 0.070962888665998 0.11789554531490015 0.011033099297893681 0.013824884792626729
1 0.07610330992978936 0.12211981566820276 0.011283851554663993 0.009984639016897081
1 0.07986459378134403 0.12423195084485407 0.009277833500501504 0.010368663594470046
1 0.08487963891675025 0.12672811059907835 0.009779338014042127 0.013056835637480798
1 0.1607321965897693 0.1541858678955453 0.009528585757271816 0.01881720430107527
1 0.12637913741223672 0.1597542242703533 0.00802407221664995 0.014592933947772658
10 0.13089267803410232 0.16359447004608296 0.009528585757271816 0.009984639016897081
1 0.17778335005015045 0.16609062980030723 0.008525576730190571 0.024961597542242704
1 0.1213640922768305 0.17204301075268819 0.00802407221664995 0.013824884792626729
10 0.14255265797392178 0.17261904761904762 0.007773319959879639 0.011136712749615975
5 0.1354062186559679 0.17357910906298002 0.015546639919759278 0.026881720430107527
1 0.14731695085255767 0.17626728110599077 0.008274824473420261 0.013824884792626729
10 0.1272567703109328 0.17665130568356374 0.008274824473420261 0.010752688172043012
10 0.13841524573721165 0.18509984639016897 0.006519558676028084 0.008448540706605223
1 0.14267803410230692 0.18644393241167434 0.009528585757271816 0.014208909370199693
1 0.17464894684052157 0.19815668202764977 0.013791374122367101 0.026881720430107527
10 0.19257773319959878 0.20295698924731181 0.010030090270812437 0.01651305683563748
1 0.18192076228686058 0.2064132104454685 0.01328986960882648 0.024961597542242704
10 0.19646439317953862 0.20833333333333334 0.009277833500501504 0.011136712749615975
10 0.2012286860581745 0.2119815668202765 0.009779338014042127 0.014592933947772658
10 0.20536609829488464 0.21447772657450076 0.010030090270812437 0.014208909370199693
1 0.18756268806419257 0.21505376344086022 0.00802407221664995 0.014592933947772658
1 0.19220160481444332 0.21793394777265745 0.008274824473420261 0.014976958525345621
10 0.21013039117352056 0.21850998463901689 0.010030090270812437 0.013056835637480798
1 0.24310431293881646 0.21870199692780337 0.011283851554663993 0.019585253456221197
10 0.21464393179538616 0.2208141321044547 0.010030090270812437 0.015360983102918587
1 0.19709127382146438 0.2217741935483871 0.009027081243731194 0.01651305683563748
10 0.21890672016048143 0.2252304147465438 0.009027081243731194 0.013440860215053764
1 0.20110330992978936 0.22676651305683565 0.007522567703109328 0.014976958525345621
10 0.22304413239719156 0.22964669738863286 0.008776328986960883 0.013056835637480798
1 0.2573971915747242 0.23099078341013826 0.012788365095285857 0.01728110599078341
1 0.21013039117352056 0.23291090629800307 0.007522567703109328 0.013440860215053764
10 0.22768304914744233 0.23329493087557604 0.008525576730190571 0.012672811059907835
1 0.2147693079237713 0.23655913978494625 0.006770310932798395 0.016897081413210446
10 0.23156970912738215 0.23751920122887865 0.008274824473420261 0.011904761904761904
1 0.23683550651955868 0.24001536098310292 0.008274824473420261 0.01152073732718894
10 0.24109829488465395 0.24404761904761904 0.008274824473420261 0.010368663594470046
1 0.22254262788365095 0.24423963133640553 0.009277833500501504 0.015360983102918587
1 0.22793380140421263 0.24731182795698925 0.005516549648946841 0.017665130568356373
10 0.24511033099297894 0.2478878648233487 0.008776328986960883 0.013440860215053764
1 0.23319959879638916 0.25057603686635943 0.008525576730190571 0.014208909370199693
10 0.24987462387161485 0.25172811059907835 0.007271815446339017 0.013440860215053764
10 0.2545135406218656 0.25518433179723504 0.009027081243731194 0.011904761904761904
1 0.23683550651955868 0.2553763440860215 0.008776328986960883 0.010752688172043012
10 0.2587763289869609 0.25806451612903225 0.008525576730190571 0.013056835637480798
1 0.2404714142427282 0.2594086021505376 0.010030090270812437 0.011136712749615975
10 0.26391675025075223 0.2622887864823349 0.007773319959879639 0.01228878648233487
1 0.24623871614844534 0.2632488479262673 0.011033099297893681 0.014208909370199693
10 0.2684302908726178 0.266705069124424 0.008274824473420261 0.013440860215053764
1 0.25401203610832496 0.2695852534562212 0.01053159478435306 0.015360983102918587
10 0.272567703109328 0.2695852534562212 0.008525576730190571 0.013056835637480798
1 0.2599047141424273 0.2726574500768049 0.009277833500501504 0.014592933947772658
10 0.2770812437311936 0.2726574500768049 0.009027081243731194 0.013056835637480798
10 0.2813440320962889 0.27534562211981567 0.00802407221664995 0.01152073732718894
1 0.2671765295887663 0.28072196620583717 0.009779338014042127 0.01152073732718894
1 0.272567703109328 0.28456221198156684 0.009027081243731194 0.01228878648233487
1 0.27795887662988966 0.2880184331797235 0.009779338014042127 0.01228878648233487
1 0.34954864593781343 0.30817972350230416 0.011033099297893681 0.012672811059907835
1 0.36672517552657974 0.32085253456221197 0.011785356068204614 0.01574500768049155
1 0.43480441323971913 0.3780721966205837 0.012036108324974924 0.013440860215053764
10 0.4405717151454363 0.380568356374808 0.010030090270812437 0.01228878648233487