1 0.06636271529888552 0.2107843137254902 0.03242147922998987 0.10457516339869281
1 0.7771023302938197 0.08660130718954248 0.020263424518743668 0.06862745098039216
1 0.2750759878419453 0.2246732026143791 0.03242147922998987 0.08006535947712418
1 0.35131712259371833 0.22875816993464052 0.016717325227963525 0.06535947712418301
1 0.08915906788247213 0.3047385620915033 0.019250253292806486 0.06045751633986928
2 0.5592705167173252 0.20669934640522875 0.044579533941236066 0.35130718954248363
1 0.05192502532928065 0.3243464052287582 0.022796352583586626 0.06699346405228758
1 0.11499493414387031 0.3292483660130719 0.015197568389057751 0.06045751633986928
1 0.3163627152988855 0.3088235294117647 0.024822695035460994 0.06862745098039216
5 0.4379432624113475 0.2900326797385621 0.08358662613981763 0.19444444444444445
1 0.34498480243161095 0.31290849673202614 0.02127659574468085 0.07679738562091504
1 0.7801418439716312 0.2181372549019608 0.02330293819655522 0.06699346405228758
5 0.2198581560283688 0.4117647058823529 0.0851063829787234 0.22549019607843138
1 0.13551165146909827 0.4362745098039216 0.014690982776089158 0.05228758169934641
2 0.6545086119554204 0.3790849673202614 0.0668693009118541 0.7320261437908496
2 0.8353596757852076 0.3415032679738562 0.06484295845997974 0.6830065359477124
2 0.7358156028368794 0.37745098039215685 0.06534954407294832 0.7156862745098039
1 0.4267983789260385 0.4714052287581699 0.02684903748733536 0.08333333333333333
1 0.13753799392097266 0.5383986928104575 0.01773049645390071 0.05065359477124183
1 0.15881458966565348 0.5629084967320261 0.016717325227963525 0.05065359477124183
1 0.2806484295845998 0.5490196078431373 0.0243161094224924 0.0784313725490196
1 0.17831813576494426 0.5735294117647058 0.015197568389057751 0.05228758169934641
1 0.477710233029382 0.5294117647058824 0.02330293819655522 0.0718954248366013
1 0.12411347517730496 0.6397058823529411 0.0243161094224924 0.06372549019607843
1 0.09853090172239108 0.6527777777777778 0.024822695035460994 0.08333333333333333
1 0.24468085106382978 0.6266339869281046 0.015197568389057751 0.03758169934640523
1 0.06281661600810537 0.6691176470588235 0.022289766970618033 0.07352941176470588
1 0.2132725430597771 0.636437908496732 0.013171225937183385 0.04738562091503268
1 0.17831813576494426 0.6544117647058824 0.02634245187436677 0.07026143790849673
1 0.910081053698075 0.5138888888888888 0.03292806484295846 0.08660130718954248
2 0.19706180344478216 0.12663398692810457 0.05572441742654509 0.09967320261437909
1 0.26595744680851063 0.6887254901960784 0.022289766970618033 0.07352941176470588
1 0.09270516717325228 0.7540849673202614 0.02634245187436677 0.07679738562091504
2 0.3923505572441743 0.09967320261437909 0.05825734549138804 0.07516339869281045
1 0.8325734549138805 0.7679738562091504 0.025835866261398176 0.0915032679738562
2 0.6200607902735562 0.9142156862745098 0.09219858156028368 0.07679738562091504
1 0.7051671732522796 0.8962418300653595 0.0182370820668693 0.07026143790849673
1 0.8353596757852076 0.8758169934640523 0.031408308004052685 0.08496732026143791
1 0.31357649442755825 0.14624183006535948 0.014184397163120567 0.04411764705882353