1 0.0843801201529219 0.11534154535274356 0.008738394320043691 0.020156774916013438
1 0.19292736209721464 0.11982082866741321 0.009011469142545057 0.01791713325867861
1 0.3488530857454943 0.12094064949608063 0.008465319497542327 0.020156774916013438
1 0.5043691971600218 0.12318029115341546 0.009284543965046422 0.015677491601343786
1 0.9620425996723102 0.12877939529675253 0.008738394320043691 0.020156774916013438
10 0.052566903331512836 0.17413213885778275 0.00354997269251775 0.03471444568868981
10 0.026215182960131075 0.17413213885778275 0.0070999453850355 0.0167973124300112
1 0.04874385581649372 0.17413213885778275 0.0024576734025122883 0.036954087346024636
10 0.04451119606772255 0.17525195968645016 0.0038230475150191155 0.032474804031354984
10 0.05638995084653195 0.17581187010078386 0.00354997269251775 0.03135498320268757
1 0.0607591480065538 0.17525195968645016 0.004096122337520481 0.03471444568868981
10 0.04929000546149645 0.17525195968645016 0.003003823047515019 0.03471444568868981
10 0.01624795193883124 0.1797312430011198 0.01119606772255598 0.03919372900335946
10 0.026624795193883125 0.1937290033594625 0.007373020207536865 0.015677491601343786
1 0.3147187329328236 0.1959686450167973 0.008465319497542327 0.03135498320268757
1 0.4684598580010923 0.196528555431131 0.008465319497542327 0.02127659574468085
1 0.15592572364827964 0.196528555431131 0.009830693610049153 0.032474804031354984
10 0.1837793555434189 0.2038073908174692 0.015292190060076462 0.02463605823068309
10 0.9498907700709994 0.2043673012318029 0.003003823047515019 0.027995520716685332
10 0.9322774440196614 0.2043673012318029 0.015838339705079193 0.030235162374020158
1 0.94401966138722 0.20548712206047032 0.0070999453850355 0.023516237402015677
1 0.3285090114691425 0.20604703247480402 0.014199890770071 0.026875699888017916
1 0.9220371381758602 0.20604703247480402 0.004642271982523211 0.03135498320268757
1 0.014063353358820316 0.2116461366181411 0.008465319497542327 0.020156774916013438
10 0.14322774440196614 0.23572228443449048 0.01720371381758602 0.032474804031354984
1 0.2924631348989623 0.24188129899216126 0.014199890770071 0.02463605823068309
1 0.9474330966684872 0.251959686450168 0.035226652102676136 0.060470324748040316
10 0.8884489350081922 0.2536394176931691 0.007373020207536865 0.03919372900335946
1 0.5297651556526488 0.31075027995520715 0.007646095030038231 0.012318029115341545
1 0.5299016930638996 0.3281075027995521 0.008465319497542327 0.020156774916013438
1 0.5577553249590388 0.33426651735722285 0.008465319497542327 0.014557670772676373
10 0.573593664664118 0.33986562150055993 0.008465319497542327 0.02127659574468085
1 0.5299016930638996 0.34658454647256437 0.008465319497542327 0.02127659574468085
1 0.557618787547788 0.3505039193729003 0.006007646095030038 0.015677491601343786
1 0.5920262151829602 0.3572228443449048 0.012561441835062807 0.03583426651735722
10 0.5289459311851448 0.3661814109742441 0.006553795740032769 0.013437849944008958
1 0.613189513926816 0.3684210526315789 0.01119606772255598 0.0335946248600224
1 0.5296286182413982 0.3824188129899216 0.007373020207536865 0.0167973124300112
1 0.5918896777717094 0.3885778275475924 0.013926815947569634 0.040313549832026875
10 0.557618787547788 0.3902575587905935 0.006553795740032769 0.06382978723404255
1 0.5753686510103768 0.39473684210526316 0.015292190060076462 0.048152295632698766
10 0.5296286182413982 0.39585666293393057 0.006280720917531403 0.012318029115341545
1 0.6358547241944292 0.40313549832026874 0.003003823047515019 0.029115341545352745
10 0.6395412342981978 0.40425531914893614 0.002730748225013654 0.026875699888017916
10 0.64800655379574 0.40369540873460247 0.0032768978700163844 0.032474804031354984
1 0.6443200436919716 0.40425531914893614 0.003003823047515019 0.026875699888017916
1 0.6189240851993446 0.4087346024636058 0.02430365920262152 0.051511758118701005
1 0.5301747678864008 0.41209406494960804 0.006280720917531403 0.015677491601343786
1 0.6556526488257782 0.41097424412094063 0.0032768978700163844 0.040313549832026875
10 0.5293555434188968 0.42889137737961924 0.006826870562534134 0.011198208286674132
10 0.6691698525395958 0.44344904815229563 0.006280720917531403 0.015677491601343786
1 0.5294920808301474 0.44344904815229563 0.007646095030038231 0.01791713325867861
10 0.6000819224467504 0.4490481522956327 0.01119606772255598 0.01791713325867861
10 0.6544238121245222 0.4501679731243001 0.00354997269251775 0.029115341545352745
1 0.5798743855816494 0.45352743561030234 0.023757509557618788 0.05823068309070549
10 0.5577553249590388 0.45576707726763716 0.006280720917531403 0.0425531914893617
10 0.5293555434188968 0.46136618141097424 0.006826870562534134 0.013437849944008958
10 0.6688967777170944 0.46472564389697646 0.007373020207536865 0.015677491601343786
1 0.5299016930638996 0.4764837625979843 0.006280720917531403 0.0167973124300112
1 0.6459584926269798 0.47816349384098544 0.005188421627525942 0.03807390817469205
1 0.6388585472419442 0.4798432250839866 0.004642271982523211 0.04143337066069429
10 0.5293555434188968 0.49272116461366183 0.007373020207536865 0.013437849944008958
1 0.6607045330420536 0.49496080627099664 0.005188421627525942 0.04703247480403135
1 0.6697160021845986 0.4966405375139978 0.005188421627525942 0.04591265397536394
10 0.733615510649918 0.5005599104143337 0.00354997269251775 0.02463605823068309
1 0.5895685417804478 0.5055991041433371 0.007646095030038231 0.0167973124300112
1 0.5297651556526488 0.5067189249720044 0.0070999453850355 0.014557670772676373
10 0.5577553249590388 0.509518477043673 0.006280720917531403 0.055991041433370664
10 0.7472692517749864 0.5128779395296752 0.009011469142545057 0.020156774916013438
1 0.587383943200437 0.5195968645016797 0.02949208083014746 0.05375139977603583
10 0.528809393773894 0.5251959686450168 0.006280720917531403 0.011198208286674132
10 0.7340251228836702 0.5369540873460247 0.004915346805024577 0.030235162374020158
10 0.7454942654287274 0.5369540873460247 0.0032768978700163844 0.03471444568868981
10 0.757782632441289 0.5375139977603584 0.007646095030038231 0.029115341545352745
1 0.529219006007646 0.5386338185890257 0.006553795740032769 0.015677491601343786
10 0.6400873839432004 0.5397536394176932 0.007646095030038231 0.020156774916013438
1 0.7497269251774986 0.5414333706606943 0.00354997269251775 0.023516237402015677
1 0.6499180775532496 0.5436730123180291 0.007646095030038231 0.02127659574468085
10 0.5290824685963954 0.5559910414333706 0.006826870562534134 0.010078387458006719
1 0.5962588749317312 0.5643896976483762 0.01119606772255598 0.022396416573348264
1 0.5297651556526488 0.5716685330347144 0.0070999453850355 0.019036954087346025
10 0.6559257236482796 0.5750279955207167 0.004369197160021846 0.027995520716685332
1 0.7393500819224468 0.5755879059350504 0.00354997269251775 0.029115341545352745
1 0.7472692517749864 0.5755879059350504 0.01119606772255598 0.026875699888017916
1 0.5969415619879848 0.5862262038073908 0.010376843255051884 0.02127659574468085
10 0.5293555434188968 0.5873460246360582 0.006280720917531403 0.012318029115341545
1 0.5299016930638996 0.6013437849944009 0.005188421627525942 0.015677491601343786
1 0.5983069361004916 0.606942889137738 0.006553795740032769 0.020156774916013438
1 0.6701256144183506 0.6091825307950728 0.007646095030038231 0.01791713325867861
10 0.5297651556526488 0.6192609182530795 0.006553795740032769 0.01791713325867861
10 0.5984434735117422 0.6293393057110862 0.006826870562534134 0.01791713325867861
1 0.670808301474604 0.6304591265397537 0.009557618787547788 0.026875699888017916
1 0.5290824685963954 0.6349384098544233 0.005734571272528673 0.013437849944008958
10 0.5290824685963954 0.6511758118701008 0.005734571272528673 0.012318029115341545
1 0.6163298743855816 0.6528555431131019 0.010376843255051884 0.01791713325867861
1 0.5980338612779902 0.6534154535274356 0.006553795740032769 0.030235162374020158
1 0.5290824685963954 0.6690929451287794 0.005734571272528673 0.012318029115341545
10 0.642818132168214 0.6702127659574468 0.012015292190060076 0.05711086226203808
1 0.6163298743855816 0.6730123180291153 0.010376843255051884 0.01791713325867861
10 0.5922992900054614 0.6730123180291153 0.004369197160021846 0.026875699888017916
10 0.5980338612779902 0.6791713325867861 0.007646095030038231 0.019036954087346025
10 0.5290824685963954 0.6842105263157895 0.005734571272528673 0.011198208286674132
1 0.6179683233205898 0.6914893617021277 0.005461496450027308 0.012318029115341545
1 0.6698525395958492 0.696528555431131 0.0070999453850355 0.01791713325867861
1 0.5293555434188968 0.6982082866741322 0.006280720917531403 0.010078387458006719
10 0.5290824685963954 0.7127659574468085 0.005734571272528673 0.012318029115341545
1 0.529219006007646 0.7312430011198209 0.0070999453850355 0.015677491601343786
10 0.6856908793009284 0.7318029115341546 0.0070999453850355 0.02127659574468085
1 0.6732659748771164 0.7413213885778276 0.01119606772255598 0.040313549832026875
1 0.792599672310213 0.7418812989921613 0.011742217367558712 0.019036954087346025
10 0.528809393773894 0.7469204927211646 0.005188421627525942 0.013437849944008958
10 0.6859639541234298 0.7497200447928332 0.006553795740032769 0.02127659574468085
10 0.6182413981430912 0.7497200447928332 0.0070999453850355 0.012318029115341545
10 0.5574822501365374 0.7603583426651735 0.006280720917531403 0.17469204927211646
10 0.7931458219552158 0.7625979843225084 0.01064991807755325 0.01791713325867861
1 0.529219006007646 0.7631578947368421 0.006007646095030038 0.012318029115341545
1 0.6377662479519388 0.7637178051511758 0.008465319497542327 0.01791713325867861
10 0.6291643910431458 0.7659574468085106 0.006553795740032769 0.01791713325867861
10 0.708219552157291 0.7687569988801791 0.006280720917531403 0.0683090705487122
1 0.7721190606226106 0.7726763717805151 0.009011469142545057 0.04703247480403135
1 0.6632987438558164 0.7771556550951848 0.0070999453850355 0.015677491601343786
10 0.529219006007646 0.7788353863381859 0.0070999453850355 0.014557670772676373
10 0.6288913162206444 0.7793952967525196 0.006553795740032769 0.015677491601343786
10 0.6374931731294374 0.7816349384098544 0.006826870562534134 0.015677491601343786
1 0.721190606226106 0.7883538633818589 0.008738394320043691 0.04703247480403135
1 0.529219006007646 0.7961926091825308 0.006007646095030038 0.011198208286674132
10 0.6384489350081922 0.7973124300111982 0.006553795740032769 0.013437849944008958
1 0.6616602949208084 0.799552071668533 0.012015292190060076 0.02463605823068309
10 0.7943746586564718 0.8073908174692049 0.007646095030038231 0.07166853303471445
10 0.5293555434188968 0.8107502799552072 0.006826870562534134 0.011198208286674132
10 0.628618241398143 0.812989921612542 0.007646095030038231 0.015677491601343786
1 0.5289459311851448 0.8247480403135499 0.006553795740032769 0.014557670772676373
10 0.7816766794101584 0.8275475923852184 0.006826870562534134 0.040313549832026875
1 0.628208629164391 0.8286674132138858 0.006826870562534134 0.020156774916013438
10 0.6372200983069362 0.8292273236282195 0.006280720917531403 0.0167973124300112
10 0.5296286182413982 0.8426651735722285 0.005734571272528673 0.012318029115341545
10 0.529219006007646 0.8566629339305711 0.006553795740032769 0.015677491601343786
1 0.6620699071545604 0.8600223964165733 0.011742217367558712 0.060470324748040316
1 0.596395412342982 0.8673012318029115 0.006553795740032769 0.0167973124300112
1 0.6632987438558164 0.9092945128779395 0.006553795740032769 0.03135498320268757
1 0.0843801201529219 0.09742441209406495 0.008738394320043691 0.01791713325867861
1 0.19265428727471326 0.09966405375139978 0.008465319497542327 0.01791713325867861
1 0.3481703986892409 0.10078387458006718 0.007646095030038231 0.020156774916013438
1 0.5040961223375204 0.10638297872340426 0.009830693610049153 0.015677491601343786
1 0.9610868377935554 0.11198208286674133 0.006826870562534134 0.013437849944008958