2 0.38638433515482695 0.06893004115226338 0.21903460837887068 0.10631001371742113
1 0.15163934426229508 0.6889574759945131 0.030965391621129327 0.043209876543209874
2 0.6188524590163934 0.07064471879286695 0.22495446265938068 0.10973936899862825
1 0.3203551912568306 0.7043895747599451 0.020491803278688523 0.037037037037037035
1 0.3221766848816029 0.7061042524005487 0.022313296903460837 0.03497942386831276
1 0.21766848816029144 0.7071330589849109 0.011839708561020037 0.012345679012345678
1 0.3854735883424408 0.7078189300411523 0.028688524590163935 0.04252400548696845
1 0.24408014571949 0.7088477366255144 0.015482695810564663 0.03223593964334705
1 0.3859289617486339 0.7102194787379973 0.025045537340619307 0.03635116598079561
1 0.3540528233151184 0.7215363511659808 0.013205828779599272 0.023319615912208505
1 0.35473588342440804 0.7225651577503429 0.023679417122040074 0.028120713305898493
1 0.28984517304189433 0.7479423868312757 0.005919854280510018 0.01440329218106996
1 0.23702185792349728 0.75 0.007741347905282332 0.018518518518518517
1 0.10632969034608379 0.7712620027434842 0.02959927140255009 0.047325102880658436
1 0.10336976320582877 0.7733196159122085 0.020947176684881604 0.03635116598079561
1 0.3909380692167577 0.7805212620027435 0.023224043715846996 0.037037037037037035
1 0.3909380692167577 0.8415637860082305 0.023224043715846996 0.03566529492455418
2 0.7871129326047359 0.10356652949245541 0.07058287795992714 0.13991769547325103
1 0.7153916211293261 0.14574759945130317 0.0036429872495446266 0.011659807956104253
5 0.6584699453551912 0.1670096021947874 0.029143897996357013 0.06652949245541838
1 0.9141621129326047 0.18209876543209877 0.009562841530054645 0.0075445816186556925
1 0.6350182149362478 0.18621399176954734 0.004098360655737705 0.01440329218106996
1 0.7058287795992714 0.18689986282578874 0.01092896174863388 0.006172839506172839
2 0.17714025500910746 0.22256515775034294 0.19216757741347906 0.4231824417009602
1 0.5680783242258652 0.24554183813443073 0.004098360655737705 0.01646090534979424
1 0.5191256830601093 0.25 0.006375227686703097 0.017146776406035666
1 0.5250455373406193 0.25 0.006375227686703097 0.017146776406035666
1 0.5780965391621129 0.25 0.006830601092896175 0.01440329218106996
1 0.5216302367941712 0.266803840877915 0.009562841530054645 0.006858710562414266
1 0.6473132969034608 0.2674897119341564 0.009562841530054645 0.00823045267489712
5 0.5455373406193078 0.2722908093278464 0.0273224043715847 0.03292181069958848
1 0.6912568306010929 0.2774348422496571 0.040983606557377046 0.04869684499314129
1 0.5107012750455373 0.27983539094650206 0.006830601092896175 0.013717421124828532
1 0.5767304189435337 0.28669410150891633 0.006830601092896175 0.015089163237311385
5 0.6111111111111112 0.29149519890260633 0.04371584699453552 0.11385459533607682
1 0.5423497267759563 0.2945816186556927 0.01092896174863388 0.0102880658436214
1 0.5280054644808743 0.31584362139917693 0.005919854280510018 0.01440329218106996
1 0.663023679417122 0.3175582990397805 0.020947176684881604 0.03292181069958848
5 0.5539617486338798 0.32407407407407407 0.022313296903460837 0.028120713305898493
1 0.7224499089253188 0.3271604938271605 0.025045537340619307 0.05212620027434842
1 0.5703551912568307 0.3295610425240055 0.005919854280510018 0.013031550068587106
1 0.7566029143897997 0.33641975308641975 0.028688524590163935 0.06515775034293553
1 0.6948998178506375 0.33607681755829905 0.020036429872495445 0.05486968449931413
1 0.5268670309653917 0.33710562414266115 0.006375227686703097 0.013031550068587106
1 0.572632058287796 0.38511659807956106 0.028688524590163935 0.043209876543209874
1 0.47404371584699456 0.41460905349794236 0.030965391621129327 0.04458161865569273
1 0.4840619307832423 0.46296296296296297 0.03825136612021858 0.0411522633744856
5 0.31716757741347906 0.4663923182441701 0.03415300546448088 0.0644718792866941
1 0.9642531876138434 0.4718792866941015 0.025956284153005466 0.04663923182441701
1 0.9369307832422586 0.4773662551440329 0.02413479052823315 0.03566529492455418
1 0.6029143897996357 0.4773662551440329 0.018214936247723135 0.038408779149519894
5 0.7083333333333334 0.4924554183813443 0.145264116575592 0.20987654320987653
1 0.40733151183970856 0.5154320987654321 0.012295081967213115 0.030864197530864196
1 0.3859289617486339 0.5198902606310014 0.02413479052823315 0.03566529492455418
1 0.48565573770491804 0.5202331961591221 0.045081967213114756 0.0541838134430727
1 0.9330601092896175 0.5236625514403292 0.029143897996357013 0.03909465020576132
5 0.8722677595628415 0.5421810699588477 0.07331511839708561 0.15706447187928668
1 0.25614754098360654 0.5558984910836763 0.023224043715846996 0.029492455418381344
1 0.4464936247723133 0.5565843621399177 0.022313296903460837 0.03497942386831276
1 0.4187158469945355 0.5589849108367627 0.018670309653916212 0.027434842249657063
1 0.18966302367941712 0.5648148148148148 0.031420765027322405 0.04183813443072702
5 0.5717213114754098 0.5672153635116598 0.06967213114754098 0.09465020576131687
1 0.25591985428051 0.5836762688614541 0.012750455373406194 0.02606310013717421
1 0.48178506375227687 0.5871056241426612 0.030965391621129327 0.05212620027434842
1 0.3879781420765027 0.5881344307270233 0.028233151183970857 0.05692729766803841
1 0.418488160291439 0.6039094650205762 0.015482695810564663 0.03497942386831276
1 0.28233151183970856 0.6066529492455418 0.020036429872495445 0.030864197530864196
1 0.45605646630236796 0.6117969821673526 0.02959927140255009 0.039780521262002745
2 0.9073315118397086 0.06344307270233196 0.12158469945355191 0.12414266117969822
1 0.22085610200364297 0.6323731138545954 0.020036429872495445 0.023319615912208505
1 0.19968123861566484 0.6443758573388203 0.005919854280510018 0.01577503429355281
1 0.18351548269581056 0.6556927297668038 0.009107468123861567 0.0054869684499314125
1 0.18465391621129326 0.6656378600823045 0.010473588342440802 0.0075445816186556925
1 0.21470856102003644 0.6700960219478738 0.019581056466302368 0.024691358024691357