2 0.4145791583166333 0.0513595166163142 0.2309619238476954 0.1027190332326284
1 0.1310120240480962 0.6257552870090635 0.034569138276553106 0.04909365558912387
2 0.6520541082164328 0.07326283987915408 0.23697394789579157 0.13897280966767372
1 0.3023547094188377 0.6676737160120846 0.023547094188376753 0.04078549848942598
1 0.30410821643286573 0.6703172205438066 0.025050100200400802 0.03851963746223565
1 0.19789579158316634 0.6540785498489426 0.013026052104208416 0.013595166163141994
1 0.3687374749498998 0.6824018126888217 0.03206412825651302 0.04758308157099698
1 0.22469939879759518 0.6608761329305136 0.01753507014028056 0.03474320241691843
1 0.3687374749498998 0.6842900302114804 0.028056112224448898 0.04078549848942598
1 0.33567134268537074 0.6910876132930514 0.01503006012024048 0.0256797583081571
1 0.33617234468937873 0.6918429003021148 0.026052104208416832 0.03172205438066465
1 0.2680360721442886 0.7073262839879154 0.0070140280561122245 0.015861027190332326
1 0.21417835671342686 0.7012839879154078 0.009519038076152305 0.02039274924471299
1 0.07915831663326653 0.7016616314199395 0.033066132264529056 0.052870090634441085
1 0.07565130260521043 0.7035498489425982 0.02404809619238477 0.04003021148036254
1 0.3687374749498998 0.7564199395770392 0.026052104208416832 0.04154078549848943
1 0.36472945891783565 0.8198640483383686 0.026052104208416832 0.04003021148036254
2 0.8213927855711423 0.13066465256797583 0.08166332665330661 0.1540785498489426
1 0.7452404809619239 0.16125377643504532 0.0045090180360721445 0.01283987915407855
5 0.686122244488978 0.17371601208459214 0.034569138276553106 0.07250755287009064
1 0.9453907815631263 0.2311178247734139 0.01002004008016032 0.00906344410876133
1 0.6603206412825652 0.18957703927492447 0.00501002004008016 0.015105740181268883
1 0.7327154308617234 0.20166163141993956 0.011523046092184368 0.0075528700906344415
5 0.18962925851703408 0.19259818731117825 0.22595190380761523 0.3851963746223565
1 0.5876753507014028 0.23904833836858005 0.00501002004008016 0.017371601208459216
1 0.5375751503006012 0.23602719033232628 0.0070140280561122245 0.017371601208459216
1 0.5438376753507014 0.236404833836858 0.00751503006012024 0.01812688821752266
1 0.5971943887775552 0.24622356495468278 0.008016032064128256 0.015105740181268883
1 0.5390781563126252 0.2537764350453172 0.01002004008016032 0.0075528700906344415
1 0.6668336673346693 0.2745468277945619 0.01002004008016032 0.009818731117824773
5 0.5628757515030061 0.26321752265861026 0.029559118236472944 0.03851963746223565
1 0.7111723446893787 0.29229607250755285 0.04458917835671343 0.055891238670694864
1 0.5268036072144289 0.2654833836858006 0.00751503006012024 0.014350453172205438
1 0.593937875751503 0.2828549848942598 0.00751503006012024 0.015861027190332326
5 0.6285070140280561 0.29342900302114805 0.05260521042084168 0.12311178247734139
1 0.5578657314629258 0.28512084592145015 0.011523046092184368 0.011329305135951661
1 0.5418336673346693 0.3047583081570997 0.006513026052104208 0.015861027190332326
1 0.6793587174348698 0.32779456193353473 0.023046092184368736 0.03625377643504532
5 0.5676352705410822 0.3183534743202417 0.025050100200400802 0.0324773413897281
1 0.7394789579158316 0.347809667673716 0.02905811623246493 0.05664652567975831
1 0.5841683366733467 0.32628398791540786 0.0070140280561122245 0.013595166163141994
1 0.7737975951903807 0.36253776435045315 0.03356713426853707 0.07099697885196375
1 0.7106713426853707 0.3530966767371601 0.024549098196392786 0.05966767371601209
1 0.5388276553106213 0.32628398791540786 0.00751503006012024 0.013595166163141994
1 0.5821643286573146 0.38293051359516617 0.03206412825651302 0.04833836858006042
1 0.48021042084168336 0.39652567975830816 0.034569138276553106 0.04984894259818731
1 0.48672344689378755 0.44826283987915405 0.04158316633266533 0.04758308157099698
5 0.3161322645290581 0.4240936555891239 0.03907815631262525 0.07175226586102719
1 0.9757014028056112 0.5347432024169184 0.029559118236472944 0.0513595166163142
1 0.9478957915831663 0.5358761329305136 0.027054108216432865 0.04003021148036254
1 0.6064629258517034 0.48225075528700906 0.020541082164328657 0.04154078549848943
5 0.7131763527054108 0.5143504531722054 0.1628256513026052 0.23716012084592145
1 0.40480961923847697 0.48867069486404835 0.014028056112224449 0.03323262839879154
1 0.38226452905811625 0.4898036253776435 0.027054108216432865 0.04003021148036254
1 0.4842184368737475 0.506797583081571 0.04959919839679359 0.061933534743202415
1 0.9406312625250501 0.5827039274924471 0.03256513026052104 0.0445619335347432
5 0.8770040080160321 0.5921450151057401 0.08567134268537074 0.17220543806646527
1 0.24724448897795592 0.5060422960725075 0.02555110220440882 0.03323262839879154
1 0.4408817635270541 0.5373867069486404 0.025050100200400802 0.03851963746223565
1 0.4130761523046092 0.5358761329305136 0.020541082164328657 0.030966767371601207
1 0.17885771543086174 0.5049093655589124 0.03507014028056112 0.04758308157099698
5 0.5683867735470942 0.5687311178247734 0.07765531062124248 0.10725075528700906
1 0.24549098196392785 0.533987915407855 0.01503006012024048 0.028700906344410877
1 0.4759519038076152 0.5743957703927492 0.03507014028056112 0.0581570996978852
1 0.37975951903807614 0.5600453172205438 0.033066132264529056 0.06268882175226587
1 0.4095691382765531 0.5811933534743202 0.018537074148296594 0.03851963746223565
1 0.27004008016032066 0.5623111782477341 0.022044088176352707 0.033987915407854986
1 0.4476452905811623 0.5955438066465257 0.03256513026052104 0.0445619335347432
2 0.9398797595190381 0.12046827794561933 0.11923847695390781 0.12311178247734139
1 0.2059118236472946 0.5789274924471299 0.022044088176352707 0.026435045317220542
1 0.18336673346693386 0.5876132930513596 0.0070140280561122245 0.01661631419939577
1 0.1658316633266533 0.5962990936555891 0.01002004008016032 0.006797583081570997
1 0.16683366733466934 0.6057401812688822 0.011022044088176353 0.00906344410876133
1 0.1968937875751503 0.6151812688821753 0.021042084168336674 0.027945619335347432