5 0.215087890625 0.06931464174454828 0.01318359375 0.028037383177570093
1 0.073486328125 0.6997663551401869 0.02294921875 0.030373831775700934
1 0.033935546875 0.7005451713395638 0.02490234375 0.042834890965732085
1 0.1474609375 0.7079439252336449 0.01171875 0.028037383177570093
10 0.26123046875 0.7106697819314641 0.01171875 0.005451713395638629
1 0.586669921875 0.7118380062305296 0.01318359375 0.0264797507788162
10 0.459716796875 0.7250778816199377 0.00341796875 0.017133956386292833
10 0.502197265625 0.7246884735202492 0.00244140625 0.014797507788161994
10 0.466064453125 0.7246884735202492 0.00439453125 0.019470404984423675
10 0.452392578125 0.7246884735202492 0.00146484375 0.014797507788161994
10 0.508544921875 0.7246884735202492 0.00244140625 0.0132398753894081
10 0.431396484375 0.7246884735202492 0.00341796875 0.01791277258566978
10 0.48779296875 0.7258566978193146 0.0029296875 0.01557632398753894
10 0.444091796875 0.7254672897196262 0.00244140625 0.016355140186915886
10 0.495849609375 0.7258566978193146 0.00244140625 0.01557632398753894
10 0.4375 0.7258566978193146 0.0029296875 0.018691588785046728
10 0.474853515625 0.7266355140186916 0.00244140625 0.018691588785046728
10 0.4794921875 0.7266355140186916 0.0029296875 0.01557632398753894
10 0.259521484375 0.7274143302180686 0.00927734375 0.003115264797507788
10 0.370361328125 0.7285825545171339 0.00341796875 0.016355140186915886
10 0.317626953125 0.7309190031152648 0.00439453125 0.01791277258566978
1 0.392822265625 0.7320872274143302 0.00439453125 0.01557632398753894
1 0.76025390625 0.7344236760124611 0.0146484375 0.020249221183800622
1 0.737548828125 0.735981308411215 0.01611328125 0.024922118380062305
5 0.294921875 0.7429906542056075 0.033203125 0.018691588785046728
12 0.446044921875 0.7496105919003115 0.00927734375 0.02102803738317757
10 0.4169921875 0.75 0.00390625 0.017133956386292833
10 0.433349609375 0.75 0.00244140625 0.014018691588785047
12 0.465576171875 0.7511682242990654 0.00927734375 0.019470404984423675
10 0.51025390625 0.7515576323987538 0.0029296875 0.01557632398753894
12 0.480712890625 0.7511682242990654 0.01025390625 0.016355140186915886
12 0.49951171875 0.7511682242990654 0.009765625 0.014797507788161994
1 0.207275390625 0.7515576323987538 0.00244140625 0.014018691588785047
10 0.516357421875 0.7523364485981309 0.00341796875 0.014018691588785047
1 0.21435546875 0.7527258566978193 0.00390625 0.01791277258566978
1 0.239501953125 0.7527258566978193 0.00341796875 0.014797507788161994
1 0.22265625 0.7531152647975078 0.0029296875 0.017133956386292833
10 0.426513671875 0.7527258566978193 0.00244140625 0.019470404984423675
1 0.140625 0.7535046728971962 0.02734375 0.04127725856697819
10 0.260009765625 0.7535046728971962 0.00830078125 0.003894080996884735
10 0.5234375 0.7538940809968847 0.001953125 0.012461059190031152
1 0.19287109375 0.7542834890965732 0.0029296875 0.014797507788161994
10 0.633544921875 0.7597352024922118 0.00439453125 0.014797507788161994
10 0.703857421875 0.7601246105919003 0.00244140625 0.01557632398753894
10 0.64892578125 0.7605140186915887 0.00390625 0.016355140186915886
10 0.719482421875 0.7605140186915887 0.00244140625 0.0132398753894081
10 0.710205078125 0.7605140186915887 0.00341796875 0.016355140186915886
10 0.66650390625 0.7616822429906542 0.00390625 0.014018691588785047
10 0.659423828125 0.7624610591900312 0.00244140625 0.017133956386292833
12 0.678466796875 0.7632398753894081 0.00927734375 0.01557632398753894
12 0.692138671875 0.7628504672897196 0.00830078125 0.014797507788161994
1 0.77197265625 0.7702492211838006 0.013671875 0.006230529595015576
12 0.4130859375 0.7760903426791277 0.0126953125 0.02102803738317757
10 0.959716796875 0.7807632398753894 0.00341796875 0.022585669781931463
5 0.36181640625 0.7842679127725857 0.015625 0.05763239875389408
1 0.434814453125 0.7877725856697819 0.01318359375 0.024143302180685357
1 0.479248046875 0.7897196261682243 0.01416015625 0.020249221183800622
1 0.455810546875 0.7897196261682243 0.01318359375 0.02336448598130841
1 0.4990234375 0.7908878504672897 0.0126953125 0.022585669781931463
1 0.81298828125 0.7912772585669782 0.0126953125 0.020249221183800622
10 0.70068359375 0.7928348909657321 0.0029296875 0.018691588785046728
5 0.102294921875 0.8021806853582555 0.02392578125 0.017133956386292833
5 0.285888671875 0.8045171339563862 0.03857421875 0.018691588785046728
10 0.963134765625 0.807632398753894 0.00439453125 0.01557632398753894
1 0.403076171875 0.8103582554517134 0.01513671875 0.027258566978193146
1 0.45263671875 0.08177570093457943 0.0205078125 0.03426791277258567
5 0.19677734375 0.8134735202492211 0.0380859375 0.02102803738317757
1 0.41748046875 0.08294392523364486 0.02734375 0.0397196261682243
1 0.148193359375 0.8216510903426791 0.02685546875 0.045171339563862926
1 0.2216796875 0.8228193146417445 0.00390625 0.016355140186915886
10 0.47412109375 0.8259345794392523 0.01171875 0.007009345794392523
1 0.474853515625 0.8364485981308412 0.01123046875 0.006230529595015576
5 0.32861328125 0.839563862928349 0.0126953125 0.056074766355140186
10 0.426025390625 0.8430685358255452 0.00244140625 0.0132398753894081
10 0.41015625 0.8434579439252337 0.001953125 0.014018691588785047
10 0.4326171875 0.8442367601246106 0.001953125 0.014018691588785047
10 0.417724609375 0.8450155763239875 0.00439453125 0.01557632398753894
12 0.9599609375 0.8450155763239875 0.009765625 0.017133956386292833
10 0.47509765625 0.8469626168224299 0.0107421875 0.005451713395638629
1 0.119873046875 0.8508566978193146 0.01611328125 0.02881619937694704
10 0.1962890625 0.852803738317757 0.0009765625 0.017133956386292833
12 0.958740234375 0.8695482866043613 0.01123046875 0.019470404984423675
10 0.236572265625 0.8995327102803738 0.00244140625 0.014018691588785047
10 0.96728515625 0.9077102803738317 0.0029296875 0.011682242990654205
10 0.974853515625 0.9088785046728972 0.00341796875 0.014018691588785047
10 0.959716796875 0.9096573208722741 0.00439453125 0.01557632398753894
10 0.962890625 0.9302959501557633 0.0078125 0.005451713395638629
1 0.83056640625 0.09890965732087227 0.0126953125 0.017133956386292833
1 0.881103515625 0.09890965732087227 0.01318359375 0.017133956386292833
10 0.143798828125 0.10007788161993769 0.00537109375 0.019470404984423675
1 0.134765625 0.10085669781931464 0.005859375 0.02102803738317757
1 0.745361328125 0.10319314641744548 0.02197265625 0.03660436137071651
1 0.855224609375 0.1059190031152648 0.01806640625 0.0264797507788162
1 0.801025390625 0.10864485981308411 0.02490234375 0.04439252336448598
5 0.09619140625 0.11214953271028037 0.0185546875 0.029595015576323987
12 0.18212890625 0.11448598130841121 0.01171875 0.018691588785046728
1 0.0302734375 0.11643302180685358 0.0244140625 0.04439252336448598
1 0.66455078125 0.11799065420560748 0.0244140625 0.0397196261682243
1 0.70166015625 0.11799065420560748 0.01953125 0.0381619937694704
5 0.3056640625 0.11993769470404984 0.0244140625 0.040498442367601244
5 0.07080078125 0.12188473520249221 0.0224609375 0.0381619937694704
1 0.9306640625 0.13356697819314642 0.0234375 0.04439252336448598
5 0.256103515625 0.1382398753894081 0.04541015625 0.10669781931464174
12 0.18603515625 0.1413551401869159 0.01171875 0.01791277258566978
10 0.817138671875 0.14213395638629284 0.00244140625 0.011682242990654205
12 0.8291015625 0.14213395638629284 0.0078125 0.014797507788161994
12 0.870361328125 0.14447040498442368 0.00830078125 0.0132398753894081
12 0.88671875 0.14485981308411214 0.0078125 0.012461059190031152
5 0.75537109375 0.15381619937694704 0.01171875 0.02570093457943925
12 0.102783203125 0.15926791277258567 0.00927734375 0.019470404984423675
1 0.065185546875 0.16004672897196262 0.01123046875 0.010124610591900311
10 0.185302734375 0.16082554517133957 0.00927734375 0.005451713395638629
12 0.088134765625 0.16199376947040497 0.01025390625 0.018691588785046728
1 0.720703125 0.16705607476635514 0.0029296875 0.01791277258566978
10 0.185791015625 0.17250778816199377 0.01025390625 0.003894080996884735
10 0.088623046875 0.17990654205607476 0.00830078125 0.004672897196261682
1 0.95068359375 0.1822429906542056 0.0078125 0.004672897196261682
1 0.676513671875 0.18185358255451714 0.01806640625 0.02570093457943925
5 0.132568359375 0.18496884735202493 0.03857421875 0.07087227414330217
10 0.941650390625 0.18652647975077882 0.00244140625 0.014797507788161994
1 0.77734375 0.18886292834890966 0.009765625 0.016355140186915886
10 0.08837890625 0.19158878504672897 0.0107421875 0.006230529595015576
1 0.759521484375 0.19197819314641745 0.00732421875 0.02102803738317757
1 0.21240234375 0.19353582554517135 0.02734375 0.042834890965732085
1 0.95263671875 0.19353582554517135 0.0087890625 0.003894080996884735
1 0.922119140625 0.1970404984423676 0.01513671875 0.03115264797507788
5 0.84814453125 0.19665109034267914 0.0361328125 0.0646417445482866
10 0.095947265625 0.2028816199376947 0.01025390625 0.005451713395638629
10 0.096923828125 0.2161214953271028 0.00927734375 0.005451713395638629
10 0.94873046875 0.2207943925233645 0.01171875 0.007009345794392523
5 0.731201171875 0.22975077881619937 0.01806640625 0.017133956386292833
1 0.100830078125 0.23014018691588786 0.01318359375 0.005451713395638629
10 0.887939453125 0.23130841121495327 0.00244140625 0.017133956386292833
10 0.896728515625 0.23208722741433022 0.00244140625 0.018691588785046728
1 0.753173828125 0.2324766355140187 0.00341796875 0.016355140186915886
5 0.4423828125 0.235202492211838 0.1064453125 0.17601246105919002
1 0.08544921875 0.235202492211838 0.0048828125 0.021806853582554516
12 0.91015625 0.23598130841121495 0.0087890625 0.01557632398753894
10 0.099365234375 0.2441588785046729 0.01123046875 0.007009345794392523
1 0.044189453125 0.2457165109034268 0.00537109375 0.019470404984423675
1 0.843994140625 0.2468847352024922 0.01220703125 0.017133956386292833
10 0.05224609375 0.24649532710280375 0.00390625 0.01791277258566978
10 0.767822265625 0.25 0.01123046875 0.004672897196261682
1 0.87255859375 0.24961059190031154 0.01171875 0.022585669781931463
1 0.9541015625 0.24961059190031154 0.009765625 0.003894080996884735
10 0.94091796875 0.25350467289719625 0.0029296875 0.014797507788161994
1 0.811279296875 0.2542834890965732 0.02685546875 0.0397196261682243
1 0.176025390625 0.2570093457943925 0.00537109375 0.020249221183800622
5 0.194580078125 0.2597352024922118 0.01318359375 0.02570093457943925
1 0.952392578125 0.2620716510903427 0.00634765625 0.003894080996884735
10 0.755126953125 0.26830218068535827 0.00537109375 0.014797507788161994
12 0.7666015625 0.2690809968847352 0.0087890625 0.019470404984423675
10 0.070068359375 0.26947040498442365 0.00341796875 0.017133956386292833
10 0.0615234375 0.2690809968847352 0.00390625 0.014797507788161994
10 0.526123046875 0.26985981308411217 0.01025390625 0.008566978193146417
1 0.9228515625 0.2706386292834891 0.01953125 0.027258566978193146
10 0.87158203125 0.272196261682243 0.0029296875 0.0132398753894081
10 0.36279296875 0.272196261682243 0.0107421875 0.003894080996884735
5 0.895751953125 0.27297507788161995 0.01318359375 0.01791277258566978
10 0.878662109375 0.2737538940809969 0.00341796875 0.011682242990654205
1 0.115966796875 0.2757009345794392 0.02294921875 0.040498442367601244
5 0.0869140625 0.2764797507788162 0.017578125 0.028037383177570093
10 0.7822265625 0.2780373831775701 0.01171875 0.00778816199376947
1 0.04931640625 0.2811526479750779 0.01171875 0.02336448598130841
10 0.5166015625 0.2811526479750779 0.01171875 0.006230529595015576
10 0.346923828125 0.2819314641744548 0.01025390625 0.006230529595015576
10 0.36279296875 0.2838785046728972 0.0087890625 0.005451713395638629
10 0.0654296875 0.286993769470405 0.01171875 0.007009345794392523
10 0.766357421875 0.2877725856697819 0.00927734375 0.007009345794392523
1 0.66015625 0.2881619937694704 0.021484375 0.03894080996884735
1 0.607666015625 0.29049844236760125 0.02685546875 0.03894080996884735
1 0.196533203125 0.29127725856697817 0.01318359375 0.021806853582554516
1 0.72216796875 0.29127725856697817 0.01953125 0.03894080996884735
1 0.31884765625 0.29205607476635514 0.0146484375 0.024922118380062305
1 0.28857421875 0.2916666666666667 0.015625 0.027258566978193146
10 0.516845703125 0.29439252336448596 0.01025390625 0.006230529595015576
10 0.363525390625 0.2940031152647975 0.00927734375 0.003894080996884735
10 0.777587890625 0.29595015576323985 0.00439453125 0.01557632398753894
1 0.145751953125 0.2955607476635514 0.01611328125 0.02881619937694704
1 0.061279296875 0.3029595015576324 0.01123046875 0.00778816199376947
10 0.36328125 0.30646417445482865 0.009765625 0.007009345794392523
10 0.756591796875 0.3076323987538941 0.00439453125 0.014018691588785047
12 0.770263671875 0.3076323987538941 0.00927734375 0.01557632398753894
1 0.808837890625 0.3099688473520249 0.02197265625 0.03582554517133956
12 0.909423828125 0.31230529595015577 0.01220703125 0.017133956386292833
12 0.92529296875 0.3134735202492212 0.0107421875 0.014797507788161994
10 0.896240234375 0.31386292834890966 0.00341796875 0.018691588785046728
10 0.888916015625 0.3142523364485981 0.00537109375 0.01791277258566978
1 0.875 0.3150311526479751 0.015625 0.02102803738317757
10 0.364013671875 0.3173676012461059 0.00927734375 0.005451713395638629
1 0.51953125 0.32009345794392524 0.0146484375 0.021806853582554516
1 0.36376953125 0.32982866043613707 0.0078125 0.005451713395638629
1 0.603759765625 0.33138629283489096 0.01220703125 0.022585669781931463
1 0.09521484375 0.33372274143302183 0.025390625 0.04750778816199377
1 0.578125 0.3356697819314642 0.01171875 0.021806853582554516
1 0.923095703125 0.3352803738317757 0.00341796875 0.014797507788161994
1 0.685791015625 0.3372274143302181 0.01416015625 0.028037383177570093
1 0.917236328125 0.3372274143302181 0.00146484375 0.01557632398753894
1 0.654541015625 0.33917445482866043 0.01220703125 0.019470404984423675
1 0.36328125 0.3411214953271028 0.0078125 0.004672897196261682
1 0.134521484375 0.34190031152647976 0.02099609375 0.03115264797507788
1 0.504150390625 0.34345794392523366 0.00927734375 0.004672897196261682
1 0.041015625 0.34579439252336447 0.0244140625 0.03894080996884735
1 0.7529296875 0.35358255451713394 0.02734375 0.0529595015576324
1 0.91650390625 0.3621495327102804 0.001953125 0.01557632398753894
10 0.93017578125 0.3621495327102804 0.001953125 0.01557632398753894
10 0.922607421875 0.36253894080996885 0.00341796875 0.0132398753894081
1 0.596923828125 0.3637071651090343 0.00927734375 0.021806853582554516
5 0.7919921875 0.3660436137071651 0.0224609375 0.017133956386292833
1 0.56689453125 0.36682242990654207 0.0107421875 0.017133956386292833
1 0.8427734375 0.36682242990654207 0.0234375 0.040498442367601244
10 0.458740234375 0.36721183800623053 0.00830078125 0.007009345794392523
1 0.48095703125 0.367601246105919 0.0166015625 0.021806853582554516
1 0.5078125 0.38006230529595014 0.025390625 0.03426791277258567
1 0.915283203125 0.3851246105919003 0.00244140625 0.016355140186915886
1 0.142578125 0.3851246105919003 0.0048828125 0.014797507788161994
10 0.922607421875 0.38746105919003115 0.00244140625 0.014797507788161994
10 0.929931640625 0.3882398753894081 0.00341796875 0.016355140186915886
1 0.59521484375 0.3925233644859813 0.0107421875 0.017133956386292833
10 0.485595703125 0.40109034267912774 0.00537109375 0.018691588785046728
1 0.568115234375 0.40186915887850466 0.01416015625 0.02336448598130841
1 0.732177734375 0.403816199376947 0.01025390625 0.019470404984423675
10 0.148193359375 0.40420560747663553 0.01220703125 0.00778816199376947
5 0.767333984375 0.4057632398753894 0.00732421875 0.012461059190031152
10 0.757080078125 0.40654205607476634 0.00341796875 0.01557632398753894
5 0.25439453125 0.411214953271028 0.1005859375 0.17289719626168223
5 0.042724609375 0.4147196261682243 0.03564453125 0.05218068535825545
5 0.7578125 0.04127725856697819 0.078125 0.03582554517133956
1 0.135009765625 0.04244548286604361 0.02587890625 0.030373831775700934
10 0.590087890625 0.41939252336448596 0.00439453125 0.014797507788161994
10 0.582763671875 0.42095015576323985 0.00439453125 0.0132398753894081
10 0.49609375 0.42250778816199375 0.0029296875 0.014797507788161994
10 0.59765625 0.4221183800623053 0.00390625 0.014018691588785047
10 0.57080078125 0.4252336448598131 0.0078125 0.006230529595015576
10 0.55615234375 0.42562305295950154 0.0078125 0.007009345794392523
10 0.53857421875 0.42757009345794394 0.013671875 0.00778816199376947
10 0.5556640625 0.4357476635514019 0.0068359375 0.003894080996884735
12 0.57177734375 0.4427570093457944 0.0107421875 0.016355140186915886
1 0.063720703125 0.04439252336448598 0.02490234375 0.04672897196261682
12 0.587890625 0.4439252336448598 0.0068359375 0.012461059190031152
1 0.7578125 0.4439252336448598 0.0126953125 0.021806853582554516
10 0.599365234375 0.44509345794392524 0.00146484375 0.016355140186915886
10 0.555908203125 0.4447040498442368 0.00634765625 0.006230529595015576
10 0.34423828125 0.44742990654205606 0.0107421875 0.008566978193146417
5 0.85107421875 0.0455607476635514 0.0732421875 0.031931464174454825
10 0.42578125 0.4544392523364486 0.0078125 0.007009345794392523
10 0.4375 0.45404984423676015 0.0087890625 0.009345794392523364
1 0.09765625 0.0455607476635514 0.0224609375 0.0397196261682243
10 0.537841796875 0.4622274143302181 0.01025390625 0.008566978193146417
1 0.071533203125 0.463006230529595 0.01318359375 0.007009345794392523
5 0.6435546875 0.047118380062305294 0.041015625 0.05841121495327103
10 0.57080078125 0.4657320872274143 0.0078125 0.004672897196261682
10 0.55712890625 0.46690031152647976 0.0068359375 0.003894080996884735
10 0.425048828125 0.46690031152647976 0.00732421875 0.005451713395638629
10 0.43798828125 0.4665109034267913 0.0087890625 0.004672897196261682
10 0.584228515625 0.4676791277258567 0.00244140625 0.014797507788161994
12 0.522705078125 0.4672897196261682 0.00927734375 0.01557632398753894
10 0.5908203125 0.4692367601246106 0.0029296875 0.014797507788161994
5 0.392822265625 0.47001557632398755 0.04443359375 0.13161993769470404
10 0.598876953125 0.470404984423676 0.00341796875 0.01557632398753894
10 0.426025390625 0.47702492211838005 0.00634765625 0.003894080996884735
10 0.357666015625 0.47702492211838005 0.01220703125 0.007009345794392523
1 0.029296875 0.04750778816199377 0.0234375 0.04205607476635514
10 0.439453125 0.47858255451713394 0.0107421875 0.005451713395638629
1 0.14013671875 0.4797507788161994 0.015625 0.021806853582554516
10 0.55712890625 0.48052959501557635 0.0068359375 0.004672897196261682
12 0.572021484375 0.4832554517133956 0.00830078125 0.016355140186915886
10 0.557373046875 0.4887071651090343 0.00634765625 0.003894080996884735
10 0.4248046875 0.4883177570093458 0.0078125 0.004672897196261682
10 0.4384765625 0.4894859813084112 0.0078125 0.007009345794392523
12 0.5869140625 0.4914330218068536 0.0078125 0.01557632398753894
1 0.04296875 0.492601246105919 0.0234375 0.045950155763239874
10 0.597900390625 0.4929906542056075 0.00244140625 0.01557632398753894
10 0.5458984375 0.4968847352024922 0.00390625 0.01557632398753894
10 0.572509765625 0.5058411214953271 0.00732421875 0.005451713395638629
10 0.55712890625 0.506619937694704 0.0078125 0.005451713395638629
10 0.524169921875 0.5112928348909658 0.00927734375 0.007009345794392523
1 0.141357421875 0.5128504672897196 0.01708984375 0.022585669781931463
10 0.572509765625 0.5183021806853583 0.00732421875 0.003894080996884735
1 0.753173828125 0.5202492211838006 0.02294921875 0.03582554517133956
1 0.461669921875 0.5225856697819314 0.01708984375 0.028037383177570093
10 0.597900390625 0.5233644859813084 0.00341796875 0.014018691588785047
12 0.58642578125 0.5245327102803738 0.0078125 0.016355140186915886
12 0.5576171875 0.5249221183800623 0.013671875 0.017133956386292833
10 0.524658203125 0.5253115264797508 0.00830078125 0.003894080996884735
10 0.572265625 0.5295950155763239 0.0068359375 0.006230529595015576
10 0.5263671875 0.5373831775700935 0.0107421875 0.006230529595015576
10 0.238525390625 0.5451713395638629 0.00439453125 0.014018691588785047
10 0.21533203125 0.5463395638629284 0.0029296875 0.0132398753894081
10 0.30126953125 0.5467289719626168 0.00390625 0.018691588785046728
10 0.20849609375 0.5471183800623053 0.001953125 0.016355140186915886
10 0.308837890625 0.5471183800623053 0.00439453125 0.016355140186915886
10 0.194580078125 0.5478971962616822 0.00244140625 0.014797507788161994
10 0.295654296875 0.5482866043613707 0.00439453125 0.018691588785046728
10 0.185546875 0.5537383177570093 0.00390625 0.017133956386292833
5 0.136474609375 0.5545171339563862 0.01904296875 0.018691588785046728
1 0.110595703125 0.5568535825545171 0.01611328125 0.0264797507788162
1 0.04052734375 0.5599688473520249 0.0322265625 0.04361370716510903
1 0.08251953125 0.5626947040498442 0.00390625 0.01791277258566978
1 0.095458984375 0.5634735202492211 0.00341796875 0.0132398753894081
10 0.088134765625 0.5642523364485982 0.00341796875 0.016355140186915886
1 0.72802734375 0.5646417445482866 0.013671875 0.0264797507788162
1 0.587158203125 0.5654205607476636 0.02294921875 0.037383177570093455
10 0.075927734375 0.5661993769470405 0.00439453125 0.017133956386292833
1 0.53076171875 0.5700934579439252 0.0224609375 0.037383177570093455
1 0.23193359375 0.5763239875389408 0.0087890625 0.006230529595015576
1 0.188232421875 0.5829439252336449 0.00244140625 0.016355140186915886
1 0.19384765625 0.5841121495327103 0.0029296875 0.01557632398753894
1 0.200927734375 0.5852803738317757 0.00244140625 0.0132398753894081
1 0.179931640625 0.5856697819314641 0.00341796875 0.017133956386292833
1 0.208251953125 0.5856697819314641 0.00341796875 0.01557632398753894
1 0.21435546875 0.5860591900311527 0.00390625 0.01791277258566978
1 0.225830078125 0.5876168224299065 0.00927734375 0.005451713395638629
1 0.924072265625 0.05996884735202492 0.02197265625 0.03582554517133956
10 0.43017578125 0.6012461059190031 0.0126953125 0.00778816199376947
10 0.342041015625 0.6016355140186916 0.00927734375 0.007009345794392523
1 0.36767578125 0.6035825545171339 0.009765625 0.006230529595015576
12 0.416015625 0.6055295950155763 0.0087890625 0.014797507788161994
12 0.32568359375 0.6074766355140186 0.0087890625 0.01557632398753894
10 0.355224609375 0.6082554517133957 0.00244140625 0.017133956386292833
10 0.431884765625 0.6137071651090342 0.01025390625 0.004672897196261682
10 0.3408203125 0.6164330218068536 0.0107421875 0.007009345794392523
1 0.7548828125 0.616822429906542 0.0224609375 0.037383177570093455
1 0.583984375 0.618380062305296 0.0205078125 0.03582554517133956
5 0.48583984375 0.6211059190031153 0.03515625 0.03660436137071651
5 0.041259765625 0.6230529595015576 0.04345703125 0.06386292834890965
10 0.431640625 0.6234423676012462 0.01171875 0.003894080996884735
1 0.263427734375 0.6261682242990654 0.00341796875 0.012461059190031152
1 0.256591796875 0.6261682242990654 0.00146484375 0.014018691588785047
1 0.523193359375 0.6261682242990654 0.01318359375 0.02336448598130841
1 0.272216796875 0.6265576323987538 0.00439453125 0.016355140186915886
12 0.415771484375 0.6285046728971962 0.00830078125 0.01557632398753894
12 0.326416015625 0.6304517133956387 0.00732421875 0.016355140186915886
10 0.430908203125 0.6343457943925234 0.00830078125 0.003894080996884735
10 0.354736328125 0.6401869158878505 0.00244140625 0.014018691588785047
5 0.38037109375 0.6433021806853583 0.0390625 0.03115264797507788
10 0.342529296875 0.6436915887850467 0.01123046875 0.007009345794392523
10 0.42626953125 0.6491433021806854 0.009765625 0.005451713395638629
10 0.4072265625 0.6491433021806854 0.009765625 0.007009345794392523
12 0.324462890625 0.6526479750778816 0.00830078125 0.014018691588785047
10 0.34326171875 0.655373831775701 0.009765625 0.003894080996884735
5 0.14990234375 0.6565420560747663 0.01953125 0.017133956386292833
10 0.408447265625 0.6608255451713395 0.00830078125 0.005451713395638629
10 0.3408203125 0.669392523364486 0.009765625 0.005451713395638629
10 0.40771484375 0.6732866043613707 0.0078125 0.005451713395638629
12 0.32470703125 0.6740654205607477 0.009765625 0.016355140186915886
1 0.517333984375 0.6783489096573209 0.03076171875 0.037383177570093455
10 0.374755859375 0.0689252336448598 0.00830078125 0.007009345794392523
5 0.214111328125 0.6802959501557633 0.05029296875 0.08333333333333333
10 0.367431640625 0.6818535825545171 0.00830078125 0.007009345794392523
10 0.56103515625 0.6861370716510904 0.001953125 0.012461059190031152
5 0.191650390625 0.06853582554517133 0.01806640625 0.029595015576323987
10 0.568359375 0.6869158878504673 0.0029296875 0.014018691588785047
12 0.3056640625 0.690809968847352 0.0107421875 0.017133956386292833