10 0.528564453125 0.2 0.01025390625 0.047058823529411764
10 0.188232421875 0.23137254901960785 0.01123046875 0.06274509803921569
1 0.1953125 0.23921568627450981 0.0087890625 0.08627450980392157
1 0.7236328125 0.23921568627450981 0.0107421875 0.047058823529411764
1 0.397705078125 0.2411764705882353 0.01611328125 0.043137254901960784
1 0.528564453125 0.23921568627450981 0.01123046875 0.054901960784313725
1 0.818115234375 0.23921568627450981 0.01025390625 0.047058823529411764
1 0.625 0.24313725490196078 0.0087890625 0.047058823529411764
1 0.302978515625 0.24313725490196078 0.01025390625 0.047058823529411764
1 0.922119140625 0.2980392156862745 0.01123046875 0.09411764705882353
1 0.277099609375 0.3352941176470588 0.01123046875 0.09803921568627451
1 0.5166015625 0.37058823529411766 0.0107421875 0.12156862745098039
1 0.720458984375 0.3784313725490196 0.01123046875 0.11372549019607843
5 0.561767578125 0.403921568627451 0.05517578125 0.33725490196078434
5 0.76806640625 0.4019607843137255 0.05078125 0.36470588235294116
5 0.85595703125 0.4019607843137255 0.0439453125 0.27058823529411763
5 0.0400390625 0.40980392156862744 0.03125 0.23921568627450981
5 0.33642578125 0.4196078431372549 0.052734375 0.33725490196078434
5 0.22802734375 0.4176470588235294 0.0458984375 0.3333333333333333
5 0.147216796875 0.4235294117647059 0.04443359375 0.2980392156862745
10 0.918212890625 0.42549019607843136 0.02099609375 0.08235294117647059
5 0.968017578125 0.4294117647058823 0.05615234375 0.38823529411764707
5 0.66064453125 0.43137254901960786 0.048828125 0.3607843137254902
5 0.43994140625 0.43529411764705883 0.068359375 0.3843137254901961
10 0.275390625 0.4588235294117647 0.0107421875 0.1568627450980392
10 0.078125 0.46078431372549017 0.009765625 0.15294117647058825
1 0.09716796875 0.4627450980392157 0.0107421875 0.10980392156862745
1 0.265380859375 0.07450980392156863 0.01220703125 0.054901960784313725
10 0.25634765625 0.0784313725490196 0.009765625 0.047058823529411764
1 0.03955078125 0.08235294117647059 0.00390625 0.054901960784313725
1 0.56494140625 0.09607843137254903 0.0078125 0.09803921568627451
1 0.766357421875 0.09803921568627451 0.00927734375 0.08627450980392157
10 0.240234375 0.1 0.009765625 0.058823529411764705
1 0.6591796875 0.09803921568627451 0.0087890625 0.0784313725490196
1 0.962158203125 0.10392156862745099 0.00732421875 0.09019607843137255
1 0.8515625 0.10196078431372549 0.0087890625 0.07058823529411765
1 0.917236328125 0.10392156862745099 0.00830078125 0.07450980392156863
10 0.031982421875 0.10784313725490197 0.00732421875 0.03529411764705882
1 0.351806640625 0.10784313725490197 0.01318359375 0.058823529411764705
1 0.429931640625 0.11176470588235295 0.00927734375 0.09019607843137255
1 0.22314453125 0.11568627450980393 0.0107421875 0.050980392156862744
1 0.150146484375 0.11372549019607843 0.00830078125 0.09411764705882353
1 0.1806640625 0.11568627450980393 0.0224609375 0.12941176470588237
1 0.54443359375 0.11568627450980393 0.01953125 0.1450980392156863
10 0.251708984375 0.12156862745098039 0.00927734375 0.047058823529411764
1 0.210205078125 0.12549019607843137 0.00634765625 0.0784313725490196
1 0.12353515625 0.12941176470588237 0.0087890625 0.0784313725490196
10 0.21435546875 0.13137254901960785 0.005859375 0.08235294117647059
1 0.794677734375 0.13333333333333333 0.01904296875 0.13333333333333333
1 0.86328125 0.1411764705882353 0.0068359375 0.07058823529411765
10 0.0283203125 0.1450980392156863 0.0126953125 0.047058823529411764
1 0.2578125 0.1450980392156863 0.0068359375 0.09411764705882353
1 0.243408203125 0.15490196078431373 0.00634765625 0.06666666666666667
10 0.1162109375 0.1568627450980392 0.009765625 0.054901960784313725
10 0.239013671875 0.1588235294117647 0.00732421875 0.06666666666666667
1 0.496826171875 0.16862745098039217 0.01025390625 0.09411764705882353
10 0.915771484375 0.17254901960784313 0.01025390625 0.0392156862745098
1 0.02734375 0.19019607843137254 0.013671875 0.050980392156862744
10 0.81884765625 0.19411764705882353 0.0146484375 0.06666666666666667
10 0.397216796875 0.19607843137254902 0.01123046875 0.054901960784313725
10 0.302490234375 0.1980392156862745 0.01318359375 0.058823529411764705