10 0.3786842105263158 0.0015991471215351812 0.01631578947368421 0.0031982942430703624
1 0.38921052631578945 0.5205223880597015 0.012105263157894737 0.019722814498933903
10 0.9255263157894736 0.6769722814498934 0.01 0.017057569296375266
10 0.7405263157894737 0.6404584221748401 0.01368421052631579 0.019722814498933903
10 0.7081578947368421 0.6316631130063965 0.011052631578947368 0.015991471215351813
10 0.716842105263158 0.6340618336886994 0.011578947368421053 0.01652452025586354
10 0.6760526315789473 0.6231343283582089 0.012105263157894737 0.017057569296375266
10 0.6839473684210526 0.6257995735607675 0.013157894736842105 0.01812366737739872
10 0.7239473684210527 0.636727078891258 0.014210526315789474 0.017590618336886993
10 0.6526315789473685 0.6178038379530917 0.011578947368421053 0.017057569296375266
10 0.645 0.615405117270789 0.012105263157894737 0.01652452025586354
10 0.6697368421052632 0.6223347547974414 0.013157894736842105 0.018656716417910446
10 0.6913157894736842 0.628731343283582 0.014210526315789474 0.020788912579957356
10 0.6376315789473684 0.6140724946695096 0.012105263157894737 0.015991471215351813
10 0.6605263157894737 0.6204690831556503 0.009473684210526316 0.013859275053304905
1 0.5252631578947369 0.5836886993603412 0.017894736842105262 0.013859275053304905
10 0.7297368421052631 0.6393923240938166 0.012105263157894737 0.02185501066098081
10 0.7 0.6321961620469083 0.009473684210526316 0.015991471215351813
10 0.8447368421052631 0.6724413646055437 0.010526315789473684 0.015458422174840085
10 0.8942105263157895 0.6881663113006397 0.01263157894736842 0.017057569296375266
10 0.911578947368421 0.6929637526652452 0.010526315789473684 0.014925373134328358
1 0.9210526315789473 0.6956289978678039 0.01263157894736842 0.01812366737739872
10 0.526578947368421 0.597547974413646 0.01 0.014925373134328358
1 0.5178947368421053 0.5959488272921108 0.011578947368421053 0.017057569296375266
1 0.40289473684210525 0.5676972281449894 0.01631578947368421 0.01279317697228145
1 0.4831578947368421 0.5914179104477612 0.016842105263157894 0.014392324093816631
10 0.7060526315789474 0.09461620469083155 0.02368421052631579 0.020788912579957356
1 0.28421052631578947 0.5834221748400853 0.016842105263157894 0.013326226012793176
10 0.29973684210526313 0.5906183368869936 0.011052631578947368 0.017057569296375266
1 0.30815789473684213 0.5932835820895522 0.011052631578947368 0.015991471215351813
10 0.5731578947368421 0.06050106609808102 0.022105263157894735 0.019722814498933903
10 0.5371052631578948 0.0511727078891258 0.02368421052631579 0.021321961620469083
1 0.28 0.6007462686567164 0.017894736842105262 0.01279317697228145
10 0.5060526315789474 0.04317697228144989 0.02157894736842105 0.02025586353944563
10 0.4242105263157895 0.02185501066098081 0.021052631578947368 0.019189765458422176
10 0.47526315789473683 0.03544776119402985 0.024210526315789474 0.020788912579957356
1 0.9976315789473684 0.17883795309168443 0.0036842105263157894 0.01652452025586354
1 0.9936842105263158 0.17723880597014927 0.011578947368421053 0.017590618336886993
1 0.9136842105263158 0.7859808102345416 0.017894736842105262 0.013326226012793176
1 0.9113157894736842 0.7945095948827292 0.017368421052631578 0.012260127931769723
1 0.04052631578947368 0.5642324093816631 0.01263157894736842 0.019722814498933903
1 0.056842105263157895 0.5695628997867804 0.010526315789473684 0.015458422174840085
1 0.08157894736842106 0.5764925373134329 0.01263157894736842 0.01652452025586354
1 0.08894736842105264 0.5786247334754797 0.010526315789473684 0.015458422174840085
10 0.04868421052631579 0.5682302771855011 0.011052631578947368 0.017057569296375266
10 0.03289473684210526 0.5636993603411514 0.012105263157894737 0.01652452025586354
1 0.06526315789473684 0.5730277185501066 0.01368421052631579 0.01812366737739872
1 0.07368421052631578 0.5748933901918977 0.01263157894736842 0.017590618336886993
1 0.9089473684210526 0.8033049040511727 0.015789473684210527 0.011727078891257996
1 0.9063157894736842 0.8102345415778252 0.016842105263157894 0.01279317697228145
5 0.5913157894736842 0.7297441364605544 0.13736842105263158 0.14712153518123666
1 0.09578947368421052 0.5988805970149254 0.01368421052631579 0.017590618336886993
1 0.1031578947368421 0.601545842217484 0.011578947368421053 0.01652452025586354
10 0.08526315789473685 0.5964818763326226 0.010526315789473684 0.015991471215351813
10 0.046052631578947366 0.5860874200426439 0.013157894736842105 0.018656716417910446
10 0.038157894736842106 0.5844882729211087 0.012105263157894737 0.01652452025586354
10 0.06894736842105263 0.5930170575692963 0.01263157894736842 0.01652452025586354
10 0.06157894736842105 0.5914179104477612 0.01263157894736842 0.015458422174840085
10 0.053421052631578946 0.5892857142857143 0.013157894736842105 0.01652452025586354
10 0.07763157894736843 0.597547974413646 0.015263157894736841 0.019189765458422176
1 0.2594736842105263 0.6783049040511727 0.018947368421052633 0.014392324093816631
5 0.18394736842105264 0.6588486140724946 0.07526315789473684 0.11300639658848614
5 0.05421052631578947 0.6380597014925373 0.09578947368421052 0.0767590618336887
10 0.24105263157894738 0.7065565031982942 0.017894736842105262 0.012260127931769723
10 0.23236842105263159 0.7153518123667377 0.017368421052631578 0.01279317697228145
10 0.23026315789473684 0.7244136460554371 0.017368421052631578 0.010660980810234541
10 0.5407894736842105 0.8107675906183369 0.01 0.014925373134328358
10 0.5478947368421052 0.8128997867803838 0.010526315789473684 0.017057569296375266
10 0.5326315789473685 0.8089019189765458 0.011578947368421053 0.017590618336886993
10 0.5628947368421052 0.8174307036247335 0.011052631578947368 0.01652452025586354
10 0.5560526315789474 0.8152985074626866 0.011052631578947368 0.017590618336886993
1 0.5794736842105264 0.8216950959488273 0.010526315789473684 0.01652452025586354
1 0.5702631578947368 0.8198294243070362 0.01 0.014925373134328358
1 0.49815789473684213 0.8003731343283582 0.013157894736842105 0.018656716417910446
1 0.5052631578947369 0.802771855010661 0.009473684210526316 0.014925373134328358
10 0.5139473684210526 0.8059701492537313 0.011052631578947368 0.015991471215351813
10 0.2005263157894737 0.7252132196162047 0.022105263157894735 0.011194029850746268
10 0.1713157894736842 0.7172174840085288 0.034210526315789476 0.01652452025586354
10 0.08421052631578947 0.6966950959488273 0.009473684210526316 0.013859275053304905
10 0.013157894736842105 0.6772388059701493 0.009473684210526316 0.014392324093816631
10 0.06763157894736842 0.6924307036247335 0.01 0.014925373134328358
10 0.028157894736842104 0.6820362473347548 0.01 0.01652452025586354
10 0.05973684210526316 0.6902985074626866 0.01 0.014925373134328358
10 0.020526315789473684 0.6801705756929638 0.009473684210526316 0.013859275053304905
10 0.07578947368421053 0.6950959488272921 0.009473684210526316 0.014925373134328358
10 0.09210526315789473 0.6993603411513859 0.009473684210526316 0.01279317697228145
10 0.004736842105263158 0.67590618336887 0.009473684210526316 0.014925373134328358
10 0.04394736842105263 0.6868336886993603 0.008947368421052631 0.011194029850746268
10 0.03605263157894737 0.6852345415778252 0.008947368421052631 0.013326226012793176
10 0.0518421052631579 0.6892324093816631 0.008947368421052631 0.013859275053304905
10 0.14157894736842105 0.7150852878464818 0.017894736842105262 0.011194029850746268
10 0.5960526315789474 0.8472814498933902 0.012105263157894737 0.01652452025586354
10 0.6110526315789474 0.8520788912579957 0.011578947368421053 0.01652452025586354
10 0.5878947368421052 0.8459488272921108 0.009473684210526316 0.013859275053304905
10 0.6189473684210526 0.8547441364605544 0.011578947368421053 0.015458422174840085
10 0.6031578947368421 0.8504797441364605 0.011578947368421053 0.015458422174840085
10 0.5805263157894737 0.8443496801705757 0.010526315789473684 0.014925373134328358
10 0.5089473684210526 0.826226012793177 0.011578947368421053 0.01812366737739872
1 0.4926315789473684 0.822228144989339 0.010526315789473684 0.017590618336886993
10 0.4994736842105263 0.8246268656716418 0.009473684210526316 0.015991471215351813
10 0.03236842105263158 0.7028251599147122 0.014210526315789474 0.019722814498933903
1 0.06368421052631579 0.7118869936034116 0.01263157894736842 0.017590618336886993
1 0.07157894736842105 0.7140191897654584 0.01368421052631579 0.018656716417910446
1 0.04763157894736842 0.7078891257995735 0.014210526315789474 0.017057569296375266
1 0.05578947368421053 0.7105543710021321 0.01368421052631579 0.019189765458422176
1 0.022631578947368423 0.7020255863539445 0.01263157894736842 0.017057569296375266
1 0.0881578947368421 0.7201492537313433 0.013157894736842105 0.017057569296375266
1 0.04026315789473684 0.707089552238806 0.013157894736842105 0.01652452025586354
1 0.07973684210526316 0.7180170575692963 0.014210526315789474 0.021321961620469083
1 0.5273684210526316 0.8510127931769723 0.009473684210526316 0.015458422174840085
1 0.5434210526315789 0.8563432835820896 0.01 0.015458422174840085
10 0.5586842105263158 0.8606076759061834 0.013157894736842105 0.017590618336886993
10 0.5663157894736842 0.8627398720682303 0.01263157894736842 0.017590618336886993
10 0.535 0.8547441364605544 0.01 0.015458422174840085
1 0.5505263157894736 0.8590085287846482 0.01263157894736842 0.017590618336886993
10 0.5734210526315789 0.8656716417910447 0.012105263157894737 0.01812366737739872
1 0.47868421052631577 0.8422174840085288 0.011052631578947368 0.014925373134328358
1 0.49394736842105263 0.8464818763326226 0.013157894736842105 0.01812366737739872
1 0.5021052631578947 0.849680170575693 0.011578947368421053 0.017057569296375266
10 0.1955263157894737 0.7723880597014925 0.017368421052631578 0.011727078891257996
10 0.06736842105263158 0.7449360341151386 0.01368421052631579 0.018656716417910446
10 0.034473684210526316 0.7361407249466951 0.014210526315789474 0.019189765458422176
10 0.04289473684210526 0.7388059701492538 0.015263157894736841 0.019189765458422176
10 0.05 0.740405117270789 0.014736842105263158 0.01812366737739872
10 0.0581578947368421 0.7430703624733476 0.01631578947368421 0.02025586353944563
10 0.02631578947368421 0.7350746268656716 0.01368421052631579 0.01812366737739872
1 0.4918421052631579 0.8672707889125799 0.020526315789473684 0.017057569296375266
1 0.47210526315789475 0.8616737739872068 0.02 0.013326226012793176
1 0.4905263157894737 0.8667377398720683 0.017894736842105262 0.01279317697228145
1 0.5036842105263157 0.8707356076759062 0.02 0.014392324093816631
1 0.4723684210526316 0.8627398720682303 0.019473684210526317 0.012260127931769723
10 0.39421052631578946 0.8448827292110874 0.011578947368421053 0.015991471215351813
1 0.41947368421052633 0.8518123667377399 0.011578947368421053 0.017057569296375266
10 0.36210526315789476 0.8366204690831557 0.009473684210526316 0.014392324093816631
1 0.3705263157894737 0.8384861407249466 0.009473684210526316 0.014925373134328358
10 0.34657894736842104 0.8323560767590619 0.020526315789473684 0.02185501066098081
10 0.4023684210526316 0.847547974413646 0.012105263157894737 0.01812366737739872
10 0.14394736842105263 0.7779850746268657 0.011052631578947368 0.01652452025586354
10 0.32894736842105265 0.8283582089552238 0.009473684210526316 0.014925373134328358
10 0.13157894736842105 0.7763859275053305 0.023157894736842106 0.02185501066098081
1 0.014473684210526316 0.747867803837953 0.01 0.014925373134328358
10 0.11342105263157895 0.7777185501066098 0.015263157894736841 0.011727078891257996
2 0.6634210526315789 0.9133795309168443 0.11210526315789474 0.17217484008528786
2 0.7589473684210526 0.9373667377398721 0.10210526315789474 0.1242004264392324
10 0.35078947368421054 0.07036247334754797 0.015263157894736841 0.010660980810234541
10 0.34868421052631576 0.07862473347547974 0.01631578947368421 0.010127931769722815
10 0.2894736842105263 0.07569296375266525 0.015789473684210527 0.010660980810234541
10 0.3452631578947368 0.09301705756929637 0.02 0.020788912579957356
10 0.305 0.08368869936034115 0.02157894736842105 0.0255863539445629
10 0.5273684210526316 0.1476545842217484 0.017894736842105262 0.013859275053304905
10 0.525 0.15644989339019189 0.01631578947368421 0.011194029850746268
1 0.5223684210526316 0.16284648187633263 0.01631578947368421 0.010127931769722815
10 0.2063157894736842 0.07702558635394456 0.018947368421052633 0.014392324093816631
10 0.22026315789473686 0.08288912579957355 0.015263157894736841 0.00906183368869936
10 0.3268421052631579 0.11727078891257996 0.015789473684210527 0.01279317697228145
1 0.5221052631578947 0.1711087420042644 0.017894736842105262 0.013859275053304905
10 0.27342105263157895 0.10847547974413646 0.011052631578947368 0.01652452025586354
1 0.2823684210526316 0.11140724946695096 0.011052631578947368 0.015991471215351813
10 0.26552631578947367 0.10767590618336886 0.01 0.014925373134328358
10 0.7747368421052632 0.24760127931769724 0.009473684210526316 0.015458422174840085
10 0.7660526315789473 0.24600213219616204 0.01 0.014392324093816631
1 0.5181578947368422 0.18043710021321963 0.01631578947368421 0.013326226012793176
10 0.5157894736842106 0.18896588486140725 0.015789473684210527 0.011194029850746268
10 0.2536842105263158 0.12819829424307036 0.011578947368421053 0.01652452025586354
10 0.2607894736842105 0.1300639658848614 0.01 0.015991471215351813
10 0.19526315789473683 0.11780383795309168 0.016842105263157894 0.011727078891257996
1 0.3355263157894737 0.15911513859275053 0.011052631578947368 0.014392324093816631
10 0.19289473684210526 0.1279317697228145 0.018421052631578946 0.010660980810234541
1 0.5018421052631579 0.21748400852878466 0.017368421052631578 0.013859275053304905
10 0.655 0.25906183368869934 0.027894736842105264 0.024520255863539446
10 0.6360526315789473 0.2542643923240938 0.013157894736842105 0.01812366737739872
10 0.9284210526315789 0.3352878464818763 0.024210526315789474 0.024520255863539446
10 0.6763157894736842 0.267590618336887 0.024210526315789474 0.0255863539445629
10 0.6960526315789474 0.27372068230277186 0.02157894736842105 0.02185501066098081
10 0.718421052631579 0.2809168443496802 0.010526315789473684 0.015991471215351813
1 0.7107894736842105 0.279317697228145 0.01 0.015991471215351813
5 0.41526315789473683 0.19989339019189764 0.18947368421052632 0.18763326226012794
2 0.8178947368421052 0.09701492537313433 0.3631578947368421 0.14925373134328357
10 0.20868421052631578 0.17270788912579957 0.011052631578947368 0.017057569296375266
2 0.5123684210526316 0.033582089552238806 0.27210526315789474 0.06716417910447761
1 0.2813157894736842 0.19856076759061833 0.01 0.013326226012793176
1 0.49157894736842106 0.25692963752665243 0.011578947368421053 0.015991471215351813
10 0.295 0.2076226012793177 0.011052631578947368 0.01652452025586354
10 0.4789473684210526 0.2934434968017058 0.02 0.019722814498933903
5 0.9442105263157895 0.4229744136460554 0.11052631578947368 0.15511727078891258
10 0.8605263157894737 0.39845415778251597 0.022105263157894735 0.025053304904051173
10 0.7063157894736842 0.357409381663113 0.01263157894736842 0.019722814498933903
10 0.7481578947368421 0.3686034115138593 0.01 0.015458422174840085
10 0.7605263157894737 0.3726012793176972 0.011578947368421053 0.01812366737739872
10 0.77 0.3757995735607676 0.009473684210526316 0.015991471215351813
1 0.24289473684210527 0.23480810234541577 0.01 0.017590618336886993
10 0.2860526315789474 0.255863539445629 0.008947368421052631 0.015991471215351813
10 0.2773684210526316 0.25399786780383793 0.011578947368421053 0.017590618336886993
1 0.2942105263157895 0.2587953091684435 0.010526315789473684 0.013326226012793176
10 0.8557894736842105 0.4163113006396588 0.021052631578947368 0.021321961620469083
1 0.8128947368421052 0.4051172707889126 0.011052631578947368 0.015991471215351813
10 0.7631578947368421 0.39285714285714285 0.023157894736842106 0.023454157782515993
1 0.3794736842105263 0.2891791044776119 0.017894736842105262 0.013326226012793176
10 0.7978947368421052 0.40298507462686567 0.022105263157894735 0.022388059701492536
10 0.7363157894736843 0.38619402985074625 0.011578947368421053 0.015458422174840085
10 0.8273684210526315 0.41124733475479747 0.022105263157894735 0.020788912579957356
10 0.6047368421052631 0.35154584221748403 0.023157894736842106 0.022921108742004266
10 0.6247368421052631 0.35687633262260127 0.023157894736842106 0.02185501066098081
10 0.6542105263157895 0.36513859275053306 0.024210526315789474 0.023454157782515993
10 0.31394736842105264 0.27372068230277186 0.015263157894736841 0.011194029850746268
10 0.32763157894736844 0.2777185501066098 0.015263157894736841 0.009594882729211088
10 0.3376315789473684 0.2843816631130064 0.011052631578947368 0.017590618336886993
1 0.37763157894736843 0.296908315565032 0.017368421052631578 0.01279317697228145
1 0.35868421052631577 0.2926439232409382 0.017368421052631578 0.01279317697228145
10 0.5057894736842106 0.3326226012793177 0.017894736842105262 0.014925373134328358
10 0.4444736842105263 0.3350213219616205 0.014210526315789474 0.019722814498933903
10 0.9023684210526316 0.48800639658848616 0.011052631578947368 0.017590618336886993
1 0.3136842105263158 0.3368869936034115 0.011578947368421053 0.017057569296375266
1 0.5542105263157895 0.4125799573560768 0.017894736842105262 0.01279317697228145
1 0.1281578947368421 0.2990405117270789 0.019473684210526317 0.014925373134328358
1 0.11157894736842106 0.2953091684434968 0.017894736842105262 0.014925373134328358
10 0.6713157894736842 0.447228144989339 0.013157894736842105 0.02025586353944563
10 0.6857894736842105 0.451226012793177 0.01263157894736842 0.018656716417910446
5 0.37 0.3678038379530917 0.12631578947368421 0.14072494669509594
10 0.5507894736842105 0.4211087420042644 0.01631578947368421 0.011727078891257996
10 0.6068421052631578 0.44269722814498935 0.023157894736842106 0.02398720682302772
10 0.5476315789473685 0.43097014925373134 0.01631578947368421 0.011194029850746268
1 0.42526315789473684 0.39925373134328357 0.014736842105263158 0.021321961620469083
10 0.7242105263157895 0.48667377398720685 0.010526315789473684 0.014925373134328358
1 0.5476315789473685 0.43976545842217485 0.01631578947368421 0.011727078891257996
10 0.17394736842105263 0.3390191897654584 0.02157894736842105 0.015991471215351813
1 0.12368421052631579 0.3310234541577825 0.02 0.013859275053304905
1 0.14263157894736841 0.3360874200426439 0.02 0.014392324093816631
1 0.1036842105263158 0.3267590618336887 0.017894736842105262 0.01279317697228145
1 0.1726315789473684 0.3494136460554371 0.018947368421052633 0.011194029850746268
1 0.19394736842105262 0.35554371002132196 0.020526315789473684 0.01279317697228145
1 0.12078947368421053 0.34088486140724944 0.019473684210526317 0.012260127931769723
1 0.1413157894736842 0.34674840085287845 0.015263157894736841 0.011194029850746268
1 0.10157894736842105 0.3358208955223881 0.016842105263157894 0.010660980810234541
1 0.19263157894736843 0.3624733475479744 0.02 0.013859275053304905
1 0.1686842105263158 0.35980810234541577 0.01631578947368421 0.011727078891257996
1 0.1376315789473684 0.35474413646055436 0.018421052631578946 0.013326226012793176
1 0.10026315789473685 0.3451492537313433 0.01631578947368421 0.010127931769722815
1 0.11763157894736842 0.35074626865671643 0.017368421052631578 0.011727078891257996
1 0.16657894736842105 0.36807036247334757 0.015263157894736841 0.010127931769722815
1 0.11552631578947369 0.3590085287846482 0.015263157894736841 0.010127931769722815
1 0.09710526315789474 0.35474413646055436 0.018421052631578946 0.013326226012793176
10 0.40157894736842104 0.43869936034115137 0.02631578947368421 0.013859275053304905
1 0.16526315789473683 0.3744669509594883 0.018947368421052633 0.012260127931769723
1 0.095 0.3646055437100213 0.018421052631578946 0.01279317697228145
1 0.16263157894736843 0.38406183368869934 0.016842105263157894 0.011194029850746268
1 0.18842105263157893 0.39152452025586354 0.016842105263157894 0.011194029850746268
1 0.4052631578947368 0.4504264392324094 0.016842105263157894 0.01279317697228145
1 0.16052631578947368 0.39312366737739873 0.017894736842105262 0.012260127931769723
1 0.18552631578947368 0.3997867803837953 0.018421052631578946 0.01279317697228145
1 0.09289473684210527 0.3752665245202559 0.022631578947368423 0.014925373134328358
10 0.8439473684210527 0.5842217484008528 0.011052631578947368 0.01812366737739872
10 0.7339473684210527 0.5589019189765458 0.012105263157894737 0.017590618336886993
10 0.7597368421052632 0.5655650319829424 0.01 0.014925373134328358
10 0.7502631578947369 0.5642324093816631 0.011052631578947368 0.017590618336886993
10 0.10210526315789474 0.40031982942430705 0.021052631578947368 0.014925373134328358
10 0.8686842105263158 0.6092750533049041 0.011052631578947368 0.014925373134328358
10 0.8589473684210527 0.6068763326226013 0.01263157894736842 0.019722814498933903
10 0.6805263157894736 0.5607675906183369 0.011578947368421053 0.015991471215351813
1 0.08473684210526315 0.39952025586353945 0.018947368421052633 0.01652452025586354
10 0.6881578947368421 0.5631663113006397 0.011052631578947368 0.015458422174840085
10 0.7039473684210527 0.5676972281449894 0.01 0.014925373134328358
10 0.7192105263157895 0.5719616204690832 0.011052631578947368 0.015991471215351813
10 0.7110526315789474 0.5695628997867804 0.009473684210526316 0.015458422174840085
10 0.7476315789473684 0.579957356076759 0.012105263157894737 0.015991471215351813
10 0.736578947368421 0.5770255863539445 0.014210526315789474 0.020788912579957356
10 0.7273684210526316 0.5746268656716418 0.011578947368421053 0.017057569296375266
10 0.7568421052631579 0.5826226012793176 0.01263157894736842 0.015991471215351813
10 0.6957894736842105 0.5671641791044776 0.01263157894736842 0.019189765458422176
10 0.6710526315789473 0.5607675906183369 0.011578947368421053 0.015991471215351813
1 0.17026315789473684 0.42937100213219614 0.01631578947368421 0.012260127931769723
10 0.12052631578947369 0.4171108742004264 0.018947368421052633 0.013326226012793176
10 0.15236842105263157 0.42937100213219614 0.019473684210526317 0.012260127931769723