1 0.3494764397905759 0.9470468431771895 0.029842931937172777 0.07535641547861507
1 0.22329842931937172 0.9770875763747454 0.02774869109947644 0.04378818737270876
1 0.26413612565445027 0.9745417515274949 0.025654450261780103 0.048879837067209775
1 0.09424083769633508 0.0840122199592668 0.02931937172774869 0.0539714867617108
1 0.14345549738219895 0.09317718940936863 0.04502617801047121 0.11507128309572301
10 0.17198952879581153 0.10590631364562118 0.016230366492146597 0.04480651731160896
1 0.0015706806282722514 0.17566191446028515 0.0031413612565445027 0.06415478615071284
1 0.09921465968586388 0.17617107942973523 0.03193717277486911 0.06313645621181263
1 0.16989528795811518 0.3080448065173116 0.029842931937172777 0.0539714867617108
10 0.05654450261780105 0.3304480651731161 0.011518324607329843 0.06008146639511202
10 0.06727748691099476 0.32942973523421587 0.013089005235602094 0.0560081466395112
1 0.16596858638743456 0.3604887983706721 0.027225130890052355 0.05295315682281059
1 0.09842931937172775 0.03665987780040733 0.032460732984293195 0.020366598778004074
10 0.09659685863874345 0.414969450101833 0.022513089005235604 0.029531568228105907
1 0.6089005235602094 0.40122199592668023 0.0387434554973822 0.06109979633401222
10 0.09712041884816754 0.4378818737270876 0.024607329842931937 0.026476578411405296
1 0.5649214659685864 0.42464358452138495 0.025130890052356022 0.05702647657841141
10 0.09659685863874345 0.45824847250509165 0.020418848167539267 0.026476578411405296
1 0.4617801047120419 0.47963340122199594 0.027225130890052355 0.05091649694501019
10 0.17408376963350786 0.5412423625254582 0.030890052356020943 0.03767820773930754
10 0.5604712041884817 0.017820773930753563 0.026701570680628273 0.035641547861507125
1 0.24267015706806283 0.6288187372708758 0.05602094240837696 0.07637474541751528
10 0.17225130890052356 0.6894093686354379 0.01780104712041885 0.05091649694501019
10 0.1130890052356021 0.7118126272912424 0.023036649214659685 0.034623217922606926
10 0.1206806282722513 0.7337067209775967 0.021465968586387434 0.023421588594704685
10 0.8450261780104712 0.689918533604888 0.019895287958115182 0.04989816700610998
1 0.3586387434554974 0.8121181262729125 0.033507853403141365 0.08859470468431772
1 0.21439790575916232 0.8309572301425662 0.025654450261780103 0.05091649694501019
10 0.04031413612565445 0.844704684317719 0.02198952879581152 0.0274949083503055
1 0.2468586387434555 0.8538696537678208 0.029842931937172777 0.06415478615071284