1 0.6193991853360489 0.5341328413284133 0.007637474541751527 0.004305043050430504
10 0.17438900203665988 0.5836408364083641 0.004582484725050916 0.01107011070110701
10 0.08732179226069246 0.5956334563345633 0.006619144602851324 0.004305043050430504
1 0.619653767820774 0.541820418204182 0.0050916496945010185 0.0024600246002460025
10 0.6344195519348269 0.5412054120541205 0.006109979633401222 0.0036900369003690036
10 0.8177189409368636 0.5224477244772447 0.009164969450101833 0.004305043050430504
10 0.7986252545824847 0.528290282902829 0.006619144602851324 0.004920049200492005
10 0.08834012219959267 0.6042435424354243 0.006619144602851324 0.004305043050430504
10 0.539969450101833 0.5565805658056581 0.007637474541751527 0.006150061500615006
10 0.905040733197556 0.5215252152521526 0.011710794297352342 0.004920049200492005
10 0.08859470468431772 0.6128536285362853 0.007128309572301426 0.005535055350553505
5 0.9831975560081466 0.5190651906519065 0.032586558044806514 0.06642066420664207
1 0.5414969450101833 0.5667281672816729 0.010692464358452138 0.004305043050430504
10 0.5598268839103869 0.5654981549815498 0.010692464358452138 0.007995079950799507
10 0.4417006109979633 0.5787207872078721 0.007637474541751527 0.004920049200492005
10 0.7085030549898167 0.5575030750307504 0.007637474541751527 0.004305043050430504
1 0.5610997963340122 0.5747232472324724 0.012219959266802444 0.005535055350553505
1 0.5417515274949084 0.5771832718327183 0.007128309572301426 0.003075030750307503
10 0.9078411405295316 0.5393603936039361 0.010183299389002037 0.0036900369003690036
10 0.4414460285132383 0.5882533825338253 0.006109979633401222 0.005535055350553505
10 0.4763238289205703 0.5854858548585485 0.009674134419551934 0.006150061500615006
1 0.710030549898167 0.568880688806888 0.00560081466395112 0.0024600246002460025
1 0.5623727087576375 0.584870848708487 0.007637474541751527 0.0036900369003690036
10 0.5420061099796334 0.5879458794587946 0.006619144602851324 0.0036900369003690036
10 0.6074338085539714 0.5805658056580566 0.006109979633401222 0.0036900369003690036
1 0.36838085539714865 0.6119311193111932 0.004582484725050916 0.014760147601476014
10 0.7113034623217923 0.5777982779827798 0.006109979633401222 0.003075030750307503
10 0.6079429735234216 0.5900984009840098 0.007128309572301426 0.004305043050430504
10 0.5618635437881874 0.5953259532595326 0.00560081466395112 0.0036900369003690036
1 0.5432790224032586 0.5980934809348093 0.010183299389002037 0.005535055350553505
10 0.5916496945010183 0.5940959409594095 0.009164969450101833 0.004920049200492005
10 0.8215376782077393 0.5738007380073801 0.007637474541751527 0.0036900369003690036
10 0.9086048879837068 0.5654981549815498 0.010692464358452138 0.005535055350553505
10 0.8021894093686355 0.577490774907749 0.004582484725050916 0.004920049200492005
10 0.8907841140529531 0.568880688806888 0.009674134419551934 0.006150061500615006
10 0.5435336048879837 0.6073185731857319 0.008655804480651732 0.004305043050430504
10 0.5626272912423625 0.6051660516605166 0.008146639511201629 0.0024600246002460025
10 0.44730142566191444 0.6180811808118081 0.008655804480651732 0.0036900369003690036
1 0.5786659877800407 0.6039360393603936 0.007637474541751527 0.006150061500615006
10 0.7113034623217923 0.5919434194341944 0.007128309572301426 0.004305043050430504
1 0.46741344195519346 0.6183886838868389 0.015274949083503055 0.006765067650676507
12 0.40020366598778007 0.6273062730627307 0.04073319755600815 0.03690036900369004
1 0.544806517311609 0.6156211562115621 0.010183299389002037 0.006150061500615006
10 0.5631364562118126 0.6162361623616236 0.004073319755600814 0.0036900369003690036
10 0.5794297352342159 0.6153136531365314 0.008146639511201629 0.003075030750307503
10 0.44831975560081466 0.6309963099630996 0.008655804480651732 0.004920049200492005
10 0.7128309572301426 0.6048585485854858 0.0050916496945010185 0.005535055350553505
10 0.5644093686354379 0.6282287822878229 0.007637474541751527 0.004305043050430504
10 0.7153767820773931 0.6137761377613776 0.007128309572301426 0.004920049200492005
10 0.41675152749490835 0.6525215252152522 0.008655804480651732 0.004920049200492005
10 0.8131364562118126 0.6159286592865929 0.006109979633401222 0.003075030750307503
10 0.6545315682281059 0.6432964329643296 0.011710794297352342 0.006150061500615006
10 0.18864562118126274 0.7026445264452644 0.00560081466395112 0.012915129151291513
10 0.1794806517311609 0.7044895448954489 0.003564154786150713 0.014145141451414513
10 0.655295315682281 0.6549815498154982 0.008146639511201629 0.0036900369003690036
2 0.6906822810590632 0.6515990159901599 0.040224032586558045 0.1814268142681427
10 0.36634419551934827 0.6940344403444034 0.012729124236252547 0.005535055350553505
10 0.6560590631364562 0.6645141451414515 0.007637474541751527 0.003075030750307503
10 0.34088594704684316 0.698339483394834 0.007637474541751527 0.005535055350553505
5 0.10488798370672098 0.72539975399754 0.032586558044806514 0.08917589175891759
10 0.14129327902240327 0.726629766297663 0.011710794297352342 0.006765067650676507
10 0.15835030549898166 0.72539975399754 0.010183299389002037 0.006765067650676507
10 0.6586048879837068 0.6771217712177122 0.004582484725050916 0.0036900369003690036
1 0.14434826883910387 0.7380073800738007 0.010692464358452138 0.006150061500615006
10 0.41675152749490835 0.7109471094710947 0.008655804480651732 0.004920049200492005
1 0.07026476578411406 0.7493849938499385 0.010183299389002037 0.006765067650676507
10 0.15936863543788188 0.745079950799508 0.008146639511201629 0.003075030750307503
10 0.14434826883910387 0.7496924969249692 0.011710794297352342 0.007380073800738007
10 0.07128309572301425 0.7589175891758918 0.012219959266802444 0.006150061500615006
1 0.41827902240325865 0.7238622386223862 0.014765784114052953 0.006150061500615006
1 0.07077393075356415 0.769680196801968 0.010183299389002037 0.006765067650676507
10 0.41726069246435843 0.7337023370233703 0.009674134419551934 0.004920049200492005
1 0.14587576374745417 0.764760147601476 0.014765784114052953 0.006765067650676507
10 0.4185336048879837 0.7435424354243543 0.010183299389002037 0.004920049200492005
10 0.6664969450101833 0.016605166051660517 0.01120162932790224 0.006150061500615006
1 0.11379837067209776 0.07564575645756458 0.006619144602851324 0.0024600246002460025
10 0.5710285132382892 0.7337023370233703 0.007637474541751527 0.0036900369003690036
10 0.5498981670061099 0.7370848708487084 0.010183299389002037 0.007995079950799507
10 0.5290224032586558 0.740159901599016 0.010183299389002037 0.005535055350553505
10 0.5140020366598778 0.7429274292742928 0.007637474541751527 0.004920049200492005
10 0.6130346232179226 0.7330873308733087 0.008146639511201629 0.004920049200492005
10 0.3971486761710794 0.7576875768757687 0.007128309572301426 0.004920049200492005
5 0.630346232179226 0.7376998769987699 0.014256619144602852 0.023985239852398525
10 0.08732179226069246 0.7958179581795818 0.006619144602851324 0.004920049200492005
1 0.6112525458248472 0.742619926199262 0.011710794297352342 0.004305043050430504
10 0.39918533604887985 0.7690651906519065 0.007128309572301426 0.004305043050430504
5 0.36685336048879835 0.7742927429274292 0.040224032586558045 0.02214022140221402
10 0.9610488798370672 0.7134071340713407 0.003564154786150713 0.012300123001230012
1 0.08783095723014257 0.8081180811808119 0.007637474541751527 0.0036900369003690036
10 0.6288187372708758 0.023370233702337023 0.008146639511201629 0.004920049200492005
10 0.8874745417515275 0.724169741697417 0.01120162932790224 0.007995079950799507
10 0.865071283095723 0.7269372693726938 0.009164969450101833 0.004920049200492005
10 0.6491853360488798 0.02214022140221402 0.008146639511201629 0.0036900369003690036
10 0.08884928716904276 0.8170356703567035 0.006619144602851324 0.004305043050430504
1 0.002291242362525458 0.09071340713407135 0.004582484725050916 0.005535055350553505
5 0.7441446028513238 0.751230012300123 0.029022403258655804 0.01783517835178352
10 0.9641038696537678 0.731549815498155 0.004582484725050916 0.012915129151291513
10 0.01909368635437882 0.0897908979089791 0.012729124236252547 0.004920049200492005
5 0.27774949083503053 0.810270602706027 0.04735234215885947 0.037515375153751536
10 0.9938900203665988 0.7370848708487084 0.010183299389002037 0.005535055350553505
10 0.08655804480651731 0.8367158671586716 0.003054989816700611 0.00922509225092251
10 0.06873727087576374 0.8385608856088561 0.0050916496945010185 0.010455104551045511
10 0.06109979633401222 0.8397908979089791 0.003054989816700611 0.00922509225092251
1 0.24389002036659876 0.8207257072570726 0.013238289205702648 0.007995079950799507
10 0.07841140529531568 0.8379458794587946 0.0050916496945010185 0.010455104551045511
10 0.6881364562118126 0.7749077490774908 0.003564154786150713 0.013530135301353014
1 0.6960285132382892 0.7742927429274292 0.004073319755600814 0.014760147601476014
1 0.7107942973523421 0.7730627306273062 0.004073319755600814 0.014760147601476014
10 0.7186863543788188 0.7727552275522755 0.003564154786150713 0.010455104551045511
10 0.7041751527494908 0.7749077490774908 0.003054989816700611 0.01107011070110701
10 0.8678716904276986 0.7589175891758918 0.008655804480651732 0.004920049200492005
10 0.9961812627291242 0.7456949569495694 0.006619144602851324 0.004305043050430504
10 0.10616089613034624 0.8437884378843789 0.003564154786150713 0.012300123001230012
10 0.09775967413441955 0.8450184501845018 0.006109979633401222 0.014760147601476014
10 0.11583503054989816 0.8440959409594095 0.003564154786150713 0.012915129151291513
10 0.24414460285132383 0.8317958179581796 0.009674134419551934 0.005535055350553505
10 0.869653767820774 0.7687576875768758 0.01120162932790224 0.007380073800738007
10 0.5888492871690427 0.7982779827798278 0.00560081466395112 0.01107011070110701
1 0.6359470468431772 0.7936654366543665 0.0050916496945010185 0.012915129151291513
10 0.9964358452138493 0.756150061500615 0.006109979633401222 0.004305043050430504
1 0.6206720977596741 0.7964329643296433 0.004073319755600814 0.012300123001230012
1 0.6290733197556008 0.7961254612546126 0.003564154786150713 0.015375153751537515
1 0.6143075356415478 0.7973554735547356 0.003564154786150713 0.011685116851168511
10 0.34826883910386963 0.057503075030750306 0.01120162932790224 0.006765067650676507
10 0.5585539714867617 0.8056580565805658 0.009164969450101833 0.004920049200492005
10 0.8905295315682281 0.7715252152521526 0.007128309572301426 0.004305043050430504
10 0.7741853360488798 0.784440344403444 0.008655804480651732 0.004305043050430504
10 0.07179226069246436 0.8582410824108241 0.004073319755600814 0.012915129151291513
1 0.079938900203666 0.8573185731857319 0.006109979633401222 0.017220172201722016
1 0.036914460285132386 0.8622386223862238 0.007637474541751527 0.013530135301353014
10 0.24389002036659876 0.8407134071340714 0.009164969450101833 0.004920049200492005
10 0.08910386965376782 0.8573185731857319 0.007128309572301426 0.013530135301353014
1 0.0539714867617108 0.8610086100861009 0.0050916496945010185 0.014760147601476014
1 0.045570264765784116 0.8625461254612546 0.006619144602851324 0.014145141451414513
10 0.7925152749490835 0.7841328413284133 0.01374745417515275 0.0036900369003690036
1 0.06262729124236252 0.8616236162361623 0.004073319755600814 0.013530135301353014
10 0.869908350305499 0.7785977859778598 0.009674134419551934 0.006150061500615006
5 0.06084521384928717 0.08856088560885608 0.031059063136456212 0.07380073800738007
10 0.9966904276985743 0.7650676506765067 0.00560081466395112 0.004920049200492005
12 0.515274949083503 0.8213407134071341 0.012219959266802444 0.015375153751537515
10 0.19475560081466395 0.07503075030750307 0.007637474541751527 0.004920049200492005
10 0.7764765784114053 0.7945879458794588 0.007128309572301426 0.0036900369003690036
12 0.49567209775967414 0.8244157441574416 0.009674134419551934 0.015375153751537515
10 0.46283095723014256 0.8281057810578106 0.006109979633401222 0.011685116851168511
1 0.454938900203666 0.8293357933579336 0.00560081466395112 0.011685116851168511
12 0.4778513238289206 0.8284132841328413 0.007637474541751527 0.013530135301353014
10 0.9982179226069247 0.77460024600246 0.0025458248472505093 0.003075030750307503
5 0.9615580448065173 0.7795202952029521 0.031059063136456212 0.03874538745387454
1 0.9124236252545825 0.7853628536285363 0.01120162932790224 0.006150061500615006
10 0.870162932790224 0.7902829028290282 0.009164969450101833 0.004920049200492005
10 0.5511710794297352 0.8253382533825339 0.0015274949083503055 0.008610086100861008
10 0.544806517311609 0.8265682656826568 0.0050916496945010185 0.012300123001230012
10 0.5941955193482689 0.8213407134071341 0.004073319755600814 0.011685116851168511
1 0.27825865580448067 0.8579335793357934 0.004582484725050916 0.015990159901599015
10 0.28487780040733196 0.8582410824108241 0.004582484725050916 0.011685116851168511
10 0.7782586558044806 0.8068880688806888 0.011710794297352342 0.004920049200492005
10 0.8716904276985743 0.7988929889298892 0.007128309572301426 0.0036900369003690036
1 0.9121690427698574 0.0018450184501845018 0.004582484725050916 0.0036900369003690036
1 0.7780040733197556 0.8154981549815498 0.009164969450101833 0.0036900369003690036
1 0.47352342158859473 0.8474784747847478 0.006109979633401222 0.012300123001230012
10 0.794806517311609 0.8145756457564576 0.008146639511201629 0.004305043050430504
10 0.4839613034623218 0.8477859778597786 0.00560081466395112 0.012915129151291513
10 0.8925661914460286 0.8050430504305043 0.009164969450101833 0.004920049200492005
10 0.09597759674134419 0.08794587945879459 0.012729124236252547 0.004920049200492005
10 0.4943991853360489 0.8477859778597786 0.006109979633401222 0.012915129151291513
1 0.7782586558044806 0.8253382533825339 0.007637474541751527 0.0036900369003690036
10 0.895112016293279 0.8158056580565806 0.010183299389002037 0.007995079950799507
10 0.6494399185336049 0.03044280442804428 0.009674134419551934 0.005535055350553505
10 0.7970977596741344 0.8299507995079951 0.008655804480651732 0.003075030750307503
10 0.630346232179226 0.033210332103321034 0.009164969450101833 0.004920049200492005
1 0.4569755600814664 0.8699261992619927 0.004582484725050916 0.016605166051660517
1 0.464867617107943 0.8708487084870848 0.0050916496945010185 0.013530135301353014
1 0.4745417515274949 0.8693111931119312 0.004073319755600814 0.014145141451414513
1 0.4943991853360489 0.8680811808118081 0.0050916496945010185 0.012915129151291513
10 0.6672606924643585 0.03013530135301353 0.00560081466395112 0.0036900369003690036
1 0.9770875763747454 0.8238007380073801 0.003054989816700611 0.010455104551045511
1 0.9862525458248472 0.8238007380073801 0.004073319755600814 0.011685116851168511
1 0.995162932790224 0.8234932349323493 0.00560081466395112 0.012300123001230012
1 0.7365071283095723 0.8514760147601476 0.009674134419551934 0.005535055350553505
1 0.8492871690427699 0.8450184501845018 0.009164969450101833 0.004920049200492005
1 0.7981160896130346 0.8508610086100861 0.008655804480651732 0.003075030750307503
10 0.6810081466395111 0.8650061500615006 0.009674134419551934 0.005535055350553505
10 0.8719450101832994 0.8453259532595326 0.008655804480651732 0.004305043050430504
10 0.8508146639511202 0.8539360393603936 0.007128309572301426 0.004305043050430504
10 0.4661405295315682 0.8948339483394834 0.0025458248472505093 0.00984009840098401
10 0.4579938900203666 0.8957564575645757 0.00560081466395112 0.00922509225092251
10 0.48116089613034624 0.8939114391143912 0.0050916496945010185 0.010455104551045511
10 0.7410896130346232 0.8665436654366544 0.003564154786150713 0.01107011070110701
10 0.7477087576374746 0.8662361623616236 0.003564154786150713 0.00922509225092251
10 0.7993890020366599 0.8607011070110702 0.007128309572301426 0.004305043050430504
1 0.49490835030549896 0.8936039360393604 0.003054989816700611 0.008610086100861008
1 0.4893075356415479 0.8942189421894219 0.0050916496945010185 0.013530135301353014
10 0.4730142566191446 0.8954489544895449 0.004073319755600814 0.00984009840098401
1 0.980142566191446 0.8465559655596556 0.0050916496945010185 0.016605166051660517
1 0.9658859470468432 0.8484009840098401 0.003054989816700611 0.014145141451414513
1 0.8729633401221996 0.8594710947109471 0.00560081466395112 0.005535055350553505
1 0.8518329938900203 0.8650061500615006 0.009164969450101833 0.005535055350553505
1 0.7970977596741344 0.8726937269372693 0.008655804480651732 0.0036900369003690036
1 0.6825356415478615 0.8865313653136532 0.008655804480651732 0.004305043050430504
10 0.9320264765784114 0.005842558425584256 0.010692464358452138 0.005535055350553505
10 0.785132382892057 0.8760762607626076 0.0050916496945010185 0.012915129151291513
10 0.7489816700610998 0.8837638376383764 0.003054989816700611 0.00984009840098401
10 0.7415987780040734 0.8856088560885609 0.003564154786150713 0.01107011070110701
1 0.8719450101832994 0.8736162361623616 0.014765784114052953 0.005535055350553505
10 0.8536150712830958 0.8757687576875769 0.007637474541751527 0.004920049200492005
10 0.800152749490835 0.8834563345633456 0.007637474541751527 0.003075030750307503
1 0.6820264765784114 0.8976014760147601 0.007637474541751527 0.005535055350553505
1 0.12754582484725052 0.09225092250922509 0.004582484725050916 0.013530135301353014
10 0.19628309572301425 0.08579335793357934 0.006619144602851324 0.003075030750307503
10 0.9103869653767821 0.012300123001230012 0.007128309572301426 0.0024600246002460025
10 0.6695519348268839 0.03843788437884379 0.01120162932790224 0.005535055350553505
10 0.6311099796334012 0.04305043050430504 0.003564154786150713 0.0036900369003690036
10 0.6496945010183299 0.04305043050430504 0.008146639511201629 0.007380073800738007
10 0.9310081466395111 0.015067650676506766 0.007637474541751527 0.005535055350553505
10 0.1970468431771894 0.09501845018450185 0.007128309572301426 0.003075030750307503
10 0.6687881873727087 0.0464329643296433 0.00560081466395112 0.004305043050430504
10 0.021130346232179225 0.11715867158671586 0.009674134419551934 0.004305043050430504
1 0.004582484725050916 0.12023370233702337 0.009164969450101833 0.005535055350553505
10 0.8014256619144603 0.03628536285362854 0.007128309572301426 0.013530135301353014
10 0.19679226069246436 0.10485854858548585 0.00560081466395112 0.003075030750307503
1 0.12907331975560082 0.11193111931119311 0.00560081466395112 0.012300123001230012
10 0.6713340122199593 0.055350553505535055 0.007637474541751527 0.0036900369003690036
1 0.11507128309572301 0.11592865928659286 0.009164969450101833 0.003075030750307503
10 0.09725050916496945 0.11808118081180811 0.009164969450101833 0.004920049200492005
10 0.022912423625254582 0.12792127921279212 0.010183299389002037 0.004920049200492005
1 0.0050916496945010185 0.13038130381303814 0.010183299389002037 0.004920049200492005
1 0.11532586558044806 0.12607626076260764 0.009674134419551934 0.0036900369003690036
1 0.06313645621181263 0.13653136531365315 0.008146639511201629 0.004920049200492005
10 0.04531568228105906 0.13899138991389914 0.01120162932790224 0.0036900369003690036
1 0.08223014256619145 0.13591635916359163 0.012729124236252547 0.006150061500615006
10 0.6221995926680245 0.08025830258302583 0.004073319755600814 0.010455104551045511
10 0.605142566191446 0.08271832718327184 0.003564154786150713 0.010455104551045511
10 0.6135437881873728 0.08210332103321033 0.003054989816700611 0.010455104551045511
10 0.7665478615071283 0.06611316113161132 0.007637474541751527 0.014145141451414513
12 0.7894602851323829 0.06426814268142682 0.008655804480651732 0.011685116851168511
10 0.41165987780040736 0.10362853628536285 0.003564154786150713 0.00922509225092251
10 0.7769857433808554 0.06519065190651907 0.004073319755600814 0.012300123001230012
10 0.8032077393075356 0.06303813038130382 0.004582484725050916 0.014145141451414513
10 0.5056008146639511 0.09440344403444034 0.006109979633401222 0.011685116851168511
10 0.39460285132382894 0.10608856088560886 0.003054989816700611 0.010455104551045511
10 0.5972505091649695 0.08517835178351783 0.0050916496945010185 0.00922509225092251
10 0.454938900203666 0.1002460024600246 0.003564154786150713 0.01107011070110701
10 0.4725050916496945 0.09809348093480935 0.0050916496945010185 0.011685116851168511
10 0.4638492871690428 0.0996309963099631 0.004073319755600814 0.012300123001230012
10 0.42082484725050917 0.1039360393603936 0.004582484725050916 0.01107011070110701
10 0.4386456211812627 0.10239852398523985 0.004582484725050916 0.012915129151291513
10 0.48116089613034624 0.09747847478474785 0.004073319755600814 0.010455104551045511
10 0.4455193482688391 0.10209102091020911 0.0050916496945010185 0.012300123001230012
10 0.40274949083503053 0.1070110701107011 0.0050916496945010185 0.012300123001230012
10 0.42973523421588594 0.1039360393603936 0.0050916496945010185 0.012300123001230012
10 0.7581466395112016 0.06888068880688807 0.006109979633401222 0.012300123001230012
10 0.49872708757637474 0.0965559655596556 0.0025458248472505093 0.008610086100861008
10 0.48981670061099797 0.09747847478474785 0.004073319755600814 0.010455104551045511
1 0.04480651731160896 0.1472939729397294 0.009164969450101833 0.005535055350553505
10 0.3360488798370672 0.11961869618696187 0.009164969450101833 0.006765067650676507
10 0.13060081466395113 0.14760147601476015 0.003564154786150713 0.00984009840098401
10 0.15274949083503056 0.1460639606396064 0.002036659877800407 0.00922509225092251
10 0.1379837067209776 0.14821648216482164 0.004073319755600814 0.00984009840098401
10 0.1939918533604888 0.1429889298892989 0.003054989816700611 0.00922509225092251
10 0.14638492871690428 0.1479089790897909 0.0025458248472505093 0.010455104551045511
10 0.2079938900203666 0.14145141451414514 0.0025458248472505093 0.008610086100861008
10 0.12372708757637474 0.15129151291512916 0.004073319755600814 0.01107011070110701
10 0.17871690427698575 0.1454489544895449 0.004073319755600814 0.011685116851168511
10 0.18660896130346233 0.14514145141451415 0.0025458248472505093 0.00984009840098401
10 0.20086558044806518 0.14329643296432965 0.003564154786150713 0.00984009840098401
10 0.33681262729124234 0.13007380073800737 0.009674134419551934 0.004305043050430504
10 0.759928716904277 0.09040590405904059 0.00560081466395112 0.00984009840098401
10 0.8037169042769857 0.08671586715867159 0.003564154786150713 0.007380073800738007
10 0.7696028513238289 0.0910209102091021 0.003564154786150713 0.01107011070110701
10 0.7881873727087576 0.08948339483394833 0.0050916496945010185 0.011685116851168511
10 0.7970977596741344 0.08856088560885608 0.003564154786150713 0.00984009840098401
10 0.7428716904276986 0.0940959409594096 0.004073319755600814 0.012300123001230012
10 0.9363543788187373 0.07349323493234933 0.008146639511201629 0.003075030750307503
10 0.7362525458248472 0.09563345633456334 0.004073319755600814 0.011685116851168511
10 0.7785132382892057 0.0910209102091021 0.006109979633401222 0.013530135301353014
10 0.9386456211812627 0.08671586715867159 0.008655804480651732 0.0036900369003690036
10 0.8324847250509165 0.10639606396063961 0.006109979633401222 0.012300123001230012
10 0.7879327902240326 0.11254612546125461 0.003564154786150713 0.00984009840098401
10 0.7724032586558045 0.11377613776137761 0.0050916496945010185 0.01107011070110701
10 0.7810590631364562 0.11346863468634687 0.0050916496945010185 0.012915129151291513
10 0.7543279022403259 0.11654366543665437 0.0025458248472505093 0.010455104551045511
10 0.8238289205702648 0.1088560885608856 0.004073319755600814 0.012300123001230012
10 0.939918533604888 0.0971709717097171 0.008146639511201629 0.0036900369003690036
10 0.8075356415478615 0.11131611316113162 0.0050916496945010185 0.01107011070110701
10 0.8391038696537678 0.10793357933579335 0.0050916496945010185 0.014145141451414513
10 0.7986252545824847 0.11285362853628536 0.00560081466395112 0.010455104551045511
12 0.6840631364562119 0.13038130381303814 0.01374745417515275 0.013530135301353014
10 0.7008655804480651 0.1325338253382534 0.007637474541751527 0.004305043050430504
10 0.8380855397148677 0.12576875768757687 0.007128309572301426 0.004305043050430504
10 0.9409368635437881 0.11746617466174662 0.008146639511201629 0.0024600246002460025
10 0.7057026476578412 0.14452644526445266 0.009164969450101833 0.004920049200492005
10 0.03004073319755601 0.2158671586715867 0.008146639511201629 0.0036900369003690036
12 0.6894093686354379 0.1509840098400984 0.01120162932790224 0.014145141451414513
10 0.7074847250509165 0.15713407134071342 0.006619144602851324 0.004305043050430504
10 0.9424643584521385 0.1386838868388684 0.004073319755600814 0.003075030750307503
10 0.7095213849287169 0.16420664206642066 0.011710794297352342 0.004920049200492005
10 0.6988289205702648 0.16758917589175892 0.004582484725050916 0.010455104551045511
1 0.7245417515274949 0.16974169741697417 0.012219959266802444 0.007380073800738007
10 0.8416496945010183 0.1583640836408364 0.008146639511201629 0.004305043050430504
10 0.9442464358452138 0.1491389913899139 0.009674134419551934 0.004305043050430504
10 0.8426680244399185 0.16820418204182042 0.009164969450101833 0.005535055350553505
10 0.945264765784114 0.16051660516605165 0.011710794297352342 0.004920049200492005
10 0.8419042769857433 0.17835178351783518 0.010692464358452138 0.004920049200492005
10 0.24745417515274948 0.2521525215252153 0.01120162932790224 0.006150061500615006
10 0.2324338085539715 0.253690036900369 0.011710794297352342 0.00922509225092251
5 0.7866598778004074 0.1986469864698647 0.08044806517311609 0.12669126691266913
1 0.8459775967413442 0.19403444034440345 0.009674134419551934 0.006765067650676507
1 0.729887983706721 0.2091020910209102 0.012729124236252547 0.008610086100861008
10 0.42515274949083504 0.24108241082410825 0.004073319755600814 0.013530135301353014
1 0.3704175152749491 0.24907749077490776 0.006619144602851324 0.017220172201722016
10 0.3854378818737271 0.272140221402214 0.004073319755600814 0.012915129151291513
1 0.9045315682281059 0.23493234932349324 0.008655804480651732 0.004920049200492005
10 0.9238798370672098 0.23370233702337023 0.006619144602851324 0.0036900369003690036
10 0.945010183299389 0.23462484624846247 0.01120162932790224 0.004305043050430504
1 0.925152749490835 0.24477244772447723 0.008146639511201629 0.0036900369003690036
1 0.9063136456211812 0.247539975399754 0.010183299389002037 0.005535055350553505
10 0.47072301425661917 0.2988929889298893 0.009674134419551934 0.007380073800738007
1 0.6362016293279023 0.28136531365313655 0.009674134419551934 0.005535055350553505
10 0.4870162932790224 0.29797047970479706 0.008655804480651732 0.005535055350553505
1 0.9075865580448065 0.25584255842558423 0.007637474541751527 0.0036900369003690036
1 0.925152749490835 0.2555350553505535 0.007128309572301426 0.003075030750307503
10 0.5972505091649695 0.2933579335793358 0.009164969450101833 0.004920049200492005
10 0.0689918533604888 0.3520910209102091 0.012729124236252547 0.005535055350553505
10 0.5610997963340122 0.3001230012300123 0.008146639511201629 0.004920049200492005
10 0.6171079429735234 0.29428044280442806 0.009164969450101833 0.004305043050430504
1 0.7853869653767821 0.27767527675276754 0.008655804480651732 0.005535055350553505
10 0.5605906313645621 0.3102706027060271 0.009164969450101833 0.004305043050430504
1 0.06873727087576374 0.3634686346863469 0.01120162932790224 0.004920049200492005
10 0.6173625254582484 0.3059655596555966 0.006619144602851324 0.004305043050430504
1 0.47123217922606925 0.32718327183271834 0.011710794297352342 0.006150061500615006
10 0.06873727087576374 0.37177121771217714 0.010183299389002037 0.005535055350553505
10 0.6163441955193483 0.3148831488314883 0.006619144602851324 0.004920049200492005
10 0.8859470468431772 0.2921279212792128 0.01120162932790224 0.008610086100861008
10 0.7772403258655805 0.30412054120541204 0.006619144602851324 0.004305043050430504
10 0.07077393075356415 0.38407134071340715 0.01120162932790224 0.004305043050430504
10 0.7777494908350305 0.31426814268142683 0.004582484725050916 0.004920049200492005
10 0.8867107942973523 0.3044280442804428 0.009674134419551934 0.004920049200492005
10 0.07102851323828921 0.3942189421894219 0.007637474541751527 0.0036900369003690036
10 0.5832484725050916 0.34317343173431736 0.008655804480651732 0.004920049200492005
10 0.07255600814663951 0.4046740467404674 0.010692464358452138 0.0036900369003690036
12 0.6677698574338086 0.3419434194341943 0.040224032586558045 0.03198031980319803
10 0.5829938900203666 0.35178351783517836 0.008146639511201629 0.0036900369003690036
10 0.07331975560081466 0.4145141451414514 0.010183299389002037 0.006150061500615006
10 0.5829938900203666 0.36316113161131613 0.008146639511201629 0.004305043050430504
10 0.07230142566191446 0.4265067650676507 0.008146639511201629 0.004305043050430504
1 0.002036659877800407 0.053813038130381304 0.004073319755600814 0.006765067650676507
1 0.07586558044806517 0.43665436654366546 0.010183299389002037 0.006150061500615006
1 0.5873217922606925 0.38314883148831486 0.010692464358452138 0.006150061500615006
10 0.01603869653767821 0.05166051660516605 0.006619144602851324 0.0036900369003690036
10 0.6886456211812627 0.3800738007380074 0.00560081466395112 0.004920049200492005
10 0.07535641547861507 0.44710947109471094 0.009164969450101833 0.006150061500615006
12 0.7018839103869654 0.38191881918819187 0.009674134419551934 0.017220172201722016
10 0.05702647657841141 0.45202952029520294 0.012219959266802444 0.007380073800738007
1 0.5868126272912424 0.4009840098400984 0.007637474541751527 0.0036900369003690036
10 0.6873727087576375 0.3905289052890529 0.006109979633401222 0.0036900369003690036
10 0.0012729124236252546 0.46309963099630996 0.0025458248472505093 0.006150061500615006
10 0.9837067209775967 0.35977859778597787 0.006109979633401222 0.0024600246002460025
10 0.07637474541751528 0.45817958179581797 0.012219959266802444 0.007380073800738007
1 0.3811099796334012 0.42712177121771217 0.004582484725050916 0.015375153751537515
10 0.3895112016293279 0.4280442804428044 0.006109979633401222 0.014760147601476014
10 0.25814663951120165 0.44526445264452646 0.007128309572301426 0.004920049200492005
10 0.07662932790224032 0.4683271832718327 0.008655804480651732 0.006765067650676507
1 0.1644602851323829 0.46063960639606394 0.0050916496945010185 0.013530135301353014
10 0.07790224032586558 0.47878228782287824 0.009164969450101833 0.005535055350553505
5 0.4895621181262729 0.4388068880688807 0.15936863543788188 0.1949569495694957
12 0.04124236252545825 0.48954489544895446 0.04480651731160896 0.05043050430504305
12 0.7008655804480651 0.42220172201722017 0.02189409368635438 0.027675276752767528
10 0.08019348268839104 0.4886223862238622 0.008655804480651732 0.005535055350553505
10 0.3890020366598778 0.45571955719557194 0.0050916496945010185 0.012300123001230012
10 0.38161914460285135 0.4578720787207872 0.00560081466395112 0.014145141451414513
1 0.1804989816700611 0.48154981549815495 0.01374745417515275 0.006150061500615006
10 0.894857433808554 0.4065190651906519 0.007637474541751527 0.0024600246002460025
1 0.15376782077393075 0.48462484624846247 0.012219959266802444 0.006150061500615006
1 0.5959775967413442 0.4418819188191882 0.007637474541751527 0.004305043050430504
10 0.08095723014256619 0.49846248462484627 0.010183299389002037 0.005535055350553505
10 0.8958757637474541 0.4182041820418204 0.00560081466395112 0.0036900369003690036
10 0.17668024439918534 0.495079950799508 0.009164969450101833 0.006150061500615006
1 0.6163441955193483 0.4486469864698647 0.006619144602851324 0.004305043050430504
10 0.5992871690427699 0.45079950799507995 0.013238289205702648 0.007380073800738007
1 0.08070264765784115 0.5089175891758918 0.009674134419551934 0.004305043050430504
10 0.17922606924643583 0.5083025830258303 0.009164969450101833 0.005535055350553505
1 0.6102342158859471 0.46740467404674046 0.007637474541751527 0.004920049200492005
1 0.594704684317719 0.470479704797048 0.008146639511201629 0.0036900369003690036
1 0.0814663951120163 0.5289052890528906 0.01120162932790224 0.006150061500615006
1 0.6308553971486762 0.47293972939729395 0.007128309572301426 0.0036900369003690036
1 0.6117617107942973 0.47662976629766296 0.011710794297352342 0.006150061500615006
1 0.594959266802444 0.48031980319803197 0.007637474541751527 0.0036900369003690036
1 0.01680244399185336 0.06027060270602706 0.009164969450101833 0.004920049200492005
10 0.08375763747454175 0.5390528905289053 0.007637474541751527 0.005535055350553505
12 0.02189409368635438 0.5556580565805658 0.038696537678207736 0.04981549815498155
10 0.0835030549898167 0.5488929889298892 0.008146639511201629 0.005535055350553505
1 0.9666496945010183 0.4591020910209102 0.008655804480651732 0.005535055350553505
10 0.0835030549898167 0.5581180811808119 0.007128309572301426 0.003075030750307503
10 0.9686863543788188 0.46924969249692494 0.006619144602851324 0.004920049200492005
2 0.9417006109979633 0.4720172201722017 0.04837067209775967 0.4138991389913899
1 0.2645112016293279 0.5445879458794588 0.01374745417515275 0.003075030750307503
2 0.7655295315682281 0.4944649446494465 0.07077393075356415 0.43050430504305043
2 0.8609979633401222 0.48523985239852396 0.062118126272912425 0.4317343173431734
10 0.9666496945010183 0.479089790897909 0.004582484725050916 0.0036900369003690036
1 0.2655295315682281 0.5568880688806888 0.009674134419551934 0.004305043050430504
1 0.08859470468431772 0.5771832718327183 0.014256619144602852 0.006765067650676507
10 0.08732179226069246 0.5870233702337023 0.007637474541751527 0.005535055350553505
10 0.6341649694501018 0.5304428044280443 0.006619144602851324 0.003075030750307503