10 0.7532368621477532 0.37890625 0.00456968773800457 0.005859375
1 0.12909367859862908 0.379638671875 0.017517136329017517 0.00634765625
1 0.6153846153846154 0.038330078125 0.007616146230007616 0.00341796875
10 0.3686214775323686 0.38427734375 0.03198781416603199 0.0439453125
10 0.04836252856054836 0.385986328125 0.020563594821020565 0.01416015625
10 0.07958872810357959 0.38671875 0.020563594821020565 0.013671875
10 0.42003046458492005 0.3876953125 0.02513328255902513 0.037109375
10 0.12795125666412796 0.38916015625 0.015232292460015232 0.0048828125
5 0.6873571972581873 0.39111328125 0.031226199543031227 0.0263671875
10 0.7334348819497334 0.39208984375 0.006092916984006093 0.001953125
10 0.12795125666412796 0.39599609375 0.016755521706016754 0.0048828125
10 0.07882711348057883 0.399169921875 0.01904036557501904 0.01318359375
10 0.04722010662604722 0.399658203125 0.021325209444021324 0.01220703125
1 0.12757044935262757 0.403076171875 0.01904036557501904 0.00537109375
12 0.7920792079207921 0.406494140625 0.0654988575780655 0.03857421875
10 0.7414318354912415 0.40771484375 0.003808073115003808 0.005859375
10 0.7322924600152323 0.408447265625 0.005331302361005331 0.00537109375
1 0.6862147753236862 0.411376953125 0.025894897182025894 0.00830078125
5 0.6923076923076923 0.041259765625 0.04265041888804265 0.02001953125
5 0.7440974866717441 0.04150390625 0.0456968773800457 0.0166015625
1 0.5464584920030464 0.042236328125 0.014470677837014471 0.00244140625
10 0.8861386138613861 0.4306640625 0.0297029702970297 0.05078125
10 0.8522467631378522 0.4306640625 0.03351104341203351 0.0517578125
10 0.7143945163747144 0.438232421875 0.007616146230007616 0.00244140625
10 0.7886519421172886 0.43994140625 0.011424219345011425 0.0029296875
1 0.7909367859862909 0.4501953125 0.02513328255902513 0.009765625
10 0.683929931454684 0.45654296875 0.00456968773800457 0.0068359375
10 0.6348057882711348 0.463623046875 0.005331302361005331 0.00634765625
10 0.6546077684691546 0.047119140625 0.006854531607006854 0.00244140625
5 0.7886519421172886 0.471435546875 0.0297029702970297 0.02490234375
12 0.7524752475247525 0.472900390625 0.025894897182025894 0.01513671875
10 0.686976389946687 0.476318359375 0.006092916984006093 0.00732421875
10 0.6233815689261234 0.048095703125 0.011424219345011425 0.00341796875
10 0.3983244478293983 0.048095703125 0.00913937547600914 0.00341796875
10 0.7665651180502666 0.48486328125 0.003808073115003808 0.0029296875
1 0.7966488956587966 0.49609375 0.025894897182025894 0.0087890625
10 0.733054074638233 0.50244140625 0.06169078446306169 0.0146484375
10 0.5472201066260473 0.05029296875 0.006854531607006854 0.0009765625
12 0.6454683929931455 0.5068359375 0.02817974105102818 0.0185546875
10 0.7867479055597868 0.509765625 0.00456968773800457 0.0068359375
10 0.8065498857578065 0.51123046875 0.007616146230007616 0.0029296875
5 0.57996953541508 0.053466796875 0.03884234577303884 0.02197265625
10 0.6210967250571211 0.0537109375 0.005331302361005331 0.0009765625
1 0.8541507996953541 0.541748046875 0.020563594821020565 0.00927734375
1 0.8773800456968773 0.543701171875 0.024371667936024372 0.01123046875
1 0.6367098248286367 0.055908203125 0.00456968773800457 0.00634765625
10 0.6957349581111958 0.0556640625 0.011424219345011425 0.001953125
10 0.5468392993145469 0.056396484375 0.010662604722010662 0.00244140625
10 0.8731911652703732 0.564453125 0.012947448591012947 0.00390625
10 0.39946686976389945 0.05712890625 0.006854531607006854 0.0029296875
10 0.047600913937547604 0.061767578125 0.01904036557501904 0.03369140625
10 0.5041888804265042 0.062744140625 0.00456968773800457 0.00537109375
1 0.6169078446306169 0.062744140625 0.00913937547600914 0.00244140625
10 0.06702208682406702 0.06298828125 0.01827875095201828 0.03515625
1 0.7022086824067022 0.063232421875 0.00913937547600914 0.00146484375
10 0.13137852246763138 0.637451171875 0.011424219345011425 0.00341796875
10 0.09672505712109672 0.6376953125 0.010662604722010662 0.0029296875
1 0.5476009139375476 0.064208984375 0.00913937547600914 0.00244140625
12 0.92003046458492 0.65380859375 0.0913937547600914 0.0478515625
12 0.06435643564356436 0.6572265625 0.011424219345011425 0.0048828125
12 0.5217060167555218 0.066650390625 0.00913937547600914 0.00537109375
10 0.04493526275704494 0.666259765625 0.00456968773800457 0.00732421875
10 0.06930693069306931 0.669189453125 0.010662604722010662 0.00341796875
1 0.09900990099009901 0.66943359375 0.010662604722010662 0.01171875
5 0.13366336633663367 0.6728515625 0.04798172124904798 0.0361328125
5 0.06778370144706779 0.6884765625 0.03655750190403656 0.025390625
10 0.09939070830159939 0.69091796875 0.003808073115003808 0.005859375
10 0.3941355674028941 0.0693359375 0.002284843869002285 0.0048828125
10 0.04265041888804265 0.6943359375 0.00456968773800457 0.0087890625
10 0.5487433358720487 0.06982421875 0.008377760853008377 0.0029296875
10 0.6805026656511804 0.06982421875 0.006854531607006854 0.0029296875
10 0.7452399086062452 0.0703125 0.006854531607006854 0.0048828125
1 0.08796648895658797 0.71142578125 0.01904036557501904 0.0078125
10 0.06207159177456207 0.71142578125 0.009900990099009901 0.00390625
10 0.6656511805026657 0.071533203125 0.00456968773800457 0.00634765625
10 0.14737242955064736 0.71826171875 0.003808073115003808 0.005859375
10 0.046458492003046456 0.720703125 0.00456968773800457 0.0078125
1 0.07044935262757045 0.72119140625 0.003808073115003808 0.0068359375
10 0.08301599390708302 0.72314453125 0.0030464584920030465 0.0048828125
10 0.1268088347296268 0.727294921875 0.008377760853008377 0.00244140625
10 0.1012947448591013 0.7275390625 0.006092916984006093 0.001953125
10 0.6108149276466108 0.0732421875 0.0030464584920030465 0.005859375
10 0.6957349581111958 0.07373046875 0.003808073115003808 0.0048828125
1 0.6317593297791317 0.074951171875 0.006854531607006854 0.00634765625
10 0.5194211728865195 0.075439453125 0.006092916984006093 0.00244140625
5 0.5807311500380807 0.075927734375 0.04036557501904037 0.02099609375
10 0.5476009139375476 0.076171875 0.007616146230007616 0.0009765625
2 0.8773800456968773 0.80224609375 0.07463823305407463 0.2177734375
10 0.5441736481340441 0.081787109375 0.011424219345011425 0.00146484375
10 0.6408987052551409 0.082763671875 0.008377760853008377 0.00244140625
1 0.057882711348057884 0.825927734375 0.006092916984006093 0.01025390625
10 0.6862147753236862 0.0869140625 0.006092916984006093 0.0048828125
10 0.7467631378522468 0.08935546875 0.006854531607006854 0.0068359375
1 0.5270373191165271 0.091064453125 0.006092916984006093 0.00537109375
12 0.5426504188880427 0.092529296875 0.014470677837014471 0.00732421875
10 0.6565118050266565 0.09326171875 0.006092916984006093 0.005859375
10 0.6363290175171363 0.095458984375 0.006854531607006854 0.00244140625
10 0.6919268849961919 0.095458984375 0.008377760853008377 0.00244140625
10 0.6161462300076161 0.096923828125 0.007616146230007616 0.00244140625
12 0.05597867479055598 0.09765625 0.01904036557501904 0.00390625
10 0.5167555217060168 0.099853515625 0.003808073115003808 0.00439453125
5 0.7966488956587966 0.099853515625 0.03198781416603199 0.02880859375
1 0.8206397562833206 0.10107421875 0.011424219345011425 0.015625
10 0.774942878903275 0.104736328125 0.005331302361005331 0.00537109375
10 0.753998476770754 0.105712890625 0.00456968773800457 0.00537109375
1 0.6698400609291698 0.10595703125 0.003808073115003808 0.0078125
1 0.6344249809596344 0.1064453125 0.00456968773800457 0.00390625
10 0.5270373191165271 0.10693359375 0.00456968773800457 0.0048828125
10 0.6180502665651181 0.10791015625 0.005331302361005331 0.0048828125
1 0.7341964965727342 0.110107421875 0.012185833968012186 0.01611328125
1 0.5163747143945163 0.1123046875 0.007616146230007616 0.0068359375
5 0.7022086824067022 0.11474609375 0.04265041888804265 0.0205078125
10 0.7684691546077684 0.114990234375 0.00913937547600914 0.00146484375
10 0.7718964204112719 0.119873046875 0.009900990099009901 0.00146484375
12 0.05635948210205636 0.121826171875 0.012185833968012186 0.00537109375
10 0.5388423457730388 0.12451171875 0.006854531607006854 0.001953125
10 0.8175932977913176 0.12646484375 0.014470677837014471 0.0029296875
10 0.7235338918507236 0.12744140625 0.010662604722010662 0.0009765625
10 0.6953541507996953 0.1279296875 0.00913937547600914 0.001953125
1 0.7703731911652704 0.128662109375 0.022086824067022087 0.01025390625
10 0.05635948210205636 0.133056640625 0.010662604722010662 0.00244140625
10 0.5144706778370145 0.13330078125 0.003808073115003808 0.0048828125
10 0.694973343488195 0.134033203125 0.008377760853008377 0.00146484375
10 0.7201066260472201 0.137451171875 0.005331302361005331 0.00634765625
10 0.8187357197258187 0.139892578125 0.007616146230007616 0.00244140625
10 0.08834729626808835 0.14990234375 0.039603960396039604 0.056640625
1 0.7996953541507997 0.153564453125 0.024371667936024372 0.01220703125
10 0.3000761614623001 0.16162109375 0.00913937547600914 0.0029296875
10 0.2738004569687738 0.162353515625 0.011424219345011425 0.00341796875
10 0.056740289413556744 0.1669921875 0.017517136329017517 0.0068359375
10 0.6858339680121859 0.1669921875 0.005331302361005331 0.0048828125
1 0.6675552170601675 0.1669921875 0.008377760853008377 0.0107421875
10 0.6778370144706778 0.167724609375 0.00456968773800457 0.00537109375
5 0.638994668697639 0.168701171875 0.04112718964204113 0.02099609375
10 0.5784463061690784 0.169677734375 0.003808073115003808 0.00634765625
10 0.5875856816450876 0.17041015625 0.006854531607006854 0.005859375
10 0.2364813404417365 0.1728515625 0.009900990099009901 0.0029296875
10 0.0575019040365575 0.173583984375 0.01904036557501904 0.00537109375
10 0.3057882711348058 0.1748046875 0.012947448591012947 0.0107421875
10 0.22162985529322163 0.17578125 0.0030464584920030465 0.00390625
5 0.2840822543792841 0.17626953125 0.03351104341203351 0.017578125
5 0.7989337395277989 0.17724609375 0.027418126428027417 0.0185546875
10 0.056740289413556744 0.179443359375 0.017517136329017517 0.00732421875
10 0.2547600913937548 0.18212890625 0.005331302361005331 0.005859375
10 0.0575019040365575 0.1845703125 0.01904036557501904 0.005859375
2 0.8792840822543793 0.188720703125 0.08301599390708302 0.19482421875
10 0.5807311500380807 0.190185546875 0.009900990099009901 0.00146484375
10 0.40936785986290936 0.1904296875 0.02361005331302361 0.04296875
10 0.46153846153846156 0.19091796875 0.025894897182025894 0.0458984375
10 0.5171363290175172 0.19091796875 0.028941355674028942 0.0458984375
1 0.05712109672505712 0.192138671875 0.01827875095201828 0.00732421875
1 0.7996953541507997 0.192626953125 0.021325209444021324 0.01025390625
10 0.09939070830159939 0.193603515625 0.014470677837014471 0.00244140625
10 0.13670982482863672 0.193359375 0.005331302361005331 0.0048828125
1 0.039603960396039604 0.1953125 0.00913937547600914 0.009765625
10 0.5814927646610815 0.197998046875 0.008377760853008377 0.00244140625
10 0.05407463823305408 0.20263671875 0.010662604722010662 0.0029296875
1 0.7090632140137091 0.203369140625 0.01827875095201828 0.00830078125
10 0.5807311500380807 0.206298828125 0.011424219345011425 0.00244140625
1 0.7372429550647372 0.20849609375 0.010662604722010662 0.00390625
1 0.6637471439451638 0.21142578125 0.006854531607006854 0.009765625
10 0.5833968012185834 0.2119140625 0.015232292460015232 0.001953125
5 0.630997715156131 0.21240234375 0.03884234577303884 0.015625
5 0.7086824067022087 0.21240234375 0.02513328255902513 0.015625
10 0.11843107387661843 0.21533203125 0.003808073115003808 0.005859375
1 0.07006854531607007 0.2158203125 0.013709063214013708 0.013671875
10 0.2833206397562833 0.21630859375 0.021325209444021324 0.0087890625
10 0.5795887281035796 0.217529296875 0.007616146230007616 0.00244140625
10 0.22277227722772278 0.218994140625 0.008377760853008377 0.00146484375
1 0.7083015993907082 0.2236328125 0.016755521706016754 0.005859375
1 0.6584158415841584 0.228759765625 0.015993907083015995 0.00634765625
5 0.2856054836252856 0.230712890625 0.027418126428027417 0.01904296875
10 0.09520182787509521 0.2333984375 0.007616146230007616 0.001953125
5 0.7440974866717441 0.234130859375 0.025894897182025894 0.01708984375
5 0.7079207920792079 0.235107421875 0.022086824067022087 0.01611328125
5 0.7981721249047982 0.236328125 0.024371667936024372 0.0146484375
12 0.6538461538461539 0.24169921875 0.026656511805026657 0.0185546875
1 0.5472201066260473 0.02392578125 0.008377760853008377 0.0029296875
5 0.6553693830921554 0.242919921875 0.026656511805026657 0.02001953125
10 0.05026656511805026 0.245361328125 0.0030464584920030465 0.00634765625
1 0.6134805788271135 0.0244140625 0.011424219345011425 0.00390625
10 0.07654226961157654 0.248779296875 0.005331302361005331 0.00244140625
10 0.6393754760091394 0.025146484375 0.008377760853008377 0.00146484375
1 0.7425742574257426 0.251220703125 0.024371667936024372 0.01123046875
1 0.8008377760853008 0.2509765625 0.02361005331302361 0.01171875
10 0.6618431073876618 0.025634765625 0.00913937547600914 0.00244140625
10 0.34006092916984004 0.259765625 0.0297029702970297 0.04296875
1 0.6884996191926885 0.026123046875 0.007616146230007616 0.00244140625
5 0.6706016755521707 0.26611328125 0.020563594821020565 0.017578125
10 0.49809596344249807 0.2685546875 0.00456968773800457 0.0068359375
1 0.7437166793602438 0.02685546875 0.006854531607006854 0.0029296875
5 0.627951256664128 0.270263671875 0.03884234577303884 0.01806640625
10 0.7162985529322163 0.274658203125 0.008377760853008377 0.00341796875
10 0.7597105864432597 0.279052734375 0.009900990099009901 0.00341796875
10 0.49657273419649656 0.2861328125 0.00456968773800457 0.0068359375
1 0.8206397562833206 0.2919921875 0.017517136329017517 0.0166015625
1 0.7559025133282559 0.292724609375 0.017517136329017517 0.01708984375
10 0.7155369383092155 0.293701171875 0.005331302361005331 0.00439453125
5 0.7878903274942879 0.294921875 0.03884234577303884 0.017578125
5 0.5784463061690784 0.030029296875 0.04036557501904037 0.01806640625
10 0.49733434881949734 0.300537109375 0.00456968773800457 0.00634765625
10 0.3054074638233054 0.30078125 0.006092916984006093 0.001953125
12 0.6744097486671744 0.30078125 0.02513328255902513 0.015625
10 0.6367098248286367 0.3017578125 0.0030464584920030465 0.0068359375
10 0.384996191926885 0.30224609375 0.012947448591012947 0.00390625
10 0.645087585681645 0.304931640625 0.006092916984006093 0.00732421875
10 0.5662604722010662 0.3056640625 0.008377760853008377 0.001953125
10 0.5426504188880427 0.306884765625 0.011424219345011425 0.00244140625
10 0.7292460015232293 0.310302734375 0.005331302361005331 0.00146484375
10 0.7124904798172125 0.310791015625 0.005331302361005331 0.00244140625
10 0.32977913175932977 0.313720703125 0.007616146230007616 0.00927734375
1 0.41774562071591775 0.317138671875 0.005331302361005331 0.00830078125
10 0.40784463061690784 0.31689453125 0.003808073115003808 0.0078125
5 0.3865194211728865 0.3173828125 0.0297029702970297 0.0185546875
1 0.6435643564356436 0.318115234375 0.02284843869002285 0.01123046875
12 0.30845392231530844 0.318603515625 0.015232292460015232 0.00927734375
10 0.3865194211728865 0.33056640625 0.009900990099009901 0.001953125
10 0.33015993907083013 0.333740234375 0.003808073115003808 0.00732421875
5 0.6599390708301599 0.335205078125 0.04341203351104341 0.02001953125
1 0.7593297791317594 0.33544921875 0.019801980198019802 0.0087890625
1 0.7852246763137852 0.336181640625 0.02284843869002285 0.01025390625
10 0.41089108910891087 0.337646484375 0.009900990099009901 0.00244140625
10 0.3842345773038842 0.337890625 0.008377760853008377 0.0029296875
10 0.3511043412033511 0.33837890625 0.00456968773800457 0.0068359375
5 0.41774562071591775 0.03466796875 0.0297029702970297 0.017578125
10 0.38385376999238385 0.03466796875 0.00456968773800457 0.005859375
10 0.4390708301599391 0.03515625 0.003808073115003808 0.0078125
10 0.37204874333587207 0.035400390625 0.006854531607006854 0.00634765625
10 0.7060167555217061 0.35595703125 0.00913937547600914 0.001953125
10 0.6793602437166794 0.35791015625 0.012185833968012186 0.0029296875
1 0.3952779893373953 0.035888671875 0.006092916984006093 0.00830078125
10 0.7364813404417365 0.365966796875 0.006092916984006093 0.00244140625
12 0.814927646610815 0.366943359375 0.06397562833206398 0.03857421875
10 0.710967250571211 0.36669921875 0.005331302361005331 0.0068359375
1 0.6854531607006854 0.370361328125 0.019801980198019802 0.00927734375