1 0.04937679769894535 0.11293345829428304 0.04122722914669223 0.023430178069353328
1 0.548418024928092 0.1373008434864105 0.08053691275167785 0.029053420805998126
10 0.05417066155321189 0.1513589503280225 0.06615532118887824 0.04217432052483599
10 0.8413231064237776 0.1583880037488285 0.012464046021093002 0.022492970946579195
10 0.8533077660594439 0.16119962511715089 0.009587727708533078 0.026241799437675725
1 0.24256951102588686 0.16541705716963448 0.009587727708533078 0.02717900656044986
1 0.25551294343240655 0.16541705716963448 0.010546500479386385 0.02717900656044986
1 0.49760306807286675 0.17994376757263356 0.019175455417066157 0.041237113402061855
1 0.5877277085330777 0.1836925960637301 0.01725790987535954 0.03936269915651359
1 0.5311601150527325 0.1846298031865042 0.01725790987535954 0.041237113402061855
1 0.14908916586768936 0.1888472352389878 0.031639501438159155 0.07403936269915651
1 0.18983700862895495 0.19634489222118087 0.011505273250239693 0.02155576382380506
10 0.17737296260786195 0.1991565135895033 0.013422818791946308 0.029053420805998126
1 0.5589645254074784 0.2155576382380506 0.038350910834132314 0.01499531396438613
1 0.8921380632790029 0.22914714151827553 0.01821668264621285 0.044048734770384255
10 0.50287631831256 0.23195876288659795 0.010546500479386385 0.02530459231490159
1 0.8475551294343241 0.232427366447985 0.013422818791946308 0.020618556701030927
1 0.9103547459252157 0.232427366447985 0.010546500479386385 0.02999062792877226
10 0.4899328859060403 0.23430178069353327 0.011505273250239693 0.022492970946579195
1 0.04697986577181208 0.23851921274601687 0.03451581975071908 0.07216494845360824
10 0.2224352828379674 0.26382380506091846 0.026845637583892617 0.008434864104967198
10 0.2233940556088207 0.274601686972821 0.023010546500479387 0.00937207122774133
10 0.22387344199424736 0.2867853795688847 0.02205177372962608 0.011246485473289597
10 0.22387344199424736 0.2980318650421743 0.023969319271332695 0.00937207122774133
1 0.04793863854266539 0.30178069353327086 0.013422818791946308 0.02436738519212746
10 0.22483221476510068 0.3078725398313027 0.02205177372962608 0.006560449859418931
10 0.5215723873441994 0.31208997188378634 0.026845637583892617 0.011246485473289597
5 0.3604985618408437 0.316776007497657 0.19367209971236818 0.1893158388003749
10 0.22579098753595397 0.31958762886597936 0.01821668264621285 0.00937207122774133
10 0.5210930009587728 0.32239925023430177 0.023969319271332695 0.011246485473289597
5 0.1299137104506232 0.33786316776007497 0.11025886864813039 0.1733833177132146
2 0.9391179290508149 0.338331771321462 0.06615532118887824 0.10871602624179943
10 0.6831255992329818 0.33973758200562326 0.020134228187919462 0.010309278350515464
1 0.8667305848513902 0.3458294283036551 0.040268456375838924 0.020618556701030927
10 0.6687440076701822 0.35051546391752575 0.023969319271332695 0.00937207122774133
1 0.6706615532118888 0.36176194939081535 0.023969319271332695 0.011246485473289597
10 0.7080536912751678 0.37207122774133083 0.010546500479386385 0.022492970946579195
10 0.8489932885906041 0.37207122774133083 0.02205177372962608 0.00937207122774133
10 0.7296260786193672 0.373477038425492 0.011505273250239693 0.02155576382380506
10 0.7200383509108341 0.37488284910965325 0.009587727708533078 0.02436738519212746
10 0.50143815915628 0.3776944704779756 0.023010546500479387 0.013120899718837863
12 0.8791946308724832 0.3809746954076851 0.030680728667305847 0.02530459231490159
10 0.8231064237775647 0.38331771321462044 0.020134228187919462 0.00937207122774133
10 0.8509108341323106 0.38331771321462044 0.02205177372962608 0.011246485473289597
10 0.5019175455417066 0.3922211808809747 0.02588686481303931 0.010309278350515464
10 0.8389261744966443 0.3931583880037488 0.023010546500479387 0.010309278350515464
12 0.7962607861936721 0.39737582005623245 0.03547459252157239 0.028116213683223992
10 0.8183125599232982 0.40253045923149017 0.012464046021093002 0.023430178069353328
10 0.5033557046979866 0.4034676663542643 0.023010546500479387 0.008434864104967198
12 0.761744966442953 0.4053420805998126 0.02588686481303931 0.029053420805998126
10 0.8427612655800575 0.4104967197750703 0.02109300095877277 0.007497656982193065
12 0.8825503355704698 0.41377694470477977 0.029721955896452542 0.029053420805998126
10 0.8446788111217641 0.422680412371134 0.023010546500479387 0.011246485473289597
1 0.7818791946308725 0.4259606373008435 0.023969319271332695 0.010309278350515464
10 0.8101629913710451 0.4268978444236176 0.023010546500479387 0.01218369259606373
10 0.8063279002876318 0.4381443298969072 0.02109300095877277 0.006560449859418931
10 0.7828379674017258 0.44095595126522963 0.02588686481303931 0.010309278350515464
5 0.6289549376797698 0.4414245548266167 0.10354745925215723 0.09934395501405811
10 0.9093959731543624 0.44798500468603564 0.027804410354745925 0.013120899718837863
12 0.8585810162991371 0.44892221180880976 0.029721955896452542 0.028116213683223992
10 0.8101629913710451 0.4526710402999063 0.02109300095877277 0.00937207122774133
10 0.8830297219558965 0.45313964386129335 0.013422818791946308 0.02155576382380506
1 0.7818791946308725 0.45407685098406747 0.023969319271332695 0.008434864104967198
10 0.5162991371045063 0.45595126522961577 0.02205177372962608 0.008434864104967198
1 0.8092042186001918 0.4629803186504217 0.023010546500479387 0.011246485473289597
10 0.7828379674017258 0.46344892221180883 0.020134228187919462 0.008434864104967198
10 0.5148609779482263 0.46672914714151825 0.024928092042186004 0.00937207122774133
10 0.8087248322147651 0.4746954076850984 0.020134228187919462 0.006560449859418931
1 0.7833173537871524 0.4751640112464855 0.024928092042186004 0.00937207122774133
10 0.08437200383509108 0.47797563261480785 0.009587727708533078 0.02436738519212746
1 0.06951102588686481 0.4784442361761949 0.010546500479386385 0.023430178069353328
1 0.1558005752636625 0.47891283973758203 0.014381591562799617 0.02436738519212746
1 0.1404602109300096 0.47891283973758203 0.014381591562799617 0.022492970946579195
10 0.12751677852348994 0.4793814432989691 0.013422818791946308 0.02530459231490159
10 0.10019175455417066 0.4793814432989691 0.012464046021093002 0.019681349578256794
1 0.11601150527325024 0.4803186504217432 0.011505273250239693 0.02717900656044986
1 0.8092042186001918 0.48641049671977504 0.024928092042186004 0.00937207122774133
10 0.7813998082454459 0.4873477038425492 0.02109300095877277 0.00937207122774133
10 0.8978906999041227 0.4943767572633552 0.02205177372962608 0.010309278350515464
1 0.7809204218600192 0.49812558575445176 0.023969319271332695 0.008434864104967198
10 0.8106423777564717 0.4985941893158388 0.023969319271332695 0.007497656982193065
10 0.8945349952061361 0.5056232427366448 0.023010546500479387 0.008434864104967198
10 0.06951102588686481 0.5074976569821931 0.00862895493767977 0.023430178069353328
10 0.7804410354745925 0.5079662605435802 0.023010546500479387 0.00937207122774133
10 0.8106423777564717 0.5098406747891284 0.023969319271332695 0.00937207122774133
10 0.8950143815915628 0.5178069353327085 0.023969319271332695 0.008434864104967198
10 0.8686481303930969 0.5192127460168697 0.019175455417066157 0.008434864104967198
10 0.8106423777564717 0.520618556701031 0.023969319271332695 0.008434864104967198
10 0.47027804410354745 0.5224929709465792 0.02205177372962608 0.010309278350515464
10 0.7809204218600192 0.5234301780693533 0.02205177372962608 0.010309278350515464
1 0.6816874400767018 0.5248359887535146 0.011505273250239693 0.02436738519212746
10 0.5220517737296261 0.5299906279287723 0.012464046021093002 0.02155576382380506
1 0.06999041227229147 0.5304592314901593 0.011505273250239693 0.022492970946579195
10 0.5095877277085331 0.5318650421743205 0.010546500479386385 0.029053420805998126
10 0.8101629913710451 0.5332708528584817 0.02109300095877277 0.011246485473289597
10 0.7833173537871524 0.5328022492970946 0.026845637583892617 0.01218369259606373
1 0.6486097794822627 0.5337394564198688 0.02588686481303931 0.008434864104967198
10 0.4697986577181208 0.5337394564198688 0.023010546500479387 0.010309278350515464
5 0.12176414189837009 0.5346766635426429 0.08053691275167785 0.06654170571696345
1 0.8537871524448706 0.5384254920337395 0.02588686481303931 0.010309278350515464
10 0.7813998082454459 0.5431115276476102 0.023010546500479387 0.008434864104967198
10 0.8106423777564717 0.5435801312089972 0.020134228187919462 0.007497656982193065
1 0.0685522531160115 0.5548266166822868 0.010546500479386385 0.022492970946579195
1 0.45445829338446786 0.5581068416119962 0.026845637583892617 0.010309278350515464
10 0.6006711409395973 0.5674789128397376 0.02588686481303931 0.010309278350515464
10 0.8561840843720039 0.5745079662605436 0.024928092042186004 0.011246485473289597
1 0.45877277085330775 0.5763823805060918 0.04122722914669223 0.01874414245548266
10 0.5992329817833174 0.5796626054358013 0.023010546500479387 0.008434864104967198
1 0.16059443911792906 0.5829428303655108 0.010546500479386385 0.026241799437675725
10 0.3667305848513902 0.5834114339268979 0.010546500479386385 0.02530459231490159
10 0.1040268456375839 0.5838800374882849 0.012464046021093002 0.020618556701030927
10 0.11649089165867689 0.584348641049672 0.00862895493767977 0.023430178069353328
1 0.09156279961649089 0.584817244611059 0.010546500479386385 0.02436738519212746
1 0.12847555129434324 0.5852858481724461 0.007670182166826462 0.02530459231490159
1 0.05081495685522531 0.5857544517338332 0.013422818791946308 0.02999062792877226
1 0.07766059443911794 0.5857544517338332 0.013422818791946308 0.026241799437675725
10 0.06615532118887824 0.5857544517338332 0.011505273250239693 0.022492970946579195
1 0.14477468839884947 0.5866916588566073 0.011505273250239693 0.02436738519212746
5 0.5412272291466922 0.5895032802249297 0.06423777564717162 0.056232427366447985
1 0.8571428571428571 0.5937207122774133 0.02109300095877277 0.010309278350515464
2 0.959731543624161 0.5979381443298969 0.07670182166826463 0.23430178069353327
10 0.6049856184084372 0.6012183692596064 0.009587727708533078 0.02155576382380506
10 0.311601150527325 0.604967197750703 0.011505273250239693 0.023430178069353328
10 0.8830297219558965 0.6110590440487348 0.023010546500479387 0.00937207122774133
5 0.710450623202301 0.6190253045923149 0.1342281879194631 0.11715089034676664
10 0.8283796740172579 0.6232427366447985 0.011505273250239693 0.022492970946579195
10 0.47171620325982744 0.6241799437675727 0.009587727708533078 0.028116213683223992
10 0.8868648130393096 0.6246485473289597 0.02109300095877277 0.010309278350515464
10 0.4232981783317354 0.6241799437675727 0.012464046021093002 0.026241799437675725
10 0.4103547459252157 0.6255857544517338 0.011505273250239693 0.029053420805998126
10 0.4582933844678811 0.6246485473289597 0.009587727708533078 0.02530459231490159
10 0.4343240651965484 0.6260543580131209 0.009587727708533078 0.022492970946579195
10 0.4477468839884947 0.627460168697282 0.007670182166826462 0.023430178069353328
1 0.1332694151486098 0.634020618556701 0.015340364333652923 0.023430178069353328
1 0.6059443911792906 0.6354264292408622 0.023010546500479387 0.00937207122774133
10 0.8868648130393096 0.6354264292408622 0.023010546500479387 0.011246485473289597
1 0.5201342281879194 0.6358950328022493 0.02588686481303931 0.01218369259606373
10 0.3034515819750719 0.6391752577319587 0.023969319271332695 0.007497656982193065
10 0.15915627996164908 0.6401124648547329 0.026845637583892617 0.01499531396438613
1 0.8437200383509108 0.6429240862230553 0.023010546500479387 0.013120899718837863
10 0.6073825503355704 0.6485473289597001 0.02205177372962608 0.00937207122774133
1 0.4798657718120805 0.6518275538894096 0.012464046021093002 0.02530459231490159
1 0.4592521572387344 0.6551077788191191 0.024928092042186004 0.013120899718837863
10 0.6069031639501438 0.6611996251171509 0.023010546500479387 0.010309278350515464
10 0.7924256951102588 0.6677600749765699 0.012464046021093002 0.023430178069353328
1 0.12224352828379674 0.6696344892221181 0.08149568552253116 0.03280224929709466
10 0.6078619367209971 0.6710402999062793 0.024928092042186004 0.007497656982193065
5 0.552732502396932 0.6804123711340206 0.05465004793863854 0.06935332708528585
1 0.87535953978907 0.6836925960637301 0.009587727708533078 0.02530459231490159
10 0.6064237775647172 0.6841611996251171 0.023969319271332695 0.007497656982193065
1 0.8523489932885906 0.6869728209934396 0.011505273250239693 0.022492970946579195
10 0.7953020134228188 0.6958762886597938 0.010546500479386385 0.02155576382380506
10 0.6064237775647172 0.6958762886597938 0.02205177372962608 0.008434864104967198
10 0.7305848513902206 0.6982193064667291 0.013422818791946308 0.02436738519212746
10 0.7056567593480345 0.6982193064667291 0.011505273250239693 0.022492970946579195
10 0.6581975071907957 0.6996251171508904 0.010546500479386385 0.023430178069353328
10 0.6821668264621285 0.6996251171508904 0.010546500479386385 0.023430178069353328
10 0.6342281879194631 0.6996251171508904 0.00862895493767977 0.019681349578256794
10 0.6476510067114094 0.6996251171508904 0.010546500479386385 0.019681349578256794
10 0.6941514860977949 0.7010309278350515 0.01725790987535954 0.02436738519212746
10 0.7190795781399808 0.7005623242736645 0.011505273250239693 0.02530459231490159
10 0.6697027804410355 0.7014995313964386 0.012464046021093002 0.023430178069353328
2 0.7559923298178332 0.07075913776944705 0.30201342281879195 0.06841611996251172
10 0.7411313518696069 0.7052483598875351 0.011505273250239693 0.023430178069353328
10 0.7646212847555129 0.7057169634489222 0.010546500479386385 0.020618556701030927
10 0.7540747842761265 0.7066541705716963 0.00862895493767977 0.020618556701030927
10 0.4971236816874401 0.7132146204311153 0.023969319271332695 0.011246485473289597
10 0.6227229146692234 0.7127460168697282 0.00862895493767977 0.02155576382380506
10 0.6116970278044104 0.7132146204311153 0.011505273250239693 0.022492970946579195
10 0.49856184084372 0.7235238987816307 0.02109300095877277 0.00937207122774133
10 0.7190795781399808 0.7268041237113402 0.007670182166826462 0.023430178069353328
10 0.6577181208053692 0.7272727272727273 0.011505273250239693 0.022492970946579195
10 0.6946308724832215 0.7282099343955014 0.010546500479386385 0.022492970946579195
1 0.7056567593480345 0.7282099343955014 0.009587727708533078 0.02436738519212746
10 0.6821668264621285 0.7286785379568884 0.010546500479386385 0.023430178069353328
10 0.7305848513902206 0.7286785379568884 0.011505273250239693 0.02155576382380506
10 0.6337488015340365 0.7286785379568884 0.009587727708533078 0.02155576382380506
10 0.6447746883988494 0.7291471415182755 0.010546500479386385 0.022492970946579195
1 0.6692233940556088 0.7291471415182755 0.011505273250239693 0.022492970946579195
10 0.7420901246404602 0.7305529522024368 0.009587727708533078 0.02717900656044986
10 0.7651006711409396 0.7314901593252109 0.011505273250239693 0.02155576382380506
10 0.7531160115052733 0.7314901593252109 0.010546500479386385 0.02155576382380506
10 0.6011505273250239 0.7403936269915652 0.009587727708533078 0.01874414245548266
10 0.585810162991371 0.7450796626054358 0.011505273250239693 0.022492970946579195
5 0.38926174496644295 0.7455482661668229 0.15148609779482264 0.1471415182755389
5 0.07861936720997123 0.7647610121836926 0.04410354745925216 0.06560449859418932
1 0.040268456375838924 0.7652296157450796 0.02109300095877277 0.038425492033739454
1 0.23010546500479387 0.7689784442361762 0.013422818791946308 0.023430178069353328
10 0.2564717162032598 0.7760074976569822 0.02588686481303931 0.013120899718837863
1 0.7535953978907 0.7830365510777882 0.015340364333652923 0.02717900656044986
5 0.7957813998082455 0.7839737582005624 0.05752636625119847 0.06091846298031865
5 0.7046979865771812 0.7844423617619494 0.05560882070949185 0.06373008434864105
2 0.9410354745925216 0.7863167760074976 0.0738255033557047 0.11996251171508904
2 0.2593480345158197 0.07919400187441425 0.286673058485139 0.06279287722586692
5 0.5460210930009588 0.7877225866916588 0.045062320230105465 0.06279287722586692
1 0.6625119846596357 0.7933458294283037 0.013422818791946308 0.02717900656044986
1 0.5819750719079578 0.8031865042174321 0.011505273250239693 0.022492970946579195
1 0.2233940556088207 0.8069353327085286 0.08245445829338446 0.03936269915651359
1 0.5009587727708533 0.831302717900656 0.03355704697986577 0.016869728209934397
10 0.5043144774688398 0.8448922211808809 0.032598274209012464 0.010309278350515464
12 0.17785234899328858 0.9086223055295221 0.039309683604985615 0.06279287722586692
2 0.6323106423777565 0.9081537019681349 0.13518696069031638 0.06747891283973759
1 0.8068072866730585 0.9147141518275539 0.016299137104506232 0.022492970946579195
1 0.13950143815915628 0.9161199625117151 0.020134228187919462 0.04217432052483599
1 0.8235858101629914 0.9170571696344892 0.013422818791946308 0.02530459231490159
5 0.7564717162032598 0.9194001874414246 0.06903163950143816 0.03748828491096532
1 0.0977948226270374 0.9325210871602624 0.007670182166826462 0.02436738519212746