10 0.26867594023699126 0.05404699738903394 0.013910355486862442 0.007832898172323759
1 0.40932509015971147 0.5472584856396867 0.0077279752704791345 0.017754569190600523
10 0.9554353426069037 0.5571801566579635 0.005667181865018032 0.015665796344647518
10 0.7717671303451829 0.5702349869451697 0.00927357032457496 0.017754569190600523
10 0.7387944358578052 0.5702349869451697 0.0072127769191138585 0.014621409921671017
10 0.7472952086553323 0.5702349869451697 0.0077279752704791345 0.014621409921671017
10 0.7063369397217929 0.5704960835509139 0.00824317362184441 0.015143603133159269
10 0.714064914992272 0.570757180156658 0.00927357032457496 0.015665796344647518
10 0.7547655847501288 0.5712793733681462 0.010303967027305513 0.014621409921671017
10 0.6823802163833076 0.5715404699738903 0.0077279752704791345 0.015143603133159269
10 0.6749098402885111 0.5712793733681462 0.00824317362184441 0.014621409921671017
10 0.6993817619783617 0.5710182767624021 0.008758371973209686 0.01618798955613577
10 0.7220504894384338 0.5715404699738903 0.009788768675940238 0.018276762402088774
10 0.6671818650180319 0.5720626631853786 0.00824317362184441 0.014099216710182768
10 0.6906233900051519 0.5718015665796344 0.006697578567748583 0.012532637075718016
1 0.5538382277176713 0.5720626631853786 0.015455950540958269 0.009921671018276762
10 0.7606903657908295 0.5720626631853786 0.006697578567748583 0.020365535248041775
10 0.7313240597630087 0.572845953002611 0.005667181865018032 0.014621409921671017
10 0.877640391550747 0.5736292428198433 0.006697578567748583 0.014099216710182768
10 0.9286450283359093 0.5762402088772846 0.008758371973209686 0.015143603133159269
10 0.9464193714580114 0.5762402088772846 0.0072127769191138585 0.013054830287206266
1 0.9556929417825863 0.5762402088772846 0.00824317362184441 0.01618798955613577
10 0.5582174137042761 0.5845953002610966 0.006697578567748583 0.013054830287206266
1 0.5494590417310664 0.5851174934725849 0.0077279752704791345 0.015143603133159269
1 0.43431221020092736 0.5879895561357702 0.014425553838227717 0.009399477806788513
1 0.515713549716641 0.5903394255874673 0.014425553838227717 0.010966057441253264
10 0.21509531169500257 0.06135770234986945 0.0077279752704791345 0.013054830287206266
10 0.6025244719216899 0.06266318537859007 0.02009273570324575 0.015665796344647518
10 0.14760432766615147 0.06318537859007833 0.01184956208140134 0.006266318537859008
1 0.3256053580628542 0.6336814621409922 0.014425553838227717 0.009921671018276762
10 0.34209170530654304 0.6362924281984335 0.0072127769191138585 0.015143603133159269
1 0.35033487892838744 0.6368146214099216 0.0072127769191138585 0.014099216710182768
10 0.13240597630087583 0.0639686684073107 0.015455950540958269 0.007832898172323759
10 0.4680577022153529 0.0639686684073107 0.018031942297784646 0.015143603133159269
10 0.431736218444101 0.06475195822454308 0.019577537351880475 0.01671018276762402
1 0.3256053580628542 0.6509138381201044 0.015455950540958269 0.008877284595300261
10 0.40005151983513654 0.06527415143603134 0.018031942297784646 0.015665796344647518
10 0.910355486862442 0.06553524804177546 0.0061823802163833074 0.015143603133159269
10 0.31787738279237504 0.06579634464751959 0.01751674394641937 0.014621409921671017
10 0.36913961875322 0.06631853785900783 0.02009273570324575 0.015665796344647518
1 0.9028851107676455 0.06605744125326371 0.0077279752704791345 0.014099216710182768
1 0.9193714580113344 0.06605744125326371 0.0077279752704791345 0.014099216710182768
1 0.8948995363214838 0.0671018276762402 0.0072127769191138585 0.01618798955613577
1 0.9711488923235445 0.6637075718015666 0.015455950540958269 0.009399477806788513
1 0.9711488923235445 0.6720626631853786 0.015455950540958269 0.00835509138381201
1 0.09041731066460587 0.6778067885117494 0.0077279752704791345 0.017754569190600523
1 0.10741885625965997 0.6783289817232376 0.006697578567748583 0.013577023498694517
1 0.1321483771251932 0.6785900783289818 0.008758371973209686 0.014099216710182768
1 0.14013395157135497 0.6793733681462141 0.0072127769191138585 0.013577023498694517
10 0.09891808346213292 0.6793733681462141 0.0072127769191138585 0.015665796344647518
10 0.08320453374549201 0.6793733681462141 0.008758371973209686 0.014621409921671017
1 0.11617722823286966 0.6798955613577023 0.009788768675940238 0.015665796344647518
1 0.12442040185471406 0.6796344647519582 0.008758371973209686 0.015143603133159269
1 0.9714064914992272 0.6809399477806789 0.013910355486862442 0.00835509138381201
1 0.9706336939721792 0.6885117493472585 0.014425553838227717 0.008877284595300261
1 0.060793405461102526 0.06945169712793733 0.01751674394641937 0.006266318537859008
5 0.652241112828439 0.6929503916449086 0.10716125708397733 0.12010443864229765
1 0.15146831530139104 0.6963446475195822 0.010303967027305513 0.015143603133159269
1 0.15919629057187018 0.6971279373368147 0.00824317362184441 0.014621409921671017
10 0.1409067490984029 0.6968668407310705 0.006697578567748583 0.014099216710182768
10 0.10123647604327667 0.6976501305483028 0.008758371973209686 0.01671018276762402
10 0.09350850077279753 0.697911227154047 0.008758371973209686 0.014099216710182768
10 0.12442040185471406 0.6981723237597911 0.008758371973209686 0.014621409921671017
10 0.11695002575991757 0.697911227154047 0.00927357032457496 0.013054830287206266
10 0.10922205048943844 0.6984334203655352 0.00927357032457496 0.014099216710182768
10 0.13369397217928902 0.6997389033942559 0.010819165378670788 0.01671018276762402
1 0.3261205564142195 0.7297650130548303 0.01648634724368882 0.009921671018276762
5 0.24987120041215868 0.7305483028720626 0.04945904173106646 0.10130548302872062
5 0.12210200927357033 0.7441253263707572 0.0824317362184441 0.05535248041775457
10 0.31555899021123135 0.7613577023498694 0.015971148892323546 0.00835509138381201
10 0.30963420917053064 0.7715404699738904 0.015455950540958269 0.008877284595300261
10 0.30989180834621327 0.7809399477806789 0.015971148892323546 0.006788511749347258
10 0.6254507985574446 0.7822454308093995 0.0061823802163833074 0.013577023498694517
10 0.6324059763008758 0.7827676240208877 0.006697578567748583 0.015665796344647518
10 0.6172076249356002 0.7830287206266319 0.0072127769191138585 0.01618798955613577
10 0.6481195260175168 0.7827676240208877 0.0072127769191138585 0.014621409921671017
10 0.6409067490984028 0.7835509138381201 0.0072127769191138585 0.01618798955613577
1 0.6640906749098403 0.7830287206266319 0.0061823802163833074 0.015143603133159269
1 0.6553323029366306 0.7838120104438643 0.0061823802163833074 0.013577023498694517
1 0.5824317362184441 0.7838120104438643 0.008758371973209686 0.01671018276762402
1 0.5893869139618754 0.7840731070496083 0.0061823802163833074 0.013054830287206266
10 0.5986604842864502 0.785378590078329 0.0072127769191138585 0.014621409921671017
10 0.2818134981968058 0.7892950391644908 0.020607934054611025 0.005744125326370757
10 0.2521895929933024 0.789556135770235 0.03245749613601236 0.00835509138381201
10 0.16460587326120557 0.7921671018276762 0.006697578567748583 0.012532637075718016
10 0.09247810407006697 0.7919060052219321 0.005667181865018032 0.013054830287206266
10 0.14811952601751674 0.7921671018276762 0.006697578567748583 0.013577023498694517
10 0.10819165378670788 0.7924281984334204 0.0061823802163833074 0.015143603133159269
10 0.1403915507470376 0.7924281984334204 0.006697578567748583 0.013054830287206266
10 0.10072127769191139 0.7926892950391645 0.006697578567748583 0.012532637075718016
10 0.1566202988150438 0.7924281984334204 0.0061823802163833074 0.013054830287206266
10 0.0762493560020608 0.7929503916449087 0.005151983513652756 0.013054830287206266
10 0.17284904688304997 0.7929503916449087 0.006697578567748583 0.010966057441253264
10 0.06053580628541989 0.7932114882506528 0.00463678516228748 0.011488250652741514
10 0.06852138073158166 0.7929503916449087 0.005151983513652756 0.010966057441253264
10 0.0844925296239052 0.7929503916449087 0.0061823802163833074 0.013054830287206266
10 0.12416280267903143 0.7929503916449087 0.0061823802163833074 0.009921671018276762
1 0.05280783101494075 0.7932114882506528 0.006697578567748583 0.013577023498694517
10 0.1164348274085523 0.7934725848563968 0.0061823802163833074 0.012010443864229765
10 0.13266357547655847 0.793733681462141 0.005667181865018032 0.012532637075718016
10 0.22385368366821226 0.7947780678851175 0.015971148892323546 0.007310704960835509
10 0.6865018031942298 0.8028720626631853 0.008758371973209686 0.014099216710182768
10 0.7019577537351881 0.8036553524804178 0.0077279752704791345 0.014621409921671017
10 0.678516228748068 0.8036553524804178 0.0061823802163833074 0.012532637075718016
10 0.7102009273570324 0.804177545691906 0.0077279752704791345 0.013577023498694517
10 0.6939721792890263 0.804177545691906 0.00824317362184441 0.013577023498694517
10 0.6713034518289541 0.8046997389033943 0.0072127769191138585 0.013577023498694517
10 0.5991756826378155 0.8057441253263707 0.0072127769191138585 0.01671018276762402
1 0.5824317362184441 0.8060052219321149 0.006697578567748583 0.01618798955613577
10 0.589644513137558 0.806266318537859 0.005667181865018032 0.014621409921671017
10 0.11695002575991757 0.8114882506527415 0.00927357032457496 0.017754569190600523
1 0.14889232354456466 0.8120104438642297 0.00824317362184441 0.015665796344647518
1 0.1573930963420917 0.8122715404699739 0.009788768675940238 0.01618798955613577
1 0.13292117465224113 0.8117493472584857 0.010303967027305513 0.014099216710182768
1 0.1416795466254508 0.8127937336814621 0.00927357032457496 0.01723237597911227
1 0.10793405461102525 0.8133159268929504 0.008758371973209686 0.015143603133159269
1 0.17465224111282843 0.8130548302872063 0.00927357032457496 0.014621409921671017
1 0.12622359608449252 0.8133159268929504 0.00927357032457496 0.014099216710182768
1 0.16589386913961876 0.8130548302872063 0.00927357032457496 0.018798955613577025
1 0.6228748068006182 0.8242819843342036 0.0061823802163833074 0.014099216710182768
1 0.6391035548686245 0.825065274151436 0.006697578567748583 0.013577023498694517
10 0.6543019062339 0.8253263707571802 0.00927357032457496 0.015143603133159269
10 0.6622874806800618 0.8253263707571802 0.008758371973209686 0.015143603133159269
10 0.6306027820710973 0.8258485639686685 0.0061823802163833074 0.014099216710182768
1 0.6468315301391035 0.8261096605744125 0.008758371973209686 0.015665796344647518
10 0.6697578567748583 0.8261096605744125 0.00824317362184441 0.015665796344647518
1 0.5741885625965997 0.8284595300261096 0.0077279752704791345 0.013054830287206266
1 0.589644513137558 0.8281984334203656 0.008758371973209686 0.015665796344647518
1 0.598145285935085 0.8295039164490862 0.00824317362184441 0.015143603133159269
10 0.2890262751159196 0.835248041775457 0.015455950540958269 0.007832898172323759
10 0.16099948480164863 0.8420365535248042 0.009788768675940238 0.01618798955613577
10 0.1275115919629057 0.8422976501305482 0.009788768675940238 0.01671018276762402
10 0.13601236476043277 0.8425587467362924 0.011334363730036065 0.01618798955613577
10 0.1432251416795466 0.8422976501305482 0.010303967027305513 0.015665796344647518
10 0.15172591447707368 0.8425587467362924 0.01184956208140134 0.01723237597911227
10 0.11952601751674395 0.8433420365535248 0.00927357032457496 0.015665796344647518
1 0.5929933024214322 0.8485639686684073 0.01751674394641937 0.012532637075718016
1 0.5731581658938691 0.8488250652741515 0.018031942297784646 0.008877284595300261
1 0.5922205048943844 0.8488250652741515 0.015971148892323546 0.008877284595300261
1 0.6048428645028336 0.8488250652741515 0.01751674394641937 0.009921671018276762
1 0.5734157650695518 0.8493472584856396 0.01751674394641937 0.007832898172323759
10 0.4953632148377125 0.8524804177545692 0.0077279752704791345 0.014099216710182768
1 0.5211231324059763 0.8524804177545692 0.0077279752704791345 0.015143603133159269
10 0.46264811952601753 0.8530026109660575 0.0061823802163833074 0.013054830287206266
1 0.47114889232354457 0.8527415143603133 0.005667181865018032 0.013577023498694517
10 0.4469345698093766 0.8532637075718016 0.015971148892323546 0.017754569190600523
10 0.503606388459557 0.8530026109660575 0.0077279752704791345 0.01618798955613577
10 0.24214322514167955 0.8537859007832899 0.0072127769191138585 0.014621409921671017
10 0.4291602266872746 0.8537859007832899 0.0061823802163833074 0.013577023498694517
10 0.23003606388459558 0.8556135770234987 0.0190623390005152 0.01723237597911227
1 0.11205564142194745 0.85822454308094 0.006697578567748583 0.013054830287206266
10 0.21277691911385885 0.8613577023498694 0.013395157135497167 0.007832898172323759
2 0.7740855229263266 0.8767624020887729 0.05461102524471922 0.22036553524804178
2 0.8742916022668727 0.889556135770235 0.04945904173106646 0.204177545691906
10 0.9240082431736218 0.9344647519582245 0.0077279752704791345 0.014099216710182768
10 0.9322514167954663 0.9355091383812011 0.0077279752704791345 0.018276762402088774
1 0.9216898505924781 0.974934725848564 0.00927357032457496 0.018798955613577025
1 0.9319938176197836 0.9751958224543081 0.005151983513652756 0.014099216710182768
10 0.9368882019577537 0.1289817232375979 0.013910355486862442 0.010443864229765013
10 0.2604327666151468 0.13107049608355092 0.013910355486862442 0.007310704960835509
10 0.2604327666151468 0.13942558746736292 0.014940752189592994 0.006266318537859008
10 0.20324574961360123 0.15195822454308094 0.013910355486862442 0.007310704960835509
10 0.2609479649665121 0.1535248041775457 0.015971148892323546 0.01671018276762402
10 0.2199896960329727 0.15509138381201043 0.01648634724368882 0.02193211488250653
10 0.44641937145801136 0.1587467362924282 0.015971148892323546 0.009399477806788513
10 0.446676970633694 0.16762402088772846 0.014425553838227717 0.007310704960835509
1 0.44590417310664604 0.1744125326370757 0.014940752189592994 0.006266318537859008
10 0.125193199381762 0.17467362924281984 0.01648634724368882 0.009921671018276762
10 0.13987635239567234 0.17597911227154048 0.013910355486862442 0.005221932114882507
10 0.24884080370942813 0.18120104438642298 0.013395157135497167 0.009399477806788513
1 0.4477073673364245 0.18198433420365534 0.015455950540958269 0.009921671018276762
10 0.19680577022153528 0.1864229765013055 0.0072127769191138585 0.014621409921671017
1 0.20556414219474498 0.18720626631853787 0.0072127769191138585 0.014099216710182768
10 0.1888201957753735 0.18825065274151437 0.006697578567748583 0.013054830287206266
10 0.705564142194745 0.1898172323759791 0.005667181865018032 0.014099216710182768
10 0.6968057702215353 0.19033942558746736 0.006697578567748583 0.013054830287206266
1 0.44641937145801136 0.191644908616188 0.013910355486862442 0.009399477806788513
10 0.44590417310664604 0.20078328981723237 0.013910355486862442 0.007832898172323759
10 0.18289541473467286 0.21044386422976502 0.00824317362184441 0.014621409921671017
10 0.19036579082946933 0.21044386422976502 0.006697578567748583 0.014621409921671017
10 0.125193199381762 0.2154046997389034 0.015455950540958269 0.007832898172323759
1 0.2676455435342607 0.218798955613577 0.0077279752704791345 0.012532637075718016
10 0.12545079855744462 0.2255874673629243 0.017001545595054096 0.006266318537859008
1 0.440236991241628 0.23159268929503918 0.014940752189592994 0.009921671018276762
10 0.5950540958268934 0.23159268929503918 0.02369912416280268 0.018276762402088774
10 0.5757341576506955 0.23159268929503918 0.008758371973209686 0.01618798955613577
10 0.872746007212777 0.23315926892950392 0.019577537351880475 0.019321148825065273
10 0.6174652241112828 0.23394255874673628 0.0190623390005152 0.020887728459530026
10 0.6370427614631633 0.23472584856396866 0.017001545595054096 0.01723237597911227
10 0.6602266872746008 0.2360313315926893 0.006697578567748583 0.014621409921671017
1 0.6530139103554868 0.2360313315926893 0.006697578567748583 0.014621409921671017
5 0.35394126738794435 0.23681462140992168 0.1524987120041216 0.14882506527415143
2 0.03941267387944358 0.025848563968668407 0.0633693972179289 0.033942558746736295
2 0.7266872746007212 0.02637075718015666 0.3941267387944359 0.05274151436031332
10 0.15146831530139104 0.264490861618799 0.0072127769191138585 0.015143603133159269
2 0.39824832560535806 0.027154046997389034 0.26275115919629055 0.05430809399477807
1 0.22668727460072127 0.2699738903394256 0.0072127769191138585 0.011488250652741514
1 0.4399793920659454 0.2712793733681462 0.00824317362184441 0.014099216710182768
10 0.24162802679031428 0.27519582245430807 0.0072127769191138585 0.014621409921671017
2 0.16048428645028337 0.02845953002610966 0.15095311695002575 0.03185378590078329
10 0.08706852138073158 0.028720626631853787 0.0061823802163833074 0.017754569190600523
10 0.07882534775888717 0.029503916449086162 0.0061823802163833074 0.015143603133159269
10 0.43766099948480164 0.30861618798955615 0.015971148892323546 0.015665796344647518
5 0.9206594538897476 0.3088772845953003 0.10097887686759402 0.1289817232375979
10 0.8245749613601236 0.31070496083550914 0.017001545595054096 0.020887728459530026
10 0.6687274600721278 0.3109660574412533 0.00824317362184441 0.018276762402088774
10 0.711231324059763 0.3109660574412533 0.006697578567748583 0.014099216710182768
10 0.7235960844925297 0.3122715404699739 0.0077279752704791345 0.01671018276762402
10 0.7328696548171045 0.3122715404699739 0.005667181865018032 0.014621409921671017
10 0.22565687789799072 0.031331592689295036 0.013395157135497167 0.00835509138381201
1 0.19938176197836166 0.3143603133159269 0.0061823802163833074 0.01671018276762402
10 0.2452344152498712 0.32323759791122714 0.005151983513652756 0.014621409921671017
10 0.23673364245234416 0.3237597911227154 0.0077279752704791345 0.015665796344647518
1 0.25373518804739825 0.32323759791122714 0.0077279752704791345 0.011488250652741514
10 0.8245749613601236 0.3287206266318538 0.017001545595054096 0.01723237597911227
1 0.7807831014940753 0.329242819843342 0.0077279752704791345 0.014099216710182768
10 0.7305512622359609 0.3300261096605744 0.01854714064914992 0.018798955613577025
1 0.34209170530654304 0.33054830287206266 0.015455950540958269 0.009399477806788513
10 0.7663575476558475 0.33054830287206266 0.018031942297784646 0.017754569190600523
10 0.7037609479649665 0.3308093994778068 0.00824317362184441 0.013054830287206266
10 0.7962390520350335 0.3308093994778068 0.018031942297784646 0.01618798955613577
10 0.5708397733127254 0.3318537859007833 0.01854714064914992 0.018276762402088774
10 0.5911901081916537 0.33159268929503916 0.0190623390005152 0.01671018276762402
10 0.6210716125708398 0.3318537859007833 0.02009273570324575 0.018276762402088774
10 0.27666151468315303 0.3328981723237598 0.013395157135497167 0.007832898172323759
10 0.2903142709943328 0.3328981723237598 0.013910355486862442 0.005744125326370757
10 0.30139103554868624 0.33707571801566577 0.0072127769191138585 0.01618798955613577
1 0.34234930448222567 0.33864229765013054 0.014940752189592994 0.008877284595300261
1 0.32328696548171043 0.3391644908616188 0.014940752189592994 0.008877284595300261
10 0.4724368882019577 0.3391644908616188 0.015455950540958269 0.010966057441253264
10 0.41499227202472955 0.3577023498694517 0.009788768675940238 0.017754569190600523
10 0.8861411643482741 0.3843342036553525 0.0072127769191138585 0.015665796344647518
1 0.2918598660484286 0.39242819843342036 0.0077279752704791345 0.015143603133159269
1 0.5378670788253478 0.40234986945169715 0.015455950540958269 0.008877284595300261
1 0.10690365790829469 0.404177545691906 0.017001545595054096 0.010443864229765013
1 0.08990211231324059 0.4052219321148825 0.014940752189592994 0.011488250652741514
10 0.6573930963420918 0.40496083550913836 0.00824317362184441 0.018276762402088774
10 0.6723338485316847 0.4052219321148825 0.00824317362184441 0.01671018276762402
5 0.35316846986089645 0.4070496083550914 0.0973724884080371 0.11644908616187989
10 0.5373518804739825 0.4112271540469974 0.014425553838227717 0.007832898172323759
10 0.5958268933539412 0.4177545691906005 0.018031942297784646 0.019843342036553524
10 0.5370942812982998 0.42140992167101826 0.014940752189592994 0.007310704960835509
1 0.41318907779495107 0.42297650130548303 0.010303967027305513 0.018798955613577025
10 0.717671303451829 0.4289817232375979 0.0072127769191138585 0.013054830287206266
1 0.5388974755280783 0.4300261096605744 0.014425553838227717 0.007832898172323759
10 0.1602266872746007 0.4300261096605744 0.01854714064914992 0.010966057441253264
1 0.11076764554353426 0.43550913838120103 0.01751674394641937 0.009399477806788513
1 0.12982998454404945 0.43550913838120103 0.01751674394641937 0.009399477806788513
1 0.09093250901597115 0.4370757180156658 0.015971148892323546 0.00835509138381201
1 0.16177228232869656 0.44073107049608357 0.01751674394641937 0.006266318537859008
1 0.18341061308603812 0.4409921671018277 0.01854714064914992 0.007832898172323759
1 0.11025244719216898 0.4456919060052219 0.01751674394641937 0.007832898172323759
1 0.13137557959814528 0.4462140992167102 0.013395157135497167 0.007832898172323759
1 0.09093250901597115 0.4462140992167102 0.014940752189592994 0.006788511749347258
1 0.1839258114374034 0.44778067885117495 0.01751674394641937 0.008877284595300261
1 0.1602266872746007 0.4514360313315927 0.014425553838227717 0.007832898172323759
1 0.13008758371973209 0.4545691906005222 0.015971148892323546 0.008877284595300261
1 0.09247810407006697 0.4550913838120104 0.014940752189592994 0.006266318537859008
1 0.11025244719216898 0.45639686684073105 0.015455950540958269 0.007310704960835509
10 0.2691911385883565 0.045953002610966055 0.014940752189592994 0.00835509138381201
1 0.16099948480164863 0.4597911227154047 0.013910355486862442 0.006788511749347258
1 0.11025244719216898 0.46449086161879893 0.013395157135497167 0.006788511749347258
1 0.09170530654301906 0.4650130548302872 0.01648634724368882 0.008877284595300261
10 0.40005151983513654 0.466579634464752 0.024214322514167955 0.007832898172323759
1 0.16125708397733127 0.466579634464752 0.01751674394641937 0.007832898172323759
1 0.09222050489438434 0.47493472584856394 0.01648634724368882 0.008877284595300261
1 0.16099948480164863 0.4762402088772846 0.014940752189592994 0.007310704960835509
1 0.1872746007212777 0.4762402088772846 0.014940752189592994 0.007310704960835509
1 0.4070066975785677 0.47676240208877285 0.014425553838227717 0.009399477806788513
1 0.16099948480164863 0.48511749347258487 0.015971148892323546 0.00835509138381201
1 0.18624420401854713 0.485378590078329 0.015971148892323546 0.008877284595300261
1 0.09247810407006697 0.48590078328981723 0.02009273570324575 0.009921671018276762
10 0.8549716640906749 0.4908616187989556 0.006697578567748583 0.01671018276762402
10 0.7444616177228233 0.4945169712793734 0.00824317362184441 0.015665796344647518
10 0.770994332818135 0.49477806788511747 0.006697578567748583 0.013054830287206266
10 0.76172076249356 0.495822454308094 0.006697578567748583 0.01618798955613577
10 0.027820710973724884 0.050130548302872065 0.00927357032457496 0.01671018276762402
10 0.10767645543534261 0.5073107049608355 0.01854714064914992 0.009921671018276762
10 0.884853168469861 0.5078328981723238 0.0077279752704791345 0.013054830287206266
10 0.8750643997939207 0.5078328981723238 0.0077279752704791345 0.018276762402088774
10 0.6950025759917569 0.5099216710182768 0.00824317362184441 0.014099216710182768
1 0.09093250901597115 0.5101827676240209 0.015971148892323546 0.012532637075718016
10 0.7022153529108707 0.5107049608355091 0.0072127769191138585 0.013577023498694517
10 0.7189592993302422 0.5107049608355091 0.006697578567748583 0.013577023498694517
10 0.7339000515198352 0.5104438642297651 0.0077279752704791345 0.014099216710182768
10 0.7259144770736734 0.5109660574412532 0.0061823802163833074 0.014099216710182768
10 0.7632663575476558 0.5109660574412532 0.008758371973209686 0.014099216710182768
10 0.7519319938176198 0.5114882506527415 0.009788768675940238 0.018276762402088774
10 0.7426584234930448 0.5114882506527415 0.0077279752704791345 0.015143603133159269
10 0.7722823286965482 0.5112271540469974 0.00927357032457496 0.013577023498694517
10 0.7109737248840804 0.5120104438642298 0.00824317362184441 0.01723237597911227
10 0.6859866048428646 0.5125326370757181 0.0077279752704791345 0.014099216710182768
1 0.17928902627511592 0.5169712793733682 0.014425553838227717 0.00835509138381201
10 0.12905718701700156 0.5182767624020888 0.017001545595054096 0.008877284595300261
10 0.16228748068006182 0.5216710182767624 0.01751674394641937 0.007310704960835509