1 0.32573454913880445 0.8772189349112426 0.03546099290780142 0.08185404339250493
1 0.20390070921985815 0.846646942800789 0.02988855116514691 0.054240631163708086
1 0.24189463019250254 0.8658777120315582 0.028875379939209727 0.0611439842209073
1 0.24316109422492402 0.020710059171597635 0.05369807497467072 0.04142011834319527
10 0.2684903748733536 0.014299802761341223 0.020263424518743668 0.028599605522682446
1 0.08687943262411348 0.0073964497041420114 0.034954407294832825 0.014792899408284023
1 0.19148936170212766 0.03550295857988166 0.0364741641337386 0.07100591715976332
1 0.24037487335359675 0.19230769230769232 0.03292806484295846 0.0611439842209073
10 0.13145896656534956 0.15828402366863906 0.016717325227963525 0.0601577909270217
10 0.14209726443768997 0.16272189349112426 0.01773049645390071 0.05719921104536489
1 0.22998986828774062 0.2406311637080868 0.030395136778115502 0.05917159763313609
10 0.15830800405268491 0.2569033530571992 0.023809523809523808 0.03648915187376726
1 0.6385511651469098 0.4935897435897436 0.04204660587639311 0.07199211045364892
10 0.15552178318135765 0.27909270216962523 0.025329280648429583 0.03353057199211045
1 0.5944782168186423 0.4935897435897436 0.028875379939209727 0.0621301775147929
10 0.1522289766970618 0.2973372781065089 0.021783181357649443 0.03254437869822485
1 0.49138804457953394 0.49506903353057197 0.030395136778115502 0.05719921104536489
10 0.21428571428571427 0.41272189349112426 0.03242147922998987 0.046351084812623275
10 0.6431104356636271 0.10453648915187377 0.028875379939209727 0.055226824457593686
1 0.2669706180344478 0.5281065088757396 0.05977710233029382 0.09171597633136094
10 0.19351570415400202 0.5507889546351085 0.02127659574468085 0.054240631163708086
10 0.13551165146909827 0.5424063116370809 0.024822695035460994 0.04142011834319527
10 0.1398176291793313 0.5670611439842209 0.022289766970618033 0.029585798816568046
10 0.8221884498480243 0.8791913214990138 0.02330293819655522 0.054240631163708086
1 0.3518237082066869 0.7569033530571992 0.04002026342451875 0.09566074950690336
1 0.21453900709219859 0.7026627218934911 0.028875379939209727 0.05621301775147929
10 0.05015197568389058 0.6306706114398422 0.02330293819655522 0.03451676528599606
1 0.24189463019250254 0.7406311637080868 0.033941236068895646 0.07100591715976332