1 0.6191425722831505 0.5321901323706378 0.007976071784646061 0.005415162454873646
10 0.18968095712861416 0.6353790613718412 0.005483549351944167 0.010830324909747292
10 0.1061814556331007 0.6582430806257521 0.006979062811565304 0.0048134777376654635
1 0.6196410767696909 0.5400120336943441 0.004985044865403789 0.0030084235860409147
10 0.6338484546360917 0.5376052948255114 0.006480558325024925 0.00421179302045728
10 0.8108175473579262 0.4963898916967509 0.009471585244267198 0.0048134777376654635
10 0.7928713858424726 0.5051143200962696 0.006480558325024925 0.005415162454873646
10 0.10767696909272183 0.6660649819494585 0.006979062811565304 0.0048134777376654635
10 0.5436191425722832 0.5643802647412756 0.007477567298105683 0.007220216606498195
10 0.8958125623130608 0.48495788206979545 0.011964107676969093 0.006016847172081829
10 0.10867397806580259 0.674488567990373 0.006979062811565304 0.006016847172081829
5 0.9743270189431705 0.4729241877256318 0.04037886340977069 0.06738868832731648
1 0.5453639082751744 0.5743080625752106 0.010967098703888335 0.005415162454873646
10 0.5638085742771685 0.5706979542719615 0.010967098703888335 0.009025270758122744
10 0.4499002991026919 0.5974729241877257 0.007477567298105683 0.006016847172081829
10 0.707876370887338 0.5448255114320096 0.007976071784646061 0.005415162454873646
1 0.56580259222333 0.5791215403128761 0.011964107676969093 0.006618531889290012
1 0.5471086739780658 0.5839350180505415 0.007477567298105683 0.00421179302045728
10 0.9002991026919243 0.5018050541516246 0.009970089730807577 0.0048134777376654635
10 0.45014955134596213 0.6077015643802648 0.005982053838484547 0.006016847172081829
10 0.4837986041874377 0.6001805054151624 0.009471585244267198 0.006618531889290012
1 0.7101196410767697 0.5550541516245487 0.005483549351944167 0.0030084235860409147
1 0.5677966101694916 0.589049338146811 0.007976071784646061 0.0048134777376654635
10 0.5483549351944168 0.5941636582430806 0.006979062811565304 0.00421179302045728
10 0.6114157527417746 0.5797232250300842 0.006480558325024925 0.00421179302045728
1 0.3806081754735793 0.6389891696750902 0.005483549351944167 0.01444043321299639
10 0.7121136590229312 0.5637785800240674 0.006480558325024925 0.0036101083032490976
10 0.6124127617148555 0.5881468110709988 0.007477567298105683 0.005415162454873646
10 0.5677966101694916 0.5995788206979543 0.005982053838484547 0.00421179302045728
1 0.5503489531405783 0.6040914560770156 0.009970089730807577 0.006016847172081829
10 0.5969591226321037 0.5947653429602888 0.009471585244267198 0.005415162454873646
10 0.8190428713858424 0.54632972322503 0.007976071784646061 0.0048134777376654635
10 0.9030408773678963 0.5273766546329723 0.010468594217347957 0.006618531889290012
10 0.8003489531405783 0.5523465703971119 0.00448654037886341 0.0048134777376654635
10 0.8860917248255235 0.532791817087846 0.009471585244267198 0.006618531889290012
10 0.551345962113659 0.6134175691937425 0.00897308075772682 0.005415162454873646
10 0.5692921236291126 0.6089049338146811 0.007976071784646061 0.0036101083032490976
10 0.45862412761714855 0.6353790613718412 0.00897308075772682 0.0048134777376654635
1 0.5849950149551346 0.6058965102286402 0.007477567298105683 0.007220216606498195
10 0.713110667996012 0.5779181708784596 0.007477567298105683 0.005415162454873646
1 0.4780658025922233 0.6335740072202166 0.014955134596211365 0.00842358604091456
12 0.4130109670987039 0.6504211793020457 0.0423728813559322 0.04091456077015644
1 0.5533399800598205 0.6212394705174489 0.009970089730807577 0.006618531889290012
10 0.571036889332004 0.6197352587244284 0.00448654037886341 0.0036101083032490976
10 0.5867397806580259 0.6164259927797834 0.007976071784646061 0.00421179302045728
10 0.4603688933200399 0.648014440433213 0.00847457627118644 0.006016847172081829
10 0.715852442671984 0.5896510228640193 0.004985044865403789 0.006016847172081829
10 0.5732801595214357 0.6308664259927798 0.007976071784646061 0.005415162454873646
10 0.7188434695912264 0.5983754512635379 0.006979062811565304 0.005415162454873646
10 0.4314556331006979 0.6732851985559567 0.00847457627118644 0.006016847172081829
10 0.8143070787637089 0.5884476534296029 0.006480558325024925 0.0036101083032490976
10 0.6622632103688934 0.6341756919374247 0.011465603190428714 0.007220216606498195
10 0.21360917248255235 0.75 0.006480558325024925 0.01263537906137184
10 0.2051345962113659 0.7527075812274369 0.00448654037886341 0.01444043321299639
10 0.6642572283150548 0.6456077015643803 0.00847457627118644 0.0048134777376654635
2 0.6981555333998006 0.6383874849578821 0.054336989032901295 0.17809867629362214
10 0.38609172482552345 0.7193140794223827 0.012462612163509471 0.006618531889290012
10 0.665752741774676 0.6549338146811071 0.007477567298105683 0.00421179302045728
10 0.3616650049850449 0.7271359807460891 0.007477567298105683 0.006618531889290012
5 0.13409770687936193 0.7821901323706378 0.038883349950149554 0.08904933814681107
10 0.169740777666999 0.7788808664259927 0.011465603190428714 0.007821901323706379
10 0.18594217347956132 0.7755716004813478 0.009970089730807577 0.007220216606498195
10 0.6689930209371885 0.6669675090252708 0.004985044865403789 0.00421179302045728
1 0.17323030907278167 0.789410348977136 0.010468594217347957 0.007220216606498195
10 0.4364406779661017 0.7298435619735258 0.00847457627118644 0.006016847172081829
1 0.10269192422731804 0.8098676293622142 0.009970089730807577 0.007220216606498195
10 0.1889332003988036 0.7945246690734056 0.007976071784646061 0.00421179302045728
10 0.17497507477567298 0.8008423586040915 0.011964107676969093 0.00842358604091456
10 0.10418743768693918 0.8194945848375451 0.011964107676969093 0.007220216606498195
1 0.43893320039880357 0.7421780986762936 0.014456630109670987 0.007821901323706379
1 0.10468594217347957 0.8297232250300842 0.009970089730807577 0.007220216606498195
10 0.4391824526420738 0.7515042117930204 0.009970089730807577 0.006016847172081829
1 0.1772183449651047 0.8158844765342961 0.014456630109670987 0.00842358604091456
10 0.4409272183449651 0.7611311672683514 0.010468594217347957 0.006016847172081829
10 0.6206380857427717 0.02286401925391095 0.010967098703888335 0.007220216606498195
1 0.08748753738783649 0.14891696750902528 0.006480558325024925 0.0030084235860409147
10 0.5887337986041874 0.7322503008423586 0.007976071784646061 0.0048134777376654635
10 0.5685443668993021 0.7382671480144405 0.010468594217347957 0.00842358604091456
10 0.5483549351944168 0.7442839951865222 0.009970089730807577 0.006016847172081829
10 0.534147557328016 0.7490974729241877 0.007477567298105683 0.006016847172081829
10 0.6296111665004985 0.7274368231046932 0.007976071784646061 0.006016847172081829
10 0.42123629112662014 0.7776774969915764 0.006979062811565304 0.005415162454873646
5 0.6465603190428714 0.7295427196149218 0.015952143569292122 0.0246690734055355
10 0.1228813559322034 0.8528880866425993 0.006480558325024925 0.005415162454873646
1 0.6286141575274178 0.73676293622142 0.011964107676969093 0.005415162454873646
10 0.42397806580259223 0.7885078219013237 0.007477567298105683 0.005415162454873646
5 0.39307078763708875 0.7975330926594465 0.04037886340977069 0.025872442839951864
10 0.9668494516450648 0.664560770156438 0.00448654037886341 0.01263537906137184
1 0.12462612163509472 0.8646209386281588 0.007976071784646061 0.0048134777376654635
10 0.5847457627118644 0.03489771359807461 0.007976071784646061 0.006016847172081829
10 0.896061814556331 0.6844163658243081 0.011465603190428714 0.009025270758122744
10 0.8746261216350947 0.6898315282791817 0.009471585244267198 0.005415162454873646
10 0.6044366899302094 0.030685920577617327 0.00847457627118644 0.0048134777376654635
10 0.12612163509471586 0.8736462093862816 0.006979062811565304 0.0048134777376654635
5 0.7589730807577268 0.7280385078219013 0.029411764705882353 0.02045728038507822
10 0.9713359920239282 0.6820096269554753 0.005483549351944167 0.01263537906137184
10 0.001744765702891326 0.17448856799037304 0.003489531405782652 0.007220216606498195
5 0.30982053838484547 0.8432611311672683 0.04835493519441675 0.04151624548736462
10 0.9975074775672981 0.6838146811070999 0.003988035892323031 0.006618531889290012
10 0.12562313060817548 0.8929001203369434 0.003988035892323031 0.009626955475330927
10 0.10867397806580259 0.8968110709987966 0.005982053838484547 0.01022864019253911
10 0.1011964107676969 0.8989169675090253 0.003988035892323031 0.009626955475330927
1 0.27741774675972086 0.8574007220216606 0.013459621136590228 0.009626955475330927
10 0.11764705882352941 0.8950060168471721 0.005982053838484547 0.01022864019253911
10 0.7061316051844466 0.7584235860409145 0.00448654037886341 0.013838748495788207
1 0.7138584247258225 0.7572202166064982 0.004985044865403789 0.015042117930204572
1 0.7283150548354935 0.7536101083032491 0.004985044865403789 0.015042117930204572
10 0.735543369890329 0.7527075812274369 0.00448654037886341 0.010830324909747292
10 0.7215852442671984 0.7563176895306859 0.003489531405782652 0.010830324909747292
10 0.8801096709870389 0.7208182912154031 0.00847457627118644 0.006016847172081829
10 0.1458125623130608 0.8974127557160048 0.00448654037886341 0.01263537906137184
10 0.13758723828514458 0.8995186522262335 0.006979062811565304 0.01444043321299639
10 0.15478564307078763 0.8965102286401926 0.00448654037886341 0.013237063778580024
10 0.2784147557328016 0.868231046931408 0.009471585244267198 0.006016847172081829
10 0.8826021934197408 0.7298435619735258 0.011465603190428714 0.00842358604091456
10 0.6114157527417746 0.7933212996389891 0.006480558325024925 0.011432009626955475
1 0.6570289132602194 0.78309265944645 0.005982053838484547 0.01263537906137184
1 0.6425722831505484 0.7879061371841155 0.004985044865403789 0.01263537906137184
1 0.650049850448654 0.7861010830324909 0.004985044865403789 0.015042117930204572
1 0.6363409770687937 0.789410348977136 0.00448654037886341 0.012033694344163659
10 0.31455633100697905 0.10258724428399518 0.010967098703888335 0.007821901323706379
10 0.5825024925224327 0.8041516245487365 0.009471585244267198 0.005415162454873646
10 0.902542372881356 0.73014440433213 0.007477567298105683 0.005415162454873646
10 0.7906281156530409 0.75661853188929 0.00897308075772682 0.005415162454873646
10 0.113160518444666 0.9157641395908543 0.004985044865403789 0.013237063778580024
1 0.12088733798604187 0.9139590854392299 0.007477567298105683 0.01684717208182912
1 0.07951146560319043 0.9238868832731648 0.00847457627118644 0.013838748495788207
10 0.278913260219342 0.8775571600481348 0.009471585244267198 0.005415162454873646
10 0.1296111665004985 0.9124548736462094 0.007976071784646061 0.013838748495788207
1 0.09621136590229312 0.9205776173285198 0.005982053838484547 0.01444043321299639
1 0.08798604187437686 0.9229843561973526 0.007477567298105683 0.01444043321299639
10 0.8088235294117647 0.7542117930204573 0.013459621136590228 0.005415162454873646
1 0.10468594217347957 0.9202767749699158 0.004985044865403789 0.013838748495788207
10 0.8835992023928215 0.7391696750902527 0.009471585244267198 0.006618531889290012
5 0.03738783649052842 0.16787003610108303 0.03589232303090728 0.07460890493381468
12 0.5418743768693918 0.8252105896510229 0.01296111665004985 0.016245487364620937
10 0.16674975074775672 0.13838748495788206 0.007477567298105683 0.006016847172081829
10 0.7938683948155534 0.766546329723225 0.007477567298105683 0.0048134777376654635
12 0.5226819541375872 0.8300240673886883 0.010468594217347957 0.016245487364620937
10 0.49177467597208374 0.8381468110709988 0.006480558325024925 0.012033694344163659
1 0.4835493519441675 0.8396510228640193 0.005982053838484547 0.011432009626955475
12 0.5062313060817547 0.8366425992779783 0.00847457627118644 0.013838748495788207
5 0.9725822532402791 0.7286401925391095 0.03290129611166501 0.04091456077015644
1 0.9252243270189432 0.7412755716004813 0.010967098703888335 0.007220216606498195
10 0.8848454636091725 0.7509025270758123 0.00897308075772682 0.006016847172081829
10 0.5770189431704885 0.8243080625752106 0.0024925224327018943 0.00842358604091456
10 0.571036889332004 0.8261131167268352 0.005483549351944167 0.012033694344163659
10 0.6186440677966102 0.8146811070998796 0.004985044865403789 0.012033694344163659
1 0.3140578265204387 0.8898916967509025 0.005982053838484547 0.015643802647412757
10 0.3205383848454636 0.8889891696750902 0.004985044865403789 0.011432009626955475
10 0.7966101694915254 0.7779783393501805 0.011964107676969093 0.006016847172081829
10 0.8870887337986042 0.7593261131167268 0.007477567298105683 0.0048134777376654635
1 0.7971086739780658 0.7867027677496992 0.00897308075772682 0.00421179302045728
1 0.5037387836490529 0.855294825511432 0.006480558325024925 0.01263537906137184
10 0.8133100697906281 0.7836943441636582 0.00847457627118644 0.005415162454873646
10 0.5137088733798604 0.8540914560770156 0.006480558325024925 0.01263537906137184
10 0.9077766699900299 0.7623345367027677 0.00897308075772682 0.006016847172081829
10 0.07178464606181456 0.16275571600481348 0.01296111665004985 0.006618531889290012
10 0.5239282153539382 0.8531889290012034 0.006979062811565304 0.013237063778580024
1 0.7981056829511466 0.796028880866426 0.007976071784646061 0.0048134777376654635
10 0.9110169491525424 0.7725631768953068 0.010468594217347957 0.00842358604091456
10 0.6054336989032901 0.03910950661853189 0.009471585244267198 0.006016847172081829
10 0.8167996011964108 0.7987364620938628 0.00847457627118644 0.00421179302045728
10 0.5872382851445663 0.043922984356197355 0.00897308075772682 0.006016847172081829
1 0.48903290129611166 0.8799638989169675 0.005982053838484547 0.016245487364620937
1 0.49700897308075775 0.8790613718411552 0.005982053838484547 0.013237063778580024
1 0.5064805583250249 0.8766546329723225 0.004985044865403789 0.01444043321299639
1 0.5254237288135594 0.8727436823104693 0.005982053838484547 0.01263537906137184
10 0.6231306081754736 0.03640192539109507 0.005982053838484547 0.00421179302045728
1 0.9915254237288136 0.7701564380264742 0.003988035892323031 0.010830324909747292
1 0.9985044865403788 0.7686522262334536 0.0019940179461615153 0.01263537906137184
1 0.7599700897308076 0.8273164861612515 0.009471585244267198 0.006016847172081829
1 0.8688933200398804 0.8062575210589651 0.00897308075772682 0.006016847172081829
1 0.8197906281156531 0.8185920577617328 0.00847457627118644 0.00421179302045728
10 0.706630109670987 0.8471720818291215 0.009471585244267198 0.006016847172081829
10 0.8913260219341974 0.8041516245487365 0.00897308075772682 0.005415162454873646
10 0.8711365902293121 0.8149819494584838 0.007477567298105683 0.005415162454873646
10 0.5002492522432702 0.9025270758122743 0.003489531405782652 0.009626955475330927
10 0.49202392821535396 0.9049338146811071 0.005982053838484547 0.009626955475330927
10 0.5149551345962113 0.8998194945848376 0.005982053838484547 0.01022864019253911
10 0.765702891326022 0.8408543922984356 0.003988035892323031 0.011432009626955475
10 0.7719341974077767 0.8393501805054152 0.00448654037886341 0.009626955475330927
10 0.8217846460618146 0.8282190132370638 0.007477567298105683 0.005415162454873646
1 0.5279162512462612 0.8974127557160048 0.003988035892323031 0.009025270758122744
1 0.522432701894317 0.8989169675090253 0.005982053838484547 0.013237063778580024
10 0.5069790628115654 0.9025270758122743 0.004985044865403789 0.009626955475330927
1 0.9967597208374875 0.7921179302045728 0.006480558325024925 0.016245487364620937
1 0.9830508474576272 0.7957280385078219 0.003988035892323031 0.013838748495788207
1 0.8935692921236291 0.8176895306859205 0.005483549351944167 0.006016847172081829
1 0.8728813559322034 0.825812274368231 0.00897308075772682 0.006618531889290012
1 0.8205383848454636 0.8399518652226233 0.00897308075772682 0.0048134777376654635
1 0.7103688933200398 0.8679302045728039 0.00897308075772682 0.005415162454873646
10 0.8090727816550349 0.8450661853188929 0.005982053838484547 0.01263537906137184
10 0.7746759720837487 0.8564981949458483 0.003988035892323031 0.01022864019253911
10 0.7676969092721835 0.8595066185318893 0.003988035892323031 0.011432009626955475
1 0.8935692921236291 0.8321299638989169 0.014456630109670987 0.007220216606498195
10 0.8756231306081754 0.8363417569193743 0.007477567298105683 0.006016847172081829
10 0.8247756729810568 0.8498796630565584 0.007477567298105683 0.00421179302045728
1 0.7111166500498505 0.8787605294825511 0.007477567298105683 0.006618531889290012
1 0.10244267198404786 0.16365824308062576 0.005483549351944167 0.013237063778580024
10 0.16899302093718843 0.1486161251504212 0.006979062811565304 0.0036101083032490976
10 0.6256231306081754 0.04422382671480144 0.010967098703888335 0.006618531889290012
10 0.5887337986041874 0.05354993983152828 0.003988035892323031 0.0036101083032490976
10 0.6064307078763709 0.05114320096269555 0.00847457627118644 0.00842358604091456
10 0.1702392821535394 0.157942238267148 0.007477567298105683 0.00421179302045728
10 0.6256231306081754 0.052346570397111915 0.005982053838484547 0.0048134777376654635
10 0.0032402791625124627 0.2009626955475331 0.006480558325024925 0.006016847172081829
10 0.7537387836490529 0.025571600481347774 0.007976071784646061 0.013838748495788207
10 0.17148554336989033 0.16726835138387486 0.005982053838484547 0.0036101083032490976
1 0.10568295114656032 0.1829121540312876 0.005982053838484547 0.012033694344163659
10 0.6291126620139581 0.060770156438026475 0.007976071784646061 0.0048134777376654635
1 0.09222333000997009 0.18832731648616124 0.00897308075772682 0.0036101083032490976
10 0.07502492522432702 0.19223826714801445 0.009471585244267198 0.005415162454873646
10 0.00448654037886341 0.21089049338146812 0.00897308075772682 0.006618531889290012
1 0.09346959122632104 0.19795427196149218 0.009471585244267198 0.0048134777376654635
1 0.04386839481555334 0.21419975932611313 0.007976071784646061 0.006016847172081829
10 0.02642073778664008 0.2190132370637786 0.010967098703888335 0.0048134777376654635
1 0.062063808574277166 0.2111913357400722 0.012462612163509471 0.007220216606498195
10 0.5832502492522432 0.09115523465703972 0.004985044865403789 0.01022864019253911
10 0.5670488534396809 0.0950661853188929 0.00448654037886341 0.010830324909747292
10 0.5747756729810568 0.09326113116726835 0.003988035892323031 0.010830324909747292
10 0.7225822532402791 0.05956678700361011 0.00847457627118644 0.01444043321299639
12 0.744765702891326 0.054452466907340555 0.00897308075772682 0.01263537906137184
10 0.3801096709870389 0.13959085439229843 0.00448654037886341 0.009626955475330927
10 0.7323030907278165 0.05685920577617329 0.004985044865403789 0.01263537906137184
10 0.7579760717846461 0.05144404332129964 0.005483549351944167 0.013838748495788207
10 0.47083748753738786 0.11913357400722022 0.006480558325024925 0.012033694344163659
10 0.3634097706879362 0.1444043321299639 0.003988035892323031 0.010830324909747292
10 0.559322033898305 0.0983754512635379 0.005982053838484547 0.009025270758122744
10 0.4217347956131605 0.1302647412755716 0.003988035892323031 0.011432009626955475
10 0.43893320039880357 0.1266546329723225 0.005483549351944167 0.011432009626955475
10 0.4307078763708873 0.12906137184115524 0.004985044865403789 0.01263537906137184
10 0.3890827517447657 0.13898916967509026 0.005483549351944167 0.010830324909747292
10 0.4060319042871386 0.13507821901323708 0.005483549351944167 0.01263537906137184
10 0.44715852442671983 0.12484957882069796 0.004985044865403789 0.01022864019253911
10 0.4130109670987039 0.13357400722021662 0.005483549351944167 0.012033694344163659
10 0.37163509471585243 0.14380264741275572 0.005483549351944167 0.012033694344163659
10 0.3975573280159521 0.1371841155234657 0.005483549351944167 0.012033694344163659
10 0.7146061814556331 0.06287605294825512 0.006480558325024925 0.01263537906137184
10 0.46385842472582256 0.12184115523465704 0.003489531405782652 0.009025270758122744
10 0.4556331006979063 0.12364620938628158 0.004985044865403789 0.01022864019253911
1 0.02642073778664008 0.22713598074608904 0.00897308075772682 0.006618531889290012
10 0.30782652043868397 0.16456077015643802 0.009471585244267198 0.007821901323706379
10 0.11041874376869391 0.21690734055354993 0.00448654037886341 0.01022864019253911
10 0.1321036889332004 0.21269554753309267 0.0029910269192422734 0.009025270758122744
10 0.11714855433698904 0.21660649819494585 0.004985044865403789 0.009626955475330927
10 0.17148554336989033 0.2045728038507822 0.003988035892323031 0.009626955475330927
10 0.12587238285144567 0.21510228640192539 0.003489531405782652 0.01022864019253911
10 0.18469591226321036 0.20126353790613719 0.003489531405782652 0.009025270758122744
10 0.10393818544366899 0.22111913357400723 0.00448654037886341 0.011432009626955475
10 0.15653040877367896 0.20878459687123946 0.004985044865403789 0.012033694344163659
10 0.16475573280159522 0.2075812274368231 0.003489531405782652 0.009626955475330927
10 0.17821535393818544 0.2042719614921781 0.00448654037886341 0.01022864019253911
10 0.30957128614157525 0.17478941034897713 0.009970089730807577 0.005415162454873646
10 0.7180957128614157 0.08393501805054152 0.006480558325024925 0.01022864019253911
10 0.7607178464606181 0.0743080625752106 0.003988035892323031 0.007821901323706379
10 0.7273180458624128 0.08273164861612516 0.003988035892323031 0.011432009626955475
10 0.7455134596211366 0.07912154031287605 0.005483549351944167 0.011432009626955475
10 0.753988035892323 0.0773164861612515 0.00448654037886341 0.01022864019253911
10 0.7013958125623131 0.08935018050541517 0.004985044865403789 0.01263537906137184
10 0.8883349950149552 0.04542719614921781 0.007976071784646061 0.00421179302045728
10 0.6954137587238285 0.0914560770156438 0.004985044865403789 0.012033694344163659
10 0.7362911266201396 0.08212996389891697 0.006979062811565304 0.013838748495788207
10 0.8918245264207378 0.05776173285198556 0.00897308075772682 0.0048134777376654635
10 0.7898803589232303 0.08995186522262334 0.006480558325024925 0.01263537906137184
10 0.7470089730807578 0.10138387484957882 0.00448654037886341 0.01022864019253911
10 0.7318045862412762 0.10469314079422383 0.005982053838484547 0.010830324909747292
10 0.7402791625124626 0.10379061371841156 0.005982053838484547 0.01263537906137184
10 0.7151046859421735 0.10980746089049338 0.003489531405782652 0.01022864019253911
10 0.7821535393818544 0.09356197352587245 0.004985044865403789 0.01263537906137184
10 0.8940677966101694 0.06799037304452467 0.00847457627118644 0.0048134777376654635
10 0.7666999002991027 0.09807460890493382 0.005982053838484547 0.010830324909747292
10 0.7966101694915254 0.09115523465703972 0.005982053838484547 0.013838748495788207
10 0.7579760717846461 0.10048134777376655 0.006480558325024925 0.010830324909747292
12 0.6475573280159521 0.13176895306859207 0.013958125623130608 0.01444043321299639
10 0.6645064805583251 0.13206979542719616 0.007976071784646061 0.005415162454873646
10 0.7968594217347956 0.10800240673886884 0.007477567298105683 0.005415162454873646
10 0.8968095712861416 0.08784596871239471 0.007976071784646061 0.0036101083032490976
10 0.6702392821535393 0.14290012033694344 0.009471585244267198 0.005415162454873646
10 0.018195413758723827 0.2954271961492178 0.00847457627118644 0.0048134777376654635
12 0.6545363908275175 0.1510228640192539 0.011964107676969093 0.01444043321299639
10 0.672482552342971 0.1552346570397112 0.006979062811565304 0.0048134777376654635
10 0.900049850448654 0.10800240673886884 0.00448654037886341 0.0030084235860409147
10 0.674975074775673 0.1618531889290012 0.011964107676969093 0.006016847172081829
10 0.6652542372881356 0.1657641395908544 0.005483549351944167 0.01022864019253911
1 0.6904287138584247 0.1648616125150421 0.011964107676969093 0.00842358604091456
10 0.8038384845463609 0.13989169675090252 0.00847457627118644 0.005415162454873646
10 0.9027916251246261 0.11762936221419976 0.009970089730807577 0.005415162454873646
10 0.8050847457627118 0.14891696750902528 0.00897308075772682 0.006618531889290012
10 0.9042871385842473 0.12876052948255115 0.011964107676969093 0.006016847172081829
10 0.8050847457627118 0.1588447653429603 0.010967098703888335 0.006016847172081829
10 0.23280159521435692 0.30445246690734057 0.010967098703888335 0.007220216606498195
10 0.21834496510468593 0.30776173285198555 0.011964107676969093 0.01022864019253911
5 0.7532402791625125 0.18592057761732853 0.08773678963110668 0.13116726835138387
1 0.8108175473579262 0.17328519855595667 0.009471585244267198 0.007220216606498195
1 0.6989032901296112 0.20276774969915765 0.01296111665004985 0.009626955475330927
10 0.4047856430707876 0.27166064981949456 0.004985044865403789 0.013838748495788207
1 0.3524426719840479 0.286101083032491 0.007976071784646061 0.017448856799037304
10 0.36889332003988035 0.30685920577617326 0.004985044865403789 0.013237063778580024
1 0.8711365902293121 0.20637785800240674 0.00847457627118644 0.006016847172081829
10 0.8898305084745762 0.20246690734055356 0.006979062811565304 0.00421179302045728
10 0.910518444666002 0.20126353790613719 0.011465603190428714 0.005415162454873646
1 0.8920737786640079 0.21299638989169675 0.00847457627118644 0.0048134777376654635
1 0.8743768693918246 0.21780986762936222 0.009970089730807577 0.006016847172081829
10 0.4541375872382851 0.322202166064982 0.009970089730807577 0.007821901323706379
1 0.6139082751744765 0.28459687123947053 0.009471585244267198 0.006016847172081829
10 0.46984047856430705 0.31919374247894106 0.00847457627118644 0.006618531889290012
1 0.8758723828514456 0.22623345367027678 0.007976071784646061 0.0048134777376654635
1 0.8925722831505484 0.22352587244283995 0.007477567298105683 0.00421179302045728
10 0.5770189431704885 0.30114320096269553 0.009471585244267198 0.005415162454873646
10 0.06704885343968096 0.4232851985559567 0.012462612163509471 0.006618531889290012
10 0.5423728813559322 0.31167268351383876 0.007976071784646061 0.006016847172081829
10 0.5964606181455633 0.2996389891696751 0.009471585244267198 0.0048134777376654635
1 0.7589730807577268 0.2620336943441637 0.00847457627118644 0.006618531889290012
10 0.00872382851445663 0.12424789410348977 0.00847457627118644 0.005415162454873646
10 0.5426221335992024 0.32250300842358604 0.009471585244267198 0.0048134777376654635
1 0.06804586241276171 0.43501805054151627 0.011465603190428714 0.006016847172081829
10 0.5977068793619142 0.3110709987966306 0.006979062811565304 0.0048134777376654635
1 0.4568793619142572 0.34957882069795426 0.011465603190428714 0.007220216606498195
10 0.06879361914257229 0.4428399518652226 0.009970089730807577 0.006016847172081829
10 0.597457627118644 0.31979542719614923 0.006480558325024925 0.005415162454873646
10 0.8576769690927218 0.2641395908543923 0.011465603190428714 0.009626955475330927
10 0.7532402791625125 0.28941034897713597 0.006979062811565304 0.0048134777376654635
10 0.07153539381854436 0.453971119133574 0.011465603190428714 0.005415162454873646
10 0.7544865403788634 0.2990373044524669 0.00448654037886341 0.0048134777376654635
10 0.8594217347956131 0.27617328519855594 0.009970089730807577 0.006016847172081829
10 0.07278165503489531 0.4645006016847172 0.007976071784646061 0.0048134777376654635
10 0.5675473579262214 0.35138387484957884 0.00847457627118644 0.006016847172081829
10 0.0755234297108674 0.4741275571600481 0.010468594217347957 0.0048134777376654635
12 0.6495513459621136 0.33965102286401927 0.040877367896311065 0.035499398315282794
10 0.5680458624127617 0.35980746089049337 0.00847457627118644 0.0048134777376654635
10 0.07676969092721835 0.483453670276775 0.009970089730807577 0.006618531889290012
10 0.5690428713858424 0.3703369434416366 0.00847457627118644 0.005415162454873646
10 0.07701894317048853 0.4954873646209386 0.00847457627118644 0.005415162454873646
1 0.08125623130608176 0.5051143200962696 0.009970089730807577 0.006618531889290012
1 0.5745264207377866 0.38929001203369434 0.010468594217347957 0.007220216606498195
10 0.6732303090727817 0.37454873646209386 0.005483549351944167 0.005415162454873646
10 0.08175473579262213 0.5150421179302046 0.00897308075772682 0.007220216606498195
12 0.6864406779661016 0.3742478941034898 0.010967098703888335 0.018050541516245487
10 0.06430707876370888 0.5222623345367028 0.011964107676969093 0.00842358604091456
1 0.5757726819541376 0.40673886883273164 0.007976071784646061 0.0048134777376654635
10 0.6727318045862413 0.3841756919374248 0.006480558325024925 0.00421179302045728
10 0.005982053838484547 0.5409145607701564 0.011964107676969093 0.007220216606498195
10 0.9586241276171485 0.31799037304452465 0.005982053838484547 0.0030084235860409147
10 0.08374875373878365 0.5252707581227437 0.011964107676969093 0.00842358604091456
1 0.37811565304087735 0.4575812274368231 0.005483549351944167 0.015042117930204572
10 0.3863409770687936 0.45788206979542717 0.006979062811565304 0.01444043321299639
10 0.259222333000997 0.49127557160048135 0.006979062811565304 0.005415162454873646
10 0.0847457627118644 0.5358002406738869 0.00897308075772682 0.007821901323706379
1 0.16999002991026918 0.5174488567990373 0.005982053838484547 0.013237063778580024
10 0.08673978065802593 0.5454271961492179 0.00897308075772682 0.006618531889290012
5 0.48454636091724823 0.45577617328519854 0.1694915254237288 0.20637785800240674
12 0.05209371884346959 0.5604693140794224 0.04735792622133599 0.05354993983152828
12 0.6889332003988036 0.41365824308062576 0.022931206380857428 0.029482551143200964
10 0.08998005982053839 0.5544524669073405 0.00847457627118644 0.006618531889290012
10 0.38808574277168495 0.48495788206979545 0.005483549351944167 0.012033694344163659
10 0.3806081754735793 0.48766546329723226 0.006480558325024925 0.013838748495788207
1 0.18668993020937188 0.5358002406738869 0.013459621136590228 0.007821901323706379
10 0.8766201395812563 0.3742478941034898 0.007477567298105683 0.0036101083032490976
1 0.16101694915254236 0.5421179302045728 0.011964107676969093 0.007220216606498195
1 0.5882352941176471 0.44554753309265943 0.007976071784646061 0.005415162454873646
10 0.09122632103688934 0.5643802647412756 0.009970089730807577 0.006016847172081829
10 0.8783649052841476 0.38537906137184114 0.005982053838484547 0.00421179302045728
10 0.18444666001994017 0.549338146811071 0.00897308075772682 0.007220216606498195
1 0.6086739780658026 0.44945848375451264 0.006979062811565304 0.0048134777376654635
10 0.5922233300099701 0.453971119133574 0.01296111665004985 0.009025270758122744
1 0.09222333000997009 0.5743080625752106 0.009970089730807577 0.005415162454873646
10 0.18793619142572282 0.5616726835138387 0.00897308075772682 0.006618531889290012
1 0.6044366899302094 0.4687123947051745 0.007477567298105683 0.006016847172081829
1 0.589481555333998 0.47352587244283995 0.00847457627118644 0.0048134777376654635
1 0.09471585244267199 0.5938628158844765 0.010967098703888335 0.007220216606498195
1 0.6248753738783649 0.4717208182912154 0.007477567298105683 0.0048134777376654635
1 0.6069292123629113 0.4777376654632972 0.011465603190428714 0.007220216606498195
1 0.5902293120638086 0.4831528279181709 0.007976071784646061 0.0048134777376654635
10 0.09795613160518445 0.6037906137184116 0.007477567298105683 0.006618531889290012
12 0.03863409770687936 0.6272563176895307 0.041375872382851446 0.052346570397111915
10 0.09820538384845463 0.6134175691937425 0.007976071784646061 0.006618531889290012
1 0.9508973080757727 0.4166666666666667 0.00847457627118644 0.006618531889290012
10 0.09945164506480558 0.6224428399518652 0.007477567298105683 0.00421179302045728
10 0.9533898305084746 0.4262936221419976 0.006480558325024925 0.005415162454873646
2 0.9274675972083749 0.4323104693140794 0.08225324027916252 0.401323706377858
1 0.27442671984047856 0.5866425992779783 0.013459621136590228 0.0048134777376654635
2 0.7577268195413759 0.4759326113116727 0.10468594217347957 0.41997593261131166
2 0.8497008973080757 0.4554753309265945 0.09621136590229312 0.41997593261131166
10 0.9526420737786641 0.4365222623345367 0.004985044865403789 0.00421179302045728
1 0.2761714855433699 0.5983754512635379 0.009970089730807577 0.005415162454873646
1 0.10568295114656032 0.6395908543922985 0.013958125623130608 0.00842358604091456
10 0.10543369890329013 0.6495186522262335 0.007477567298105683 0.006618531889290012
10 0.6331006979062812 0.5270758122743683 0.006979062811565304 0.0036101083032490976