1 0.7987643424536628 0.04745042492917847 0.00617828773168579 0.011803588290840416
1 0.12378640776699029 0.4737960339943343 0.015445719329214475 0.008026440037771483
1 0.8236981465136805 0.476628895184136 0.04457193292144748 0.04107648725212465
1 0.7870697263901147 0.04792256846081209 0.005736981465136805 0.010859301227573183
1 0.26919682259488087 0.04863078375826251 0.03795233892321271 0.03777148253068933
1 0.38702559576345985 0.48630783758262514 0.0441306266548985 0.06043437204910293
1 0.12422771403353927 0.48677998111425874 0.012797881729920565 0.004721435316336166
1 0.2228596646072374 0.48914069877242683 0.01147396293027361 0.007554296506137866
1 0.12268314210061783 0.4997639282341832 0.01235657546337158 0.008026440037771483
2 0.9168137687555163 0.503777148253069 0.1204766107678729 0.08120868744098206
1 0.6409973521624007 0.5077903682719547 0.03398058252427184 0.03541076487252125
1 0.1235657546337158 0.5113314447592068 0.01323918799646955 0.0084985835694051
1 0.12422771403353927 0.5217186024551463 0.013680494263018535 0.007554296506137866
5 0.5044130626654898 0.5276203966005666 0.16063548102383055 0.1732766761095373
1 0.2230803177405119 0.5283286118980169 0.011915269196822596 0.007554296506137866
1 0.12422771403353927 0.5321057601510859 0.011915269196822596 0.0084985835694051
1 0.6149602824360106 0.5417847025495751 0.005736981465136805 0.010859301227573183
1 0.12488967343336276 0.5434372049102927 0.01412180052956752 0.0084985835694051
12 0.6888790820829656 0.5483947119924457 0.03353927625772286 0.04485363550519358
1 0.1235657546337158 0.5512275731822474 0.01412180052956752 0.010859301227573183
1 0.2380847308031774 0.5545325779036827 0.006619593998234775 0.012747875354107648
1 0.8934245366284201 0.056893295561850805 0.009267431597528684 0.006137865911237016
1 0.12312444836716681 0.56657223796034 0.01412180052956752 0.007554296506137866
1 0.3089143865842895 0.5705854579792257 0.0088261253309797 0.012747875354107648
1 0.220432480141218 0.5729461756373938 0.008384819064430714 0.014636449480642116
1 0.12466902030008827 0.5753068932955618 0.011915269196822596 0.008970727101038715
1 0.23896734333627537 0.5816808309726157 0.006619593998234775 0.014164305949008499
1 0.12444836716681378 0.5821529745042493 0.01147396293027361 0.007554296506137866
1 0.6531332744924978 0.5885269121813032 0.03618711385701677 0.04107648725212465
2 0.9366725507502206 0.5989140698772427 0.10194174757281553 0.0826251180358829
1 0.8475286849073257 0.5993862134088763 0.03486319505736982 0.03446647780925401
1 0.3084730803177405 0.6012747875354107 0.01059135039717564 0.014636449480642116
1 0.220873786407767 0.6015108593012276 0.005736981465136805 0.013220018885741265
1 0.3702559576345984 0.06043437204910293 0.03353927625772286 0.03210576015108593
1 0.7619152691968226 0.6055240793201133 0.03751103265666372 0.03635505193578848
1 0.6432038834951457 0.6093012275731823 0.010150044130626656 0.024079320113314446
1 0.6337157987643425 0.6104815864022662 0.01147396293027361 0.023607176581680833
10 0.03353927625772286 0.6102455146364495 0.0088261253309797 0.017469310670443813
10 0.038834951456310676 0.6107176581680831 0.00529567519858782 0.016525023607176583
5 0.1434245366284201 0.06161473087818697 0.07855251544571933 0.07318224740321058
1 0.23654015887025595 0.6187440982058546 0.01059135039717564 0.007082152974504249
1 0.12511032656663726 0.6206326723323891 0.03486319505736982 0.03635505193578848
1 0.4496910856134157 0.6265344664778093 0.00617828773168579 0.012275731822474031
1 0.23631950573698146 0.6279508970727101 0.011032656663724626 0.0066100094428706326
1 0.894748455428067 0.06303116147308782 0.011032656663724626 0.006137865911237016
1 0.3060458958517211 0.6286591123701605 0.006619593998234775 0.012747875354107648
10 0.5699470432480142 0.6359773371104815 0.010150044130626656 0.010387157695939566
1 0.8025154457193292 0.6362134088762984 0.03662842012356576 0.046742209631728045
1 0.44263018534863197 0.6385741265344664 0.01059135039717564 0.023135033050047216
5 0.08980582524271845 0.6406987724268177 0.03133274492497794 0.03777148253068933
12 0.7760370697263901 0.6458923512747875 0.026037069726390114 0.0453257790368272
1 0.4304942630185349 0.6463644948064211 0.005736981465136805 0.010387157695939566
12 0.7261694616063548 0.6468366383380547 0.03486319505736982 0.049102927289896126
5 0.865622241835834 0.06562795089707271 0.040158870255957636 0.042492917847025496
1 0.23720211827007945 0.6565155807365439 0.011032656663724626 0.007082152974504249
1 0.131729920564872 0.6631255901794145 0.03751103265666372 0.04296506137865911
12 0.8219329214474845 0.6692634560906515 0.03398058252427184 0.025967894239848913
1 0.3201676963812886 0.6709159584513692 0.03927625772285966 0.04060434372049103
1 0.6180494263018534 0.6730406043437205 0.011915269196822596 0.007082152974504249
1 0.2235216240070609 0.6742209631728046 0.011032656663724626 0.007554296506137866
1 0.6180494263018534 0.6779981114258735 0.012797881729920565 0.007554296506137866
1 0.13437775816416594 0.690982058545798 0.011032656663724626 0.008970727101038715
1 0.23896734333627537 0.695703493862134 0.005736981465136805 0.012747875354107648
1 0.12511032656663726 0.6961756373937678 0.011915269196822596 0.009915014164305949
10 0.8367166813768756 0.0708215297450425 0.01059135039717564 0.0066100094428706326
1 0.13261253309797 0.7098677998111426 0.012797881729920565 0.009915014164305949
12 0.821270962047661 0.7108120868744098 0.05030891438658429 0.028800755429650614
1 0.22197705207413945 0.7176581680830972 0.00617828773168579 0.014164305949008499
1 0.06421006178287732 0.722851746931067 0.005736981465136805 0.012275731822474031
1 0.05714916151809356 0.7233238904627006 0.008384819064430714 0.014164305949008499
1 0.1352603706972639 0.7249763928234183 0.006619593998234775 0.016525023607176583
1 0.11363636363636363 0.7259206798866855 0.0048543689320388345 0.012747875354107648
1 0.09995586937334511 0.726628895184136 0.005736981465136805 0.012275731822474031
1 0.10789938217122683 0.7275731822474032 0.007502206531332745 0.012275731822474031
1 0.07789055604589586 0.7334749763928234 0.006619593998234775 0.011803588290840416
1 0.09068843777581642 0.7337110481586402 0.005736981465136805 0.012275731822474031
1 0.08428949691085613 0.733947119924457 0.00617828773168579 0.015580736543909348
1 0.09466019417475728 0.7344192634560907 0.007502206531332745 0.012747875354107648
1 0.073477493380406 0.7372521246458924 0.006619593998234775 0.011803588290840416
1 0.06796116504854369 0.737724268177526 0.00529567519858782 0.011803588290840416
1 0.06001765225066196 0.7386685552407932 0.00617828773168579 0.012747875354107648
1 0.12135922330097088 0.7381964117091596 0.00794351279788173 0.010859301227573183
10 0.3795233892321271 0.7386685552407932 0.0088261253309797 0.00424929178470255
1 0.10039717563989409 0.7396128423040604 0.006619593998234775 0.010859301227573183
1 0.11606354810238305 0.740084985835694 0.00706090026478376 0.014636449480642116
1 0.13570167696381288 0.7398489140698773 0.006619593998234775 0.014164305949008499
1 0.7974404236540159 0.7445703493862134 0.03795233892321271 0.0453257790368272
1 0.22197705207413945 0.7544853635505193 0.00529567519858782 0.012275731822474031
10 0.3797440423654016 0.7563739376770539 0.010150044130626656 0.0066100094428706326
1 0.13702559576345985 0.7577903682719547 0.009267431597528684 0.014164305949008499
10 0.3662842012356575 0.7592067988668555 0.01147396293027361 0.007554296506137866
1 0.8437775816416593 0.7608593012275732 0.03353927625772286 0.03635505193578848
12 0.6791703442188879 0.7629839471199245 0.04942630185348632 0.04060434372049103
10 0.3797440423654016 0.7681775259678942 0.011915269196822596 0.004721435316336166
5 0.08892321270962047 0.7707743153918791 0.06398940864960283 0.04863078375826251
5 0.09090909090909091 0.7724268177525968 0.06796116504854369 0.053824362606232294
10 0.38040600176522504 0.7738432483474976 0.01059135039717564 0.0066100094428706326
10 0.3662842012356575 0.7745514636449481 0.01147396293027361 0.008026440037771483
1 0.13503971756398941 0.7747875354107648 0.00617828773168579 0.014164305949008499
2 0.9428508384819064 0.7802171860245515 0.11429832303618712 0.22332389046270065
1 0.13923212709620478 0.7837582625118036 0.000441306266548985 0.0009442870632672333
1 0.13570167696381288 0.7877714825306893 0.007502206531332745 0.015580736543909348
10 0.3808473080317741 0.7948536355051936 0.01147396293027361 0.008026440037771483
10 0.4201235657546337 0.08002832861189801 0.00529567519858782 0.011803588290840416
1 0.06994704324801412 0.8035882908404155 0.0048543689320388345 0.010387157695939566
1 0.06398940864960283 0.804296506137866 0.00441306266548985 0.013692162417374882
1 0.13570167696381288 0.8050047214353163 0.008384819064430714 0.012275731822474031
1 0.35436893203883496 0.8059490084985835 0.01059135039717564 0.0066100094428706326
1 0.4035745807590468 0.08073654390934844 0.0048543689320388345 0.012275731822474031
1 0.42961165048543687 0.08097261567516525 0.0048543689320388345 0.010859301227573183
10 0.4346866725507502 0.08120868744098206 0.00617828773168579 0.0113314447592068
10 0.38062665489849956 0.8092540132200189 0.010150044130626656 0.0056657223796034
1 0.8307590467784642 0.8101983002832861 0.03398058252427184 0.07554296506137866
1 0.09466019417475728 0.810434372049103 0.006619593998234775 0.015580736543909348
1 0.1118711385701677 0.8106704438149197 0.006619593998234775 0.014164305949008499
1 0.1176081200353045 0.8101983002832861 0.006619593998234775 0.013220018885741265
1 0.10039717563989409 0.8109065155807366 0.006619593998234775 0.014636449480642116
1 0.10525154457193292 0.8106704438149197 0.0048543689320388345 0.013220018885741265
1 0.2230803177405119 0.8106704438149197 0.008384819064430714 0.013220018885741265
1 0.12246248896734334 0.8109065155807366 0.003971756398940865 0.013692162417374882
10 0.4099735216240071 0.08191690273843248 0.00617828773168579 0.011803588290840416
1 0.3550308914386584 0.8123229461756374 0.011915269196822596 0.006137865911237016
10 0.38062665489849956 0.8139754485363551 0.010150044130626656 0.005193578847969783
12 0.6802736098852604 0.8139754485363551 0.05163283318623124 0.036827195467422094
1 0.08583406884377758 0.8156279508970727 0.005736981465136805 0.015580736543909348
1 0.08053839364518976 0.8163361661945231 0.006619593998234775 0.016052880075542966
1 0.06222418358340689 0.8182247403210576 0.00617828773168579 0.014164305949008499
1 0.056045895851721095 0.818932955618508 0.00706090026478376 0.016525023607176583
1 0.06972639011473963 0.8205854579792257 0.00706090026478376 0.0169971671388102
1 0.07568402471315093 0.8208215297450425 0.0048543689320388345 0.015580736543909348
1 0.13503971756398941 0.8236543909348442 0.00617828773168579 0.013692162417374882
10 0.35414827890556044 0.8295561850802644 0.011915269196822596 0.0066100094428706326
10 0.35370697263901146 0.8352219074598678 0.010150044130626656 0.0056657223796034
10 0.38062665489849956 0.836166194523135 0.011032656663724626 0.0056657223796034
1 0.22550750220653135 0.8371104815864022 0.01323918799646955 0.007554296506137866
1 0.13636363636363635 0.8389990557129368 0.00706090026478376 0.012275731822474031
10 0.353045013239188 0.8406515580736544 0.009708737864077669 0.007082152974504249
10 0.36606354810238306 0.8408876298394712 0.011032656663724626 0.0066100094428706326
10 0.38062665489849956 0.8415958451369216 0.010150044130626656 0.008026440037771483
12 0.7985436893203883 0.8453729933899906 0.03398058252427184 0.02785646836638338
10 0.36584289496910855 0.8467894239848914 0.009708737864077669 0.005193578847969783
10 0.3797440423654016 0.8474976392823418 0.009267431597528684 0.004721435316336166
10 0.7610326566637247 0.8503305004721435 0.011032656663724626 0.0056657223796034
10 0.7722859664607238 0.851038715769594 0.01059135039717564 0.00424929178470255
10 0.37996469549867606 0.8519830028328612 0.0088261253309797 0.005193578847969783
1 0.13459841129744043 0.8562322946175638 0.00794351279788173 0.012747875354107648
10 0.3808473080317741 0.8583569405099151 0.009708737864077669 0.004721435316336166
10 0.36738746690203 0.8642587346553352 0.011915269196822596 0.005193578847969783
1 0.1354810238305384 0.8720491029272899 0.00706090026478376 0.014164305949008499
10 0.3768755516328332 0.8739376770538244 0.01147396293027361 0.0056657223796034
10 0.37709620476610767 0.8788951841359773 0.011032656663724626 0.00424929178470255
1 0.22616946160635482 0.8793673276676109 0.012797881729920565 0.007082152974504249
10 0.22683142100617829 0.08899905571293673 0.00617828773168579 0.013692162417374882
12 0.8084730803177406 0.8881019830028328 0.03177405119152692 0.02644003777148253
1 0.13636363636363635 0.8885741265344664 0.00706090026478376 0.014164305949008499
10 0.37819947043248014 0.8951841359773371 0.01323918799646955 0.0056657223796034
10 0.2321270962047661 0.08970727101038715 0.00529567519858782 0.013220018885741265
1 0.13636363636363635 0.9043909348441926 0.00794351279788173 0.012747875354107648
10 0.3762135922330097 0.9131255901794145 0.011032656663724626 0.004721435316336166
5 0.07921447484554281 0.9133616619452314 0.07546337157987644 0.1024551463644948
1 0.22418358340688438 0.9197355996222851 0.009708737864077669 0.007554296506137866
10 0.45233892321270963 0.9244570349386213 0.00617828773168579 0.013220018885741265
10 0.8508384819064431 0.09277620396600567 0.009708737864077669 0.007082152974504249
12 0.8203883495145631 0.9291784702549575 0.04942630185348632 0.030217186024551465
10 0.47241835834068846 0.9338999055712937 0.011915269196822596 0.004721435316336166
10 0.46116504854368934 0.939565627950897 0.009708737864077669 0.007554296506137866
10 0.42497793468667255 0.09419263456090651 0.00794351279788173 0.012747875354107648
10 0.43424536628420124 0.09442870632672333 0.00706090026478376 0.0113314447592068
10 0.42850838481906445 0.09466477809254013 0.00617828773168579 0.012747875354107648
10 0.40445719329214475 0.09513692162417375 0.006619593998234775 0.012747875354107648
10 0.39783759929391 0.09537299338999056 0.009267431597528684 0.012275731822474031
10 0.5019858781994704 0.9537299338999056 0.010150044130626656 0.007554296506137866
10 0.4187996469549868 0.09537299338999056 0.00706090026478376 0.014164305949008499
10 0.4435127978817299 0.9549102927289896 0.01059135039717564 0.005193578847969783
12 0.7758164165931156 0.9558545797922569 0.03089143865842895 0.05335221907459868
12 0.7332303618711385 0.9572710103871577 0.027802294792586054 0.05240793201133145
1 0.8704766107678729 0.09560906515580736 0.0048543689320388345 0.011803588290840416
1 0.8658428949691086 0.09584513692162418 0.00529567519858782 0.012275731822474031
10 0.43998234774933803 0.0965533522190746 0.00706090026478376 0.011803588290840416
10 0.4432921447484554 0.9601038715769594 0.009267431597528684 0.005193578847969783
5 0.470432480141218 0.9627006610009443 0.038834951456310676 0.031161473087818695
10 0.3918799646954987 0.0967894239848914 0.00706090026478376 0.013220018885741265
10 0.4993380406001765 0.9641170915958451 0.009267431597528684 0.0066100094428706326
1 0.5079435127978817 0.964353163361662 0.00441306266548985 0.012747875354107648
2 0.9399823477493381 0.9652974504249292 0.09532215357458076 0.06940509915014165
10 0.4435127978817299 0.96671388101983 0.01059135039717564 0.006137865911237016
10 0.49911738746690204 0.9707271010387157 0.01059135039717564 0.0056657223796034
12 0.2650044130626655 0.9714353163361662 0.04457193292144748 0.040132200188857416
1 0.20344218887908208 0.9719074598677998 0.04942630185348632 0.029745042492917848
10 0.4093115622241836 0.09796978281397545 0.007502206531332745 0.014636449480642116
10 0.4443954104148279 0.9730878186968839 0.01059135039717564 0.007554296506137866
10 0.4320388349514563 0.972851746931067 0.0088261253309797 0.006137865911237016
5 0.6270962047661077 0.972851746931067 0.0264783759929391 0.023135033050047216
10 0.49911738746690204 0.9756846081208688 0.009708737864077669 0.005193578847969783
10 0.513901147396293 0.9771010387157696 0.010150044130626656 0.005193578847969783
10 0.5249338040600177 0.9773371104815864 0.010150044130626656 0.0056657223796034
10 0.4333627537511033 0.9782813975448537 0.01059135039717564 0.0066100094428706326
10 0.4889673433362754 0.9865439093484419 0.00529567519858782 0.010859301227573183
10 0.4589585172109444 0.9870160528800755 0.00353045013239188 0.009915014164305949
10 0.4351279788172992 0.9886685552407932 0.00529567519858782 0.014164305949008499
10 0.8155339805825242 0.09985835694050992 0.00529567519858782 0.010859301227573183
10 0.14187996469549868 0.10387157695939565 0.011032656663724626 0.007554296506137866
10 0.15489849955869373 0.10410764872521247 0.01059135039717564 0.005193578847969783
10 0.21954986760812004 0.10599622285174694 0.005736981465136805 0.011803588290840416
10 0.20984112974404237 0.10599622285174694 0.006619593998234775 0.012747875354107648
10 0.2149161518093557 0.10623229461756374 0.00617828773168579 0.012275731822474031
10 0.2292586054721977 0.10623229461756374 0.005736981465136805 0.012275731822474031
10 0.22462488967343336 0.10646836638338054 0.00617828773168579 0.011803588290840416
10 0.14320388349514562 0.10906515580736544 0.011032656663724626 0.0084985835694051
10 0.1553398058252427 0.10953729933899906 0.01147396293027361 0.007554296506137866
10 0.16879964695498675 0.11000944287063268 0.006619593998234775 0.012275731822474031
10 0.15445719329214475 0.11473087818696884 0.01235657546337158 0.0066100094428706326
1 0.8300970873786407 0.11496694995278564 0.02471315092674316 0.024079320113314446
10 0.14254192409532215 0.11520302171860246 0.01059135039717564 0.004721435316336166
10 0.1434245366284201 0.11992445703493862 0.01059135039717564 0.007554296506137866
10 0.1553398058252427 0.12016052880075542 0.01147396293027361 0.006137865911237016
10 0.2321270962047661 0.12110481586402266 0.00529567519858782 0.011803588290840416
10 0.22749338040600176 0.12134088762983947 0.005736981465136805 0.012275731822474031
10 0.2230803177405119 0.12181303116147309 0.006619593998234775 0.012275731822474031
10 0.17475728155339806 0.12181303116147309 0.00617828773168579 0.013220018885741265
10 0.18027360988526037 0.12204910292728989 0.006619593998234775 0.011803588290840416
10 0.23742277140335394 0.12252124645892351 0.00794351279788173 0.012747875354107648
10 0.1910856134157105 0.12275731822474033 0.00617828773168579 0.0113314447592068
10 0.18556928508384818 0.12275731822474033 0.005736981465136805 0.013220018885741265
5 0.794792586054722 0.1248819641170916 0.03795233892321271 0.021246458923512748
1 0.10061782877316858 0.125590179414542 0.01059135039717564 0.0056657223796034
1 0.7327890556045896 0.12865911237016053 0.03398058252427184 0.037299338999055714
10 0.3773168578993822 0.12983947119924458 0.01059135039717564 0.007554296506137866
1 0.10172109443954104 0.13267233238904627 0.011915269196822596 0.0084985835694051
1 0.5222859664607238 0.13456090651558072 0.03927625772285966 0.0339943342776204
5 0.41968225948808474 0.1364494806421152 0.06354810238305383 0.07365439093484419
1 0.6339364518976169 0.13810198300283286 0.03486319505736982 0.03635505193578848
1 0.10150044130626655 0.14046270066100094 0.01147396293027361 0.008026440037771483
1 0.8228155339805825 0.14400377714825308 0.019858781994704325 0.023607176581680833
10 0.2932480141218005 0.14400377714825308 0.0048543689320388345 0.012275731822474031
10 0.28773168578993824 0.14447592067988668 0.00706090026478376 0.012275731822474031
1 0.10039717563989409 0.14754485363550518 0.011032656663724626 0.007082152974504249
1 0.8411297440423654 0.1532105760151086 0.02030008826125331 0.023135033050047216
10 0.13415710503089143 0.16359773371104816 0.01323918799646955 0.008026440037771483
10 0.1471756398940865 0.16359773371104816 0.011915269196822596 0.006137865911237016
10 0.1209179170344219 0.1643059490084986 0.01323918799646955 0.007554296506137866
1 0.8627537511032657 0.1680830972615675 0.01235657546337158 0.0056657223796034
10 0.13415710503089143 0.16949952785646838 0.01235657546337158 0.0066100094428706326
10 0.14673433362753752 0.16997167138810199 0.011915269196822596 0.007554296506137866
10 0.12113857016769639 0.17138810198300283 0.013680494263018535 0.0066100094428706326
1 0.8715798764342454 0.17233238904627007 0.00706090026478376 0.012275731822474031
1 0.8777581641659311 0.17280453257790368 0.00617828773168579 0.013220018885741265
1 0.8618711385701677 0.17445703493862133 0.01235657546337158 0.007082152974504249
1 0.9004854368932039 0.19003777148253068 0.005736981465136805 0.011803588290840416
1 0.8089143865842895 0.19216241737488196 0.00617828773168579 0.012275731822474031
5 0.22241835834068843 0.1964117091595845 0.11738746690203 0.13031161473087818
10 0.13967343336275376 0.19806421152030218 0.011032656663724626 0.008970727101038715
10 0.12775816416593117 0.19924457034938622 0.012797881729920565 0.0084985835694051
1 0.9035745807590467 0.20136921624173748 0.011032656663724626 0.008026440037771483
1 0.8159752868490733 0.20160528800755428 0.01147396293027361 0.0066100094428706326
10 0.11915269196822595 0.20207743153918792 0.00529567519858782 0.013220018885741265
10 0.12775816416593117 0.20420207743153918 0.009267431597528684 0.007082152974504249
1 0.8011915269196822 0.21081208687440983 0.009267431597528684 0.022190745986779982
10 0.9154898499558694 0.21482530689329557 0.009267431597528684 0.0056657223796034
1 0.529567519858782 0.21694995278564683 0.03353927625772286 0.04107648725212465
1 0.9035745807590467 0.21954674220963172 0.011915269196822596 0.0066100094428706326
10 0.7239629302736099 0.2245042492917847 0.011032656663724626 0.007082152974504249
1 0.9033539276257723 0.22662889518413598 0.01235657546337158 0.007554296506137866
10 0.9148278905560459 0.22662889518413598 0.009708737864077669 0.004721435316336166
10 0.8879082082965578 0.02242681775259679 0.00617828773168579 0.011803588290840416
1 0.8166372462488968 0.22851746931067043 0.009267431597528684 0.007554296506137866
10 0.7241835834068844 0.2301699716713881 0.01147396293027361 0.006137865911237016
5 0.8598852603706972 0.23040604343720492 0.06751985878199471 0.09915014164305949
10 0.9157105030891438 0.23135033050047216 0.0088261253309797 0.0066100094428706326
10 0.9163724624889673 0.23725212464589235 0.010150044130626656 0.007082152974504249
10 0.9165931156222419 0.24268177525967893 0.0088261253309797 0.0056657223796034
1 0.3296557811120918 0.24551463644948066 0.03353927625772286 0.049102927289896126
1 0.8199470432480142 0.2504721435316336 0.00617828773168579 0.011803588290840416
10 0.3967343336275375 0.2547214353163362 0.00441306266548985 0.011803588290840416
10 0.41151809355692853 0.2551935788479698 0.005736981465136805 0.010859301227573183
1 0.2872903795233892 0.2551935788479698 0.00706090026478376 0.012747875354107648
1 0.8170785525154457 0.26085930122757317 0.011915269196822596 0.007082152974504249
10 0.3823918799646955 0.26463644948064213 0.0048543689320388345 0.012747875354107648
1 0.8175198587819947 0.26652502360717656 0.011915269196822596 0.005193578847969783
10 0.21072374227714033 0.267233238904627 0.006619593998234775 0.010387157695939566
10 0.19527802294792587 0.2674693106704438 0.005736981465136805 0.011803588290840416
10 0.1860105913503972 0.26770538243626063 0.005736981465136805 0.0113314447592068
10 0.21557811120917916 0.26770538243626063 0.005736981465136805 0.010387157695939566
10 0.40688437775816416 0.26841359773371104 0.00529567519858782 0.011803588290840416
10 0.205648720211827 0.26841359773371104 0.00441306266548985 0.011803588290840416
10 0.39276257722859664 0.26841359773371104 0.00441306266548985 0.012747875354107648
10 0.4018093556928508 0.26864966949952784 0.0048543689320388345 0.013220018885741265
10 0.396954986760812 0.26912181303116145 0.0048543689320388345 0.012275731822474031
10 0.3883495145631068 0.2693578847969783 0.00441306266548985 0.010859301227573183
10 0.20145631067961164 0.2816336166194523 0.005736981465136805 0.010859301227573183
10 0.1974845542806708 0.2818696883852691 0.005736981465136805 0.0113314447592068
10 0.21646072374227715 0.2839943342776204 0.005736981465136805 0.011803588290840416
10 0.8201676963812886 0.28777148253068935 0.005736981465136805 0.012747875354107648
1 0.2883936451897617 0.28777148253068935 0.03309796999117388 0.03824362606232295
1 0.8369373345101501 0.28895184135977336 0.007502206531332745 0.0113314447592068
10 0.8464254192409533 0.2896600566572238 0.00617828773168579 0.012747875354107648
10 0.1877758164165931 0.29296506137865913 0.010150044130626656 0.008026440037771483
1 0.632171226831421 0.29485363550519356 0.027802294792586054 0.03824362606232295
1 0.7089585172109444 0.29485363550519356 0.030450132391879964 0.03824362606232295
1 0.526919682259488 0.29674220963172804 0.0353045013239188 0.03541076487252125
5 0.36893203883495146 0.29697828139754484 0.07766990291262135 0.044381491973559964
10 0.1966019417475728 0.2983947119924457 0.006619593998234775 0.012275731822474031
1 0.8570167696381289 0.2991029272898961 0.01059135039717564 0.007082152974504249
10 0.8464254192409533 0.29981114258734654 0.01147396293027361 0.0066100094428706326
1 0.24249779346866726 0.30004721435316334 0.03574580759046778 0.042020774315391876
5 0.822594880847308 0.3099622285174693 0.02294792586054722 0.03446647780925401
5 0.4238746690203001 0.032341831916902736 0.03309796999117388 0.02502360717658168
12 0.17277140335392763 0.34608120868744097 0.05692850838481906 0.03493862134088763
12 0.25684024713150927 0.34608120868744097 0.04942630185348632 0.03871576959395656
12 0.1319505736981465 0.35410764872521244 0.02912621359223301 0.05099150141643059
10 0.899602824360106 0.3666194523135033 0.007502206531332745 0.013692162417374882
10 0.9110767872903796 0.36756373937677056 0.005736981465136805 0.011803588290840416
10 0.8929832303618711 0.36779981114258736 0.007502206531332745 0.013220018885741265
10 0.9057811120917917 0.36779981114258736 0.006619593998234775 0.013220018885741265
10 0.9225507502206531 0.3685080264400378 0.005736981465136805 0.012747875354107648
10 0.9168137687555163 0.3692162417374882 0.006619593998234775 0.013220018885741265
10 0.8943071491615181 0.037535410764872525 0.011915269196822596 0.006137865911237016
1 0.3223742277140335 0.39636449480642116 0.038393645189761696 0.03635505193578848
1 0.14033539276257723 0.3980169971671388 0.03265666372462489 0.03777148253068933
1 0.838261253309797 0.04036827195467422 0.024271844660194174 0.043909348441926344
1 0.8667255075022066 0.04131255901794145 0.04148278905560459 0.03635505193578848
5 0.6502647837599294 0.04154863078375826 0.03574580759046778 0.03210576015108593
5 0.6877758164165931 0.4171388101983003 0.038393645189761696 0.030689329556185082
2 0.9382171226831421 0.4185552407932011 0.10944395410414828 0.06657223796033994
1 0.617828773168579 0.04343720491029273 0.03353927625772286 0.0339943342776204
1 0.22241835834068843 0.4478281397544854 0.01059135039717564 0.006137865911237016
1 0.12334510150044131 0.4485363550519358 0.03133274492497794 0.0339943342776204
12 0.6573256840247131 0.4662417374881964 0.05163283318623124 0.037299338999055714