10 0.28697421981004073 0.0408997955010225 0.017639077340569877 0.014314928425357873
10 0.5939620081411127 0.12678936605316973 0.02103120759837178 0.016359918200409
10 0.2581411126187246 0.041922290388548056 0.007462686567164179 0.024539877300613498
10 0.2656037991858887 0.05214723926380368 0.007462686567164179 0.024539877300613498
10 0.24050203527815467 0.04652351738241309 0.023744911804613297 0.019427402862985686
10 0.2937584803256445 0.06288343558282208 0.012211668928086838 0.02965235173824131
10 0.6519674355495251 0.15899795501022496 0.014925373134328358 0.013292433537832311
1 0.585820895522388 0.14212678936605316 0.023744911804613297 0.02044989775051125
1 0.30597014925373134 0.06850715746421268 0.014925373134328358 0.03067484662576687
10 0.6923337856173677 0.17740286298568508 0.011533242876526458 0.02965235173824131
1 0.20013568521031208 0.0516359918200409 0.014925373134328358 0.03578732106339468
10 0.6485753052917232 0.17024539877300612 0.016282225237449117 0.011247443762781187
10 0.17672998643147897 0.046012269938650305 0.011533242876526458 0.028629856850715747
10 0.18792401628222524 0.05112474437627812 0.012211668928086838 0.028629856850715747
1 0.9572591587516961 0.2581799591002045 0.023066485753052916 0.02147239263803681
5 0.5329036635006784 0.14775051124744376 0.05359565807327001 0.08077709611451943
10 0.6472184531886025 0.18098159509202455 0.016282225237449117 0.012269938650306749
5 0.6190637720488467 0.17535787321063395 0.05223880597014925 0.0787321063394683
5 0.2574626865671642 0.0869120654396728 0.044097693351424695 0.05521472392638037
1 0.35006784260515605 0.1114519427402863 0.012211668928086838 0.026584867075664622
5 0.3639755766621438 0.11503067484662577 0.016960651289009497 0.02965235173824131
1 0.09972862957937585 0.046012269938650305 0.027137042062415198 0.024539877300613498
5 0.14382632293080055 0.057770961145194276 0.04613297150610583 0.06646216768916155
10 0.2866350067842605 0.09662576687116564 0.011533242876526458 0.027607361963190184
10 0.3147896879240163 0.10378323108384459 0.010854816824966078 0.02965235173824131
1 0.17774762550881953 0.06748466257668712 0.014925373134328358 0.012269938650306749
10 0.29579375848032563 0.09969325153374232 0.009497964721845319 0.027607361963190184
10 0.30529172320217096 0.10173824130879346 0.009497964721845319 0.02965235173824131
10 0.3368385345997286 0.1114519427402863 0.0101763907734057 0.026584867075664622
1 0.17706919945725916 0.08793456032719836 0.009497964721845319 0.024539877300613498
10 0.18792401628222524 0.09100204498977506 0.009497964721845319 0.024539877300613498
10 0.19877883310719133 0.09406952965235174 0.012211668928086838 0.028629856850715747
10 0.22930800542740842 0.11042944785276074 0.010854816824966078 0.026584867075664622
1 0.48473541383989144 0.19734151329243355 0.008819538670284939 0.02044989775051125
1 0.18995929443690637 0.12014314928425358 0.028493894165535955 0.02147239263803681
1 0.18995929443690637 0.1385480572597137 0.031207598371777476 0.02556237218813906
10 0.48236092265943015 0.2198364008179959 0.008141112618724558 0.022494887525562373
1 0.4935549525101764 0.22903885480572597 0.016960651289009497 0.016359918200409
10 0.3473541383989145 0.1901840490797546 0.016282225237449117 0.014314928425357873
1 0.460651289009498 0.2280163599182004 0.017639077340569877 0.012269938650306749
1 0.7259158751696065 0.3057259713701431 0.012211668928086838 0.03067484662576687
10 0.4592944369063772 0.23977505112474437 0.017639077340569877 0.013292433537832311
10 0.6343283582089553 0.2903885480572597 0.018995929443690638 0.016359918200409
10 0.4854138398914518 0.26533742331288346 0.014246947082767978 0.013292433537832311
10 0.6333107191316146 0.3052147239263804 0.016960651289009497 0.013292433537832311
10 0.8531207598371777 0.36503067484662577 0.02103120759837178 0.022494887525562373
10 0.753731343283582 0.3389570552147239 0.025780189959294438 0.02556237218813906
10 0.6319538670284939 0.3149284253578732 0.015603799185888738 0.012269938650306749
1 0.7099728629579376 0.33588957055214724 0.015603799185888738 0.013292433537832311
1 0.8083446404341926 0.36298568507157464 0.018317503392130258 0.012269938650306749
10 0.47795115332428767 0.2822085889570552 0.0101763907734057 0.022494887525562373
10 0.4864314789687924 0.2847648261758691 0.008141112618724558 0.023517382413087935
10 0.7092944369063772 0.34713701431492844 0.014246947082767978 0.009202453987730062
10 0.6312754409769336 0.3266871165644172 0.016960651289009497 0.013292433537832311
10 0.8059701492537313 0.37474437627811863 0.014925373134328358 0.011247443762781187
10 0.6292401628222524 0.33640081799591004 0.018317503392130258 0.014314928425357873
10 0.8002035278154681 0.3885480572597137 0.023744911804613297 0.024539877300613498
10 0.7025101763907734 0.36298568507157464 0.023744911804613297 0.022494887525562373
10 0.6268656716417911 0.34713701431492844 0.014925373134328358 0.011247443762781187
5 0.7367706919945726 0.38752556237218816 0.04341926729986431 0.07566462167689161
10 0.6244911804613297 0.35736196319018404 0.016960651289009497 0.013292433537832311
5 0.8327679782903663 0.4156441717791411 0.042740841248303935 0.08077709611451943
1 0.11363636363636363 0.2254601226993865 0.029172320217096336 0.02556237218813906
1 0.76797829036635 0.3987730061349693 0.021709633649932156 0.016359918200409
1 0.8670284938941656 0.42586912065439675 0.024423337856173677 0.02556237218813906
10 0.14789687924016282 0.24233128834355827 0.010854816824966078 0.024539877300613498
10 0.1719810040705563 0.24897750511247443 0.008819538670284939 0.02147239263803681
10 0.1787652645861601 0.25153374233128833 0.007462686567164179 0.02044989775051125
10 0.15705563093622796 0.24539877300613497 0.0101763907734057 0.026584867075664622
10 0.6221166892808684 0.3696319018404908 0.014925373134328358 0.013292433537832311
5 0.5525780189959294 0.35429447852760737 0.14043419267299864 0.21370143149284254
1 0.7025101763907734 0.39570552147239263 0.016960651289009497 0.03680981595092025
1 0.8015603799185889 0.4222903885480573 0.014246947082767978 0.0408997955010225
5 0.3029172320217096 0.2908997955010225 0.09701492537313433 0.2198364008179959
5 0.3883989145183175 0.31441717791411045 0.09701492537313433 0.21779141104294478
10 0.10753052917232021 0.24335378323108384 0.018317503392130258 0.014314928425357873
5 0.07462686567164178 0.23721881390593047 0.03934871099050204 0.06748466257668712
10 0.6224559023066486 0.3839468302658487 0.016960651289009497 0.011247443762781187
10 0.7683175033921302 0.4238241308793456 0.022388059701492536 0.023517382413087935
10 0.8677069199457259 0.45194274028629855 0.021709633649932156 0.022494887525562373
10 0.6197421981004071 0.39519427402862983 0.016960651289009497 0.013292433537832311
10 0.76797829036635 0.4401840490797546 0.018995929443690638 0.019427402862985686
1 0.6974219810040706 0.4238241308793456 0.031207598371777476 0.02147239263803681
1 0.7968113975576662 0.450920245398773 0.029172320217096336 0.022494887525562373
10 0.8656716417910447 0.46932515337423314 0.021709633649932156 0.02044989775051125
10 0.8439620081411127 0.46370143149284254 0.023066485753052916 0.02147239263803681
10 0.744572591587517 0.439161554192229 0.022388059701492536 0.02147239263803681
10 0.1217774762550882 0.278118609406953 0.012890094979647219 0.028629856850715747
1 0.10244233378561737 0.2745398773006135 0.023066485753052916 0.02147239263803681
5 0.15366350067842605 0.2898773006134969 0.044097693351424695 0.07259713701431493
10 0.8181818181818182 0.47494887525562374 0.018995929443690638 0.015337423312883436
10 0.7208276797829036 0.4488752556237219 0.01967435549525102 0.016359918200409
10 0.741180461329715 0.4550102249488753 0.018317503392130258 0.016359918200409
10 0.8398914518317503 0.4815950920245399 0.018995929443690638 0.016359918200409
10 0.6981004070556309 0.4591002044989775 0.013568521031207599 0.032719836400818
10 0.6858887381275441 0.4560327198364008 0.012211668928086838 0.028629856850715747
10 0.7951153324287653 0.48517382413087934 0.012211668928086838 0.03169734151329243
10 0.7842605156037992 0.483640081799591 0.010854816824966078 0.028629856850715747
10 0.09871099050203527 0.3041922290388548 0.01967435549525102 0.017382413087934562
1 0.42299864314789687 0.3941717791411043 0.011533242876526458 0.02965235173824131
10 0.1485753052917232 0.3369120654396728 0.008141112618724558 0.023517382413087935
10 0.1556987788331072 0.3389570552147239 0.007462686567164179 0.02147239263803681
1 0.8371777476255088 0.5204498977505112 0.031207598371777476 0.06339468302658487
1 0.8130936227951153 0.5143149284253579 0.030529172320217096 0.06748466257668712
1 0.09938941655359566 0.33844580777096117 0.029172320217096336 0.026584867075664622
10 0.15400271370420623 0.3558282208588957 0.013568521031207599 0.012269938650306749
10 0.5827679782903663 0.46983640081799594 0.014925373134328358 0.013292433537832311
10 0.14009497964721845 0.35276073619631904 0.012890094979647219 0.010224948875255624
10 0.4864314789687924 0.44631901840490795 0.008141112618724558 0.023517382413087935
1 0.11906377204884667 0.3553169734151329 0.01967435549525102 0.046012269938650305
10 0.34633649932157395 0.418200408997955 0.011533242876526458 0.026584867075664622
10 0.6862279511533242 0.5097137014314929 0.016960651289009497 0.04396728016359918
10 0.7842605156037992 0.5362985685071575 0.017639077340569877 0.03987730061349693
10 0.7622116689280869 0.5301635991820041 0.018317503392130258 0.04805725971370143
10 0.4362279511533243 0.4458077709611452 0.010854816824966078 0.028629856850715747
10 0.8599050203527816 0.558282208588957 0.018317503392130258 0.044989775051124746
1 0.8056309362279511 0.553680981595092 0.027815468113975575 0.03169734151329243
1 0.13568521031207598 0.38087934560327197 0.017639077340569877 0.03987730061349693
1 0.15162822252374492 0.38650306748466257 0.018317503392130258 0.03885480572597137
10 0.42096336499321574 0.019427402862985686 0.007462686567164179 0.02044989775051125
1 0.871438263229308 0.5986707566462167 0.018317503392130258 0.013292433537832311
10 0.41383989145183175 0.018916155419222903 0.008141112618724558 0.02147239263803681
10 0.34972862957937584 0.4708588957055215 0.016960651289009497 0.015337423312883436
5 0.037991858887381276 0.3967280163599182 0.04748982360922659 0.05725971370143149
5 0.38025780189959296 0.4887525562372188 0.046811397557666216 0.034764826175869123
10 0.41044776119402987 0.49846625766871167 0.016282225237449117 0.015337423312883436
10 0.3476933514246947 0.48619631901840493 0.016960651289009497 0.017382413087934562
10 0.5223880597014925 0.5337423312883436 0.014925373134328358 0.014314928425357873
10 0.5206919945725916 0.5439672801635992 0.014246947082767978 0.012269938650306749
10 0.4243554952510176 0.5204498977505112 0.008819538670284939 0.022494887525562373
10 0.4158751696065129 0.5194274028629857 0.009497964721845319 0.024539877300613498
1 0.344640434192673 0.5020449897750511 0.014925373134328358 0.014314928425357873
10 0.4033242876526459 0.5194274028629857 0.015603799185888738 0.02044989775051125
10 0.5033921302578019 0.5511247443762781 0.018995929443690638 0.016359918200409
10 0.5189959294436907 0.5552147239263804 0.013568521031207599 0.010224948875255624
10 0.39111261872455905 0.5224948875255624 0.008819538670284939 0.02044989775051125
10 0.37822252374491183 0.5199386503067485 0.008819538670284939 0.02147239263803681
1 0.3850067842605156 0.5214723926380368 0.006105834464043419 0.018404907975460124
1 0.34328358208955223 0.5148261758691206 0.014925373134328358 0.013292433537832311
10 0.027476255088195387 0.43149284253578735 0.011533242876526458 0.026584867075664622
1 0.01797829036635007 0.43098159509202455 0.0101763907734057 0.027607361963190184
1 0.5383310719131614 0.5792433537832311 0.016960651289009497 0.015337423312883436
1 0.1723202170963365 0.49130879345603273 0.013568521031207599 0.011247443762781187
1 0.38263229308005425 0.5495910020449898 0.031207598371777476 0.02556237218813906
10 0.5702170963364993 0.06850715746421268 0.015603799185888738 0.012269938650306749
5 0.25949796472184533 0.5178936605316974 0.15128900949796473 0.2280163599182004
1 0.753731343283582 0.6605316973415133 0.014925373134328358 0.014314928425357873
10 0.17333785617367706 0.5112474437627812 0.008819538670284939 0.022494887525562373
1 0.3850067842605156 0.5669734151329243 0.014246947082767978 0.011247443762781187
10 0.6824966078697422 0.6477505112474438 0.017639077340569877 0.015337423312883436
10 0.3368385345997286 0.009713701431492843 0.008819538670284939 0.019427402862985686
1 0.7513568521031208 0.6722903885480572 0.016960651289009497 0.013292433537832311
10 0.621438263229308 0.6431492842535788 0.008141112618724558 0.026584867075664622
1 0.11261872455902307 0.5081799591002045 0.017639077340569877 0.014314928425357873
10 0.6319538670284939 0.647239263803681 0.012890094979647219 0.024539877300613498
10 0.6811397557666214 0.661042944785276 0.016282225237449117 0.015337423312883436
10 0.13263229308005428 0.5204498977505112 0.015603799185888738 0.012269938650306749
1 0.7513568521031208 0.6871165644171779 0.023744911804613297 0.02044989775051125
5 0.716078697421981 0.6779141104294478 0.046811397557666216 0.07566462167689161
10 0.16010854816824965 0.5362985685071575 0.010854816824966078 0.027607361963190184
10 0.3805970149253731 0.5996932515337423 0.014925373134328358 0.013292433537832311
10 0.44776119402985076 0.03987730061349693 0.012211668928086838 0.028629856850715747
10 0.3680461329715061 0.6002044989775052 0.008819538670284939 0.02044989775051125
1 0.7489823609226595 0.7044989775051125 0.0203527815468114 0.02044989775051125
1 0.7825644504748982 0.7147239263803681 0.041383989145183174 0.032719836400818
10 0.6746947082767978 0.6871165644171779 0.01967435549525102 0.018404907975460124
1 0.17130257801899593 0.553680981595092 0.012890094979647219 0.011247443762781187
10 0.378561736770692 0.6088957055214724 0.016282225237449117 0.011247443762781187
12 0.6234735413839891 0.6748466257668712 0.025780189959294438 0.03680981595092025
5 0.4626865671641791 0.6385480572597138 0.15332428765264586 0.19325153374233128
1 0.16994572591587517 0.5639059304703476 0.011533242876526458 0.011247443762781187
1 0.3683853459972863 0.02147239263803681 0.008141112618724558 0.024539877300613498
12 0.833785617367707 0.7448875255623721 0.024423337856173677 0.041922290388548056
1 0.8137720488466758 0.7402862985685071 0.01967435549525102 0.04703476482617587
12 0.9097693351424695 0.766359918200409 0.0203527815468114 0.04396728016359918
10 0.3646540027137042 0.6221881390593047 0.008819538670284939 0.02147239263803681
12 0.8839891451831751 0.7602249488752556 0.024423337856173677 0.03987730061349693
12 0.858887381275441 0.7535787321063395 0.025780189959294438 0.03885480572597137
1 0.1689280868385346 0.5731083844580777 0.013568521031207599 0.015337423312883436
10 0.944708276797829 0.17535787321063395 0.008819538670284939 0.02556237218813906
10 0.29172320217096337 0.0081799591002045 0.012211668928086838 0.016359918200409
10 0.3246268656716418 0.619120654396728 0.008819538670284939 0.02556237218813906
10 0.5451153324287653 0.6779141104294478 0.018317503392130258 0.016359918200409
1 0.16858887381275442 0.5843558282208589 0.015603799185888738 0.011247443762781187
1 0.7771370420624152 0.745398773006135 0.045454545454545456 0.034764826175869123
10 0.5203527815468114 0.06390593047034765 0.012211668928086838 0.03169734151329243
1 0.5651289009497965 0.6973415132924335 0.014925373134328358 0.012269938650306749
10 0.5454545454545454 0.6932515337423313 0.016282225237449117 0.014314928425357873
10 0.3656716417910448 0.6457055214723927 0.014925373134328358 0.013292433537832311
1 0.17435549525101765 0.5966257668711656 0.012211668928086838 0.011247443762781187
1 0.3168249660786974 0.635480572597137 0.013568521031207599 0.013292433537832311
10 0.4860922659430122 0.05572597137014315 0.008819538670284939 0.02965235173824131
10 0.9073948439620081 0.7965235173824131 0.02103120759837178 0.022494887525562373
1 0.18419267299864314 0.6083844580777096 0.008819538670284939 0.022494887525562373
10 0.5420624151967436 0.7044989775051125 0.018995929443690638 0.016359918200409
1 0.34328358208955223 0.6528629856850716 0.016282225237449117 0.015337423312883436
1 0.5630936227951153 0.7111451942740287 0.014925373134328358 0.011247443762781187
10 0.36363636363636365 0.6584867075664622 0.016282225237449117 0.012269938650306749
10 0.5953188602442334 0.08537832310838446 0.018317503392130258 0.017382413087934562
10 0.29341926729986434 0.6416155419222904 0.018317503392130258 0.015337423312883436
10 0.2744233378561737 0.6375255623721882 0.015603799185888738 0.013292433537832311
10 0.2510176390773406 0.630879345603272 0.016282225237449117 0.014314928425357873
1 0.1651967435549525 0.6094069529652352 0.029172320217096336 0.026584867075664622
1 0.8802578018995929 0.7995910020449898 0.01967435549525102 0.016359918200409
10 0.19843962008141114 0.6211656441717791 0.0101763907734057 0.023517382413087935
10 0.22557666214382632 0.6293456032719836 0.0101763907734057 0.02556237218813906
10 0.20827679782903663 0.6252556237218814 0.008141112618724558 0.023517382413087935
10 0.2157394843962008 0.628323108384458 0.009497964721845319 0.023517382413087935
10 0.6726594301221167 0.10685071574642127 0.016960651289009497 0.015337423312883436
10 0.36295793758480327 0.6697341513292433 0.017639077340569877 0.014314928425357873
10 0.5400271370420624 0.717280163599182 0.017639077340569877 0.017382413087934562
1 0.0980325644504749 0.6002044989775052 0.046811397557666216 0.034764826175869123
10 0.24932157394843962 0.6411042944785276 0.016960651289009497 0.012269938650306749
5 0.6126187245590231 0.7423312883435583 0.037991858887381276 0.06952965235173825
10 0.8775440976933514 0.8144171779141104 0.022388059701492536 0.017382413087934562
5 0.6441655359565808 0.7535787321063395 0.04002713704206241 0.07770961145194274
10 0.748303934871099 0.12832310838445807 0.017639077340569877 0.019427402862985686
10 0.49423337856173677 0.06083844580777096 0.008819538670284939 0.023517382413087935
1 0.7198100407055631 0.12065439672801637 0.012211668928086838 0.028629856850715747
1 0.3422659430122117 0.6779141104294478 0.016960651289009497 0.014314928425357873
10 0.26255088195386705 0.6574642126789366 0.014925373134328358 0.012269938650306749
10 0.3612618724559023 0.6840490797546013 0.018317503392130258 0.014314928425357873
10 0.7143826322930801 0.7811860940695297 0.008141112618724558 0.026584867075664622
1 0.5430800542740841 0.7367075664621677 0.029172320217096336 0.027607361963190184
10 0.6950474898236092 0.7770961145194274 0.008819538670284939 0.028629856850715747
1 0.5257801899592944 0.7321063394683026 0.010854816824966078 0.022494887525562373
10 0.7038670284938942 0.7801635991820041 0.008819538670284939 0.03067484662576687
10 0.8236092265943012 0.1492842535787321 0.018995929443690638 0.022494887525562373
10 0.6845318860244234 0.7760736196319018 0.010854816824966078 0.032719836400818
10 0.6729986431478969 0.773517382413088 0.012211668928086838 0.02965235173824131
10 0.7228629579375848 0.787321063394683 0.011533242876526458 0.032719836400818
10 0.6638398914518318 0.7709611451942741 0.011533242876526458 0.028629856850715747
1 0.8738127544097694 0.8302658486707567 0.024423337856173677 0.022494887525562373
1 0.24491180461329715 0.6646216768916156 0.016282225237449117 0.012269938650306749
10 0.26153324287652646 0.6712678936605317 0.015603799185888738 0.013292433537832311
1 0.8951831750339213 0.16973415132924335 0.008819538670284939 0.022494887525562373
10 0.4189280868385346 0.04294478527607362 0.0101763907734057 0.024539877300613498
1 0.36668928086838537 0.7019427402862985 0.027815468113975575 0.023517382413087935
1 0.094640434192673 0.6319018404907976 0.045454545454545456 0.03885480572597137
1 0.21709633649932158 0.6641104294478528 0.009497964721845319 0.02556237218813906
1 0.13772048846675713 0.6441717791411042 0.018995929443690638 0.04703476482617587
1 0.16010854816824965 0.6513292433537833 0.028493894165535955 0.028629856850715747
5 0.91078697421981 0.8512269938650306 0.04952510176390773 0.0541922290388548
5 0.8171641791044776 0.831799591002045 0.04952510176390773 0.09713701431492842
10 0.4097693351424695 0.04141104294478527 0.008141112618724558 0.023517382413087935
10 0.41723202170963364 0.7326175869120655 0.009497964721845319 0.02556237218813906
10 0.4633649932157395 0.7459100204498977 0.009497964721845319 0.023517382413087935
10 0.8700814111261872 0.8553169734151329 0.01967435549525102 0.017382413087934562
10 0.4084124830393487 0.7326175869120655 0.008141112618724558 0.02556237218813906
10 0.4827001356852103 0.7520449897750511 0.0101763907734057 0.023517382413087935
10 0.49864314789687925 0.7571574642126789 0.009497964721845319 0.023517382413087935
10 0.40027137042062416 0.7305725971370143 0.009497964721845319 0.02965235173824131
10 0.4257123473541384 0.7372188139059305 0.007462686567164179 0.026584867075664622
10 0.49118046132971505 0.7551124744376279 0.009497964721845319 0.02556237218813906
10 0.5067842605156038 0.7586912065439673 0.009497964721845319 0.026584867075664622
10 0.4725237449118046 0.7505112474437627 0.012890094979647219 0.028629856850715747
10 0.4562415196743555 0.7464212678936605 0.008819538670284939 0.024539877300613498
10 0.4470827679782904 0.7443762781186094 0.009497964721845319 0.022494887525562373
1 0.5251017639077341 0.7694274028629857 0.016282225237449117 0.04396728016359918
1 0.8697421981004071 0.8686094069529653 0.018995929443690638 0.013292433537832311
1 0.07632293080054274 0.658997955010225 0.015603799185888738 0.03783231083844581
1 0.08955223880597014 0.6625766871165644 0.016282225237449117 0.03885480572597137
10 0.29884667571234735 0.7188139059304703 0.011533242876526458 0.022494887525562373
10 0.29952510176390773 0.7188139059304703 0.011533242876526458 0.026584867075664622
10 0.330393487109905 0.7295501022494888 0.010854816824966078 0.027607361963190184
10 0.3385345997286296 0.7326175869120655 0.008141112618724558 0.02556237218813906
10 0.3443012211668928 0.7351738241308794 0.008819538670284939 0.026584867075664622
10 0.24016282225237448 0.7080777096114519 0.010854816824966078 0.02965235173824131
10 0.2639077340569878 0.7142126789366053 0.010854816824966078 0.02556237218813906
10 0.3541383989145183 0.7382413087934561 0.009497964721845319 0.024539877300613498
10 0.3677069199457259 0.7418200408997955 0.010854816824966078 0.027607361963190184
10 0.25610583446404345 0.712678936605317 0.008819538670284939 0.024539877300613498
10 0.24898236092265943 0.7111451942740287 0.008141112618724558 0.02556237218813906
1 0.8951831750339213 0.8839468302658486 0.023744911804613297 0.02147239263803681
1 0.45217096336499324 0.7755623721881391 0.0101763907734057 0.02556237218813906
1 0.4026458616010855 0.7622699386503068 0.015603799185888738 0.03374233128834356
10 0.5675033921302578 0.0869120654396728 0.018317503392130258 0.016359918200409
1 0.4854138398914518 0.7862985685071575 0.011533242876526458 0.028629856850715747
1 0.47048846675712347 0.782719836400818 0.014246947082767978 0.027607361963190184
1 0.5030529172320217 0.7908997955010225 0.011533242876526458 0.023517382413087935
1 0.42096336499321574 0.7699386503067485 0.012890094979647219 0.028629856850715747
1 0.6102442333785617 0.8246421267893661 0.03188602442333786 0.02556237218813906
10 0.8904341926729986 0.8992842535787321 0.01967435549525102 0.017382413087934562
1 0.6377204884667571 0.8333333333333334 0.025780189959294438 0.024539877300613498
1 0.27849389416553594 0.7428425357873211 0.008819538670284939 0.02556237218813906
1 0.1251696065128901 0.7106339468302658 0.008819538670284939 0.024539877300613498
10 0.11770691994572592 0.7091002044989775 0.008819538670284939 0.02556237218813906
10 0.1078697421981004 0.7065439672801636 0.009497964721845319 0.024539877300613498
1 0.5440976933514247 0.8231083844580777 0.021709633649932156 0.02044989775051125
1 0.49423337856173677 0.8113496932515337 0.016960651289009497 0.015337423312883436
1 0.25576662143826323 0.75 0.009497964721845319 0.023517382413087935
10 0.24830393487109906 0.7484662576687117 0.009497964721845319 0.024539877300613498
1 0.22930800542740842 0.7448875255623721 0.018995929443690638 0.015337423312883436
1 0.29918588873812757 0.7638036809815951 0.021709633649932156 0.02044989775051125
1 0.40400271370420626 0.8031697341513292 0.0101763907734057 0.02556237218813906
10 0.14721845318860244 0.7351738241308794 0.014925373134328358 0.012269938650306749
10 0.18317503392130258 0.7438650306748467 0.013568521031207599 0.013292433537832311
10 0.1319538670284939 0.7310838445807771 0.015603799185888738 0.010224948875255624
1 0.8985753052917232 0.9386503067484663 0.046811397557666216 0.03680981595092025
10 0.3337856173677069 0.032208588957055216 0.009497964721845319 0.023517382413087935
1 0.0675033921302578 0.7525562372188139 0.01967435549525102 0.049079754601226995
10 0.9406377204884667 0.19989775051124745 0.0101763907734057 0.02556237218813906
2 0.43656716417910446 0.8834355828220859 0.4497964721845319 0.2310838445807771
2 0.17130257801899593 0.8420245398773006 0.11058344640434192 0.17484662576687116
2 0.03290366350067843 0.8266871165644172 0.06580732700135686 0.12372188139059305
1 0.25169606512890097 0.02556237218813906 0.014925373134328358 0.032719836400818