10 0.9119718309859155 0.6960028050490884 0.029175050301810865 0.0091164095371669
5 0.6498993963782697 0.6868863955119214 0.08048289738430583 0.06241234221598878
5 0.40694164989939635 0.6826788218793829 0.08350100603621731 0.042776998597475455
5 0.49748490945674045 0.6963534361851332 0.03722334004024145 0.03225806451612903
10 0.9356136820925554 0.7258064516129032 0.02414486921529175 0.008415147265077139
10 0.9069416498993964 0.7258064516129032 0.02716297786720322 0.009817671809256662
1 0.556841046277666 0.7135343618513323 0.011066398390342052 0.016129032258064516
10 0.9049295774647887 0.06732117812061711 0.01710261569416499 0.021037868162692847
5 0.4869215291750503 0.7272089761570828 0.028169014084507043 0.009817671809256662
1 0.1272635814889336 0.7163394109396914 0.013078470824949699 0.016129032258064516
1 0.11217303822937626 0.717391304347826 0.015090543259557344 0.02244039270687237
1 0.26006036217303824 0.7356241234221599 0.15995975855130784 0.1093969144460028
1 0.3822937625754527 0.7405329593267882 0.02012072434607646 0.02244039270687237
1 0.8153923541247485 0.06732117812061711 0.02716297786720322 0.009817671809256662
1 0.16348088531187122 0.7471949509116409 0.03118712273641851 0.0091164095371669
1 0.12877263581488935 0.7503506311360448 0.02414486921529175 0.030855539971949508
1 0.10462776659959759 0.7492987377279102 0.02414486921529175 0.03155680224403927
1 0.852112676056338 0.7808555399719496 0.01609657947686117 0.02314165497896213
1 0.16348088531187122 0.7566619915848527 0.03118712273641851 0.011220196353436185
1 0.16348088531187122 0.7678821879382889 0.03319919517102616 0.011220196353436185
1 0.38983903420523136 0.7812061711079944 0.035211267605633804 0.011220196353436185
1 0.7484909456740443 0.7976858345021038 0.02012072434607646 0.006311360448807854
10 0.7152917505030181 0.7966339410939691 0.018108651911468814 0.005610098176718092
1 0.8435613682092555 0.8043478260869565 0.01710261569416499 0.008415147265077139
10 0.783702213279678 0.8022440392706872 0.02012072434607646 0.0070126227208976155
1 0.7147887323943662 0.8025946704067322 0.019114688128772636 0.004908835904628331
10 0.7479879275653923 0.8039971949509116 0.019114688128772636 0.006311360448807854
10 0.7801810865191147 0.8078541374474053 0.019114688128772636 0.005610098176718092
10 0.8440643863179075 0.8124123422159888 0.018108651911468814 0.004908835904628331
10 0.7469818913480886 0.8096072931276297 0.019114688128772636 0.006311360448807854
1 0.7147887323943662 0.8085553997194951 0.019114688128772636 0.005610098176718092
10 0.7801810865191147 0.8131136044880786 0.019114688128772636 0.006311360448807854
5 0.9009054325955734 0.8190743338008415 0.08350100603621731 0.04628330995792426
10 0.8430583501006036 0.8183730715287517 0.022132796780684104 0.008415147265077139
1 0.7142857142857143 0.8145161290322581 0.018108651911468814 0.006311360448807854
10 0.7464788732394366 0.8159186535764376 0.02012072434607646 0.004908835904628331
10 0.7796780684104627 0.8190743338008415 0.02012072434607646 0.005610098176718092
1 0.7469818913480886 0.8211781206171108 0.02112676056338028 0.005610098176718092
1 0.7137826961770624 0.8211781206171108 0.019114688128772636 0.005610098176718092
10 0.7791750503018109 0.8250350631136045 0.02112676056338028 0.006311360448807854
5 0.647887323943662 0.8246844319775596 0.11066398390342053 0.07433380084151472
1 0.778169014084507 0.835203366058906 0.019114688128772636 0.005610098176718092
1 0.49144869215291753 0.8250350631136045 0.019114688128772636 0.004908835904628331
1 0.4904426559356137 0.8299438990182328 0.019114688128772636 0.004908835904628331
10 0.7791750503018109 0.8418653576437588 0.02112676056338028 0.006311360448807854
1 0.48993963782696176 0.835203366058906 0.02012072434607646 0.005610098176718092
1 0.9245472837022133 0.8520336605890603 0.022132796780684104 0.008415147265077139
1 0.7771629778672032 0.8478260869565217 0.019114688128772636 0.005610098176718092
10 0.8853118712273642 0.8537868162692848 0.012072434607645875 0.018934081346423562
1 0.48893360160965793 0.8415147265077139 0.022132796780684104 0.0070126227208976155
10 0.7791750503018109 0.8541374474053296 0.02112676056338028 0.005610098176718092
5 0.12625754527162977 0.8299438990182328 0.029175050301810865 0.030154277699859747
1 0.2550301810865191 0.841164095371669 0.14386317907444668 0.10168302945301542
10 0.8626760563380281 0.8657082748948106 0.015090543259557344 0.016129032258064516
10 0.8470824949698189 0.8664095371669004 0.014084507042253521 0.020336605890603085
10 0.9210261569416499 0.8860448807854138 0.023138832997987926 0.0091164095371669
1 0.6564386317907445 0.8783309957924264 0.019114688128772636 0.021739130434782608
1 0.7057344064386318 0.8814866760168303 0.019114688128772636 0.023842917251051893
1 0.15643863179074446 0.865007012622721 0.047283702213279676 0.01332398316970547
5 0.09456740442655935 0.8639551192145862 0.04426559356136821 0.021037868162692847
1 0.5306841046277666 0.8807854137447405 0.03319919517102616 0.011220196353436185
10 0.9215291750503019 0.8962131837307152 0.02414486921529175 0.008415147265077139
1 0.9592555331991952 0.08625525946704067 0.02716297786720322 0.011220196353436185
5 0.869215291750503 0.9007713884992987 0.06639839034205232 0.034361851332398316
10 0.9275653923541247 0.9095371669004207 0.014084507042253521 0.016830294530154277
1 0.6720321931589537 0.9133941093969145 0.018108651911468814 0.011921458625525946
1 0.6866197183098591 0.9140953716690042 0.015090543259557344 0.011921458625525946
10 0.9195171026156942 0.9246143057503506 0.026156941649899398 0.010518934081346423
10 0.8707243460764588 0.9277699859747546 0.015090543259557344 0.0182328190743338
10 0.8822937625754527 0.9288218793828892 0.014084507042253521 0.016129032258064516
10 0.897887323943662 0.9298737727910238 0.015090543259557344 0.0182328190743338
10 0.8551307847082495 0.9288218793828892 0.012072434607645875 0.01753155680224404
10 0.9190140845070423 0.9358345021037868 0.02716297786720322 0.0091164095371669
1 0.8933601609657947 0.9491584852734923 0.012072434607645875 0.016129032258064516
1 0.880784708249497 0.949859747545582 0.013078470824949699 0.016129032258064516
1 0.8541247484909457 0.9523141654978962 0.012072434607645875 0.015427769985974754
5 0.6071428571428571 0.9456521739130435 0.07142857142857142 0.046984572230014024
5 0.21277665995975856 0.9319775596072931 0.025150905432595575 0.025245441795231416
5 0.41398390342052316 0.9456521739130435 0.03118712273641851 0.011921458625525946
1 0.6810865191146881 0.9565217391304348 0.018108651911468814 0.005610098176718092
1 0.6619718309859155 0.9561711079943899 0.018108651911468814 0.004908835904628331
5 0.1619718309859155 0.938288920056101 0.018108651911468814 0.014025245441795231
5 0.5412474849094567 0.9561711079943899 0.028169014084507043 0.020336605890603085
10 0.68158953722334 0.9628330995792427 0.01710261569416499 0.005610098176718092
1 0.6629778672032193 0.9621318373071529 0.018108651911468814 0.005610098176718092
10 0.7339034205231388 0.9701963534361852 0.019114688128772636 0.006311360448807854
10 0.7535211267605634 0.9712482468443198 0.018108651911468814 0.005610098176718092
1 0.7112676056338029 0.9694950911640954 0.022132796780684104 0.006311360448807854
10 0.6810865191146881 0.9687938288920056 0.018108651911468814 0.006311360448807854
1 0.6629778672032193 0.9680925666199158 0.018108651911468814 0.004908835904628331
10 0.4084507042253521 0.9628330995792427 0.01609657947686117 0.005610098176718092
1 0.7530181086519114 0.9768583450210379 0.019114688128772636 0.005610098176718092
10 0.7334004024144869 0.9758064516129032 0.018108651911468814 0.004908835904628331
10 0.7107645875251509 0.9754558204768583 0.019114688128772636 0.005610098176718092
10 0.5095573440643864 0.9723001402524544 0.019114688128772636 0.006311360448807854
1 0.7525150905432596 0.9817671809256662 0.02012072434607646 0.005610098176718092
10 0.7328973843058351 0.9814165497896213 0.019114688128772636 0.006311360448807854
10 0.709758551307847 0.9810659186535764 0.019114688128772636 0.005610098176718092
1 0.630784708249497 0.9789621318373072 0.008048289738430584 0.012622720897615708
10 0.5658953722334004 0.976507713884993 0.009054325955734407 0.01332398316970547
1 0.5321931589537223 0.9758064516129032 0.01006036217303823 0.011921458625525946
1 0.5890342052313883 0.9779102384291725 0.009054325955734407 0.01332398316970547
1 0.539738430583501 0.976507713884993 0.011066398390342052 0.01332398316970547
1 0.5492957746478874 0.9772089761570828 0.01006036217303823 0.01332398316970547
10 0.573943661971831 0.9775596072931276 0.009054325955734407 0.012622720897615708
1 0.5246478873239436 0.976507713884993 0.007042253521126761 0.014726507713884993
1 0.5105633802816901 0.9772089761570828 0.02112676056338028 0.006311360448807854
1 0.5120724346076458 0.9775596072931276 0.022132796780684104 0.0070126227208976155
1 0.709758551307847 0.9859747545582047 0.02112676056338028 0.005610098176718092
10 0.7328973843058351 0.988078541374474 0.019114688128772636 0.005610098176718092
1 0.9607645875251509 0.0967741935483871 0.028169014084507043 0.011220196353436185
1 0.8219315895372233 0.09221598877980365 0.060362173038229376 0.042776998597475455
10 0.7414486921529175 0.08976157082748948 0.026156941649899398 0.009817671809256662
10 0.6051307847082495 0.08555399719495091 0.03118712273641851 0.009817671809256662
1 0.9180080482897385 0.09712482468443198 0.059356136820925554 0.042776998597475455
1 0.6368209255533199 0.08730715287517532 0.028169014084507043 0.010518934081346423
1 0.7087525150905433 0.09011220196353437 0.03118712273641851 0.010518934081346423
1 0.8772635814889336 0.09817671809256662 0.014084507042253521 0.02244039270687237
1 0.682092555331992 0.09467040673211781 0.018108651911468814 0.023842917251051893
1 0.6634808853118712 0.09396914446002805 0.019114688128772636 0.023842917251051893
10 0.7404426559356136 0.10168302945301542 0.028169014084507043 0.009817671809256662
1 0.7082494969818913 0.10063113604488079 0.03219315895372234 0.0091164095371669
1 0.636317907444668 0.0985273492286115 0.03118712273641851 0.0091164095371669
10 0.6046277665995976 0.09817671809256662 0.030181086519114688 0.009817671809256662
10 0.9577464788732394 0.11816269284712483 0.022132796780684104 0.007713884992987377
1 0.7067404426559356 0.11255259467040674 0.03118712273641851 0.010518934081346423
10 0.7399396378269618 0.11395511921458626 0.029175050301810865 0.0091164095371669
1 0.6353118712273642 0.11044880785413745 0.03118712273641851 0.010518934081346423
10 0.6031187122736419 0.1093969144460028 0.029175050301810865 0.009817671809256662
1 0.6805835010060363 0.12096774193548387 0.01710261569416499 0.02314165497896213
1 0.6634808853118712 0.12131837307152875 0.019114688128772636 0.02244039270687237
10 0.7379275653923542 0.12447405329593268 0.02716297786720322 0.0091164095371669
1 0.7057344064386318 0.12377279102384292 0.03118712273641851 0.0091164095371669
1 0.6343058350100603 0.12201963534361851 0.03118712273641851 0.011220196353436185
10 0.60261569416499 0.12096774193548387 0.028169014084507043 0.010518934081346423
1 0.704728370221328 0.13569424964936885 0.03319919517102616 0.010518934081346423
10 0.738430583501006 0.13709677419354838 0.028169014084507043 0.010518934081346423
1 0.6348088531187123 0.13359046283309958 0.03219315895372234 0.010518934081346423
10 0.6016096579476862 0.1328892005610098 0.030181086519114688 0.0091164095371669
1 0.7037223340040242 0.14656381486676018 0.035211267605633804 0.009817671809256662
10 0.7374245472837022 0.14901823281907434 0.028169014084507043 0.010518934081346423
10 0.6016096579476862 0.144109396914446 0.030181086519114688 0.0091164095371669
1 0.6327967806841046 0.14551192145862551 0.03420523138832998 0.011921458625525946
1 0.6589537223340041 0.15182328190743338 0.02012072434607646 0.02314165497896213
1 0.6770623742454729 0.15287517531556802 0.018108651911468814 0.023842917251051893
1 0.8511066398390342 0.16023842917251052 0.07645875251509054 0.05399719495091164
1 0.704225352112676 0.1584852734922861 0.03621730382293763 0.009817671809256662
1 0.6317907444668008 0.15603085553997195 0.03621730382293763 0.010518934081346423
10 0.6011066398390342 0.15497896213183732 0.029175050301810865 0.008415147265077139
10 0.7374245472837022 0.1605890603085554 0.028169014084507043 0.009817671809256662
10 0.9668008048289738 0.17040673211781207 0.026156941649899398 0.009817671809256662
10 0.9300804828973843 0.17040673211781207 0.013078470824949699 0.008415147265077139
1 0.060362173038229376 0.14481065918653577 0.014084507042253521 0.020336605890603085
1 0.7022132796780685 0.17005610098176718 0.03420523138832998 0.0091164095371669
10 0.6006036217303823 0.16725105189340814 0.030181086519114688 0.010518934081346423
1 0.6317907444668008 0.16865357643758766 0.03420523138832998 0.010518934081346423
10 0.7374245472837022 0.17321178120617112 0.028169014084507043 0.009817671809256662
10 0.9527162977867203 0.19424964936886396 0.030181086519114688 0.03225806451612903
1 0.9094567404426559 0.1931977559607293 0.0744466800804829 0.04137447405329593
1 0.8189134808853119 0.2026647966339411 0.022132796780684104 0.0070126227208976155
1 0.81841046277666 0.20897615708274894 0.023138832997987926 0.0070126227208976155
10 0.9577464788732394 0.21669004207573633 0.008048289738430584 0.005610098176718092
10 0.9336016096579477 0.21669004207573633 0.008048289738430584 0.0070126227208976155
10 0.9471830985915493 0.21739130434782608 0.009054325955734407 0.0070126227208976155
10 0.9703219315895373 0.2208976157082749 0.011066398390342052 0.015427769985974754
1 0.8174044265593562 0.21633941093969145 0.025150905432595575 0.007713884992987377
10 0.9582494969818913 0.2244039270687237 0.007042253521126761 0.0070126227208976155
10 0.8169014084507042 0.22510518934081347 0.028169014084507043 0.011220196353436185
10 0.8832997987927566 0.24158485273492286 0.03219315895372234 0.010518934081346423
1 0.8827967806841046 0.25245441795231416 0.03118712273641851 0.009817671809256662
10 0.9134808853118712 0.2538569424964937 0.01609657947686117 0.019635343618513323
1 0.9723340040241448 0.2594670406732118 0.015090543259557344 0.019635343618513323
10 0.8822937625754527 0.26227208976157085 0.030181086519114688 0.008415147265077139
1 0.9069416498993964 0.2710378681626929 0.025150905432595575 0.0091164095371669
10 0.5880281690140845 0.2601683029453015 0.025150905432595575 0.009817671809256662
1 0.9406438631790744 0.27489481065918653 0.01609657947686117 0.033660589060308554
1 0.9572434607645876 0.2759467040673212 0.019114688128772636 0.034361851332398316
10 0.8425553319919518 0.2738429172510519 0.015090543259557344 0.021739130434782608
10 0.8566398390342053 0.2755960729312763 0.009054325955734407 0.012622720897615708
10 0.8254527162977867 0.2776998597475456 0.025150905432595575 0.008415147265077139
10 0.7997987927565392 0.2773492286115007 0.028169014084507043 0.010518934081346423
1 0.8405432595573441 0.019635343618513323 0.02716297786720322 0.011220196353436185
10 0.7686116700201208 0.27664796633941097 0.028169014084507043 0.010518934081346423
10 0.5860160965794768 0.270687237026648 0.02716297786720322 0.0070126227208976155
1 0.6161971830985915 0.2759467040673212 0.015090543259557344 0.020336605890603085
1 0.9044265593561368 0.2913744740532959 0.026156941649899398 0.030154277699859747
1 0.39436619718309857 0.27314165497896215 0.02414486921529175 0.010518934081346423
1 0.363682092555332 0.27244039270687237 0.02716297786720322 0.010518934081346423
10 0.602112676056338 0.2903225806451613 0.009054325955734407 0.014025245441795231
10 0.5915492957746479 0.2899719495091164 0.008048289738430584 0.014726507713884993
1 0.5769617706237424 0.28962131837307153 0.015090543259557344 0.0182328190743338
10 0.5653923541247485 0.2917251051893408 0.008048289738430584 0.015427769985974754
1 0.5513078470824949 0.2924263674614306 0.014084507042253521 0.019635343618513323
1 0.5352112676056338 0.29277699859747547 0.012072434607645875 0.01753155680224404
1 0.3375251509054326 0.2903225806451613 0.015090543259557344 0.02244039270687237
1 0.8893360160965795 0.31100981767180924 0.02012072434607646 0.006311360448807854
10 0.3546277665995976 0.2913744740532959 0.019114688128772636 0.025946704067321177
1 0.5186116700201208 0.2980364656381487 0.02112676056338028 0.012622720897615708
10 0.37525150905432597 0.29488078541374474 0.02012072434607646 0.03155680224403927
10 0.28420523138833 0.2938288920056101 0.03118712273641851 0.011220196353436185
1 0.6343058350100603 0.3082047685834502 0.02716297786720322 0.010518934081346423
1 0.8878269617706237 0.31837307152875177 0.02112676056338028 0.0070126227208976155
10 0.8888329979879276 0.32503506311360447 0.02112676056338028 0.007713884992987377
1 0.53420523138833 0.31311360448807857 0.014084507042253521 0.018934081346423562
1 0.5508048289738431 0.3141654978962132 0.015090543259557344 0.019635343618513323
1 0.5186116700201208 0.31311360448807857 0.019114688128772636 0.01332398316970547
10 0.28169014084507044 0.3064516129032258 0.03621730382293763 0.012622720897615708
1 0.056841046277665994 0.30014025245441794 0.035211267605633804 0.043478260869565216
1 0.23340040241448692 0.3071528751753156 0.03219315895372234 0.04488078541374474
1 0.2022132796780684 0.3061009817671809 0.03420523138832998 0.0455820476858345
10 0.8878269617706237 0.332398316970547 0.019114688128772636 0.005610098176718092
10 0.3148893360160966 0.3155680224403927 0.01609657947686117 0.019635343618513323
1 0.40090543259557343 0.3211781206171108 0.013078470824949699 0.0182328190743338
1 0.5171026156941649 0.3278401122019635 0.018108651911468814 0.014726507713884993
1 0.28018108651911466 0.32047685834502104 0.03319919517102616 0.008415147265077139
1 0.539738430583501 0.33099579242636745 0.023138832997987926 0.012622720897615708
10 0.17706237424547283 0.32573632538569425 0.01609657947686117 0.020336605890603085
10 0.1619718309859155 0.32573632538569425 0.014084507042253521 0.020336605890603085
10 0.14688128772635814 0.32538569424964936 0.01609657947686117 0.021037868162692847
10 0.2746478873239437 0.332398316970547 0.02414486921529175 0.008415147265077139
10 0.30633802816901406 0.3345021037868163 0.03118712273641851 0.009817671809256662
1 0.6413480885311871 0.34712482468443195 0.013078470824949699 0.0182328190743338
1 0.540241448692153 0.3439691444600281 0.02012072434607646 0.01753155680224404
1 0.5160965794768612 0.3439691444600281 0.02012072434607646 0.018934081346423562
10 0.3460764587525151 0.34642356241234223 0.02414486921529175 0.008415147265077139
1 0.23390342052313884 0.3432678821879383 0.01710261569416499 0.020336605890603085
1 0.3023138832997988 0.3467741935483871 0.035211267605633804 0.011921458625525946
1 0.2052313883299799 0.3439691444600281 0.014084507042253521 0.018934081346423562
10 0.2193158953722334 0.3446704067321178 0.01609657947686117 0.018934081346423562
1 0.5150905432595574 0.36185133239831696 0.026156941649899398 0.015427769985974754
1 0.6398390342052314 0.36711079943899017 0.012072434607645875 0.016129032258064516
10 0.30331991951710263 0.35624123422159887 0.02112676056338028 0.0070126227208976155
1 0.2857142857142857 0.3636044880785414 0.028169014084507043 0.0091164095371669
10 0.2852112676056338 0.37342215988779803 0.02716297786720322 0.010518934081346423
10 0.8848088531187123 0.40252454417952316 0.025150905432595575 0.0070126227208976155
10 0.6121730382293763 0.3955119214586255 0.029175050301810865 0.012622720897615708
10 0.3204225352112676 0.385343618513324 0.01710261569416499 0.020336605890603085
10 0.28420523138833 0.38604488078541377 0.029175050301810865 0.010518934081346423
10 0.8838028169014085 0.40988779803646563 0.025150905432595575 0.006311360448807854
10 0.8843058350100603 0.4165497896213184 0.028169014084507043 0.0070126227208976155
1 0.6172032193158954 0.40813464235624125 0.019114688128772636 0.0070126227208976155
10 0.28319919517102615 0.39691444600280507 0.029175050301810865 0.011220196353436185
10 0.8611670020120724 0.034361851332398316 0.04426559356136821 0.015427769985974754
10 0.5945674044265593 0.4105890603085554 0.008048289738430584 0.01332398316970547
10 0.8838028169014085 0.4228611500701262 0.029175050301810865 0.0070126227208976155
10 0.6121730382293763 0.4158485273492286 0.02112676056338028 0.005610098176718092
10 0.5271629778672032 0.41339410939691446 0.030181086519114688 0.024544179523141654
10 0.8822937625754527 0.42952314165497896 0.030181086519114688 0.007713884992987377
10 0.28319919517102615 0.40953716690042075 0.029175050301810865 0.011220196353436185
10 0.8827967806841046 0.4375876577840112 0.029175050301810865 0.008415147265077139
10 0.6116700201207244 0.42952314165497896 0.022132796780684104 0.004908835904628331
1 0.28269617706237427 0.42075736325385693 0.028169014084507043 0.011220196353436185
10 0.3224346076458752 0.4277699859747546 0.011066398390342052 0.014025245441795231
10 0.8812877263581489 0.45056100981767183 0.012072434607645875 0.01753155680224404
10 0.8244466800804829 0.4488078541374474 0.009054325955734407 0.016830294530154277
10 0.8727364185110664 0.45091164095371666 0.009054325955734407 0.0182328190743338
10 0.8616700201207244 0.45056100981767183 0.011066398390342052 0.01753155680224404
10 0.8516096579476862 0.45091164095371666 0.011066398390342052 0.016830294530154277
1 0.2821931589537223 0.43022440392706873 0.029175050301810865 0.0091164095371669
10 0.7907444668008048 0.4484572230014025 0.01006036217303823 0.01753155680224404
10 0.8440643863179075 0.45056100981767183 0.008048289738430584 0.01753155680224404
10 0.8003018108651911 0.4491584852734923 0.011066398390342052 0.018934081346423562
10 0.7313883299798792 0.4467040673211781 0.01006036217303823 0.015427769985974754
10 0.7409456740442656 0.4474053295932679 0.009054325955734407 0.016830294530154277
10 0.7716297786720322 0.4488078541374474 0.01006036217303823 0.0182328190743338
10 0.7510060362173038 0.4481065918653576 0.011066398390342052 0.016830294530154277
10 0.761569416498994 0.4488078541374474 0.01006036217303823 0.016830294530154277
1 0.6493963782696177 0.44460028050490885 0.009054325955734407 0.015427769985974754
10 0.6810865191146881 0.447054698457223 0.01006036217303823 0.014726507713884993
10 0.9325955734406438 0.45652173913043476 0.02414486921529175 0.008415147265077139
1 0.6594567404426559 0.4467040673211781 0.009054325955734407 0.016830294530154277
1 0.6685110663983903 0.447054698457223 0.009054325955734407 0.016129032258064516
1 0.6921529175050302 0.4481065918653576 0.012072434607645875 0.015427769985974754
5 0.414989939637827 0.4424964936886395 0.17404426559356137 0.15007012622720897
10 0.9054325955734407 0.46107994389901824 0.01609657947686117 0.004908835904628331
10 0.2811871227364185 0.44074333800841514 0.029175050301810865 0.0091164095371669
10 0.27867203219315895 0.4537166900420757 0.030181086519114688 0.011220196353436185
10 0.8445674044265593 0.4786115007012623 0.011066398390342052 0.016129032258064516
10 0.8878269617706237 0.4796633941093969 0.009054325955734407 0.014025245441795231
10 0.7655935613682092 0.47545582047685836 0.012072434607645875 0.014025245441795231
10 0.8667002012072434 0.4796633941093969 0.011066398390342052 0.014025245441795231
10 0.7540241448692153 0.47510518934081347 0.009054325955734407 0.014726507713884993
10 0.8571428571428571 0.479312762973352 0.008048289738430584 0.014726507713884993
10 0.8264587525150905 0.4782608695652174 0.009054325955734407 0.016830294530154277
10 0.7771629778672032 0.47650771388499297 0.011066398390342052 0.01332398316970547
10 0.7982897384305835 0.47720897615708274 0.013078470824949699 0.014726507713884993
10 0.7877263581488934 0.47755960729312763 0.012072434607645875 0.015427769985974754
10 0.8340040241448692 0.4796633941093969 0.01006036217303823 0.015427769985974754
1 0.5165995975855131 0.4730014025245442 0.029175050301810865 0.0091164095371669
1 0.31690140845070425 0.4691444600280505 0.012072434607645875 0.0182328190743338
1 0.27816901408450706 0.46809256661991583 0.03118712273641851 0.010518934081346423
10 0.8667002012072434 0.4964936886395512 0.009054325955734407 0.014025245441795231
10 0.27816901408450706 0.4789621318373071 0.029175050301810865 0.011220196353436185
10 0.27716297786720323 0.49298737727910236 0.029175050301810865 0.009817671809256662
1 0.6403420523138833 0.5136746143057503 0.08350100603621731 0.06241234221598878
10 0.2766599597585513 0.5028050490883591 0.028169014084507043 0.009817671809256662
1 0.3395372233400402 0.5091164095371669 0.01710261569416499 0.0182328190743338
10 0.2776659959758551 0.5129733520336606 0.030181086519114688 0.010518934081346423
1 0.8908450704225352 0.5364656381486677 0.015090543259557344 0.019635343618513323
1 0.40694164989939635 0.5269985974754559 0.035211267605633804 0.010518934081346423
1 0.27565392354124746 0.5227910238429172 0.030181086519114688 0.0091164095371669
10 0.34507042253521125 0.5347124824684432 0.03420523138832998 0.014726507713884993
10 0.27515090543259557 0.5329593267882188 0.03118712273641851 0.011220196353436185
5 0.7766599597585513 0.5603085553997195 0.2052313883299799 0.08274894810659186
10 0.27515090543259557 0.5459326788218793 0.029175050301810865 0.0091164095371669
1 0.5266599597585513 0.5553997194950911 0.023138832997987926 0.015427769985974754
1 0.34356136820925554 0.5487377279102384 0.035211267605633804 0.011921458625525946
1 0.5472837022132797 0.5561009817671809 0.022132796780684104 0.015427769985974754
1 0.642354124748491 0.5610098176718092 0.01710261569416499 0.019635343618513323
1 0.27364185110663986 0.5550490883590463 0.028169014084507043 0.010518934081346423
10 0.27364185110663986 0.5659186535764376 0.03219315895372234 0.011220196353436185
1 0.41398390342052316 0.5802945301542777 0.1056338028169014 0.07082748948106592
10 0.272635814889336 0.5795932678821879 0.030181086519114688 0.011921458625525946
1 0.8088531187122736 0.6086956521739131 0.026156941649899398 0.011220196353436185
1 0.2721327967806841 0.5894109396914446 0.03118712273641851 0.007713884992987377
1 0.7429577464788732 0.6083450210378681 0.023138832997987926 0.007713884992987377
1 0.7665995975855131 0.6104488078541375 0.01006036217303823 0.016129032258064516
10 0.9114688128772636 0.6157082748948106 0.014084507042253521 0.0182328190743338
1 0.2721327967806841 0.5978260869565217 0.03118712273641851 0.0091164095371669
10 0.8410462776659959 0.6223702664796634 0.014084507042253521 0.01753155680224404
10 0.2716297786720322 0.6090462833099579 0.028169014084507043 0.010518934081346423
1 0.8008048289738431 0.6406030855539971 0.026156941649899398 0.010518934081346423
10 0.2711267605633803 0.6213183730715287 0.03118712273641851 0.011220196353436185
10 0.8596579476861167 0.057152875175315566 0.043259557344064385 0.016129032258064516
1 0.3953722334004024 0.6388499298737728 0.04426559356136821 0.016830294530154277
1 0.42655935613682094 0.6413043478260869 0.014084507042253521 0.018934081346423562
1 0.8169014084507042 0.05750350631136045 0.028169014084507043 0.009817671809256662
10 0.1886317907444668 0.6356942496493688 0.011066398390342052 0.018934081346423562
10 0.2152917505030181 0.6377980364656382 0.012072434607645875 0.018934081346423562
10 0.2022132796780684 0.6374474053295933 0.014084507042253521 0.019635343618513323
1 0.2560362173038229 0.6402524544179523 0.06338028169014084 0.02244039270687237
1 0.25251509054325955 0.6605890603085554 0.06438631790744467 0.021037868162692847
10 0.2152917505030181 0.6602384291725105 0.01609657947686117 0.018934081346423562
10 0.20020120724346077 0.6602384291725105 0.014084507042253521 0.020336605890603085
10 0.1851106639839034 0.6602384291725105 0.01609657947686117 0.020336605890603085
5 0.7877263581488934 0.6837307152875175 0.18108651911468812 0.08134642356241234