10 0.5702205882352941 0.041482300884955754 0.022794117647058822 0.018805309734513276
10 0.6316176470588235 0.08075221238938053 0.016176470588235296 0.015486725663716814
1 0.5602941176470588 0.05752212389380531 0.026470588235294117 0.024336283185840708
10 0.674264705882353 0.10453539823008849 0.013235294117647059 0.032079646017699116
10 0.6272058823529412 0.09292035398230089 0.01764705882352941 0.01327433628318584
1 0.9577205882352942 0.21460176991150443 0.025735294117647058 0.024336283185840708
5 0.5029411764705882 0.0586283185840708 0.060294117647058824 0.09070796460176991
10 0.6257352941176471 0.10398230088495575 0.01764705882352941 0.015486725663716814
5 0.5948529411764706 0.0956858407079646 0.058823529411764705 0.08738938053097345
1 0.30661764705882355 0.009402654867256638 0.014705882352941176 0.018805309734513276
5 0.3209558823529412 0.01327433628318584 0.019852941176470587 0.02654867256637168
10 0.26875 0.00497787610619469 0.013970588235294118 0.00995575221238938
10 0.2580882352941177 0.00331858407079646 0.011764705882352941 0.00663716814159292
10 0.2922794117647059 0.008296460176991151 0.0125 0.016592920353982302
10 0.17573529411764705 0.00331858407079646 0.013235294117647059 0.00663716814159292
1 0.44926470588235295 0.10730088495575221 0.010294117647058823 0.022123893805309734
1 0.13308823529411765 0.006084070796460177 0.03235294117647059 0.012168141592920354
1 0.13198529411764706 0.019358407079646017 0.03455882352941177 0.029867256637168143
10 0.4452205882352941 0.13163716814159293 0.009558823529411765 0.024336283185840708
1 0.45698529411764705 0.14325221238938052 0.01838235294117647 0.018805309734513276
10 0.3 0.08904867256637168 0.01764705882352941 0.016592920353982302
1 0.4213235294117647 0.13993362831858408 0.01911764705882353 0.014380530973451327
1 0.705514705882353 0.24557522123893805 0.013970588235294118 0.033185840707964605
10 0.4198529411764706 0.1515486725663717 0.01911764705882353 0.015486725663716814
10 0.606985294117647 0.22234513274336284 0.021323529411764706 0.01991150442477876
10 0.44669117647058826 0.18141592920353983 0.015441176470588236 0.015486725663716814
10 0.6055147058823529 0.23783185840707965 0.01838235294117647 0.015486725663716814
10 0.8411764705882353 0.3202433628318584 0.023529411764705882 0.025442477876106196
10 0.7345588235294118 0.28373893805309736 0.027941176470588237 0.029867256637168143
10 0.6040441176470588 0.2472345132743363 0.016911764705882352 0.014380530973451327
1 0.6875 0.27654867256637167 0.01764705882352941 0.015486725663716814
1 0.7922794117647058 0.31526548672566373 0.019852941176470587 0.015486725663716814
10 0.43823529411764706 0.19911504424778761 0.011764705882352941 0.024336283185840708
10 0.4474264705882353 0.2029867256637168 0.009558823529411765 0.025442477876106196
10 0.6856617647058824 0.288716814159292 0.015441176470588236 0.011061946902654867
10 0.6025735294117647 0.25995575221238937 0.01838235294117647 0.015486725663716814
10 0.7897058823529411 0.32632743362831856 0.016176470588235296 0.01327433628318584
10 0.6 0.27101769911504425 0.020588235294117647 0.017699115044247787
10 0.7834558823529412 0.34126106194690264 0.025735294117647058 0.02765486725663717
10 0.6786764705882353 0.30586283185840707 0.026470588235294117 0.025442477876106196
10 0.5966911764705882 0.28207964601769914 0.016911764705882352 0.01327433628318584
5 0.7143382352941177 0.33517699115044247 0.04926470588235294 0.084070796460177
10 0.59375 0.29314159292035397 0.01838235294117647 0.015486725663716814
5 0.8169117647058823 0.3733407079646018 0.04852941176470588 0.08960176991150443
1 0.054044117647058826 0.10896017699115045 0.016911764705882352 0.025442477876106196
1 0.7477941176470588 0.35011061946902655 0.023529411764705882 0.018805309734513276
1 0.8544117647058823 0.38716814159292035 0.026470588235294117 0.028761061946902654
10 0.08272058823529412 0.12831858407079647 0.0125 0.02654867256637168
10 0.10808823529411765 0.1377212389380531 0.010294117647058823 0.023230088495575223
10 0.11544117647058824 0.1404867256637168 0.008823529411764706 0.022123893805309734
10 0.09264705882352942 0.13274336283185842 0.011764705882352941 0.028761061946902654
10 0.5911764705882353 0.3064159292035398 0.016176470588235296 0.015486725663716814
5 0.5161764705882353 0.2831858407079646 0.15735294117647058 0.23893805309734514
1 0.6772058823529412 0.3407079646017699 0.01911764705882353 0.03982300884955752
1 0.7827205882352941 0.37831858407079644 0.016911764705882352 0.04424778761061947
5 0.2485294117647059 0.19413716814159293 0.11176470588235295 0.24225663716814158
5 0.34044117647058825 0.22621681415929204 0.11176470588235295 0.24004424778761063
10 0.04632352941176471 0.12831858407079647 0.0058823529411764705 0.01327433628318584
10 0.5908088235294118 0.3213495575221239 0.01838235294117647 0.014380530973451327
10 0.7477941176470588 0.377212389380531 0.025 0.02654867256637168
10 0.8536764705882353 0.4153761061946903 0.023529411764705882 0.025442477876106196
10 0.5878676470588236 0.3329646017699115 0.01838235294117647 0.015486725663716814
10 0.7459558823529412 0.39491150442477874 0.021323529411764706 0.022123893805309734
1 0.6705882352941176 0.3711283185840708 0.033823529411764704 0.025442477876106196
1 0.7768382352941177 0.4081858407079646 0.03161764705882353 0.02654867256637168
10 0.8511029411764706 0.43418141592920356 0.02426470588235294 0.023230088495575223
10 0.8275735294117647 0.4269911504424779 0.025735294117647058 0.024336283185840708
10 0.7209558823529412 0.39103982300884954 0.02426470588235294 0.025442477876106196
10 0.052941176470588235 0.16482300884955753 0.014705882352941176 0.030973451327433628
1 0.041176470588235294 0.1620575221238938 0.007352941176470588 0.02101769911504425
5 0.08639705882352941 0.17975663716814158 0.04926470588235294 0.08075221238938053
10 0.799264705882353 0.4358407079646018 0.020588235294117647 0.017699115044247787
10 0.6948529411764706 0.4004424778761062 0.022058823529411766 0.01991150442477876
10 0.7172794117647059 0.40763274336283184 0.019852941176470587 0.018805309734513276
10 0.8227941176470588 0.4452433628318584 0.020588235294117647 0.018805309734513276
10 0.6702205882352941 0.40873893805309736 0.015441176470588236 0.03650442477876106
10 0.6566176470588235 0.40542035398230086 0.014705882352941176 0.032079646017699116
10 0.774264705882353 0.4463495575221239 0.014705882352941176 0.034292035398230086
10 0.7625 0.4424778761061947 0.013235294117647059 0.030973451327433628
1 0.375 0.31581858407079644 0.013235294117647059 0.032079646017699116
10 0.07977941176470588 0.2295353982300885 0.009558823529411765 0.025442477876106196
10 0.0875 0.23285398230088494 0.008823529411764706 0.023230088495575223
1 0.8183823529411764 0.48783185840707965 0.03529411764705882 0.07079646017699115
1 0.7919117647058823 0.4795353982300885 0.03529411764705882 0.07411504424778761
1 0.034926470588235295 0.2295353982300885 0.015441176470588236 0.025442477876106196
10 0.08455882352941177 0.25110619469026546 0.014705882352941176 0.01327433628318584
10 0.5441176470588235 0.4103982300884956 0.016176470588235296 0.015486725663716814
10 0.07022058823529412 0.2461283185840708 0.013970588235294118 0.012168141592920354
10 0.44080882352941175 0.3766592920353982 0.009558823529411765 0.025442477876106196
1 0.046691176470588236 0.24668141592920353 0.022794117647058822 0.05088495575221239
10 0.2911764705882353 0.334070796460177 0.013235294117647059 0.028761061946902654
10 0.6555147058823529 0.4618362831858407 0.019852941176470587 0.04756637168141593
10 0.7599264705882353 0.49889380530973454 0.019852941176470587 0.04424778761061947
10 0.7363970588235295 0.49170353982300885 0.021323529411764706 0.051991150442477874
10 0.3871323529411765 0.37223451327433627 0.0125 0.032079646017699116
10 0.8415441176470588 0.5304203539823009 0.021323529411764706 0.049778761061946904
1 0.7823529411764706 0.5204646017699115 0.030882352941176472 0.03650442477876106
1 0.06397058823529411 0.27654867256637167 0.020588235294117647 0.04424778761061947
1 0.08125 0.28373893805309736 0.021323529411764706 0.04314159292035398
1 0.8525735294117647 0.5741150442477876 0.019852941176470587 0.015486725663716814
10 0.2922794117647059 0.3926991150442478 0.01838235294117647 0.017699115044247787
5 0.3246323529411765 0.41426991150442477 0.05073529411764706 0.04092920353982301
10 0.35698529411764707 0.4269911504424779 0.01838235294117647 0.017699115044247787
10 0.29007352941176473 0.4081858407079646 0.01838235294117647 0.01991150442477876
10 0.4764705882352941 0.47511061946902655 0.016176470588235296 0.016592920353982302
10 0.475 0.48617256637168144 0.016176470588235296 0.014380530973451327
10 0.3713235294117647 0.4518805309734513 0.010294117647058823 0.025442477876106196
10 0.36213235294117646 0.4502212389380531 0.011029411764705883 0.02654867256637168
1 0.2852941176470588 0.42533185840707965 0.016176470588235296 0.016592920353982302
10 0.3488970588235294 0.4491150442477876 0.016911764705882352 0.022123893805309734
10 0.45588235294117646 0.49170353982300885 0.020588235294117647 0.018805309734513276
10 0.4727941176470588 0.49723451327433627 0.014705882352941176 0.012168141592920354
10 0.3356617647058823 0.45132743362831856 0.009558823529411765 0.022123893805309734
10 0.32132352941176473 0.4469026548672566 0.010294117647058823 0.024336283185840708
1 0.3286764705882353 0.4502212389380531 0.007352941176470588 0.01991150442477876
1 0.2838235294117647 0.4391592920353982 0.016176470588235296 0.015486725663716814
1 0.4922794117647059 0.5254424778761062 0.01838235294117647 0.017699115044247787
1 0.09926470588235294 0.398783185840708 0.014705882352941176 0.012168141592920354
1 0.325 0.4795353982300885 0.033823529411764704 0.029867256637168143
5 0.19301470588235295 0.435287610619469 0.1698529411764706 0.2555309734513274
1 0.7224264705882353 0.6321902654867256 0.016911764705882352 0.016592920353982302
10 0.09963235294117648 0.42035398230088494 0.009558823529411765 0.024336283185840708
1 0.32683823529411765 0.49889380530973454 0.015441176470588236 0.01327433628318584
10 0.6459558823529412 0.6117256637168141 0.019852941176470587 0.017699115044247787
1 0.7194852941176471 0.6438053097345132 0.01838235294117647 0.015486725663716814
10 0.5797794117647059 0.6006637168141593 0.009558823529411765 0.028761061946902654
1 0.03455882352941177 0.4120575221238938 0.01911764705882353 0.016592920353982302
10 0.5911764705882353 0.6073008849557522 0.014705882352941176 0.02654867256637168
10 0.6441176470588236 0.625 0.01764705882352941 0.017699115044247787
10 0.05551470588235294 0.42754424778761063 0.016911764705882352 0.014380530973451327
1 0.71875 0.6592920353982301 0.025735294117647058 0.024336283185840708
5 0.6816176470588236 0.6471238938053098 0.052941176470588235 0.084070796460177
10 0.08419117647058824 0.44579646017699115 0.0125 0.030973451327433628
10 0.3205882352941177 0.5342920353982301 0.016176470588235296 0.015486725663716814
10 0.3073529411764706 0.5331858407079646 0.010294117647058823 0.022123893805309734
1 0.7158088235294118 0.6775442477876106 0.022794117647058822 0.023230088495575223
1 0.7518382352941176 0.6930309734513275 0.04485294117647059 0.03871681415929203
10 0.6360294117647058 0.6532079646017699 0.022058823529411766 0.02101769911504425
1 0.09595588235294118 0.4657079646017699 0.013970588235294118 0.01327433628318584
10 0.31838235294117645 0.543141592920354 0.01764705882352941 0.01327433628318584
12 0.58125 0.6366150442477876 0.028676470588235293 0.04092920353982301
5 0.40808823529411764 0.5829646017699115 0.17058823529411765 0.21902654867256638
1 0.09448529411764706 0.47732300884955753 0.0125 0.012168141592920354
12 0.8058823529411765 0.7295353982300885 0.027941176470588237 0.04756637168141593
1 0.7841911764705882 0.7228982300884956 0.022794117647058822 0.051991150442477874
12 0.8875 0.7594026548672567 0.023529411764705882 0.04756637168141593
10 0.3029411764705882 0.5564159292035398 0.010294117647058823 0.024336283185840708
12 0.8599264705882353 0.75 0.027205882352941177 0.04424778761061947
12 0.8323529411764706 0.7411504424778761 0.029411764705882353 0.04424778761061947
1 0.09338235294117647 0.4872787610619469 0.014705882352941176 0.016592920353982302
10 0.2595588235294118 0.5503318584070797 0.010294117647058823 0.02765486725663717
10 0.4959558823529412 0.6321902654867256 0.019852941176470587 0.018805309734513276
1 0.09227941176470589 0.49889380530973454 0.016911764705882352 0.01327433628318584
1 0.7448529411764706 0.7251106194690266 0.05 0.04092920353982301
1 0.5169117647058824 0.6554203539823009 0.016176470588235296 0.014380530973451327
10 0.49558823529411766 0.6487831858407079 0.01764705882352941 0.016592920353982302
10 0.30330882352941174 0.581858407079646 0.016911764705882352 0.015486725663716814
1 0.09779411764705882 0.5132743362831859 0.013235294117647059 0.01327433628318584
1 0.2511029411764706 0.5674778761061947 0.015441176470588236 0.015486725663716814
10 0.8830882352941176 0.7914823008849557 0.023529411764705882 0.025442477876106196
1 0.10808823529411765 0.5265486725663717 0.010294117647058823 0.024336283185840708
10 0.4919117647058823 0.6609513274336283 0.020588235294117647 0.018805309734513276
1 0.27904411764705883 0.5873893805309734 0.01838235294117647 0.017699115044247787
1 0.5143382352941176 0.6692477876106194 0.016911764705882352 0.01327433628318584
10 0.30073529411764705 0.5967920353982301 0.01764705882352941 0.014380530973451327
10 0.22536764705882353 0.5724557522123894 0.019852941176470587 0.018805309734513276
10 0.20477941176470588 0.5652654867256637 0.016911764705882352 0.015486725663716814
10 0.17941176470588235 0.5569690265486725 0.01764705882352941 0.016592920353982302
1 0.0875 0.5254424778761062 0.03235294117647059 0.030973451327433628
1 0.8544117647058823 0.7925884955752213 0.022058823529411766 0.018805309734513276
10 0.12279411764705882 0.5420353982300885 0.011764705882352941 0.02654867256637168
10 0.15220588235294116 0.5525442477876106 0.011764705882352941 0.02765486725663717
10 0.13345588235294117 0.5470132743362832 0.009558823529411765 0.025442477876106196
10 0.14154411764705882 0.5503318584070797 0.011029411764705883 0.025442477876106196
10 0.29926470588235293 0.6078539823008849 0.01911764705882353 0.016592920353982302
10 0.48970588235294116 0.6747787610619469 0.01911764705882353 0.01991150442477876
1 0.020588235294117647 0.5105088495575221 0.041176470588235294 0.04314159292035398
10 0.1775735294117647 0.566924778761062 0.01838235294117647 0.014380530973451327
5 0.5669117647058823 0.7079646017699115 0.04264705882352941 0.07743362831858407
10 0.8503676470588235 0.808075221238938 0.02426470588235294 0.02101769911504425
5 0.6 0.7223451327433629 0.045588235294117645 0.08628318584070796
1 0.27647058823529413 0.6144911504424779 0.01911764705882353 0.016592920353982302
10 0.19080882352941175 0.5857300884955752 0.016911764705882352 0.014380530973451327
10 0.29669117647058824 0.6233407079646017 0.019852941176470587 0.016592920353982302
10 0.675 0.7577433628318584 0.010294117647058823 0.028761061946902654
1 0.4919117647058823 0.6952433628318584 0.03235294117647059 0.032079646017699116
10 0.6547794117647059 0.7522123893805309 0.011029411764705883 0.030973451327433628
1 0.4724264705882353 0.6891592920353983 0.0125 0.024336283185840708
10 0.6639705882352941 0.7555309734513275 0.010294117647058823 0.033185840707964605
10 0.6433823529411765 0.75 0.013235294117647059 0.035398230088495575
10 0.6305147058823529 0.7461283185840708 0.013970588235294118 0.032079646017699116
10 0.6845588235294118 0.7654867256637168 0.013235294117647059 0.035398230088495575
10 0.6209558823529412 0.7439159292035398 0.013970588235294118 0.032079646017699116
1 0.8463235294117647 0.8252212389380531 0.026470588235294117 0.02654867256637168
1 0.17205882352941176 0.5923672566371682 0.01764705882352941 0.014380530973451327
10 0.18933823529411764 0.6006637168141593 0.016911764705882352 0.015486725663716814
1 0.30183823529411763 0.6432522123893806 0.030147058823529412 0.02765486725663717
1 0.01801470588235294 0.5442477876106194 0.03602941176470588 0.046460176991150445
1 0.14154411764705882 0.5901548672566371 0.011029411764705883 0.02765486725663717
1 0.05661764705882353 0.5613938053097345 0.022058823529411766 0.051991150442477874
1 0.08051470588235295 0.5707964601769911 0.03161764705882353 0.033185840707964605
5 0.8849264705882353 0.8506637168141593 0.05514705882352941 0.061946902654867256
5 0.7849264705882353 0.8219026548672567 0.05661764705882353 0.1084070796460177
10 0.35551470588235295 0.6797566371681416 0.011029411764705883 0.02765486725663717
10 0.4047794117647059 0.6991150442477876 0.011029411764705883 0.02654867256637168
10 0.8411764705882353 0.8517699115044248 0.022058823529411766 0.01991150442477876
10 0.34595588235294117 0.6797566371681416 0.009558823529411765 0.02765486725663717
10 0.42573529411764705 0.7074115044247787 0.011764705882352941 0.025442477876106196
10 0.44227941176470587 0.7129424778761062 0.011029411764705883 0.025442477876106196
10 0.33676470588235297 0.6769911504424779 0.011764705882352941 0.033185840707964605
10 0.36433823529411763 0.6863938053097345 0.009558823529411765 0.029867256637168143
10 0.43419117647058825 0.7107300884955752 0.011029411764705883 0.02765486725663717
10 0.4511029411764706 0.7168141592920354 0.011029411764705883 0.028761061946902654
10 0.4147058823529412 0.7046460176991151 0.014705882352941176 0.030973451327433628
10 0.39705882352941174 0.6991150442477876 0.010294117647058823 0.02654867256637168
10 0.38786764705882354 0.6957964601769911 0.011029411764705883 0.024336283185840708
1 0.47095588235294117 0.7295353982300885 0.01838235294117647 0.04756637168141593
1 0.8400735294117647 0.8661504424778761 0.021323529411764706 0.015486725663716814
1 0.006617647058823529 0.577433628318584 0.013235294117647059 0.04424778761061947
10 0.22830882352941176 0.6548672566371682 0.0125 0.024336283185840708
10 0.2286764705882353 0.6548672566371682 0.013235294117647059 0.028761061946902654
10 0.2621323529411765 0.6698008849557522 0.0125 0.029867256637168143
10 0.2702205882352941 0.6731194690265486 0.009558823529411765 0.02765486725663717
10 0.27647058823529413 0.6769911504424779 0.010294117647058823 0.028761061946902654
10 0.16544117647058823 0.6388274336283186 0.013235294117647059 0.032079646017699116
10 0.19080882352941175 0.6476769911504425 0.0125 0.02765486725663717
10 0.28713235294117645 0.6814159292035398 0.011029411764705883 0.02654867256637168
10 0.30183823529411763 0.6863938053097345 0.0125 0.029867256637168143
10 0.18161764705882352 0.6454646017699115 0.010294117647058823 0.02765486725663717
10 0.17463235294117646 0.6432522123893806 0.009558823529411765 0.02765486725663717
1 0.8676470588235294 0.8855088495575221 0.026470588235294117 0.025442477876106196
1 0.39191176470588235 0.7300884955752213 0.011764705882352941 0.028761061946902654
1 0.3386029411764706 0.7112831858407079 0.01838235294117647 0.03761061946902655
1 0.42720588235294116 0.7444690265486725 0.013235294117647059 0.030973451327433628
1 0.41102941176470587 0.7394911504424779 0.016176470588235296 0.029867256637168143
1 0.44632352941176473 0.7516592920353983 0.013235294117647059 0.025442477876106196
1 0.3584558823529412 0.7212389380530974 0.015441176470588236 0.030973451327433628
1 0.5606617647058824 0.7959070796460177 0.03455882352941177 0.029867256637168143
10 0.861764705882353 0.9015486725663717 0.022058823529411766 0.01991150442477876
1 0.5904411764705882 0.8086283185840708 0.027941176470588237 0.028761061946902654
1 0.2051470588235294 0.6797566371681416 0.010294117647058823 0.02765486725663717
1 0.04044117647058824 0.6316371681415929 0.010294117647058823 0.02654867256637168
10 0.03235294117647059 0.6288716814159292 0.010294117647058823 0.02765486725663717
10 0.021691176470588235 0.6261061946902655 0.011029411764705883 0.02654867256637168
1 0.48933823529411763 0.7887168141592921 0.02426470588235294 0.024336283185840708
1 0.43566176470588236 0.7721238938053098 0.01838235294117647 0.017699115044247787
1 0.18051470588235294 0.6858407079646017 0.011029411764705883 0.02654867256637168
10 0.17205882352941176 0.6836283185840708 0.011764705882352941 0.02654867256637168
1 0.15220588235294116 0.6780973451327433 0.020588235294117647 0.017699115044247787
1 0.22683823529411765 0.7040929203539823 0.02426470588235294 0.023230088495575223
1 0.33897058823529413 0.7555309734513275 0.011764705882352941 0.028761061946902654
10 0.06360294117647058 0.6598451327433629 0.016911764705882352 0.014380530973451327
10 0.10220588235294117 0.6736725663716814 0.014705882352941176 0.015486725663716814
10 0.046691176470588236 0.6543141592920354 0.016911764705882352 0.012168141592920354
1 0.8683823529411765 0.9441371681415929 0.051470588235294115 0.04314159292035398
10 0.9419117647058823 0.1515486725663717 0.011764705882352941 0.024336283185840708
2 0.3698529411764706 0.8506637168141593 0.48970588235294116 0.29646017699115046
2 0.08455882352941177 0.7804203539823009 0.125 0.2002212389380531