1 0.09326171875 0.5410526315789473 0.0341796875 0.04350877192982456
10 0.790771484375 0.05403508771929825 0.00927734375 0.007017543859649123
10 0.519287109375 0.5435087719298246 0.01220703125 0.004912280701754386
1 0.634765625 0.5445614035087719 0.0283203125 0.042105263157894736
10 0.6171875 0.547719298245614 0.0029296875 0.016140350877192983
5 0.03271484375 0.5494736842105263 0.029296875 0.04631578947368421
1 0.184814453125 0.05578947368421053 0.01123046875 0.004912280701754386
1 0.161865234375 0.5568421052631579 0.00732421875 0.02456140350877193
1 0.172119140625 0.5582456140350878 0.00634765625 0.025964912280701753
1 0.18017578125 0.5589473684210526 0.0078125 0.02456140350877193
10 0.617431640625 0.5740350877192982 0.00439453125 0.018245614035087718
10 0.1005859375 0.058596491228070174 0.01171875 0.00631578947368421
1 0.1796875 0.5859649122807018 0.005859375 0.02666666666666667
1 0.170654296875 0.5859649122807018 0.00830078125 0.023859649122807018
1 0.171142578125 0.5856140350877193 0.00732421875 0.02456140350877193
1 0.635009765625 0.5870175438596491 0.02880859375 0.04421052631578947
2 0.667236328125 0.588421052631579 0.03466796875 0.4049122807017544
2 0.8681640625 0.5887719298245614 0.0390625 0.4070175438596491
2 0.937255859375 0.5894736842105263 0.04052734375 0.4112280701754386
2 0.73388671875 0.5898245614035088 0.0380859375 0.4105263157894737
2 0.7998046875 0.5898245614035088 0.037109375 0.4105263157894737
10 0.952880859375 0.05964912280701754 0.01123046875 0.005614035087719298
1 0.781982421875 0.06070175438596491 0.00439453125 0.016140350877192983
10 0.617431640625 0.6070175438596491 0.00341796875 0.016842105263157894
1 0.115478515625 0.06070175438596491 0.01123046875 0.004912280701754386
1 0.158447265625 0.6101754385964913 0.01220703125 0.04280701754385965
1 0.170166015625 0.6133333333333333 0.00927734375 0.023859649122807018
10 0.831787109375 0.06210526315789474 0.00537109375 0.014736842105263158
10 0.837158203125 0.061754385964912284 0.00341796875 0.014035087719298246
1 0.825927734375 0.061754385964912284 0.00439453125 0.016842105263157894
10 0.621337890625 0.6196491228070176 0.01025390625 0.005614035087719298
10 0.791259765625 0.06280701754385964 0.01025390625 0.00631578947368421
10 0.617431640625 0.632280701754386 0.00341796875 0.016842105263157894
10 0.7080078125 0.6326315789473684 0.01171875 0.00631578947368421
10 0.77294921875 0.6385964912280702 0.0087890625 0.007017543859649123
10 0.841064453125 0.639298245614035 0.01025390625 0.005614035087719298
10 0.907470703125 0.6410526315789473 0.00927734375 0.00631578947368421
1 0.635498046875 0.6435087719298246 0.02880859375 0.037894736842105266
10 0.46044921875 0.6480701754385965 0.009765625 0.0035087719298245615
1 0.7744140625 0.6498245614035087 0.01171875 0.005614035087719298
1 0.8408203125 0.6508771929824562 0.009765625 0.004912280701754386
1 0.70751953125 0.6512280701754386 0.0107421875 0.007017543859649123
10 0.47216796875 0.651578947368421 0.0087890625 0.0035087719298245615
1 0.429931640625 0.652280701754386 0.00439453125 0.014736842105263158
10 0.440673828125 0.6533333333333333 0.00439453125 0.014035087719298246
10 0.451171875 0.6529824561403509 0.00390625 0.013333333333333334
10 0.435302734375 0.6540350877192982 0.00439453125 0.015438596491228071
10 0.446044921875 0.6540350877192982 0.00537109375 0.014035087719298246
10 0.909912109375 0.656140350877193 0.00634765625 0.019649122807017545
10 0.460693359375 0.6568421052631579 0.01025390625 0.005614035087719298
12 0.171630859375 0.6578947368421053 0.00927734375 0.023157894736842106
12 0.1806640625 0.6578947368421053 0.0078125 0.02175438596491228
10 0.472412109375 0.66 0.01025390625 0.0077192982456140355
10 0.101318359375 0.06666666666666667 0.01123046875 0.007017543859649123
5 0.14306640625 0.06701754385964913 0.0244140625 0.07649122807017544
10 0.429931640625 0.6684210526315789 0.00439453125 0.014736842105263158
10 0.47998046875 0.6691228070175439 0.0087890625 0.004912280701754386
1 0.4404296875 0.6694736842105263 0.0048828125 0.018245614035087718
10 0.434814453125 0.6691228070175439 0.00341796875 0.016140350877192983
10 0.44677734375 0.6694736842105263 0.00390625 0.014035087719298246
10 0.4580078125 0.6698245614035088 0.00390625 0.016140350877192983
10 0.45263671875 0.6698245614035088 0.00390625 0.014736842105263158
1 0.435302734375 0.6708771929824562 0.00341796875 0.016842105263157894
10 0.471435546875 0.6712280701754386 0.00537109375 0.011929824561403509
10 0.488037109375 0.6733333333333333 0.00439453125 0.016140350877192983
10 0.464599609375 0.6743859649122808 0.00341796875 0.016842105263157894
10 0.609130859375 0.6764912280701755 0.01025390625 0.005614035087719298
1 0.176025390625 0.6778947368421052 0.01611328125 0.011228070175438596
10 0.478515625 0.6775438596491228 0.009765625 0.00631578947368421
10 0.514892578125 0.6785964912280702 0.01025390625 0.005614035087719298
10 0.503173828125 0.6796491228070175 0.00927734375 0.0077192982456140355
10 0.526611328125 0.6796491228070175 0.01025390625 0.004912280701754386
1 0.456298828125 0.6828070175438596 0.00830078125 0.005614035087719298
10 0.610107421875 0.6849122807017544 0.01220703125 0.005614035087719298
1 0.4345703125 0.6852631578947368 0.0166015625 0.010526315789473684
10 0.480712890625 0.6866666666666666 0.01123046875 0.00631578947368421
10 0.4462890625 0.6877192982456141 0.00390625 0.016842105263157894
10 0.5263671875 0.6877192982456141 0.009765625 0.005614035087719298
10 0.514892578125 0.6873684210526316 0.01123046875 0.00631578947368421
1 0.456298828125 0.6905263157894737 0.01123046875 0.005614035087719298
10 0.609619140625 0.6926315789473684 0.01123046875 0.005614035087719298
10 0.95263671875 0.0687719298245614 0.009765625 0.004210526315789474
1 0.116455078125 0.06982456140350878 0.01123046875 0.00631578947368421
10 0.170166015625 0.06947368421052631 0.01025390625 0.007017543859649123
10 0.514404296875 0.6950877192982456 0.01025390625 0.00631578947368421
1 0.52685546875 0.696140350877193 0.009765625 0.007017543859649123
10 0.479736328125 0.6957894736842105 0.01123046875 0.004912280701754386
10 0.49169921875 0.696140350877193 0.009765625 0.007017543859649123
10 0.5029296875 0.696140350877193 0.0087890625 0.005614035087719298
10 0.183349609375 0.6964912280701754 0.01220703125 0.017543859649122806
10 0.906982421875 0.6978947368421052 0.01025390625 0.00631578947368421
1 0.8408203125 0.7017543859649122 0.0107421875 0.005614035087719298
1 0.77490234375 0.7031578947368421 0.0126953125 0.005614035087719298
10 0.5263671875 0.703859649122807 0.009765625 0.007017543859649123
10 0.515380859375 0.703859649122807 0.01123046875 0.007017543859649123
10 0.50537109375 0.7087719298245614 0.001953125 0.01263157894736842
10 0.15478515625 0.7108771929824561 0.0126953125 0.007017543859649123
10 0.51416015625 0.7119298245614035 0.0107421875 0.00631578947368421
10 0.52587890625 0.7119298245614035 0.009765625 0.00631578947368421
10 0.52587890625 0.72 0.009765625 0.007017543859649123
5 0.5546875 0.72 0.0380859375 0.07438596491228071
10 0.514404296875 0.7203508771929824 0.01025390625 0.00631578947368421
1 0.61083984375 0.7214035087719298 0.0166015625 0.009824561403508772
1 0.50146484375 0.7231578947368421 0.009765625 0.0077192982456140355
10 0.628662109375 0.7270175438596491 0.01025390625 0.007017543859649123
10 0.595947265625 0.7266666666666667 0.00927734375 0.004912280701754386
10 0.526123046875 0.7280701754385965 0.01123046875 0.0077192982456140355
10 0.513916015625 0.7287719298245614 0.01025390625 0.00631578947368421
1 0.48974609375 0.7294736842105263 0.009765625 0.00631578947368421
10 0.4462890625 0.7301754385964913 0.00390625 0.016140350877192983
10 0.44091796875 0.7312280701754386 0.00390625 0.016842105263157894
10 0.416748046875 0.7315789473684211 0.00341796875 0.014736842105263158
10 0.435546875 0.7319298245614035 0.00390625 0.016842105263157894
10 0.583984375 0.7333333333333333 0.009765625 0.007017543859649123
10 0.607177734375 0.7329824561403508 0.00927734375 0.004912280701754386
10 0.595703125 0.7336842105263158 0.009765625 0.004912280701754386
10 0.526611328125 0.7364912280701754 0.01123046875 0.00631578947368421
10 0.513671875 0.7368421052631579 0.01171875 0.005614035087719298
10 0.17138671875 0.7385964912280701 0.0048828125 0.014736842105263158
10 0.501953125 0.7396491228070176 0.0107421875 0.005614035087719298
1 0.177734375 0.7396491228070176 0.005859375 0.019649122807017545
10 0.166015625 0.7396491228070176 0.0048828125 0.015438596491228071
10 0.60791015625 0.7403508771929824 0.0107421875 0.005614035087719298
10 0.595703125 0.7414035087719298 0.0107421875 0.00631578947368421
10 0.184326171875 0.07438596491228071 0.01025390625 0.005614035087719298
10 0.05078125 0.07438596491228071 0.0107421875 0.005614035087719298
10 0.51416015625 0.7428070175438597 0.0107421875 0.0077192982456140355
10 0.526123046875 0.743859649122807 0.01123046875 0.007017543859649123
1 0.777099609375 0.7442105263157894 0.01318359375 0.002105263157894737
1 0.707763671875 0.7466666666666667 0.01123046875 0.007017543859649123
1 0.842041015625 0.7463157894736843 0.01123046875 0.0077192982456140355
10 0.10107421875 0.07508771929824562 0.0107421875 0.007017543859649123
10 0.58447265625 0.7480701754385964 0.0087890625 0.005614035087719298
10 0.896240234375 0.7487719298245614 0.00439453125 0.014035087719298246
10 0.3935546875 0.7501754385964913 0.009765625 0.005614035087719298
10 0.382568359375 0.7501754385964913 0.01025390625 0.007017543859649123
10 0.60888671875 0.7501754385964913 0.0107421875 0.009824561403508772
1 0.0380859375 0.07543859649122807 0.01171875 0.0077192982456140355
10 0.595947265625 0.7582456140350877 0.01025390625 0.00631578947368421
10 0.3818359375 0.7582456140350877 0.0107421875 0.0077192982456140355
10 0.39404296875 0.7578947368421053 0.0107421875 0.007017543859649123
10 0.896240234375 0.7585964912280702 0.01318359375 0.0014035087719298245
10 0.95458984375 0.07649122807017544 0.0126953125 0.004210526315789474
1 0.841796875 0.7642105263157895 0.0107421875 0.005614035087719298
5 0.462646484375 0.7649122807017544 0.00537109375 0.023859649122807018
10 0.392822265625 0.7663157894736842 0.01123046875 0.007017543859649123
10 0.381103515625 0.7670175438596492 0.01123046875 0.005614035087719298
1 0.419189453125 0.7684210526315789 0.02685546875 0.029473684210526315
1 0.115478515625 0.0775438596491228 0.01123046875 0.0077192982456140355
10 0.908203125 0.7698245614035087 0.0107421875 0.005614035087719298
1 0.707763671875 0.7708771929824562 0.01025390625 0.00631578947368421
10 0.898681640625 0.7729824561403509 0.00341796875 0.014736842105263158
1 0.063720703125 0.07719298245614035 0.01220703125 0.008421052631578947
10 0.38037109375 0.7747368421052632 0.009765625 0.007017543859649123
10 0.392822265625 0.776140350877193 0.01025390625 0.007017543859649123
10 0.907470703125 0.7775438596491228 0.00927734375 0.007017543859649123
10 0.170654296875 0.07824561403508772 0.00927734375 0.0077192982456140355
10 0.392333984375 0.7845614035087719 0.01025390625 0.007017543859649123
1 0.88720703125 0.787719298245614 0.0107421875 0.00631578947368421
1 0.88720703125 0.7954385964912281 0.0107421875 0.004912280701754386
10 0.455078125 0.7971929824561403 0.009765625 0.0014035087719298245
10 0.42333984375 0.7978947368421052 0.01171875 0.004210526315789474
10 0.445068359375 0.7989473684210526 0.00927734375 0.0035087719298245615
10 0.434814453125 0.7996491228070175 0.00927734375 0.004912280701754386
1 0.789306640625 0.08 0.00732421875 0.023859649122807018
1 0.88720703125 0.8031578947368421 0.0126953125 0.0077192982456140355
10 0.455078125 0.8035087719298246 0.009765625 0.004210526315789474
1 0.88671875 0.8122807017543859 0.0126953125 0.00631578947368421
10 0.40478515625 0.8136842105263158 0.00390625 0.017543859649122806
1 0.88720703125 0.8196491228070175 0.0126953125 0.005614035087719298
10 0.183837890625 0.08210526315789474 0.00927734375 0.008421052631578947
10 0.051025390625 0.08350877192982456 0.01025390625 0.005614035087719298
10 0.099365234375 0.8340350877192982 0.00439453125 0.016140350877192983
10 0.115966796875 0.8340350877192982 0.00439453125 0.014736842105263158
10 0.10400390625 0.8343859649122807 0.0048828125 0.015438596491228071
5 0.70703125 0.8403508771929824 0.0556640625 0.06526315789473684
10 0.115478515625 0.08491228070175438 0.01025390625 0.002807017543859649
1 0.79931640625 0.8459649122807018 0.0107421875 0.004912280701754386
1 0.311279296875 0.8491228070175438 0.00537109375 0.015438596491228071
10 0.953369140625 0.08491228070175438 0.01123046875 0.007017543859649123
10 0.81298828125 0.8526315789473684 0.00390625 0.015438596491228071
1 0.03759765625 0.0856140350877193 0.01171875 0.008421052631578947
10 0.831298828125 0.8547368421052631 0.00341796875 0.01263157894736842
10 0.83642578125 0.856140350877193 0.0048828125 0.01263157894736842
10 0.821533203125 0.8568421052631578 0.00927734375 0.005614035087719298
10 0.668212890625 0.8589473684210527 0.01025390625 0.007017543859649123
10 0.8447265625 0.8596491228070176 0.0107421875 0.007017543859649123
10 0.50537109375 0.860701754385965 0.0126953125 0.00631578947368421
1 0.432373046875 0.8656140350877193 0.00439453125 0.014736842105263158
1 0.415283203125 0.8652631578947368 0.00439453125 0.015438596491228071
10 0.438232421875 0.8652631578947368 0.00439453125 0.014035087719298246
10 0.420654296875 0.8663157894736843 0.00439453125 0.014736842105263158
10 0.426025390625 0.8659649122807017 0.00439453125 0.014035087719298246
10 0.85107421875 0.8673684210526316 0.0107421875 0.005614035087719298
10 0.667724609375 0.8680701754385964 0.00927734375 0.005614035087719298
1 0.80126953125 0.868421052631579 0.0107421875 0.004912280701754386
10 0.790283203125 0.8691228070175439 0.00830078125 0.00631578947368421
1 0.506103515625 0.8687719298245614 0.01025390625 0.008421052631578947
10 0.78955078125 0.8757894736842106 0.01171875 0.007017543859649123
1 0.8017578125 0.8768421052631579 0.01171875 0.0035087719298245615
5 0.618896484375 0.8792982456140351 0.07568359375 0.07438596491228071
1 0.802001953125 0.8835087719298246 0.01123046875 0.007017543859649123
10 0.7890625 0.8835087719298246 0.009765625 0.005614035087719298
5 0.825927734375 0.8898245614035087 0.02392578125 0.037894736842105266
1 0.80126953125 0.8926315789473684 0.0107421875 0.007017543859649123
10 0.7646484375 0.8936842105263157 0.0087890625 0.004912280701754386
10 0.789794921875 0.8940350877192983 0.01025390625 0.005614035087719298
10 0.77685546875 0.8940350877192983 0.0087890625 0.007017543859649123
10 0.719970703125 0.8957894736842106 0.00341796875 0.014736842105263158
10 0.724609375 0.896140350877193 0.0048828125 0.015438596491228071
10 0.729736328125 0.8971929824561403 0.00439453125 0.014736842105263158
10 0.73681640625 0.8971929824561403 0.0048828125 0.016140350877192983
10 0.779296875 0.8996491228070176 0.0146484375 0.002807017543859649
1 0.80126953125 0.9007017543859649 0.01171875 0.00631578947368421
10 0.764892578125 0.9014035087719299 0.01025390625 0.0035087719298245615
10 0.78955078125 0.9010526315789473 0.0087890625 0.005614035087719298
10 0.855224609375 0.09052631578947369 0.01025390625 0.005614035087719298
10 0.77685546875 0.9091228070175439 0.009765625 0.0077192982456140355
10 0.76416015625 0.9087719298245615 0.009765625 0.005614035087719298
10 0.72705078125 0.9098245614035088 0.009765625 0.0077192982456140355
1 0.80224609375 0.9094736842105263 0.0107421875 0.008421052631578947
10 0.738037109375 0.9122807017543859 0.00341796875 0.014035087719298246
10 0.7275390625 0.9164912280701755 0.0107421875 0.005614035087719298
1 0.801025390625 0.9185964912280702 0.01025390625 0.005614035087719298
10 0.76416015625 0.9196491228070175 0.009765625 0.004912280701754386
1 0.816650390625 0.9224561403508772 0.01806640625 0.010526315789473684
1 0.832763671875 0.9242105263157895 0.01025390625 0.007017543859649123
10 0.7275390625 0.9245614035087719 0.0107421875 0.0077192982456140355
1 0.55859375 0.9252631578947368 0.0087890625 0.00631578947368421
10 0.77587890625 0.9252631578947368 0.0087890625 0.0035087719298245615
1 0.800537109375 0.9249122807017544 0.01123046875 0.005614035087719298
10 0.515380859375 0.9266666666666666 0.00927734375 0.00631578947368421
1 0.593505859375 0.9263157894736842 0.01123046875 0.007017543859649123
1 0.608154296875 0.9270175438596491 0.01123046875 0.005614035087719298
10 0.765380859375 0.9273684210526316 0.01025390625 0.0035087719298245615
1 0.579345703125 0.927719298245614 0.01318359375 0.005614035087719298
1 0.114990234375 0.09368421052631579 0.01220703125 0.004912280701754386
1 0.648193359375 0.9298245614035088 0.01025390625 0.005614035087719298
1 0.8310546875 0.9319298245614035 0.009765625 0.008421052631578947
1 0.5595703125 0.9336842105263158 0.01171875 0.0077192982456140355
1 0.81982421875 0.9333333333333333 0.0126953125 0.005614035087719298
10 0.515869140625 0.9340350877192982 0.00927734375 0.007017543859649123
1 0.655517578125 0.9375438596491228 0.00244140625 0.014035087719298246
1 0.66064453125 0.9378947368421052 0.00390625 0.013333333333333334
1 0.626708984375 0.9382456140350878 0.00341796875 0.015438596491228071
1 0.6328125 0.9385964912280702 0.00390625 0.016140350877192983
1 0.843994140625 0.9396491228070175 0.01123046875 0.007017543859649123
1 0.170654296875 0.09403508771929825 0.01025390625 0.004210526315789474
10 0.9541015625 0.0943859649122807 0.0107421875 0.00631578947368421
10 0.51611328125 0.9414035087719298 0.0087890625 0.00631578947368421
1 0.56005859375 0.9417543859649122 0.01171875 0.007017543859649123
1 0.830810546875 0.9424561403508772 0.01025390625 0.007017543859649123
10 0.855224609375 0.09824561403508772 0.01025390625 0.007017543859649123
10 0.115234375 0.10105263157894737 0.0107421875 0.005614035087719298
10 0.170166015625 0.10140350877192983 0.01025390625 0.004912280701754386
10 0.855712890625 0.10912280701754386 0.01025390625 0.00631578947368421
10 0.7587890625 0.10947368421052632 0.00390625 0.015438596491228071
10 0.744873046875 0.10947368421052632 0.00341796875 0.014035087719298246
10 0.764404296875 0.10982456140350877 0.00439453125 0.016140350877192983
10 0.750732421875 0.11017543859649123 0.00439453125 0.015438596491228071
1 0.795166015625 0.11403508771929824 0.00341796875 0.013333333333333334
10 0.774658203125 0.12491228070175439 0.01025390625 0.005614035087719298
10 0.786865234375 0.12526315789473685 0.01025390625 0.00631578947368421
1 0.80078125 0.1343859649122807 0.00390625 0.016140350877192983
10 0.718505859375 0.13403508771929826 0.00439453125 0.014035087719298246
10 0.688232421875 0.13578947368421052 0.00341796875 0.016140350877192983
1 0.652099609375 0.14736842105263157 0.00927734375 0.005614035087719298
1 0.663818359375 0.14771929824561403 0.01123046875 0.004912280701754386
10 0.778564453125 0.1543859649122807 0.01123046875 0.007017543859649123
10 0.790283203125 0.1543859649122807 0.00927734375 0.005614035087719298
10 0.6640625 0.15543859649122807 0.0107421875 0.00631578947368421
1 0.65185546875 0.15578947368421053 0.0107421875 0.007017543859649123
1 0.77880859375 0.163859649122807 0.01171875 0.010526315789473684
1 0.65234375 0.1649122807017544 0.0126953125 0.008421052631578947
10 0.848388671875 0.16701754385964912 0.00341796875 0.015438596491228071
10 0.85400390625 0.16701754385964912 0.0048828125 0.014035087719298246
10 0.811767578125 0.16807017543859648 0.00439453125 0.014736842105263158
10 0.8173828125 0.16771929824561405 0.0048828125 0.014035087719298246
1 0.661865234375 0.16912280701754387 0.00439453125 0.015438596491228071
1 0.6669921875 0.17017543859649123 0.00390625 0.016140350877192983
1 0.664306640625 0.18140350877192982 0.01025390625 0.004912280701754386
1 0.77783203125 0.1870175438596491 0.009765625 0.004912280701754386
1 0.636962890625 0.1870175438596491 0.01025390625 0.0035087719298245615
2 0.269775390625 0.18736842105263157 0.44775390625 0.028070175438596492
10 0.87939453125 0.1880701754385965 0.0107421875 0.005614035087719298
1 0.6640625 0.18912280701754386 0.009765625 0.0077192982456140355
10 0.62646484375 0.1919298245614035 0.00390625 0.014736842105263158
1 0.64794921875 0.19228070175438597 0.009765625 0.005614035087719298
1 0.63623046875 0.19403508771929825 0.009765625 0.00631578947368421
10 0.890869140625 0.1968421052631579 0.01025390625 0.00631578947368421
10 0.664306640625 0.19894736842105262 0.00927734375 0.004912280701754386
1 0.63720703125 0.20105263157894737 0.0107421875 0.004912280701754386
10 0.891357421875 0.2073684210526316 0.01123046875 0.0077192982456140355
10 0.87939453125 0.2073684210526316 0.01171875 0.00631578947368421
10 0.6640625 0.20771929824561403 0.009765625 0.005614035087719298
1 0.65283203125 0.20912280701754385 0.009765625 0.007017543859649123
1 0.64453125 0.21263157894736842 0.0048828125 0.015438596491228071
2 0.27197265625 0.2143859649122807 0.4482421875 0.023157894736842106
10 0.89111328125 0.216140350877193 0.01171875 0.007017543859649123
1 0.65380859375 0.2168421052631579 0.0107421875 0.007017543859649123
5 0.71923828125 0.21719298245614035 0.087890625 0.12982456140350876
10 0.879638671875 0.22596491228070176 0.01025390625 0.005614035087719298
10 0.891845703125 0.23543859649122806 0.01220703125 0.00631578947368421
10 0.87939453125 0.23614035087719298 0.0107421875 0.00631578947368421
2 0.2734375 0.23964912280701756 0.4453125 0.017543859649122806
1 0.9453125 0.24105263157894738 0.00390625 0.014736842105263158
1 0.0244140625 0.24175438596491228 0.0146484375 0.009122807017543859
10 0.791259765625 0.2501754385964912 0.01025390625 0.00631578947368421
10 0.837158203125 0.25649122807017544 0.00341796875 0.014736842105263158
10 0.841796875 0.25684210526315787 0.00390625 0.014035087719298246
10 0.8525390625 0.2575438596491228 0.0048828125 0.016842105263157894
10 0.791259765625 0.26035087719298244 0.01123046875 0.007017543859649123
2 0.274169921875 0.2680701754385965 0.44775390625 0.032280701754385965
5 0.023193359375 0.2729824561403509 0.01806640625 0.02526315789473684
10 0.852783203125 0.2733333333333333 0.00341796875 0.013333333333333334
10 0.84716796875 0.2733333333333333 0.00390625 0.016140350877192983
10 0.8310546875 0.2736842105263158 0.00390625 0.014035087719298246
10 0.946044921875 0.2743859649122807 0.01123046875 0.005614035087719298
10 0.841796875 0.2743859649122807 0.00390625 0.014035087719298246
10 0.881591796875 0.028421052631578948 0.01025390625 0.0077192982456140355
10 0.947265625 0.28175438596491226 0.0126953125 0.004912280701754386
1 0.76318359375 0.028771929824561403 0.005859375 0.016842105263157894
1 0.75634765625 0.028771929824561403 0.0048828125 0.014035087719298246
10 0.93359375 0.29017543859649125 0.0107421875 0.004912280701754386
10 0.733154296875 0.29543859649122806 0.01025390625 0.007017543859649123
1 0.111572265625 0.029473684210526315 0.02099609375 0.01263157894736842
10 0.742431640625 0.2982456140350877 0.00439453125 0.014035087719298246
10 0.16259765625 0.3024561403508772 0.0048828125 0.016842105263157894
10 0.18359375 0.3024561403508772 0.0048828125 0.015438596491228071
10 0.16796875 0.3021052631578947 0.0048828125 0.014736842105263158
10 0.2490234375 0.3021052631578947 0.0048828125 0.016140350877192983
10 0.178466796875 0.3031578947368421 0.00439453125 0.015438596491228071
10 0.189208984375 0.3031578947368421 0.00439453125 0.014035087719298246
10 0.17333984375 0.3031578947368421 0.00390625 0.016842105263157894
10 0.254638671875 0.30280701754385964 0.00439453125 0.016140350877192983
10 0.23046875 0.30350877192982456 0.00390625 0.016140350877192983
1 0.750244140625 0.031228070175438598 0.00341796875 0.016140350877192983
10 0.944580078125 0.30771929824561406 0.01025390625 0.00631578947368421
1 0.044677734375 0.3087719298245614 0.03466796875 0.042105263157894736
10 0.18408203125 0.031228070175438598 0.0087890625 0.004912280701754386
10 0.733154296875 0.3119298245614035 0.01220703125 0.0077192982456140355
10 0.741455078125 0.31333333333333335 0.00439453125 0.013333333333333334
10 0.801025390625 0.316140350877193 0.00439453125 0.013333333333333334
1 0.806396484375 0.316140350877193 0.00439453125 0.016140350877192983
10 0.789794921875 0.31684210526315787 0.00341796875 0.011929824561403509
10 0.35009765625 0.31684210526315787 0.0126953125 0.009122807017543859
10 0.785400390625 0.31684210526315787 0.00439453125 0.013333333333333334
1 0.812255859375 0.31684210526315787 0.00439453125 0.014736842105263158
10 0.335205078125 0.31719298245614036 0.01123046875 0.009824561403508772
10 0.219482421875 0.3192982456140351 0.00439453125 0.018245614035087718
10 0.21240234375 0.31894736842105265 0.005859375 0.016140350877192983
10 0.3896484375 0.31894736842105265 0.005859375 0.014736842105263158
10 0.197509765625 0.3192982456140351 0.00537109375 0.016842105263157894
10 0.2041015625 0.32 0.0048828125 0.015438596491228071
10 0.225830078125 0.32 0.00439453125 0.016842105263157894
10 0.39599609375 0.32070175438596493 0.0048828125 0.016842105263157894
10 0.8955078125 0.3217543859649123 0.009765625 0.00631578947368421
10 0.169921875 0.03263157894736842 0.009765625 0.004912280701754386
10 0.741943359375 0.3294736842105263 0.00341796875 0.016140350877192983
1 0.069580078125 0.3312280701754386 0.03564453125 0.04912280701754386
12 0.931640625 0.33157894736842103 0.041015625 0.03298245614035088
10 0.896484375 0.33964912280701753 0.01171875 0.004210526315789474
5 0.5009765625 0.34350877192982454 0.01171875 0.0077192982456140355
10 0.896240234375 0.3470175438596491 0.01025390625 0.00631578947368421
1 0.104248046875 0.3543859649122807 0.03271484375 0.05894736842105263
10 0.8818359375 0.03614035087719298 0.009765625 0.00631578947368421
10 0.68359375 0.3568421052631579 0.0029296875 0.014736842105263158
10 0.604248046875 0.036491228070175435 0.01123046875 0.007017543859649123
1 0.770751953125 0.03684210526315789 0.00634765625 0.025964912280701753
10 0.68310546875 0.3743859649122807 0.0048828125 0.014736842105263158
10 0.697509765625 0.37508771929824564 0.00341796875 0.013333333333333334
10 0.701904296875 0.37508771929824564 0.00439453125 0.014736842105263158
10 0.707763671875 0.3757894736842105 0.00439453125 0.013333333333333334
10 0.184326171875 0.03929824561403509 0.01025390625 0.005614035087719298
1 0.512939453125 0.39964912280701753 0.01220703125 0.00631578947368421
5 0.032958984375 0.4 0.03271484375 0.047719298245614036
5 0.48681640625 0.4049122807017544 0.015625 0.011228070175438596
2 0.29052734375 0.04070175438596491 0.1669921875 0.042105263157894736
1 0.170166015625 0.041403508771929824 0.01220703125 0.005614035087719298
1 0.115966796875 0.041403508771929824 0.01318359375 0.005614035087719298
1 0.518310546875 0.42350877192982456 0.00439453125 0.018947368421052633
1 0.779052734375 0.04350877192982456 0.00341796875 0.014035087719298246
1 0.515625 0.4368421052631579 0.0126953125 0.00631578947368421
10 0.628173828125 0.4487719298245614 0.01123046875 0.00631578947368421
1 0.09326171875 0.4571929824561404 0.03125 0.04280701754385965
10 0.62646484375 0.45824561403508773 0.0107421875 0.005614035087719298
10 0.6171875 0.46210526315789474 0.0048828125 0.016140350877192983
1 0.173583984375 0.4652631578947368 0.02001953125 0.01263157894736842
10 0.627197265625 0.4666666666666667 0.01025390625 0.005614035087719298
10 0.626708984375 0.47333333333333333 0.01025390625 0.004912280701754386
5 0.036865234375 0.4775438596491228 0.01806640625 0.02736842105263158
10 0.878662109375 0.047719298245614036 0.00341796875 0.014035087719298246
1 0.88427734375 0.047719298245614036 0.00390625 0.015438596491228071
1 0.626708984375 0.4807017543859649 0.01025390625 0.005614035087719298
1 0.064453125 0.4807017543859649 0.03515625 0.047719298245614036
1 0.184326171875 0.048771929824561404 0.01123046875 0.0077192982456140355
10 0.627197265625 0.4884210526315789 0.01025390625 0.007017543859649123
10 0.6171875 0.4905263157894737 0.0048828125 0.016842105263157894
10 0.518798828125 0.49543859649122807 0.01123046875 0.007017543859649123
10 0.626708984375 0.496140350877193 0.01025390625 0.005614035087719298
1 0.092041015625 0.49894736842105264 0.02685546875 0.037894736842105266
10 0.626708984375 0.5056140350877193 0.01025390625 0.004912280701754386
1 0.116455078125 0.051228070175438595 0.01318359375 0.008421052631578947
10 0.617919921875 0.5129824561403509 0.00439453125 0.014035087719298246
10 0.519287109375 0.5150877192982456 0.01025390625 0.007017543859649123
10 0.5185546875 0.5231578947368422 0.009765625 0.004912280701754386
10 0.52734375 0.523859649122807 0.00390625 0.013333333333333334
10 0.617919921875 0.5287719298245614 0.00244140625 0.014736842105263158
1 0.180419921875 0.5308771929824562 0.00830078125 0.02456140350877193
10 0.517822265625 0.5312280701754386 0.01025390625 0.005614035087719298
1 0.1611328125 0.5312280701754386 0.0078125 0.023859649122807018
1 0.171142578125 0.5319298245614035 0.00634765625 0.02245614035087719
1 0.171630859375 0.05333333333333334 0.01220703125 0.005614035087719298
10 0.51708984375 0.5368421052631579 0.0087890625 0.004210526315789474