10 0.27427184466019416 0.06263048016701461 0.017337031900138695 0.012526096033402923
10 0.5915395284327323 0.11795407098121086 0.020804438280166437 0.014613778705636743
10 0.24514563106796117 0.06680584551148225 0.0062413314840499305 0.025052192066805846
10 0.2527739251040222 0.07620041753653445 0.0062413314840499305 0.025052192066805846
10 0.22676837725381416 0.07359081419624217 0.023578363384188627 0.017745302713987474
10 0.2829403606102635 0.08455114822546973 0.011095700416088766 0.029227557411273485
10 0.6522191400832178 0.1440501043841336 0.014563106796116505 0.012526096033402923
1 0.584257975034674 0.1336116910229645 0.024271844660194174 0.018789144050104383
1 0.2947295423023578 0.08820459290187892 0.013869625520110958 0.030271398747390398
10 0.6945214979195562 0.15762004175365343 0.010402219140083218 0.029227557411273485
1 0.18654646324549237 0.0824634655532359 0.013869625520110958 0.03549060542797495
10 0.6494452149791956 0.15553235908141963 0.0159500693481276 0.010438413361169102
10 0.16262135922330098 0.07881002087682672 0.010402219140083218 0.028183716075156576
10 0.17337031900138697 0.08402922755741127 0.011095700416088766 0.028183716075156576
1 0.9680998613037448 0.21242171189979123 0.023578363384188627 0.019832985386221295
5 0.5301664355062413 0.14457202505219208 0.052011095700416086 0.07828810020876827
10 0.6490984743411928 0.16649269311064718 0.016643550624133148 0.011482254697286013
5 0.6189320388349514 0.16336116910229645 0.05062413314840499 0.07620041753653445
5 0.24687933425797504 0.11169102296450939 0.04299583911234397 0.05219206680584551
1 0.3422330097087379 0.12734864300626306 0.011789181692094313 0.027139874739039668
5 0.3567961165048544 0.1304801670146138 0.0159500693481276 0.029227557411273485
1 0.0839112343966713 0.08820459290187892 0.027739251040221916 0.021920668058455117
5 0.12933425797503467 0.09603340292275574 0.04507628294036061 0.06471816283924843
10 0.2766990291262136 0.11899791231732777 0.011095700416088766 0.027139874739039668
10 0.30617198335644935 0.12369519832985386 0.010402219140083218 0.030271398747390398
1 0.16435506241331485 0.10177453027139875 0.015256588072122053 0.011482254697286013
10 0.28606102635228847 0.12108559498956159 0.009015256588072122 0.027139874739039668
10 0.2961165048543689 0.12317327766179541 0.008321775312066574 0.029227557411273485
10 0.3287101248266297 0.1289144050104384 0.009708737864077669 0.026096033402922755
1 0.16470180305131762 0.12265135699373696 0.009015256588072122 0.024008350730688934
10 0.17614424410540916 0.12526096033402923 0.008321775312066574 0.025052192066805846
10 0.18654646324549237 0.12630480167014613 0.011095700416088766 0.029227557411273485
10 0.21879334257975036 0.1393528183716075 0.010402219140083218 0.026096033402922755
1 0.4840499306518724 0.20041753653444677 0.008321775312066574 0.020876826722338204
1 0.1796116504854369 0.1534446764091858 0.02912621359223301 0.018789144050104383
1 0.18065187239944522 0.1722338204592902 0.031206657420249653 0.022964509394572025
10 0.481622746185853 0.22390396659707723 0.0076282940360610264 0.021920668058455117
1 0.4944521497919556 0.23173277661795408 0.016643550624133148 0.014613778705636743
10 0.3432732316227462 0.20876826722338204 0.016643550624133148 0.012526096033402923
1 0.460124826629681 0.23538622129436326 0.017337031900138695 0.011482254697286013
1 0.7343966712898752 0.28549060542797494 0.011095700416088766 0.030271398747390398
10 0.45943134535367547 0.24686847599164927 0.017337031900138695 0.011482254697286013
10 0.6400832177531207 0.2802713987473904 0.019417475728155338 0.015657620041753653
10 0.48717059639389737 0.26931106471816285 0.014563106796116505 0.012526096033402923
10 0.6404299583911235 0.2948851774530271 0.017337031900138695 0.011482254697286013
10 0.8675450762829403 0.33194154488517746 0.020804438280166437 0.020876826722338204
10 0.7645631067961165 0.3157620041753653 0.02565880721220527 0.024008350730688934
10 0.6397364771151179 0.3048016701461378 0.0159500693481276 0.010438413361169102
1 0.7201803051317615 0.3173277661795407 0.0159500693481276 0.012526096033402923
1 0.8210818307905686 0.3355949895615866 0.018030513176144243 0.011482254697286013
10 0.48058252427184467 0.28757828810020875 0.009708737864077669 0.021920668058455117
10 0.48994452149791956 0.2896659707724426 0.0076282940360610264 0.024008350730688934
10 0.7194868238557559 0.3288100208768267 0.014563106796116505 0.008350730688935281
10 0.6390429958391124 0.3168058455114823 0.017337031900138695 0.011482254697286013
10 0.8196948682385575 0.34603340292275575 0.015256588072122053 0.009394572025052192
10 0.6376560332871013 0.32724425887265135 0.01872399445214979 0.013569937369519834
10 0.8141470180305131 0.36116910229645094 0.023578363384188627 0.022964509394572025
10 0.7135922330097088 0.3465553235908142 0.023578363384188627 0.020876826722338204
10 0.6352288488210819 0.33820459290187893 0.015256588072122053 0.010438413361169102
5 0.7496532593619972 0.36691022964509395 0.04160887656033287 0.07411273486430063
10 0.6331484049930652 0.34916492693110646 0.016643550624133148 0.011482254697286013
5 0.8488210818307905 0.3862212943632568 0.04022191400832178 0.07933194154488518
1 0.10610263522884882 0.26826722338204595 0.02912621359223301 0.022964509394572025
1 0.7819001386962552 0.3757828810020877 0.021497919556171984 0.014613778705636743
1 0.8845353675450763 0.39196242171189977 0.024271844660194174 0.024008350730688934
10 0.1421636615811373 0.28340292275574114 0.009708737864077669 0.024008350730688934
10 0.16712898751733704 0.2870563674321503 0.008321775312066574 0.020876826722338204
10 0.17406380027739252 0.2886221294363257 0.006934812760055479 0.019832985386221295
10 0.1515256588072122 0.28549060542797494 0.009015256588072122 0.026096033402922755
10 0.6317614424410541 0.3616910229645094 0.015256588072122053 0.011482254697286013
5 0.5603328710124826 0.35386221294363257 0.13592233009708737 0.20668058455114824
1 0.7153259361997226 0.3794363256784969 0.0159500693481276 0.03653444676409186
1 0.8172676837725381 0.39613778705636743 0.013176144244105409 0.0407098121085595
5 0.3030513176144244 0.3157620041753653 0.09015256588072122 0.21816283924843424
5 0.391123439667129 0.3303757828810021 0.09015256588072122 0.2160751565762004
10 0.10090152565880721 0.2886221294363257 0.01872399445214979 0.013569937369519834
5 0.06726768377253814 0.28444676409185804 0.03744798890429958 0.06576200417536535
10 0.6328016643550625 0.3757828810020877 0.017337031900138695 0.010438413361169102
10 0.7839805825242718 0.401356993736952 0.02288488210818308 0.021920668058455117
10 0.8859223300970874 0.418580375782881 0.021497919556171984 0.020876826722338204
10 0.6310679611650486 0.3872651356993737 0.016643550624133148 0.012526096033402923
10 0.7836338418862691 0.41805845511482254 0.019417475728155338 0.017745302713987474
1 0.7111650485436893 0.4091858037578288 0.031206657420249653 0.018789144050104383
1 0.8134535367545076 0.42484342379958245 0.02912621359223301 0.020876826722338204
10 0.8848821081830791 0.4363256784968685 0.022191400832177532 0.018789144050104383
10 0.8619972260748959 0.4337160751565762 0.023578363384188627 0.019832985386221295
10 0.7600554785020804 0.418580375782881 0.022191400832177532 0.020876826722338204
10 0.11754507628294036 0.3220250521920668 0.011789181692094313 0.028183716075156576
1 0.09743411927877947 0.319937369519833 0.02288488210818308 0.019832985386221295
5 0.1501386962552011 0.33089770354906056 0.04230235783633842 0.0709812108559499
10 0.8366851595006934 0.447286012526096 0.01872399445214979 0.013569937369519834
10 0.736130374479889 0.43162839248434237 0.02011095700416089 0.015657620041753653
10 0.757628294036061 0.4352818371607516 0.01872399445214979 0.014613778705636743
10 0.858876560332871 0.4519832985386221 0.01872399445214979 0.014613778705636743
10 0.7135922330097088 0.4441544885177453 0.012482662968099861 0.032359081419624215
10 0.7007628294036061 0.4431106471816284 0.011789181692094313 0.028183716075156576
10 0.8134535367545076 0.4613778705636743 0.011095700416088766 0.031315240083507306
10 0.8027045769764216 0.45981210855949894 0.010402219140083218 0.028183716075156576
10 0.09500693481276005 0.3512526096033403 0.019417475728155338 0.015657620041753653
1 0.4303051317614424 0.4081419624217119 0.010402219140083218 0.029227557411273485
10 0.14701803051317613 0.37839248434237993 0.006934812760055479 0.024008350730688934
10 0.15464632454923716 0.3804801670146138 0.006934812760055479 0.021920668058455117
1 0.8585298196948682 0.49269311064718163 0.02912621359223301 0.06263048016701461
1 0.8332177531206657 0.48851774530271397 0.028432732316227463 0.06680584551148225
1 0.0970873786407767 0.38569937369519836 0.02912621359223301 0.024008350730688934
10 0.1539528432732316 0.3977035490605428 0.013869625520110958 0.010438413361169102
10 0.5960471567267683 0.46764091858037576 0.014563106796116505 0.012526096033402923
10 0.1393897364771151 0.39613778705636743 0.012482662968099861 0.009394572025052192
10 0.49687933425797504 0.45407098121085593 0.0076282940360610264 0.022964509394572025
1 0.11789181692094314 0.40083507306889354 0.018030513176144243 0.04592901878914405
10 0.24930651872399445 0.0026096033402922755 0.01872399445214979 0.005219206680584551
10 0.3526352288488211 0.43997912317327764 0.010402219140083218 0.026096033402922755
10 0.7038834951456311 0.4968684759916493 0.015256588072122053 0.04384133611691023
10 0.8047850208044383 0.5135699373695198 0.0159500693481276 0.03966597077244259
10 0.782246879334258 0.5104384133611691 0.016643550624133148 0.04801670146137787
10 0.4459084604715673 0.4592901878914405 0.009708737864077669 0.029227557411273485
10 0.883495145631068 0.528705636743215 0.016643550624133148 0.04488517745302714
1 0.8273231622746186 0.5297494780793319 0.027739251040221916 0.030271398747390398
1 0.13592233009708737 0.42484342379958245 0.016643550624133148 0.03966597077244259
1 0.1529126213592233 0.42954070981210857 0.017337031900138695 0.038622129436325675
10 0.4105409153952843 0.027139874739039668 0.006934812760055479 0.020876826722338204
1 0.8966712898751734 0.5678496868475992 0.018030513176144243 0.012526096033402923
10 0.4029126213592233 0.026096033402922755 0.006934812760055479 0.020876826722338204
10 0.3592233009708738 0.49373695198329853 0.016643550624133148 0.014613778705636743
5 0.03744798890429958 0.4519832985386221 0.047156726768377254 0.054279749478079335
5 0.39042995839112343 0.5083507306889353 0.047156726768377254 0.031315240083507306
10 0.42163661581137307 0.5156576200417536 0.016643550624133148 0.014613778705636743
10 0.3578363384188627 0.5099164926931107 0.016643550624133148 0.015657620041753653
10 0.5377947295423023 0.5391440501043842 0.014563106796116505 0.013569937369519834
10 0.5371012482662968 0.5506263048016702 0.014563106796116505 0.011482254697286013
10 0.4372399445214979 0.5365344467640919 0.0076282940360610264 0.022964509394572025
10 0.42857142857142855 0.5370563674321504 0.008321775312066574 0.024008350730688934
1 0.35471567267683773 0.5255741127348643 0.014563106796116505 0.013569937369519834
10 0.4160887656033287 0.5375782881002088 0.015256588072122053 0.018789144050104383
10 0.5190707350901526 0.558455114822547 0.01872399445214979 0.014613778705636743
10 0.5357142857142857 0.5610647181628392 0.013176144244105409 0.009394572025052192
10 0.4039528432732316 0.5422755741127349 0.0076282940360610264 0.019832985386221295
10 0.3897364771151179 0.5401878914405011 0.008321775312066574 0.021920668058455117
1 0.39667128987517336 0.5422755741127349 0.005547850208044383 0.017745302713987474
1 0.35436893203883496 0.5396659707724426 0.015256588072122053 0.012526096033402923
10 0.02808599167822469 0.4890396659707724 0.010402219140083218 0.026096033402922755
1 0.019070735090152564 0.48851774530271397 0.009015256588072122 0.027139874739039668
1 0.5561719833564494 0.5835073068893528 0.016643550624133148 0.014613778705636743
1 0.17891816920943135 0.5328810020876826 0.013869625520110958 0.009394572025052192
1 0.3963245492371706 0.569937369519833 0.031206657420249653 0.022964509394572025
10 0.5648404993065187 0.059498956158663886 0.0159500693481276 0.010438413361169102
5 0.26907073509015256 0.5521920668058455 0.14701803051317613 0.22129436325678498
10 0.19382801664355062 0.006784968684759917 0.009015256588072122 0.013569937369519834
1 0.7801664355062413 0.6435281837160751 0.015256588072122053 0.013569937369519834
10 0.18065187239944522 0.5537578288100209 0.0076282940360610264 0.021920668058455117
1 0.39875173370319 0.5887265135699373 0.013869625520110958 0.010438413361169102
10 0.7066574202496533 0.6383089770354906 0.018030513176144243 0.013569937369519834
10 0.17233009708737865 0.006784968684759917 0.009015256588072122 0.013569937369519834
10 0.32420249653259364 0.02348643006263048 0.0076282940360610264 0.021920668058455117
10 0.20110957004160887 0.008350730688935281 0.008321775312066574 0.016701461377870562
1 0.7780859916782247 0.6555323590814196 0.016643550624133148 0.012526096033402923
10 0.6435506241331485 0.6393528183716075 0.006934812760055479 0.026096033402922755
1 0.11858529819694869 0.5563674321503131 0.018030513176144243 0.012526096033402923
10 0.6553398058252428 0.6435281837160751 0.012482662968099861 0.024008350730688934
10 0.705617198335645 0.651356993736952 0.0159500693481276 0.014613778705636743
10 0.13973647711511789 0.5678496868475992 0.0159500693481276 0.010438413361169102
1 0.7787794729542302 0.6701461377870563 0.023578363384188627 0.018789144050104383
5 0.742371705963939 0.6649269311064718 0.04507628294036061 0.07306889352818371
10 0.16851595006934814 0.5808977035490606 0.009708737864077669 0.028183716075156576
10 0.3963245492371706 0.6216075156576201 0.014563106796116505 0.011482254697286013
10 0.43862690707350904 0.044363256784968684 0.011789181692094313 0.028183716075156576
10 0.38384188626907073 0.6242171189979123 0.0076282940360610264 0.020876826722338204
1 0.7770457697642164 0.6889352818371608 0.02011095700416089 0.018789144050104383
1 0.8120665742024965 0.6957202505219207 0.04160887656033287 0.030271398747390398
10 0.7007628294036061 0.6795407098121086 0.02011095700416089 0.016701461377870562
1 0.180998613037448 0.5970772442588727 0.012482662968099861 0.010438413361169102
10 0.39424410540915394 0.6315240083507306 0.0159500693481276 0.010438413361169102
12 0.6477115117891817 0.6722338204592901 0.024965325936199722 0.03549060542797495
5 0.481622746185853 0.6518789144050104 0.15048543689320387 0.1847599164926931
1 0.17995839112343967 0.6085594989561587 0.011789181692094313 0.010438413361169102
1 0.35610263522884883 0.03444676409185804 0.0076282940360610264 0.025052192066805846
12 0.8654646324549237 0.721294363256785 0.023578363384188627 0.04175365344467641
1 0.8446601941747572 0.7186847599164927 0.018030513176144243 0.04697286012526096
12 0.9434812760055479 0.7353862212943633 0.01872399445214979 0.04279749478079332
10 0.3814147018030513 0.6456158663883089 0.008321775312066574 0.021920668058455117
12 0.9171289875173371 0.7312108559498957 0.02288488210818308 0.038622129436325675
12 0.891123439667129 0.7275574112734864 0.024965325936199722 0.037578288100208766
1 0.17926490984743412 0.6174321503131524 0.013176144244105409 0.013569937369519834
10 0.9514563106796117 0.12839248434237996 0.008321775312066574 0.025052192066805846
10 0.2777392510402219 0.021920668058455117 0.010402219140083218 0.027139874739039668
10 0.34015256588072124 0.6477035490605428 0.0076282940360610264 0.026096033402922755
10 0.5679611650485437 0.6837160751565762 0.018030513176144243 0.014613778705636743
1 0.1796116504854369 0.6289144050104384 0.015256588072122053 0.009394572025052192
1 0.8079056865464632 0.7275574112734864 0.04576976421636616 0.031315240083507306
10 0.5131761442441054 0.060542797494780795 0.011095700416088766 0.031315240083507306
1 0.5887656033287101 0.7019832985386222 0.015256588072122053 0.011482254697286013
10 0.5683079056865464 0.6988517745302714 0.0159500693481276 0.013569937369519834
10 0.38349514563106796 0.6701461377870563 0.015256588072122053 0.012526096033402923
1 0.18585298196948682 0.6409185803757829 0.012482662968099861 0.010438413361169102
1 0.33356449375866853 0.6649269311064718 0.013869625520110958 0.012526096033402923
10 0.47815533980582525 0.05688935281837161 0.0076282940360610264 0.030271398747390398
10 0.9424410540915396 0.7651356993736952 0.020804438280166437 0.020876826722338204
1 0.19694868238557559 0.6508350730688935 0.008321775312066574 0.021920668058455117
10 0.5662274618585298 0.7118997912317327 0.01872399445214979 0.014613778705636743
1 0.36130374479889044 0.6795407098121086 0.016643550624133148 0.014613778705636743
1 0.587378640776699 0.7160751565762005 0.015256588072122053 0.010438413361169102
10 0.38245492371705964 0.6837160751565762 0.0159500693481276 0.010438413361169102
10 0.5908460471567267 0.07515657620041753 0.018030513176144243 0.016701461377870562
10 0.3092926490984743 0.6743215031315241 0.018030513176144243 0.014613778705636743
10 0.289875173370319 0.6711899791231732 0.015256588072122053 0.012526096033402923
10 0.2659500693481276 0.6680584551148225 0.0159500693481276 0.012526096033402923
1 0.17753120665742025 0.6550104384133612 0.02912621359223301 0.024008350730688934
1 0.9150485436893204 0.7713987473903967 0.02011095700416089 0.014613778705636743
10 0.21185852981969486 0.6633611691022965 0.009015256588072122 0.024008350730688934
10 0.2395977808599168 0.668580375782881 0.009015256588072122 0.026096033402922755
10 0.22191400832177532 0.6659707724425887 0.006934812760055479 0.022964509394572025
10 0.22954230235783635 0.668580375782881 0.008321775312066574 0.024008350730688934
10 0.6709431345353676 0.08872651356993737 0.017337031900138695 0.014613778705636743
10 0.3817614424410541 0.6951983298538622 0.017337031900138695 0.012526096033402923
10 0.5648404993065187 0.7244258872651357 0.017337031900138695 0.016701461377870562
1 0.10818307905686546 0.6534446764091858 0.047156726768377254 0.031315240083507306
10 0.2645631067961165 0.6784968684759917 0.017337031900138695 0.010438413361169102
5 0.6400832177531207 0.7426931106471816 0.036061026352288486 0.06784968684759916
10 0.9133148404993066 0.7875782881002088 0.022191400832177532 0.015657620041753653
5 0.6723300970873787 0.7505219206680585 0.03814147018030513 0.07724425887265135
10 0.7486130374479889 0.10177453027139875 0.017337031900138695 0.017745302713987474
10 0.4864771151178918 0.061064718162839246 0.0076282940360610264 0.024008350730688934
1 0.7201803051317615 0.0975991649269311 0.011789181692094313 0.028183716075156576
1 0.36095700416088766 0.7045929018789144 0.017337031900138695 0.012526096033402923
10 0.2787794729542302 0.6936325678496869 0.015256588072122053 0.011482254697286013
10 0.380374479889043 0.7098121085594989 0.01872399445214979 0.012526096033402923
10 0.7451456310679612 0.7708768267223383 0.0076282940360610264 0.026096033402922755
1 0.5686546463245492 0.7437369519832986 0.02912621359223301 0.026096033402922755
10 0.7253814147018031 0.7687891440501043 0.008321775312066574 0.028183716075156576
1 0.5502773925104022 0.7406054279749478 0.010402219140083218 0.021920668058455117
10 0.734743411927878 0.7698329853862212 0.0076282940360610264 0.030271398747390398
10 0.8269764216366158 0.11534446764091857 0.01872399445214979 0.021920668058455117
10 0.7149791955617198 0.7682672233820459 0.009708737864077669 0.033402922755741124
10 0.70249653259362 0.767223382045929 0.011095700416088766 0.029227557411273485
10 0.7541608876560333 0.7760960334029228 0.010402219140083218 0.032359081419624215
10 0.6934812760055479 0.7661795407098121 0.011095700416088766 0.029227557411273485
1 0.9101941747572816 0.8037578288100209 0.024271844660194174 0.020876826722338204
1 0.26144244105409153 0.7030271398747391 0.016643550624133148 0.011482254697286013
10 0.2777392510402219 0.7077244258872651 0.0159500693481276 0.012526096033402923
1 0.9008321775312067 0.12839248434237996 0.008321775312066574 0.022964509394572025
10 0.4091539528432732 0.050626304801670144 0.009708737864077669 0.024008350730688934
1 0.3869625520110957 0.7270354906054279 0.027739251040221916 0.021920668058455117
1 0.10610263522884882 0.6852818371607515 0.04576976421636616 0.03444676409185804
1 0.2326629680998613 0.7056367432150313 0.009015256588072122 0.025052192066805846
1 0.15117891816920942 0.69258872651357 0.018030513176144243 0.04697286012526096
1 0.17371705963938974 0.697286012526096 0.028432732316227463 0.027139874739039668
5 0.9483356449375867 0.8215031315240083 0.049237170596393896 0.05010438413361169
5 0.8522884882108183 0.8110647181628392 0.047156726768377254 0.09603340292275574
10 0.11719833564493759 0.005741127348643006 0.016643550624133148 0.011482254697286013
10 0.3997919556171983 0.050626304801670144 0.0076282940360610264 0.024008350730688934
10 0.44001386962552014 0.7531315240083507 0.009015256588072122 0.026096033402922755
10 0.48751733703190014 0.7625260960334029 0.008321775312066574 0.024008350730688934
10 0.9074202496532594 0.8293319415448852 0.02011095700416089 0.015657620041753653
10 0.4306518723994452 0.7546972860125261 0.006934812760055479 0.025052192066805846
10 0.507628294036061 0.7661795407098121 0.009708737864077669 0.022964509394572025
10 0.5242718446601942 0.7693110647181628 0.008321775312066574 0.022964509394572025
10 0.4223300970873786 0.7531315240083507 0.008321775312066574 0.030271398747390398
10 0.4486823855755895 0.7578288100208769 0.006934812760055479 0.027139874739039668
10 0.5162968099861304 0.7682672233820459 0.009015256588072122 0.025052192066805846
10 0.5325936199722607 0.7708768267223383 0.008321775312066574 0.026096033402922755
10 0.49687933425797504 0.7656576200417536 0.011789181692094313 0.028183716075156576
10 0.4798890429958391 0.7635699373695198 0.008321775312066574 0.024008350730688934
10 0.47156726768377255 0.7620041753653445 0.008321775312066574 0.022964509394572025
1 0.5516643550624133 0.7797494780793319 0.014563106796116505 0.04384133611691023
10 0.19694868238557559 0.020876826722338204 0.015256588072122053 0.010438413361169102
1 0.9077669902912622 0.843945720250522 0.019417475728155338 0.011482254697286013
1 0.0891123439667129 0.7150313152400835 0.014563106796116505 0.037578288100208766
1 0.10263522884882108 0.7165970772442589 0.015256588072122053 0.038622129436325675
10 0.31865464632454926 0.7510438413361169 0.010402219140083218 0.021920668058455117
10 0.3193481276005548 0.7520876826722338 0.010402219140083218 0.026096033402922755
10 0.35124826629681 0.7588726513569938 0.010402219140083218 0.027139874739039668
10 0.35957004160887657 0.7609603340292276 0.0076282940360610264 0.025052192066805846
10 0.3658113730929265 0.7630480167014614 0.0076282940360610264 0.027139874739039668
10 0.25832177531206657 0.7473903966597077 0.010402219140083218 0.029227557411273485
10 0.2829403606102635 0.7505219206680585 0.009708737864077669 0.025052192066805846
10 0.37586685159500693 0.7656576200417536 0.008321775312066574 0.024008350730688934
10 0.39042995839112343 0.7682672233820459 0.009708737864077669 0.027139874739039668
10 0.2749653259361997 0.7505219206680585 0.0076282940360610264 0.025052192066805846
10 0.2673370319001387 0.7494780793319415 0.0076282940360610264 0.025052192066805846
1 0.9348127600554785 0.8564718162839249 0.023578363384188627 0.019832985386221295
1 0.4774618585298197 0.7927974947807933 0.009015256588072122 0.026096033402922755
1 0.4268377253814147 0.7849686847599165 0.014563106796116505 0.033402922755741124
10 0.5624133148404993 0.08037578288100208 0.018030513176144243 0.014613778705636743
1 0.5121359223300971 0.8001043841336117 0.010402219140083218 0.028183716075156576
1 0.49687933425797504 0.7985386221294363 0.013176144244105409 0.027139874739039668
1 0.5305131761442441 0.8037578288100209 0.011095700416088766 0.022964509394572025
1 0.4459084604715673 0.7907098121085595 0.012482662968099861 0.028183716075156576
1 0.6407766990291263 0.8262004175365344 0.0319001386962552 0.024008350730688934
10 0.930998613037448 0.8721294363256785 0.02011095700416089 0.015657620041753653
1 0.6695561719833565 0.8329853862212944 0.02565880721220527 0.022964509394572025
1 0.2992371705963939 0.7781837160751566 0.0076282940360610264 0.026096033402922755
1 0.14112343966712898 0.761482254697286 0.0076282940360610264 0.024008350730688934
10 0.13349514563106796 0.7609603340292276 0.0076282940360610264 0.025052192066805846
10 0.12343966712898752 0.7599164926931107 0.008321775312066574 0.025052192066805846
1 0.573509015256588 0.8319415448851775 0.022191400832177532 0.018789144050104383
1 0.5221914008321775 0.8251565762004175 0.016643550624133148 0.013569937369519834
1 0.2763522884882108 0.7886221294363257 0.009015256588072122 0.024008350730688934
10 0.2687239944521498 0.7875782881002088 0.009015256588072122 0.024008350730688934
1 0.24930651872399445 0.785490605427975 0.01872399445214979 0.013569937369519834
1 0.3210818307905687 0.7974947807933194 0.022191400832177532 0.018789144050104383
1 0.4303051317614424 0.8262004175365344 0.009015256588072122 0.026096033402922755
10 0.1650485436893204 0.784446764091858 0.015256588072122053 0.011482254697286013
10 0.2021497919556172 0.7901878914405011 0.013176144244105409 0.012526096033402923
10 0.14875173370319 0.7823590814196242 0.0159500693481276 0.009394572025052192
1 0.9403606102635229 0.9112734864300627 0.047156726768377254 0.033402922755741124
10 0.32142857142857145 0.048538622129436326 0.009015256588072122 0.024008350730688934
1 0.08460471567267684 0.8105427974947808 0.018030513176144243 0.049060542797494784
1 0.14008321775312066 0.024530271398747392 0.015256588072122053 0.011482254697286013
10 0.9486823855755895 0.1544885177453027 0.009708737864077669 0.025052192066805846
2 0.4684466019417476 0.9039665970772442 0.45561719833564496 0.18997912317327767
2 0.19486823855755894 0.8830897703549061 0.10540915395284327 0.1544885177453027
2 0.05166435506241331 0.8830897703549061 0.06449375866851595 0.10438413361169102
1 0.23717059639389737 0.05010438413361169 0.013869625520110958 0.033402922755741124