1 0.8078470824949698 0.12763320941759604 0.008718980549966466 0.02973977695167286
10 0.7256874580818243 0.1294919454770756 0.00670690811535882 0.028500619578686492
1 0.7709590878604963 0.13011152416356878 0.007377598926894702 0.02973977695167286
10 0.2602280348759222 0.13011152416356878 0.014755197853789403 0.009913258983890954
1 0.7340710932260228 0.13073110285006195 0.007377598926894702 0.030978934324659233
10 0.1727028839704896 0.137546468401487 0.007377598926894702 0.02973977695167286
1 0.1643192488262911 0.13878562577447337 0.008048289738430584 0.02973977695167286
1 0.004694835680751174 0.14374225526641884 0.00670690811535882 0.02973977695167286
10 0.2250167672702884 0.14374225526641884 0.014084507042253521 0.01734820322180917
10 0.0875251509054326 0.14684014869888476 0.015425888665325285 0.013630731102850062
1 0.1170355466130114 0.14807930607187111 0.01676727028839705 0.013630731102850062
1 0.8088531187122736 0.1691449814126394 0.00670690811535882 0.030978934324659233
1 0.7716297786720322 0.17038413878562578 0.007377598926894702 0.028500619578686492
1 0.7340710932260228 0.17100371747211895 0.007377598926894702 0.02973977695167286
2 0.9154929577464789 0.17410161090458487 0.14621059691482227 0.34820322180916974
1 0.8091884641180416 0.2100371747211896 0.006036217303822937 0.028500619578686492
1 0.7719651240778002 0.21065675340768278 0.00670690811535882 0.02973977695167286
10 0.20657276995305165 0.2137546468401487 0.01341381623071764 0.013630731102850062
5 0.07042253521126761 0.24039653035935563 0.13145539906103287 0.13135068153655513
10 0.2069081153588196 0.26827757125154894 0.014084507042253521 0.013630731102850062
10 0.8319919517102615 0.2707558859975217 0.007377598926894702 0.028500619578686492
10 0.7981220657276995 0.27137546468401486 0.00670690811535882 0.027261462205700124
12 0.7769953051643192 0.2732342007434944 0.022132796780684104 0.03593556381660471
12 0.817907444668008 0.2732342007434944 0.02079141515761234 0.03345724907063197
10 0.7461435278336687 0.27447335811648077 0.007377598926894702 0.028500619578686492
10 0.7602280348759222 0.2757125154894672 0.007377598926894702 0.030978934324659233
10 0.8319919517102615 0.30545229244114 0.008718980549966466 0.028500619578686492
10 0.7991281019450034 0.3066914498141264 0.007377598926894702 0.028500619578686492
12 0.8172367538564722 0.3066914498141264 0.022132796780684104 0.03345724907063197
10 0.761234071093226 0.30793060718711274 0.008048289738430584 0.030978934324659233
10 0.7464788732394366 0.30916976456009915 0.008048289738430584 0.030978934324659233
12 0.7769953051643192 0.3097893432465923 0.022132796780684104 0.0322180916976456
10 0.09221998658618377 0.32589838909541513 0.015425888665325285 0.012391573729863693
1 0.11770623742454728 0.3271375464684015 0.014084507042253521 0.009913258983890954
10 0.05499664654594232 0.32899628252788105 0.01609657947686117 0.0161090458488228
10 0.6693494299128102 0.3302354399008674 0.01609657947686117 0.011152416356877323
1 0.8118712273641852 0.3333333333333333 0.018108651911468814 0.01486988847583643
1 0.7914151576123407 0.3339529120198265 0.017437961099932932 0.0161090458488228
10 0.6686787391012743 0.34572490706319703 0.01341381623071764 0.012391573729863693
1 0.8558014755197854 0.36617100371747213 0.01609657947686117 0.011152416356877323
1 0.06639839034205232 0.37298636926889717 0.01341381623071764 0.012391573729863693
1 0.08417169684775319 0.3736059479553903 0.01676727028839705 0.013630731102850062
1 0.8558014755197854 0.38042131350681535 0.014755197853789403 0.01486988847583643
10 0.08584842387659289 0.38909541511771994 0.01609657947686117 0.012391573729863693
10 0.0670690811535882 0.38971499380421315 0.014755197853789403 0.013630731102850062
1 0.6237424547283702 0.3946716232961586 0.01609657947686117 0.013630731102850062
1 0.8554661301140174 0.3952912019826518 0.01676727028839705 0.012391573729863693
1 0.7924211938296445 0.395910780669145 0.015425888665325285 0.0161090458488228
1 0.8108651911468813 0.3952912019826518 0.014755197853789403 0.01486988847583643
1 0.8561368209255533 0.4070631970260223 0.018108651911468814 0.011152416356877323
5 0.6613011401743796 0.41759603469640644 0.042924211938296444 0.12391573729863693
10 0.6995305164319249 0.43308550185873607 0.01609657947686117 0.013630731102850062
1 0.8001341381623072 0.436183395291202 0.01609657947686117 0.012391573729863693
10 0.7448021462105969 0.44052044609665425 0.01676727028839705 0.0161090458488228
1 0.007377598926894702 0.44671623296158613 0.008048289738430584 0.026022304832713755
1 0.6998658618376928 0.4473358116480793 0.015425888665325285 0.01486988847583643
1 0.11971830985915492 0.4479553903345725 0.015425888665325285 0.011152416356877323
10 0.20858484238765929 0.4485749690210657 0.014755197853789403 0.012391573729863693
10 0.09356136820925554 0.4516728624535316 0.01676727028839705 0.013630731102850062
1 0.7749832327297116 0.45786864931846344 0.01676727028839705 0.0161090458488228
1 0.756203890006707 0.45848822800495664 0.014084507042253521 0.012391573729863693
1 0.6998658618376928 0.46158612143742256 0.015425888665325285 0.011152416356877323
1 0.6116700201207244 0.4684014869888476 0.01609657947686117 0.01734820322180917
10 0.6294433266264252 0.46964064436183395 0.01676727028839705 0.01734820322180917
10 0.6998658618376928 0.4739776951672863 0.015425888665325285 0.011152416356877323
1 0.8001341381623072 0.4770755885997522 0.017437961099932932 0.01486988847583643
10 0.7448021462105969 0.48141263940520446 0.01676727028839705 0.013630731102850062
1 0.7743125419181757 0.5006195786864932 0.01676727028839705 0.01486988847583643
1 0.755868544600939 0.5006195786864932 0.017437961099932932 0.01734820322180917
10 0.6998658618376928 0.5018587360594795 0.015425888665325285 0.012391573729863693
10 0.20724346076458752 0.5012391573729864 0.01609657947686117 0.011152416356877323
10 0.6998658618376928 0.516728624535316 0.015425888665325285 0.012391573729863693
10 0.7451374916163649 0.5204460966542751 0.017437961099932932 0.01486988847583643
1 0.801140174379611 0.5210656753407683 0.01676727028839705 0.013630731102850062
5 0.07142857142857142 0.540272614622057 0.13212608987256874 0.12639405204460966
1 0.7736418511066399 0.540272614622057 0.01676727028839705 0.01734820322180917
1 0.755868544600939 0.5408921933085502 0.01609657947686117 0.0161090458488228
10 0.8490945674044266 0.5452292441140025 0.01609657947686117 0.012391573729863693
10 0.21629778672032193 0.5489467162329615 0.01676727028839705 0.01486988847583643
10 0.8494299128101945 0.5588599752168525 0.014084507042253521 0.012391573729863693
10 0.2169684775318578 0.563816604708798 0.015425888665325285 0.012391573729863693
10 0.8501006036217303 0.5731102850061958 0.014084507042253521 0.011152416356877323
10 0.21730382293762576 0.5780669144981413 0.014755197853789403 0.013630731102850062
10 0.8504359490274983 0.5867410161090458 0.014755197853789403 0.011152416356877323
2 0.9349429912810194 0.5910780669144982 0.12877263581488935 0.40644361833952913
10 0.2169684775318578 0.5916976456009914 0.014084507042253521 0.013630731102850062
10 0.8276324614352784 0.5923172242874845 0.01609657947686117 0.012391573729863693
10 0.5519785378940308 0.5947955390334573 0.0053655264922870555 0.024783147459727387
10 0.5446009389671361 0.5947955390334573 0.0053655264922870555 0.024783147459727387
10 0.5372233400402414 0.5966542750929368 0.0053655264922870555 0.026022304832713755
5 0.6113346747149564 0.6016109045848823 0.06773977196512408 0.14993804213135067
10 0.8276324614352784 0.6078066914498141 0.01609657947686117 0.011152416356877323
12 0.8501006036217303 0.6158612143742255 0.022132796780684104 0.02973977695167286
10 0.8276324614352784 0.620817843866171 0.01341381623071764 0.012391573729863693
1 0.12038900067069082 0.6282527881040892 0.014084507042253521 0.012391573729863693
10 0.5529845741113347 0.6301115241635687 0.006036217303822937 0.026022304832713755
10 0.09087860496311201 0.6301115241635687 0.015425888665325285 0.011152416356877323
10 0.5231388329979879 0.630731102850062 0.0053655264922870555 0.027261462205700124
10 0.5449362843729041 0.630731102850062 0.007377598926894702 0.027261462205700124
10 0.5080482897384306 0.6301115241635687 0.006036217303822937 0.026022304832713755
10 0.5372233400402414 0.6313506815365552 0.0053655264922870555 0.026022304832713755
1 0.07176391683433937 0.6313506815365552 0.014755197853789403 0.013630731102850062
10 0.49966465459423204 0.6313506815365552 0.00670690811535882 0.028500619578686492
10 0.5147551978537894 0.6313506815365552 0.004694835680751174 0.026022304832713755
10 0.03822937625754527 0.6363073110285006 0.0053655264922870555 0.026022304832713755
1 0.0539906103286385 0.6363073110285006 0.004694835680751174 0.026022304832713755
10 0.04594232059020791 0.6369268897149938 0.006036217303822937 0.02973977695167286
1 0.03085177733065057 0.6381660470879802 0.0053655264922870555 0.027261462205700124
1 0.023474178403755867 0.6394052044609665 0.00670690811535882 0.027261462205700124
10 0.8289738430583501 0.6412639405204461 0.01609657947686117 0.013630731102850062
10 0.8504359490274983 0.6418835192069393 0.014755197853789403 0.01486988847583643
10 0.8098591549295775 0.644361833952912 0.015425888665325285 0.01486988847583643
10 0.8514419852448022 0.6573729863692689 0.015425888665325285 0.011152416356877323
10 0.8279678068410463 0.6579925650557621 0.01676727028839705 0.01486988847583643
1 0.1841046277665996 0.6747211895910781 0.015425888665325285 0.013630731102850062
12 0.8507712944332663 0.684634448574969 0.022132796780684104 0.030978934324659233
1 0.7032193158953722 0.7019826517967782 0.01676727028839705 0.013630731102850062
10 0.85177733065057 0.711276332094176 0.017437961099932932 0.01486988847583643
10 0.7203219315895373 0.7143742255266419 0.014755197853789403 0.011152416356877323
1 0.7035546613011402 0.7156133828996283 0.014755197853789403 0.011152416356877323
10 0.721327967806841 0.7273853779429987 0.014084507042253521 0.012391573729863693
10 0.7022132796780685 0.7304832713754646 0.014755197853789403 0.011152416356877323
10 0.8514419852448022 0.7311028500619579 0.015425888665325285 0.012391573729863693
5 0.7806841046277666 0.734820322180917 0.05499664654594232 0.061957868649318466
10 0.7206572769953051 0.7434944237918215 0.014084507042253521 0.009913258983890954
10 0.7028839704896043 0.7434944237918215 0.01609657947686117 0.009913258983890954
10 0.852448021462106 0.7521685254027262 0.01609657947686117 0.01486988847583643
10 0.7028839704896043 0.7558859975216853 0.01609657947686117 0.012391573729863693
10 0.721327967806841 0.7552664188351921 0.014084507042253521 0.008674101610904586
1 0.5610328638497653 0.7682775712515489 0.015425888665325285 0.01486988847583643
10 0.7206572769953051 0.7682775712515489 0.015425888665325285 0.012391573729863693
10 0.7032193158953722 0.7707558859975217 0.015425888665325285 0.012391573729863693
10 0.852112676056338 0.7726146220570013 0.01676727028839705 0.013630731102850062
10 0.721327967806841 0.7837670384138785 0.014084507042253521 0.011152416356877323
10 0.7035546613011402 0.7856257744733581 0.014755197853789403 0.009913258983890954
1 0.5610328638497653 0.788723667905824 0.015425888665325285 0.013630731102850062
1 0.4785378940308518 0.7905824039653035 0.008718980549966466 0.027261462205700124
10 0.852112676056338 0.7936802973977695 0.01676727028839705 0.013630731102850062
5 0.08383635144198524 0.7936802973977695 0.10328638497652583 0.12019826517967781
10 0.7209926224010731 0.7967781908302355 0.01341381623071764 0.009913258983890954
1 0.21562709590878604 0.7973977695167286 0.007377598926894702 0.030978934324659233
1 0.20321931589537223 0.7973977695167286 0.00670690811535882 0.028500619578686492
10 0.7032193158953722 0.7992565055762082 0.015425888665325285 0.012391573729863693
10 0.7209926224010731 0.8110285006195787 0.014755197853789403 0.011152416356877323
10 0.7032193158953722 0.8116480793060719 0.015425888665325285 0.012391573729863693
10 0.7035546613011402 0.8258983890954151 0.01609657947686117 0.011152416356877323
10 0.721998658618377 0.8258983890954151 0.014084507042253521 0.013630731102850062
1 0.528504359490275 0.8308550185873605 0.01609657947686117 0.01858736059479554
10 0.47920858484238765 0.8333333333333334 0.008718980549966466 0.028500619578686492
10 0.21462105969148224 0.838909541511772 0.00670690811535882 0.024783147459727387
10 0.7223340040241448 0.8395291201982652 0.014755197853789403 0.011152416356877323
10 0.7028839704896043 0.8407682775712515 0.017437961099932932 0.013630731102850062
1 0.35378940308517776 0.8420074349442379 0.007377598926894702 0.030978934324659233
10 0.3457411133467472 0.8432465923172243 0.006036217303822937 0.028500619578686492
10 0.721998658618377 0.8531598513011153 0.015425888665325285 0.011152416356877323
10 0.704225352112676 0.8543990086741016 0.014755197853789403 0.011152416356877323
10 0.38329979879275655 0.8550185873605948 0.007377598926894702 0.027261462205700124
10 0.3118712273641851 0.8574969021065675 0.008048289738430584 0.02973977695167286
1 0.47920858484238765 0.8649318463444857 0.006036217303822937 0.027261462205700124
10 0.7028839704896043 0.8655514250309789 0.014755197853789403 0.011152416356877323
1 0.7223340040241448 0.8655514250309789 0.014755197853789403 0.011152416356877323
5 0.7813547954393025 0.8748451053283767 0.05365526492287056 0.05947955390334572
5 0.431924882629108 0.8754646840148699 0.07780013413816231 0.241635687732342
1 0.34507042253521125 0.8767038413878563 0.007377598926894702 0.026022304832713755
10 0.3534540576794098 0.8767038413878563 0.00670690811535882 0.030978934324659233
1 0.7038900067069082 0.8810408921933085 0.01676727028839705 0.012391573729863693
5 0.26291079812206575 0.8798017348203222 0.07645875251509054 0.2379182156133829
2 0.9158283031522468 0.8884758364312267 0.0892018779342723 0.14869888475836432
1 0.4842387659289068 0.9008674101610905 0.01609657947686117 0.012391573729863693
1 0.8571428571428571 0.9039653035935564 0.01609657947686117 0.011152416356877323
10 0.31287726358148893 0.9064436183395291 0.008718980549966466 0.03345724907063197
1 0.5016767270288397 0.9132589838909542 0.01609657947686117 0.012391573729863693
10 0.4842387659289068 0.9138785625774474 0.01609657947686117 0.013630731102850062
1 0.8571428571428571 0.9200743494423792 0.01609657947686117 0.013630731102850062
10 0.4842387659289068 0.926270136307311 0.017437961099932932 0.013630731102850062
1 0.4845741113346747 0.942998760842627 0.015425888665325285 0.012391573729863693
10 0.8531187122736419 0.9591078066914498 0.01609657947686117 0.012391573729863693
10 0.8718980549966465 0.9714993804213135 0.01609657947686117 0.012391573729863693
10 0.8537894030851777 0.9745972738537795 0.01609657947686117 0.013630731102850062
10 0.8735747820254862 0.9851301115241635 0.018108651911468814 0.012391573729863693
1 0.3796109993293092 0.9913258983890955 0.017437961099932932 0.01486988847583643
1 0.3175720992622401 0.993184634448575 0.01676727028839705 0.013630731102850062
1 0.21260898725687458 0.9925650557620818 0.01609657947686117 0.012391573729863693
10 0.4399731723675386 0.10842627013630732 0.01609657947686117 0.013630731102850062
1 0.4922870556673374 0.11462205700123916 0.00670690811535882 0.028500619578686492
10 0.5 0.11586121437422553 0.007377598926894702 0.030978934324659233
10 0.3843058350100604 0.11833952912019827 0.00670690811535882 0.028500619578686492
10 0.37256874580818244 0.11895910780669144 0.01006036217303823 0.02973977695167286
10 0.3319919517102616 0.12143742255266418 0.009389671361502348 0.02973977695167286
10 0.32360831656606304 0.12143742255266418 0.008718980549966466 0.0322180916976456