1 0.6776470588235294 0.8539709649871904 0.01568627450980392 0.02220324508966695
1 0.5196078431372549 0.8569598633646456 0.011764705882352941 0.02305721605465414
1 0.5352941176470588 0.8578138343296328 0.013333333333333334 0.01964133219470538
1 0.5058823529411764 0.8582408198121264 0.01411764705882353 0.02220324508966695
1 0.22862745098039217 0.85866780529462 0.011764705882352941 0.02305721605465414
1 0.17568627450980392 0.8603757472245943 0.009411764705882352 0.02305721605465414
1 0.21333333333333335 0.860802732707088 0.009411764705882352 0.02391118701964133
1 0.30666666666666664 0.8612297181895816 0.012549019607843137 0.01964133219470538
1 0.14588235294117646 0.8616567036720751 0.012549019607843137 0.02391118701964133
1 0.3403921568627451 0.8625106746370623 0.010980392156862745 0.02391118701964133
1 0.5823529411764706 0.8774551665243382 0.0196078431372549 0.017933390264730998
1 0.5603921568627451 0.8783091374893254 0.022745098039215685 0.016225448334756618
1 0.3129411764705882 0.9094790777113578 0.03607843137254902 0.04611443210930828
1 0.21333333333333335 0.9116140051238258 0.03764705882352941 0.04696840307429547
1 0.15803921568627452 0.9120409906063194 0.04 0.05294619982920581
5 0.3686274509803922 0.9248505550811272 0.06274509803921569 0.059777967549103334
1 0.41411764705882353 0.946199829205807 0.023529411764705882 0.017079419299743808
5 0.06941176470588235 0.39666951323655 0.04470588235294118 0.05721605465414176
1 0.08509803921568627 0.4372331340734415 0.011764705882352941 0.02220324508966695
1 0.05568627450980392 0.4372331340734415 0.012549019607843137 0.02220324508966695
1 0.06823529411764706 0.4705380017079419 0.0407843137254902 0.04099060631938514
10 0.5741176470588235 0.5311699402220325 0.012549019607843137 0.027327070879590094
10 0.5211764705882352 0.5392826643894107 0.005490196078431373 0.016225448334756618
10 0.5356862745098039 0.5405636208368916 0.010980392156862745 0.015371477369769428
10 0.4592156862745098 0.5409906063193851 0.007058823529411765 0.01964133219470538
1 0.40431372549019606 0.5418445772843723 0.013333333333333334 0.01964133219470538
10 0.44666666666666666 0.5422715627668659 0.005490196078431373 0.017079419299743808
10 0.5094117647058823 0.5431255337318531 0.013333333333333334 0.02220324508966695
10 0.5537254901960784 0.5431255337318531 0.012549019607843137 0.018787361229718188
1 0.4972549019607843 0.5435525192143467 0.012549019607843137 0.02305721605465414
1 0.43098039215686273 0.5435525192143467 0.013333333333333334 0.02134927412467976
1 0.47372549019607846 0.5456874466268147 0.012549019607843137 0.025619128949615714
1 0.5729411764705883 0.5623398804440649 0.011764705882352941 0.01964133219470538
1 0.5407843137254902 0.5623398804440649 0.021176470588235293 0.011101622544833475
10 0.6137254901960785 0.5683176771989752 0.011764705882352941 0.02134927412467976
10 0.05725490196078432 0.5691716481639624 0.012549019607843137 0.02134927412467976
1 0.24745098039215685 0.5708795900939369 0.013333333333333334 0.02305721605465414
1 0.7023529411764706 0.5708795900939369 0.01019607843137255 0.02305721605465414
10 0.6901960784313725 0.5708795900939369 0.009411764705882352 0.01964133219470538
1 0.07294117647058823 0.5708795900939369 0.01411764705882353 0.02305721605465414
1 0.6580392156862745 0.5708795900939369 0.00784313725490196 0.01964133219470538
10 0.6752941176470588 0.571733561058924 0.017254901960784313 0.02305721605465414
1 0.27176470588235296 0.5721605465414176 0.021176470588235293 0.02220324508966695
1 0.18627450980392157 0.5725875320239112 0.01019607843137255 0.02305721605465414
10 0.09137254901960784 0.5841161400512382 0.01019607843137255 0.02049530315969257
10 0.13215686274509805 0.5926558497011102 0.011764705882352941 0.018787361229718188
10 0.09333333333333334 0.6058923996584116 0.009411764705882352 0.017933390264730998
1 0.39647058823529413 0.6110162254483348 0.01803921568627451 0.014517506404782237
10 0.6058823529411764 0.6174210076857387 0.014901960784313726 0.027327070879590094
10 0.6196078431372549 0.6178479931682322 0.01568627450980392 0.024765157984628524
10 0.5901960784313726 0.6195559350982066 0.01019607843137255 0.026473099914602904
10 0.13294117647058823 0.6268146883005978 0.011764705882352941 0.02391118701964133
1 0.09294117647058824 0.6315115286080273 0.013333333333333334 0.024765157984628524
10 0.6952941176470588 0.6323654995730145 0.01647058823529412 0.014517506404782237
10 0.6694117647058824 0.6336464560204953 0.021176470588235293 0.010247651579846286
10 0.6207843137254901 0.6421861656703672 0.011764705882352941 0.027327070879590094
10 0.5141176470588236 0.643467122117848 0.01019607843137255 0.02134927412467976
10 0.6050980392156863 0.6438941076003416 0.011764705882352941 0.02391118701964133
10 0.5635294117647058 0.643467122117848 0.013333333333333334 0.01964133219470538
1 0.6345098039215686 0.643467122117848 0.010980392156862745 0.016225448334756618
10 0.5423529411764706 0.6438941076003416 0.013333333333333334 0.017079419299743808
10 0.5925490196078431 0.6443210930828351 0.011764705882352941 0.02134927412467976
10 0.5780392156862745 0.6443210930828351 0.010980392156862745 0.01964133219470538
1 0.39450980392156865 0.6485909479077712 0.018823529411764704 0.014517506404782237
10 0.6964705882352941 0.6481639624252775 0.0203921568627451 0.011955593509820665
10 0.4717647058823529 0.6498719043552519 0.01803921568627451 0.008539709649871904
10 0.11960784313725491 0.6507258753202391 0.0196078431372549 0.013663535439795047
1 0.6686274509803921 0.6511528608027327 0.0196078431372549 0.009393680614859094
1 0.09725490196078432 0.6511528608027327 0.023529411764705882 0.014517506404782237
1 0.14 0.6511528608027327 0.0196078431372549 0.014517506404782237
10 0.6956862745098039 0.6618274978650726 0.017254901960784313 0.013663535439795047
1 0.1396078431372549 0.6652433817250214 0.0203921568627451 0.018787361229718188
10 0.4725490196078431 0.6660973526900086 0.0196078431372549 0.013663535439795047
1 0.09725490196078432 0.6660973526900086 0.023529411764705882 0.015371477369769428
10 0.11843137254901961 0.6686592655849701 0.018823529411764704 0.010247651579846286
10 0.47333333333333333 0.6806148590947908 0.021176470588235293 0.011955593509820665
10 0.1188235294117647 0.6844577284372332 0.014901960784313726 0.016225448334756618
1 0.09803921568627451 0.6861656703672075 0.023529411764705882 0.016225448334756618
1 0.8627450980392157 0.701537147736977 0.012549019607843137 0.024765157984628524
10 0.11764705882352941 0.703672075149445 0.0203921568627451 0.011955593509820665
1 0.09843137254901961 0.7045260461144321 0.0196078431372549 0.011955593509820665
1 0.3976470588235294 0.7058070025619129 0.023529411764705882 0.011101622544833475
5 0.26784313725490194 0.7083689154568744 0.23607843137254902 0.2519214346712212
1 0.8878431372549019 0.7100768573868489 0.03137254901960784 0.04355251921434671
10 0.47372549019607846 0.7190435525192144 0.018823529411764704 0.011955593509820665
10 0.8427450980392157 0.7216054654141759 0.013333333333333334 0.02391118701964133
1 0.09843137254901961 0.7211784799316823 0.0196078431372549 0.014517506404782237
10 0.1188235294117647 0.7233134073441503 0.01803921568627451 0.015371477369769428
1 0.09843137254901961 0.737403928266439 0.0196078431372549 0.012809564474807857
10 0.1380392156862745 0.740392826643894 0.0203921568627451 0.013663535439795047
10 0.8423529411764706 0.7459436379163108 0.012549019607843137 0.02305721605465414
1 0.47215686274509805 0.7463706233988044 0.02196078431372549 0.017079419299743808
5 0.5772549019607843 0.751067463706234 0.16156862745098038 0.17506404782237403
1 0.3949019607843137 0.7540563620836892 0.021176470588235293 0.015371477369769428
1 0.1380392156862745 0.7557643040136636 0.017254901960784313 0.013663535439795047
10 0.09725490196078432 0.7566182749786508 0.017254901960784313 0.011955593509820665
1 0.8650980392156863 0.7856532877882152 0.01568627450980392 0.02391118701964133
10 0.7694117647058824 0.8010247651579846 0.02196078431372549 0.011955593509820665
10 0.7686274509803922 0.8172502134927413 0.02196078431372549 0.015371477369769428
10 0.7894117647058824 0.8168232280102476 0.021176470588235293 0.012809564474807857
5 0.42705882352941177 0.8219470538001707 0.07764705882352942 0.06404782237403928
10 0.8345098039215686 0.8296327924850555 0.010980392156862745 0.02134927412467976
1 0.847843137254902 0.8296327924850555 0.012549019607843137 0.02305721605465414
1 0.8623529411764705 0.8300597779675492 0.01019607843137255 0.02220324508966695
1 0.4768627450980392 0.8373185311699403 0.012549019607843137 0.01964133219470538
1 0.8870588235294118 0.8424423569598634 0.02823529411764706 0.04013663535439795