1 0.6179635761589404 0.8986486486486487 0.020695364238410598 0.026126126126126126
1 0.45364238410596025 0.8639639639639639 0.016556291390728478 0.02702702702702703
1 0.46978476821192056 0.8684684684684685 0.0173841059602649 0.023423423423423424
1 0.43915562913907286 0.8617117117117117 0.01903973509933775 0.026126126126126126
1 0.15314569536423842 0.7963963963963964 0.016556291390728478 0.02702702702702703
1 0.09850993377483444 0.786036036036036 0.014900662251655629 0.026126126126126126
1 0.13658940397350994 0.7945945945945946 0.014900662251655629 0.02702702702702703
1 0.2326158940397351 0.8171171171171171 0.016556291390728478 0.023423423423423424
1 0.06746688741721854 0.7797297297297298 0.0173841059602649 0.027927927927927927
1 0.2677980132450331 0.827027027027027 0.015728476821192054 0.02702702702702703
1 0.5144867549668874 0.9009009009009009 0.024006622516556293 0.023423423423423424
1 0.4925496688741722 0.8959459459459459 0.026490066225165563 0.02252252252252252
1 0.23013245033112584 0.8684684684684685 0.046357615894039736 0.055855855855855854
1 0.12706953642384106 0.8468468468468469 0.048841059602649006 0.05765765765765766
1 0.06995033112582781 0.8337837837837838 0.052152317880794705 0.06396396396396396
5 0.285182119205298 0.8986486486486487 0.07698675496688742 0.07657657657657657
1 0.3265728476821192 0.9306306306306307 0.027317880794701987 0.023423423423423424
5 0.08153973509933775 0.28153153153153154 0.057119205298013245 0.06936936936936937
1 0.0902317880794702 0.327027027027027 0.016556291390728478 0.025225225225225224
1 0.06001655629139073 0.3202702702702703 0.0173841059602649 0.026126126126126126
1 0.06663907284768211 0.3572072072072072 0.050496688741721855 0.051351351351351354
10 0.5761589403973509 0.540990990990991 0.018211920529801324 0.03153153153153153
10 0.5202814569536424 0.5369369369369369 0.009105960264900662 0.018018018018018018
10 0.5347682119205298 0.5414414414414415 0.014900662251655629 0.018018018018018018
10 0.4557119205298013 0.5234234234234234 0.01076158940397351 0.021621621621621623
1 0.3990066225165563 0.5117117117117117 0.018211920529801324 0.023423423423423424
10 0.4416390728476821 0.5220720720720721 0.009105960264900662 0.01891891891891892
10 0.5066225165562914 0.5373873873873873 0.018211920529801324 0.026126126126126126
10 0.5521523178807947 0.5481981981981981 0.016556291390728478 0.02252252252252252
1 0.49379139072847683 0.5346846846846847 0.0173841059602649 0.026126126126126126
1 0.42549668874172186 0.518918918918919 0.018211920529801324 0.025225225225225224
1 0.4693708609271523 0.5315315315315315 0.018211920529801324 0.02882882882882883
1 0.5687086092715232 0.5725225225225226 0.016556291390728478 0.02252252252252252
1 0.5355960264900662 0.5648648648648649 0.024834437086092714 0.016216216216216217
10 0.609271523178808 0.5882882882882883 0.016556291390728478 0.025225225225225224
10 0.03435430463576159 0.45675675675675675 0.0173841059602649 0.025225225225225224
1 0.23096026490066227 0.5036036036036036 0.018211920529801324 0.02702702702702703
1 0.6999172185430463 0.6121621621621621 0.015728476821192054 0.026126126126126126
10 0.6883278145695364 0.6094594594594595 0.014072847682119206 0.02252252252252252
1 0.05091059602649007 0.46216216216216216 0.01903973509933775 0.02702702702702703
1 0.6552152317880795 0.6022522522522522 0.012417218543046357 0.02252252252252252
10 0.671771523178808 0.6067567567567568 0.022350993377483443 0.027927927927927927
1 0.25620860927152317 0.5103603603603604 0.02566225165562914 0.027927927927927927
1 0.1672185430463576 0.4914414414414414 0.014900662251655629 0.026126126126126126
10 0.06705298013245033 0.4806306306306306 0.014900662251655629 0.024324324324324326
10 0.1072019867549669 0.49864864864864866 0.015728476821192054 0.02252252252252252
10 0.06456953642384106 0.5031531531531531 0.013245033112582781 0.02072072072072072
1 0.37665562913907286 0.5806306306306306 0.02152317880794702 0.01891891891891892
10 0.5906456953642384 0.6373873873873874 0.020695364238410598 0.03153153153153153
10 0.6051324503311258 0.640990990990991 0.02152317880794702 0.02972972972972973
10 0.5749172185430463 0.6355855855855855 0.015728476821192054 0.02972972972972973
10 0.10099337748344371 0.5333333333333333 0.016556291390728478 0.02702702702702703
1 0.0591887417218543 0.5297297297297298 0.01903973509933775 0.02882882882882883
10 0.6808774834437086 0.6743243243243243 0.020695364238410598 0.01891891891891892
10 0.6535596026490066 0.6693693693693694 0.024006622516556293 0.016216216216216217
10 0.6022350993377483 0.6666666666666666 0.0173841059602649 0.03063063063063063
10 0.4908940397350993 0.6418918918918919 0.014900662251655629 0.024324324324324326
10 0.5856788079470199 0.663963963963964 0.0173841059602649 0.02702702702702703
10 0.5426324503311258 0.654054054054054 0.0173841059602649 0.023423423423423424
1 0.6158940397350994 0.6716216216216216 0.014900662251655629 0.01891891891891892
10 0.5211092715231788 0.65 0.0173841059602649 0.02072072072072072
10 0.5728476821192053 0.6617117117117117 0.016556291390728478 0.024324324324324326
10 0.5571192052980133 0.6585585585585586 0.014900662251655629 0.023423423423423424
1 0.367135761589404 0.6184684684684685 0.022350993377483443 0.01891891891891892
10 0.6788079470198676 0.6905405405405406 0.023178807947019868 0.017117117117117116
10 0.4461920529801324 0.6391891891891892 0.019867549668874173 0.013513513513513514
10 0.08236754966887418 0.5554054054054054 0.022350993377483443 0.01891891891891892
1 0.6490066225165563 0.6873873873873874 0.02152317880794702 0.014414414414414415
1 0.0591887417218543 0.5509009009009009 0.027317880794701987 0.02072072072072072
1 0.10430463576158941 0.5612612612612613 0.023178807947019868 0.01981981981981982
10 0.6759105960264901 0.704954954954955 0.020695364238410598 0.01891891891891892
1 0.10016556291390728 0.5752252252252252 0.024834437086092714 0.024324324324324326
10 0.4445364238410596 0.6563063063063063 0.023178807947019868 0.01891891891891892
1 0.05670529801324503 0.5666666666666667 0.027317880794701987 0.021621621621621623
10 0.07781456953642384 0.5738738738738739 0.02152317880794702 0.014414414414414415
10 0.4416390728476821 0.6711711711711712 0.024006622516556293 0.018018018018018018
10 0.07450331125827815 0.5900900900900901 0.018211920529801324 0.01981981981981982
1 0.05339403973509934 0.5869369369369369 0.027317880794701987 0.02252252252252252
1 0.8394039735099338 0.7855855855855856 0.018211920529801324 0.02882882882882883
10 0.07036423841059603 0.6103603603603603 0.023178807947019868 0.017117117117117116
1 0.04966887417218543 0.6058558558558559 0.023178807947019868 0.017117117117117116
1 0.35844370860927155 0.6788288288288288 0.026490066225165563 0.017117117117117116
5 0.22433774834437087 0.65 0.2947019867549669 0.3162162162162162
1 0.8642384105960265 0.8 0.041390728476821195 0.05225225225225225
10 0.43460264900662254 0.7108108108108108 0.02152317880794702 0.016216216216216217
10 0.8153973509933775 0.8009009009009009 0.018211920529801324 0.02702702702702703
1 0.046357615894039736 0.6234234234234234 0.023178807947019868 0.01981981981981982
10 0.06705298013245033 0.6306306306306306 0.02152317880794702 0.01981981981981982
1 0.04304635761589404 0.6396396396396397 0.023178807947019868 0.018018018018018018
10 0.08402317880794702 0.6527027027027027 0.024006622516556293 0.01891891891891892
10 0.8100165562913907 0.8261261261261261 0.0173841059602649 0.02702702702702703
1 0.4271523178807947 0.7382882882882883 0.026490066225165563 0.02252252252252252
5 0.5355960264900662 0.7684684684684685 0.20198675496688742 0.21981981981981982
1 0.34644039735099336 0.7279279279279279 0.02566225165562914 0.021621621621621623
1 0.08071192052980132 0.6684684684684684 0.020695364238410598 0.018018018018018018
10 0.03890728476821192 0.6594594594594595 0.019867549668874173 0.016216216216216217
1 0.8253311258278145 0.8729729729729729 0.02152317880794702 0.02882882882882883
10 0.7235099337748344 0.8653153153153154 0.024834437086092714 0.017117117117117116
10 0.7197847682119205 0.8824324324324324 0.02566225165562914 0.02072072072072072
10 0.7408940397350994 0.886936936936937 0.024834437086092714 0.01891891891891892
5 0.3654801324503311 0.8054054054054054 0.0935430463576159 0.08468468468468468
10 0.7847682119205298 0.9103603603603604 0.014900662251655629 0.024324324324324326
1 0.7980132450331126 0.9144144144144144 0.018211920529801324 0.02702702702702703
1 0.8129139072847682 0.918018018018018 0.014900662251655629 0.025225225225225224
1 0.4134933774834437 0.8333333333333334 0.0173841059602649 0.023423423423423424
1 0.8365066225165563 0.9369369369369369 0.037251655629139076 0.04864864864864865