10 0.6039944903581267 0.9136851520572451 0.06198347107438017 0.050983899821109124
10 0.7114325068870524 0.964221824686941 0.07162534435261708 0.04830053667262969
5 0.7090220385674931 0.9852415026833632 0.08608815426997245 0.027728085867620753
1 0.4287190082644628 0.9552772808586762 0.048898071625344354 0.07871198568872988
1 0.38636363636363635 0.9414132379248659 0.05234159779614325 0.08318425760286226
1 0.5550964187327824 0.12477638640429338 0.049586776859504134 0.09033989266547406
2 0.10365013774104684 0.026386404293381037 0.07782369146005509 0.052772808586762074
1 0.9331955922865014 0.24463327370304114 0.07988980716253444 0.10465116279069768
1 0.9831267217630854 0.26475849731663686 0.03236914600550964 0.09123434704830054
1 0.7097107438016529 0.21914132379248658 0.07920110192837465 0.09123434704830054
1 0.5268595041322314 0.1721824686940966 0.05509641873278237 0.09033989266547406
1 0.30647382920110194 0.15652951699463327 0.07851239669421488 0.09838998211091235
1 0.10709366391184573 0.10644007155635063 0.05027548209366391 0.09660107334525939
1 0.9214876033057852 0.33273703041144903 0.0743801652892562 0.09302325581395349
2 0.07059228650137742 0.10241502683363149 0.044765840220385676 0.0885509838998211
10 0.9369834710743802 0.40250447227191416 0.08608815426997245 0.0626118067978533
12 0.31267217630853994 0.23747763864042934 0.04132231404958678 0.07602862254025045
1 0.6659779614325069 0.34391771019677997 0.07162534435261708 0.10644007155635063
12 0.4962121212121212 0.024150268336314847 0.03787878787878788 0.04830053667262969
1 0.9073691460055097 0.5031305903398927 0.07644628099173553 0.11001788908765653
1 0.6253443526170799 0.06305903398926654 0.10743801652892562 0.10107334525939177
1 0.04648760330578512 0.3998211091234347 0.04338842975206612 0.07871198568872988
1 0.7847796143250688 0.6153846153846154 0.07920110192837465 0.12701252236135957
1 0.42665289256198347 0.5317531305903399 0.2830578512396694 0.22808586762075134
2 0.023415977961432508 0.47093023255813954 0.046831955922865015 0.09212880143112702
2 0.026515151515151516 0.4776386404293381 0.05303030303030303 0.09302325581395349
1 0.4903581267217631 0.697227191413238 0.03443526170798898 0.05456171735241502
2 0.02203856749311295 0.5661896243291592 0.0440771349862259 0.08586762075134168
2 0.01790633608815427 0.5760286225402504 0.03581267217630854 0.09660107334525939
1 0.03168044077134986 0.5854203935599285 0.045454545454545456 0.07602862254025045
1 0.6084710743801653 0.7674418604651163 0.03925619834710744 0.07692307692307693
10 0.22141873278236915 0.686046511627907 0.07231404958677685 0.05366726296958855
1 0.8285123966942148 0.8881932021466905 0.05509641873278237 0.10196779964221825
10 0.5151515151515151 0.804561717352415 0.0440771349862259 0.08676207513416816
10 0.6487603305785123 0.8448121645796064 0.081267217630854 0.05813953488372093
10 0.5337465564738292 0.8130590339892666 0.04132231404958678 0.08050089445438283
10 0.4941460055096419 0.8067978533094812 0.040633608815427 0.11091234347048301
1 0.23002754820936638 0.7415026833631485 0.12396694214876033 0.09838998211091235
1 0.6911157024793388 0.8850626118067979 0.048898071625344354 0.0742397137745975
10 0.6225895316804407 0.8725402504472272 0.09917355371900827 0.06887298747763863