12 0.43068535825545173 0.736046511627907 0.021806853582554516 0.024031007751937984
10 0.308411214953271 0.7275193798449613 0.009345794392523364 0.01627906976744186
10 0.20833333333333334 0.7217054263565892 0.007009345794392523 0.018604651162790697
10 0.3263239875389408 0.7310077519379845 0.00778816199376947 0.013953488372093023
12 0.257398753894081 0.7325581395348837 0.019470404984423675 0.021705426356589147
10 0.12188473520249221 0.012790697674418604 0.014797507788161994 0.0069767441860465115
12 0.5132398753894081 0.7534883720930232 0.017133956386292833 0.020155038759689922
12 0.47468847352024923 0.7546511627906977 0.027258566978193146 0.024031007751937984
10 0.43730529595015577 0.7569767441860465 0.01791277258566978 0.0069767441860465115
10 0.14680685358255452 0.016666666666666666 0.007009345794392523 0.014728682170542635
10 0.4902647975077882 0.7763565891472868 0.010124610591900311 0.014728682170542635
10 0.49883177570093457 0.7779069767441861 0.005451713395638629 0.010077519379844961
10 0.06775700934579439 0.011627906976744186 0.014018691588785047 0.006201550387596899
10 0.13590342679127726 0.01744186046511628 0.007009345794392523 0.014728682170542635
1 0.2757009345794392 0.027906976744186046 0.006230529595015576 0.017054263565891473
1 0.32009345794392524 0.031395348837209305 0.00778816199376947 0.014728682170542635
10 0.286993769470405 0.02945736434108527 0.002336448598130841 0.010852713178294573
10 0.5003894080996885 0.8073643410852713 0.005451713395638629 0.014728682170542635
1 0.3088006230529595 0.031395348837209305 0.005451713395638629 0.01937984496124031
10 0.29789719626168226 0.031395348837209305 0.007009345794392523 0.01627906976744186
10 0.09929906542056074 0.018604651162790697 0.0132398753894081 0.007751937984496124
10 0.6592679127725857 0.9038759689922481 0.005451713395638629 0.013953488372093023
12 0.19976635514018692 0.8728682170542635 0.019470404984423675 0.024806201550387597
12 0.4961059190031153 0.8934108527131783 0.018691588785046728 0.02558139534883721
1 0.6713395638629284 0.9065891472868217 0.006230529595015576 0.01317829457364341
10 0.522196261682243 0.8965116279069767 0.010124610591900311 0.02558139534883721
1 0.6378504672897196 0.9042635658914728 0.004672897196261682 0.011627906976744186
10 0.6483644859813084 0.9050387596899225 0.008566978193146417 0.014728682170542635
10 0.2667445482866044 0.8810077519379845 0.011682242990654205 0.02558139534883721
12 0.32009345794392524 0.8864341085271318 0.020249221183800622 0.02248062015503876
12 0.7246884735202492 0.915891472868217 0.019470404984423675 0.02248062015503876
10 0.4205607476635514 0.8949612403100775 0.009345794392523364 0.017829457364341085
12 0.39641744548286606 0.8945736434108527 0.020249221183800622 0.02635658914728682
10 0.7492211838006231 0.9275193798449612 0.00778816199376947 0.010077519379844961
10 0.8161993769470405 0.9337209302325581 0.004672897196261682 0.011627906976744186
10 0.7605140186915887 0.9310077519379845 0.005451713395638629 0.009302325581395349
10 0.8002336448598131 0.9352713178294574 0.008566978193146417 0.01317829457364341
10 0.8574766355140186 0.9426356589147287 0.009345794392523364 0.023255813953488372
10 0.8843457943925234 0.95 0.005451713395638629 0.011627906976744186
1 0.8722741433021807 0.9488372093023256 0.006230529595015576 0.012403100775193798
10 0.794392523364486 0.9577519379844961 0.003115264797507788 0.010077519379844961
1 0.8052959501557633 0.9593023255813954 0.006230529595015576 0.011627906976744186
12 0.11993769470404984 0.03178294573643411 0.018691588785046728 0.023255813953488372
10 0.09774143302180685 0.031395348837209305 0.0132398753894081 0.005426356589147287
1 0.5965732087227414 0.07751937984496124 0.03582554517133956 0.03875968992248062
1 0.3477414330218069 0.06434108527131784 0.0381619937694704 0.04496124031007752
10 0.08333333333333333 0.04573643410852713 0.00778816199376947 0.013953488372093023
10 0.09462616822429906 0.04689922480620155 0.003894080996884735 0.01317829457364341
1 0.6483644859813084 0.0872093023255814 0.0381619937694704 0.03798449612403101
1 0.5342679127725857 0.07906976744186046 0.04984423676012461 0.05581395348837209
1 0.39291277258566976 0.0748062015503876 0.01791277258566978 0.0069767441860465115
1 0.2908878504672897 0.07209302325581396 0.04127725856697819 0.04186046511627907
1 0.06580996884735202 0.05775193798449613 0.005451713395638629 0.011627906976744186
1 0.2589563862928349 0.07248062015503876 0.007009345794392523 0.01317829457364341
10 0.05412772585669782 0.05813953488372093 0.005451713395638629 0.012403100775193798
1 0.38979750778816197 0.08449612403100776 0.016355140186915886 0.006201550387596899
1 0.08683800623052959 0.07596899224806201 0.016355140186915886 0.03255813953488372
1 0.12071651090342679 0.07945736434108527 0.028037383177570093 0.03178294573643411
1 0.3212616822429907 0.10271317829457365 0.011682242990654205 0.008527131782945736
1 0.6339563862928349 0.1248062015503876 0.014018691588785047 0.010852713178294573
10 0.30101246105919005 0.11589147286821705 0.005451713395638629 0.011627906976744186
1 0.6300623052959502 0.1387596899224806 0.014018691588785047 0.009302325581395349
1 0.03699376947040498 0.09844961240310078 0.022585669781931463 0.03565891472868217
1 0.3711059190031153 0.12248062015503876 0.04127725856697819 0.04186046511627907
12 0.3267133956386293 0.12441860465116279 0.02102803738317757 0.020930232558139535
12 0.2811526479750779 0.12131782945736434 0.021806853582554516 0.024031007751937984
1 0.1958722741433022 0.12713178294573643 0.008566978193146417 0.017054263565891473
10 0.2998442367601246 0.13449612403100775 0.003115264797507788 0.010077519379844961
1 0.09384735202492211 0.12403100775193798 0.031931464174454825 0.03255813953488372
1 0.1822429906542056 0.14767441860465116 0.004672897196261682 0.017829457364341085
1 0.9754672897196262 0.20310077519379846 0.011682242990654205 0.023255813953488372
1 0.6238317757009346 0.17984496124031008 0.01557632398753894 0.03565891472868217
1 0.5872274143302181 0.1810077519379845 0.037383177570093455 0.03798449612403101
1 0.03115264797507788 0.1562015503875969 0.018691588785046728 0.03488372093023256
1 0.4766355140186916 0.1872093023255814 0.04361370716510903 0.04263565891472868
1 0.05685358255451713 0.15891472868217055 0.00778816199376947 0.015503875968992248
1 0.5323208722741433 0.19224806201550387 0.035046728971962614 0.037209302325581395
1 0.9754672897196262 0.224031007751938 0.01791277258566978 0.012403100775193798
10 0.29283489096573206 0.18604651162790697 0.012461059190031152 0.009302325581395349
10 0.23169781931464176 0.18604651162790697 0.010124610591900311 0.006201550387596899
1 0.9739096573208723 0.23837209302325582 0.01791277258566978 0.010077519379844961
1 0.0852803738317757 0.1806201550387597 0.027258566978193146 0.03255813953488372
1 0.4158878504672897 0.2193798449612403 0.0264797507788162 0.021705426356589147
1 0.05218068535825545 0.19573643410852712 0.006230529595015576 0.014728682170542635
1 0.5050623052959502 0.22906976744186047 0.007009345794392523 0.01317829457364341
1 0.9470404984423676 0.2934108527131783 0.037383177570093455 0.03643410852713178
1 0.4863707165109034 0.2686046511627907 0.05529595015576324 0.050387596899224806
5 0.4232866043613707 0.2709302325581395 0.030373831775700934 0.04263565891472868
10 0.5432242990654206 0.2837209302325581 0.011682242990654205 0.007751937984496124
10 0.5475077881619937 0.2957364341085271 0.012461059190031152 0.008527131782945736
10 0.5412772585669782 0.30465116279069765 0.012461059190031152 0.007751937984496124
12 0.9906542056074766 0.34186046511627904 0.017133956386292833 0.024806201550387597
10 0.5416666666666666 0.31550387596899226 0.010124610591900311 0.007751937984496124
1 0.5210280373831776 0.33178294573643413 0.006230529595015576 0.010852713178294573
5 0.4182242990654206 0.3251937984496124 0.048286604361370715 0.02868217054263566
12 0.9883177570093458 0.37209302325581395 0.021806853582554516 0.023255813953488372
1 0.4929906542056075 0.34031007751937986 0.03271028037383177 0.03255813953488372
1 0.963006230529595 0.37751937984496126 0.0132398753894081 0.017054263565891473
12 0.41394080996884736 0.3686046511627907 0.02102803738317757 0.02248062015503876
12 0.3894080996884735 0.3686046511627907 0.02336448598130841 0.030232558139534883
1 0.5003894080996885 0.3767441860465116 0.011682242990654205 0.006201550387596899
1 0.934190031152648 0.40813953488372096 0.0397196261682243 0.04108527131782946
1 0.977803738317757 0.41434108527131785 0.024143302180685357 0.02868217054263566
1 0.8862928348909658 0.4104651162790698 0.0264797507788162 0.03333333333333333
1 0.5 0.3875968992248062 0.010903426791277258 0.006201550387596899
5 0.24026479750778817 0.3868217054263566 0.21261682242990654 0.21395348837209302
1 0.4104361370716511 0.40271317829457365 0.014018691588785047 0.02558139534883721
1 0.43769470404984423 0.40581395348837207 0.012461059190031152 0.02248062015503876
12 0.4832554517133956 0.41007751937984493 0.02570093457943925 0.027906976744186046
1 0.45950155763239875 0.41007751937984493 0.010903426791277258 0.021705426356589147
10 0.4719626168224299 0.4317829457364341 0.006230529595015576 0.010852713178294573
10 0.4879283489096573 0.43333333333333335 0.007009345794392523 0.015503875968992248
10 0.09929906542056074 0.4065891472868217 0.010124610591900311 0.005426356589147287
1 0.09774143302180685 0.4189922480620155 0.011682242990654205 0.0069767441860465115
10 0.0969626168224299 0.4298449612403101 0.008566978193146417 0.005426356589147287
12 0.47741433021806856 0.4573643410852713 0.021806853582554516 0.024806201550387597
1 0.4310747663551402 0.4542635658914729 0.011682242990654205 0.02635658914728682
1 0.404595015576324 0.45193798449612405 0.014797507788161994 0.027906976744186046
1 0.4544392523364486 0.45813953488372094 0.011682242990654205 0.024806201550387597
1 0.06697819314641744 0.4372093023255814 0.017133956386292833 0.007751937984496124
1 0.02764797507788162 0.43488372093023253 0.014797507788161994 0.010852713178294573
10 0.09501557632398754 0.43992248062015504 0.009345794392523364 0.005426356589147287
10 0.09501557632398754 0.4507751937984496 0.009345794392523364 0.005426356589147287
10 0.46845794392523366 0.47984496124031006 0.005451713395638629 0.012403100775193798
10 0.48208722741433024 0.4813953488372093 0.004672897196261682 0.010852713178294573
10 0.09501557632398754 0.45813953488372094 0.009345794392523364 0.004651162790697674
10 0.04127725856697819 0.47403100775193796 0.004672897196261682 0.010077519379844961
10 0.0035046728971962616 0.4724806201550388 0.005451713395638629 0.014728682170542635
10 0.06230529595015576 0.47713178294573644 0.004672897196261682 0.011627906976744186
10 0.05179127725856698 0.47674418604651164 0.005451713395638629 0.010852713178294573
1 0.2546728971962617 0.5197674418604651 0.00778816199376947 0.01627906976744186
1 0.29049844236760125 0.5244186046511627 0.006230529595015576 0.011627906976744186
1 0.2780373831775701 0.524031007751938 0.00778816199376947 0.012403100775193798
1 0.3652647975077882 0.5321705426356589 0.037383177570093455 0.03643410852713178
10 0.16277258566978192 0.5217054263565891 0.004672897196261682 0.012403100775193798
10 0.18302180685358255 0.5244186046511627 0.004672897196261682 0.01317829457364341
10 0.17367601246105918 0.5236434108527132 0.006230529595015576 0.01317829457364341
10 0.19158878504672897 0.5251937984496124 0.00778816199376947 0.011627906976744186
10 0.20210280373831777 0.5255813953488372 0.005451713395638629 0.010852713178294573
10 0.2118380062305296 0.5271317829457365 0.00778816199376947 0.013953488372093023
10 0.220404984423676 0.5282945736434108 0.006230529595015576 0.010077519379844961
10 0.2309190031152648 0.5290697674418605 0.007009345794392523 0.010077519379844961
10 0.11993769470404984 0.5372093023255814 0.00778816199376947 0.012403100775193798
10 0.13045171339563863 0.5383720930232558 0.005451713395638629 0.011627906976744186
10 0.14057632398753894 0.5406976744186046 0.007009345794392523 0.011627906976744186
10 0.29789719626168226 0.5608527131782945 0.008566978193146417 0.003875968992248062
10 0.3173676012461059 0.5631782945736434 0.0132398753894081 0.0069767441860465115
1 0.4100467289719626 0.5767441860465117 0.0397196261682243 0.037209302325581395
10 0.29789719626168226 0.5705426356589147 0.010124610591900311 0.006201550387596899
10 0.316588785046729 0.5724806201550388 0.011682242990654205 0.0069767441860465115
5 0.35514018691588783 0.5775193798449613 0.03582554517133956 0.03565891472868217
1 0.01985981308411215 0.5542635658914729 0.011682242990654205 0.027906976744186046
1 0.4661214953271028 0.586046511627907 0.04127725856697819 0.03875968992248062
1 0.000778816199376947 0.5534883720930233 0.001557632398753894 0.02945736434108527
1 0.514797507788162 0.5965116279069768 0.009345794392523364 0.005426356589147287
1 0.6662772585669782 0.612015503875969 0.005451713395638629 0.011627906976744186
10 0.6869158878504673 0.6139534883720931 0.004672897196261682 0.010852713178294573
10 0.6764018691588785 0.6139534883720931 0.005451713395638629 0.010852713178294573
10 0.7165109034267912 0.6166666666666667 0.004672897196261682 0.008527131782945736
1 0.6970404984423676 0.6151162790697674 0.004672897196261682 0.011627906976744186
1 0.2916666666666667 0.5872093023255814 0.005451713395638629 0.010077519379844961
1 0.7262461059190031 0.6186046511627907 0.005451713395638629 0.009302325581395349
10 0.7075545171339563 0.6174418604651163 0.003894080996884735 0.008527131782945736
10 0.7468847352024922 0.6197674418604651 0.004672897196261682 0.010077519379844961
12 0.24299065420560748 0.5856589147286821 0.02336448598130841 0.017829457364341085
10 0.7363707165109035 0.6197674418604651 0.005451713395638629 0.008527131782945736
12 0.1806853582554517 0.5821705426356589 0.024922118380062305 0.024806201550387597
12 0.2091121495327103 0.5844961240310077 0.022585669781931463 0.021705426356589147
1 0.32009345794392524 0.5930232558139535 0.004672897196261682 0.013953488372093023
1 0.5128504672897196 0.6077519379844961 0.0132398753894081 0.007751937984496124
12 0.26947040498442365 0.5910852713178295 0.021806853582554516 0.01627906976744186
1 0.07126168224299065 0.0015503875968992248 0.007009345794392523 0.0031007751937984496
5 0.5541277258566978 0.6182170542635659 0.053738317757009345 0.04573643410852713
10 0.5136292834890965 0.6186046511627907 0.011682242990654205 0.004651162790697674
10 0.11292834890965732 0.002325581395348837 0.00778816199376947 0.004651162790697674
12 0.6764018691588785 0.6368217054263566 0.019470404984423675 0.02558139534883721
12 0.29517133956386293 0.6143410852713178 0.018691588785046728 0.01937984496124031
12 0.7036604361370716 0.6430232558139535 0.02102803738317757 0.024031007751937984
10 0.41627725856697817 0.624031007751938 0.007009345794392523 0.013953488372093023
12 0.7305295950155763 0.646124031007752 0.021806853582554516 0.02558139534883721
10 0.42990654205607476 0.6255813953488372 0.006230529595015576 0.009302325581395349
12 0.19353582554517135 0.6093023255813953 0.024143302180685357 0.020155038759689922
10 0.45482866043613707 0.627906976744186 0.004672897196261682 0.012403100775193798
10 0.46690031152647976 0.6294573643410852 0.007009345794392523 0.010852713178294573
12 0.16238317757009346 0.608139534883721 0.02102803738317757 0.017829457364341085
12 0.25038940809968846 0.6139534883720931 0.02570093457943925 0.021705426356589147
12 0.2207943925233645 0.6124031007751938 0.02102803738317757 0.017054263565891473
1 0.5109034267912772 0.6360465116279069 0.010903426791277258 0.008527131782945736
12 0.6507009345794392 0.6468992248062015 0.02102803738317757 0.024031007751937984
10 0.764797507788162 0.6600775193798449 0.006230529595015576 0.01627906976744186
10 0.7749221183800623 0.662015503875969 0.00778816199376947 0.015503875968992248
1 0.43730529595015577 0.023255813953488372 0.016355140186915886 0.007751937984496124
12 0.09306853582554517 0.006201550387596899 0.027258566978193146 0.012403100775193798
5 0.48014018691588783 0.029844961240310077 0.0381619937694704 0.024031007751937984
1 0.594626168224299 0.040310077519379844 0.014797507788161994 0.006201550387596899