2 0.3351703406813627 0.5242424242424243 0.09118236472945891 0.07878787878787878
1 0.5418336673346693 0.6102272727272727 0.0405811623246493 0.04621212121212121
5 0.24649298597194388 0.5045454545454545 0.04008016032064128 0.06363636363636363
2 0.43361723446893785 0.5768939393939394 0.045591182364729456 0.04621212121212121
2 0.4834669338677355 0.5962121212121212 0.04408817635270541 0.04696969696969697
10 0.0999498997995992 0.45227272727272727 0.015531062124248497 0.015151515151515152
10 0.14579158316633267 0.4772727272727273 0.01603206412825651 0.015151515151515152
10 0.19764529058116231 0.4973484848484849 0.016533066132264528 0.017424242424242425
1 0.7079158316633266 0.690530303030303 0.036072144288577156 0.059848484848484845
10 0.037575150300601205 0.4420454545454545 0.009018036072144289 0.02196969696969697
10 0.2647795591182365 0.5284090909090909 0.009519038076152305 0.02196969696969697
10 0.5814128256513026 0.6526515151515152 0.053607214428857713 0.04318181818181818
5 0.9225951903807615 0.7878787878787878 0.02555110220440882 0.03787878787878788
10 0.6758517034068137 0.6973484848484849 0.011022044088176353 0.025
10 0.03356713426853707 0.4636363636363636 0.009018036072144289 0.021212121212121213
10 0.6638276553106213 0.7079545454545455 0.01503006012024048 0.041666666666666664
1 0.3354208416833667 0.5890151515151515 0.034569138276553106 0.06287878787878788
1 0.11322645290581163 0.506439393939394 0.01503006012024048 0.014393939393939395
10 0.06963927855711423 0.49886363636363634 0.01503006012024048 0.014393939393939395
10 0.030561122244488977 0.48522727272727273 0.01002004008016032 0.025
1 0.9018036072144289 0.818939393939394 0.01503006012024048 0.015151515151515152
1 0.7231963927855711 0.7518939393939394 0.04458917835671343 0.0659090909090909
10 0.9175851703406813 0.825 0.016533066132264528 0.016666666666666666
10 0.14153306613226452 0.5363636363636364 0.015531062124248497 0.016666666666666666
10 0.6918837675350702 0.7462121212121212 0.01002004008016032 0.024242424242424242
1 0.2940881763527054 0.6018939393939394 0.01603206412825651 0.015909090909090907
10 0.06538076152304609 0.5181818181818182 0.012525050100200401 0.012121212121212121
10 0.18887775551102204 0.5647727272727273 0.01503006012024048 0.014393939393939395
10 0.6658316633266533 0.7477272727272727 0.01603206412825651 0.016666666666666666
10 0.027054108216432865 0.509469696969697 0.009018036072144289 0.02196969696969697
10 0.13802605210420843 0.5564393939393939 0.014529058116232466 0.014393939393939395
5 0.22219438877755512 0.5946969696969697 0.04458917835671343 0.08333333333333333
5 0.1064629258517034 0.5507575757575758 0.045591182364729456 0.08333333333333333
10 0.36047094188376755 0.6492424242424243 0.015531062124248497 0.015151515151515152
10 0.31312625250501 0.631439393939394 0.01503006012024048 0.014393939393939395
1 0.5230460921843687 0.7098484848484848 0.014028056112224449 0.013636363636363636
1 0.42910821643286573 0.6757575757575758 0.015531062124248497 0.016666666666666666
10 0.6916332665330661 0.7746212121212122 0.016533066132264528 0.015909090909090907
10 0.5017535070140281 0.703030303030303 0.014529058116232466 0.015151515151515152
2 0.010771543086172345 0.5151515151515151 0.02154308617234469 0.12121212121212122
1 0.3346693386773547 0.6401515151515151 0.017034068136272545 0.01818181818181818
10 0.45465931863727455 0.6856060606060606 0.015531062124248497 0.015151515151515152
10 0.40806613226452904 0.6678030303030303 0.015531062124248497 0.017424242424242425
1 0.3815130260521042 0.6583333333333333 0.015531062124248497 0.016666666666666666
1 0.4759519038076152 0.6943181818181818 0.01603206412825651 0.015909090909090907
10 0.06212424849699399 0.5378787878787878 0.014028056112224449 0.013636363636363636
10 0.18562124248496994 0.5848484848484848 0.015531062124248497 0.015151515151515152
10 0.28331663326653306 0.6231060606060606 0.013527054108216433 0.014393939393939395
2 0.1620741482965932 0.5784090909090909 0.04158316633266533 0.13257575757575757
10 0.7715430861723447 0.8117424242424243 0.01002004008016032 0.02196969696969697
5 0.8674849699398798 0.8481060606060606 0.045591182364729456 0.0659090909090909
10 0.023296593186372744 0.5303030303030303 0.009519038076152305 0.021212121212121213
10 0.1347695390781563 0.5776515151515151 0.01603206412825651 0.015909090909090907
10 0.7577655310621243 0.8128787878787879 0.010521042084168337 0.024242424242424242
10 0.05986973947895791 0.5571969696969697 0.015531062124248497 0.014393939393939395
10 0.1818637274549098 0.6068181818181818 0.01603206412825651 0.01818181818181818
10 0.7136773547094188 0.8083333333333333 0.009519038076152305 0.022727272727272728
10 0.7211923847695391 0.8121212121212121 0.009519038076152305 0.021212121212121213
10 0.7287074148296593 0.8151515151515152 0.010521042084168337 0.024242424242424242
10 0.019539078156312624 0.5522727272727272 0.009018036072144289 0.022727272727272728
2 0.8228957915831663 0.8568181818181818 0.05260521042084168 0.05454545454545454
10 0.7547595190380761 0.8321969696969697 0.015531062124248497 0.015909090909090907
10 0.13151302605210421 0.5977272727272728 0.014529058116232466 0.013636363636363636
10 0.7041583166332666 0.8174242424242424 0.016533066132264528 0.051515151515151514
1 0.6715931863727455 0.8064393939393939 0.03356713426853707 0.05227272727272727
10 0.05661322645290581 0.5761363636363637 0.01503006012024048 0.014393939393939395
5 0.27680360721442887 0.6606060606060606 0.042585170340681364 0.06666666666666667
5 0.3233967935871743 0.678409090909091 0.0405811623246493 0.06439393939393939
5 0.37074148296593185 0.696590909090909 0.04208416833667335 0.0659090909090909
5 0.41708416833667333 0.7151515151515152 0.039579158316633264 0.06363636363636363
5 0.4654308617234469 0.7333333333333333 0.03907815631262525 0.06060606060606061
5 0.5120240480961924 0.7503787878787879 0.04008016032064128 0.06287878787878788
1 0.218186372745491 0.6397727272727273 0.014529058116232466 0.014393939393939395
10 0.17234468937875752 0.6246212121212121 0.01002004008016032 0.023484848484848483
10 0.751002004008016 0.85 0.009018036072144289 0.021212121212121213
10 0.7597695390781564 0.8534090909090909 0.009519038076152305 0.02196969696969697
10 0.844939879759519 0.8863636363636364 0.010521042084168337 0.024242424242424242
10 0.01603206412825651 0.5738636363636364 0.009018036072144289 0.02196969696969697
1 0.7833166332665331 0.8700757575757576 0.010521042084168337 0.025
10 0.0531062124248497 0.5954545454545455 0.01503006012024048 0.015151515151515152
1 0.5776553106212425 0.7965909090909091 0.052104208416833664 0.06287878787878788
1 0.18987975951903807 0.6507575757575758 0.03507014028056112 0.05454545454545454
2 0.8156312625250501 0.8946969696969697 0.0531062124248497 0.05303030303030303
10 0.012274549098196393 0.5962121212121212 0.009519038076152305 0.021212121212121213
1 0.10270541082164329 0.6318181818181818 0.01603206412825651 0.016666666666666666
10 0.781062124248497 0.8893939393939394 0.01503006012024048 0.015151515151515152
10 0.39403807615230463 0.7443181818181818 0.014529058116232466 0.014393939393939395
10 0.47394789579158314 0.7746212121212122 0.01503006012024048 0.014393939393939395
10 0.2545090180360721 0.6920454545454545 0.01503006012024048 0.014393939393939395
10 0.4416332665330661 0.7625 0.014529058116232466 0.014393939393939395
10 0.29458917835671344 0.7079545454545455 0.01503006012024048 0.012878787878787878
10 0.34769539078156314 0.7276515151515152 0.01503006012024048 0.015909090909090907
10 0.04884769539078156 0.6234848484848485 0.014529058116232466 0.013636363636363636
1 0.6119739478957916 0.8462121212121212 0.015531062124248497 0.015151515151515152
10 0.00876753507014028 0.618560606060606 0.009519038076152305 0.02196969696969697
10 0.045591182364729456 0.6416666666666667 0.014028056112224449 0.013636363636363636
1 0.6092184368737475 0.8587121212121213 0.01503006012024048 0.015909090909090907
10 0.5921843687374749 0.8526515151515152 0.01503006012024048 0.014393939393939395
10 0.005260521042084168 0.6409090909090909 0.009519038076152305 0.024242424242424242
5 0.093937875751503 0.6776515151515151 0.045591182364729456 0.08409090909090909
10 0.5896793587174348 0.865530303030303 0.01503006012024048 0.015909090909090907
10 0.6074649298597194 0.8727272727272727 0.015531062124248497 0.016666666666666666
10 0.042585170340681364 0.6617424242424242 0.01603206412825651 0.015909090909090907
1 0.6487975951903807 0.8946969696969697 0.01002004008016032 0.024242424242424242
1 0.32965931863727455 0.7768939393939394 0.03707414829659319 0.07803030303030303
1 0.7282064128256514 0.931060606060606 0.04659318637274549 0.06060606060606061
10 0.039328657314629256 0.6814393939393939 0.015531062124248497 0.014393939393939395
5 0.6761022044088176 0.9257575757575758 0.04659318637274549 0.05454545454545454
1 0.5217935871743486 0.8723484848484848 0.07965931863727455 0.10984848484848485
2 0.40305611222444887 0.828030303030303 0.034569138276553106 0.06060606060606061
2 0.4266032064128257 0.8390151515151515 0.02755511022044088 0.058333333333333334
1 0.3594689378757515 0.8151515151515152 0.04458917835671343 0.06212121212121212
10 0.036072144288577156 0.6996212121212121 0.01503006012024048 0.014393939393939395
10 0.43812625250501 0.8553030303030303 0.009519038076152305 0.021212121212121213
10 0.4461422845691383 0.8587121212121213 0.009519038076152305 0.02196969696969697
10 0.31187374749499 0.8200757575757576 0.014529058116232466 0.014393939393939395
10 0.32890781563126253 0.8265151515151515 0.014529058116232466 0.013636363636363636
10 0.03256513026052104 0.7200757575757576 0.01503006012024048 0.014393939393939395
10 0.49498997995991983 0.8981060606060606 0.01503006012024048 0.015909090909090907
10 0.5721442885771543 0.9268939393939394 0.01002004008016032 0.023484848484848483
1 0.1748496993987976 0.7772727272727272 0.04208416833667335 0.05454545454545454
10 0.4163326653306613 0.8734848484848485 0.009018036072144289 0.01818181818181818
2 0.28857715430861725 0.8257575757575758 0.028056112224448898 0.05303030303030303
10 0.4243486973947896 0.8776515151515152 0.008016032064128256 0.01893939393939394
5 0.4721943887775551 0.896969696969697 0.022545090180360723 0.03636363636363636
10 0.49198396793587174 0.9125 0.01503006012024048 0.014393939393939395
10 0.5107715430861723 0.9204545454545454 0.015531062124248497 0.015151515151515152
10 0.029809619238476952 0.7390151515151515 0.014529058116232466 0.014393939393939395
10 0.530060120240481 0.9272727272727272 0.01503006012024048 0.015151515151515152
5 0.5558617234468938 0.9481060606060606 0.037575150300601205 0.035606060606060606
5 0.43912825651302606 0.9045454545454545 0.024549098196392786 0.05606060606060606
1 0.3464428857715431 0.8746212121212121 0.03256513026052104 0.04772727272727273
1 0.6688376753507014 0.9825757575757575 0.03707414829659319 0.03333333333333333
1 0.2252004008016032 0.8321969696969697 0.09769539078156313 0.1462121212121212
10 0.02630260521042084 0.7583333333333333 0.015531062124248497 0.015151515151515152
5 0.5047595190380761 0.9390151515151515 0.024549098196392786 0.03257575757575758
5 0.4842184368737475 0.9318181818181818 0.01753507014028056 0.025757575757575757
1 0.4634268537074148 0.9253787878787879 0.014028056112224449 0.014393939393939395
5 0.32139278557114226 0.8746212121212121 0.034569138276553106 0.06742424242424243
1 0.4468937875751503 0.9337121212121212 0.01002004008016032 0.023484848484848483
1 0.530060120240481 0.9659090909090909 0.011022044088176353 0.024242424242424242
10 0.46092184368737477 0.9443181818181818 0.01603206412825651 0.015909090909090907
10 0.5117735470941884 0.9681818181818181 0.010521042084168337 0.024242424242424242
5 0.4947394789579158 0.9625 0.01753507014028056 0.025
5 0.47945891783567135 0.9575757575757575 0.017034068136272545 0.024242424242424242
2 0.11447895791583167 0.8234848484848485 0.034569138276553106 0.0696969696969697
2 0.0909318637274549 0.8147727272727273 0.03657314629258517 0.06893939393939394
1 0.87374749498998 0.3416666666666667 0.04208416833667335 0.09090909090909091
10 0.9616733466933868 0.3840909090909091 0.030561122244488977 0.08333333333333333
10 0.9829659318637275 0.3924242424242424 0.028056112224448898 0.08333333333333333
10 0.9378757515030061 0.3768939393939394 0.03206412825651302 0.0856060606060606
10 0.2552605210420842 0.1462121212121212 0.015531062124248497 0.015151515151515152
1 0.8607214428857716 0.3996212121212121 0.01603206412825651 0.017424242424242425
10 0.25100200400801603 0.17272727272727273 0.01603206412825651 0.016666666666666666
10 0.8223947895791583 0.39090909090909093 0.03256513026052104 0.08484848484848485
10 0.7525050100200401 0.36704545454545456 0.01603206412825651 0.014393939393939395
10 0.8011022044088176 0.40265151515151515 0.01002004008016032 0.023484848484848483
5 0.8509519038076152 0.42765151515151517 0.02555110220440882 0.0446969696969697
10 0.8324148296593187 0.4428030303030303 0.018537074148296594 0.055303030303030305
12 0.7422344689378757 0.409469696969697 0.034569138276553106 0.06893939393939394
10 0.7687875751503006 0.4329545454545455 0.02755511022044088 0.07348484848484849
1 0.7968436873747495 0.44356060606060604 0.03557114228456914 0.055303030303030305
1 0.8534569138276553 0.465530303030303 0.014529058116232466 0.014393939393939395
10 0.843186372745491 0.4731060606060606 0.01503006012024048 0.014393939393939395
10 0.875 0.49166666666666664 0.03156312625250501 0.08333333333333333
10 0.9516533066132264 0.5208333333333334 0.03156312625250501 0.08409090909090909
10 0.9240981963927856 0.5113636363636364 0.029559118236472944 0.0803030303030303
10 0.8990480961923848 0.5056818181818182 0.03156312625250501 0.08712121212121213
5 0.844188376753507 0.49962121212121213 0.025050100200400802 0.03409090909090909
12 0.7324649298597194 0.4590909090909091 0.02404809619238477 0.03333333333333333
1 0.15405811623246493 0.24431818181818182 0.030561122244488977 0.0659090909090909
1 0.5092685370741483 0.3787878787878788 0.039579158316633264 0.0696969696969697
10 0.747745490981964 0.4799242424242424 0.014529058116232466 0.012878787878787878
10 0.7620240480961924 0.48484848484848486 0.01503006012024048 0.013636363636363636
12 0.7860721442885772 0.4954545454545455 0.033066132264529056 0.06666666666666667
1 0.5488476953907816 0.41363636363636364 0.04158316633266533 0.07121212121212121
1 0.19564128256513025 0.2818181818181818 0.04458917835671343 0.06666666666666667
1 0.8421843687374749 0.5303030303030303 0.027054108216432865 0.03787878787878788
1 0.9731963927855711 0.5795454545454546 0.03657314629258517 0.05303030303030303
5 0.07314629258517034 0.2409090909090909 0.03006012024048096 0.03333333333333333
1 0.44939879759519036 0.3928030303030303 0.04208416833667335 0.07196969696969698
1 0.11197394789579158 0.26704545454545453 0.037575150300601205 0.06742424242424243
10 0.8041082164328658 0.5287878787878788 0.01903807615230461 0.05303030303030303
10 0.7612725450901804 0.525 0.010521042084168337 0.025757575757575757
10 0.7527555110220441 0.5227272727272727 0.010521042084168337 0.024242424242424242
1 0.7449899799599199 0.5204545454545455 0.009018036072144289 0.022727272727272728
1 0.8326653306613226 0.5590909090909091 0.014028056112224449 0.012121212121212121
10 0.8121242484969939 0.5526515151515151 0.014028056112224449 0.015909090909090907
1 0.0784068136272545 0.2799242424242424 0.037575150300601205 0.059848484848484845
5 0.12049098196392785 0.30037878787878786 0.024549098196392786 0.03106060606060606
10 0.20115230460921843 0.33295454545454545 0.010521042084168337 0.025
10 0.18912825651302606 0.328030303030303 0.011523046092184368 0.025757575757575757
5 0.16332665330661322 0.31893939393939397 0.04408817635270541 0.051515151515151514
10 0.780811623246493 0.5537878787878788 0.015531062124248497 0.015151515151515152
10 0.7434869739478958 0.553409090909091 0.01002004008016032 0.023484848484848483
5 0.8236472945891784 0.593560606060606 0.04408817635270541 0.07045454545454545
1 0.11447895791583167 0.334469696969697 0.028557114228456915 0.041666666666666664
1 0.7778056112224448 0.5852272727272727 0.03356713426853707 0.04772727272727273
5 0.5521042084168337 0.5022727272727273 0.036072144288577156 0.07121212121212121
5 0.9571643286573146 0.656060606060606 0.02154308617234469 0.03636363636363636
1 0.1971442885771543 0.3784090909090909 0.024549098196392786 0.037121212121212124
1 0.15581162324649298 0.3632575757575758 0.023046092184368736 0.03106060606060606
1 0.061122244488977955 0.328030303030303 0.01603206412825651 0.015151515151515152
10 0.03982965931863727 0.31931818181818183 0.015531062124248497 0.015909090909090907
10 0.7930861723446894 0.6049242424242425 0.013026052104208416 0.012878787878787878
10 0.6177354709418837 0.5446969696969697 0.017034068136272545 0.016666666666666666
10 0.9591683366733467 0.6897727272727273 0.014529058116232466 0.014393939393939395
1 0.9426352705410822 0.6840909090909091 0.015531062124248497 0.015151515151515152
10 0.0874248496993988 0.36515151515151517 0.015531062124248497 0.015151515151515152
1 0.10871743486973948 0.3731060606060606 0.01503006012024048 0.014393939393939395
1 0.28582164328657317 0.4420454545454545 0.034569138276553106 0.05378787878787879
10 0.5483466933867736 0.5446969696969697 0.015531062124248497 0.015151515151515152
1 0.15881763527054107 0.39886363636363636 0.01603206412825651 0.015909090909090907
1 0.21092184368737474 0.41818181818181815 0.01603206412825651 0.016666666666666666
10 0.1375250501002004 0.3912878787878788 0.016533066132264528 0.017424242424242425
10 0.18912825651302606 0.41174242424242424 0.015531062124248497 0.014393939393939395
1 0.25425851703406815 0.4375 0.022545090180360723 0.035606060606060606
10 0.6037074148296593 0.568939393939394 0.01603206412825651 0.015151515151515152
2 0.34243486973947895 0.47424242424242424 0.09168336673346693 0.07878787878787878
2 0.6833667334669339 0.6037878787878788 0.0781563126252505 0.06363636363636363
5 0.04959919839679359 0.36704545454545456 0.04208416833667335 0.0659090909090909
1 0.6425350701402806 0.5946969696969697 0.010521042084168337 0.024242424242424242
10 0.5548597194388778 0.5636363636363636 0.014529058116232466 0.015151515151515152
10 0.468687374749499 0.5348484848484848 0.06462925851703406 0.05303030303030303
5 0.281563126252505 0.47424242424242424 0.02404809619238477 0.031818181818181815
5 0.09744488977955912 0.4121212121212121 0.0405811623246493 0.06363636363636363
5 0.9326152304609219 0.7321969696969697 0.028557114228456915 0.03106060606060606
5 0.14779559118236474 0.43825757575757573 0.04008016032064128 0.06287878787878788
5 0.19939879759519039 0.45871212121212124 0.04008016032064128 0.06287878787878788
2 0.6768537074148296 0.6401515151515151 0.07615230460921844 0.06212121212121212
10 0.04809619238476954 0.4056818181818182 0.01603206412825651 0.015909090909090907
1 0.2720440881763527 0.4973484848484849 0.01002004008016032 0.023484848484848483
10 0.2843186372745491 0.5026515151515152 0.009519038076152305 0.02196969696969697