10 0.7838114754098361 0.6354679802955665 0.005122950819672131 0.011083743842364532
10 0.7774077868852459 0.6345443349753694 0.004610655737704918 0.010467980295566502
10 0.7907274590163934 0.6376231527093597 0.003586065573770492 0.010467980295566502
10 0.7704918032786885 0.6342364532019704 0.004098360655737705 0.011083743842364532
10 0.0315061475409836 0.5101600985221675 0.00973360655737705 0.0067733990147783255
10 0.8644979508196722 0.6567118226600985 0.008709016393442622 0.0067733990147783255
12 0.8478483606557377 0.6554802955665024 0.015368852459016393 0.019088669950738917
1 0.5412397540983607 0.603448275862069 0.012807377049180328 0.009852216748768473
1 0.514344262295082 0.5988300492610837 0.011270491803278689 0.008004926108374385
10 0.5279200819672131 0.6016009852216748 0.010758196721311475 0.008620689655172414
10 0.03048155737704918 0.5178571428571429 0.010758196721311475 0.008620689655172414
12 0.7097848360655737 0.6391625615763546 0.018954918032786885 0.019704433497536946
10 0.8639856557377049 0.6653325123152709 0.00973360655737705 0.005541871921182266
10 0.7686987704918032 0.6499384236453202 0.004610655737704918 0.011699507389162561
1 0.5402151639344263 0.6111453201970444 0.0117827868852459 0.008004926108374385
10 0.782530737704918 0.6520935960591133 0.004610655737704918 0.011083743842364532
10 0.7753586065573771 0.6514778325123153 0.004610655737704918 0.011083743842364532
10 0.5271516393442623 0.6096059113300493 0.012295081967213115 0.008620689655172414
10 0.7886782786885246 0.6539408866995073 0.004610655737704918 0.011083743842364532
1 0.5135758196721312 0.6083743842364532 0.010758196721311475 0.008620689655172414
10 0.029969262295081966 0.5261699507389163 0.00973360655737705 0.0067733990147783255
10 0.9679815573770492 0.6899630541871922 0.004610655737704918 0.010467980295566502
10 0.9462090163934426 0.686884236453202 0.004098360655737705 0.011699507389162561
12 0.9774590163934426 0.6924261083743842 0.011270491803278689 0.021551724137931036
12 0.9559426229508197 0.6890394088669951 0.01639344262295082 0.022167487684729065
12 0.9336577868852459 0.6850369458128078 0.016905737704918034 0.017857142857142856
10 0.8629610655737705 0.6736453201970444 0.00973360655737705 0.006157635467980296
10 0.5394467213114754 0.6206896551724138 0.009221311475409836 0.007389162561576354
10 0.5263831967213115 0.6185344827586207 0.010758196721311475 0.008004926108374385
10 0.02920081967213115 0.5341748768472906 0.009221311475409836 0.0067733990147783255
1 0.5120389344262295 0.6157635467980296 0.0117827868852459 0.008620689655172414
10 0.8627049180327869 0.6819581280788177 0.010245901639344262 0.0067733990147783255
1 0.5391905737704918 0.6277709359605911 0.0117827868852459 0.009236453201970444
1 0.5117827868852459 0.6237684729064039 0.011270491803278689 0.008620689655172414
10 0.5245901639344263 0.6262315270935961 0.011270491803278689 0.008620689655172414
1 0.02817622950819672 0.5431034482758621 0.011270491803278689 0.008620689655172414
10 0.9118852459016393 0.6942733990147784 0.005122950819672131 0.01293103448275862
10 0.9034323770491803 0.6933497536945813 0.008709016393442622 0.014778325123152709
10 0.9252049180327869 0.6998152709359606 0.00819672131147541 0.005541871921182266
10 0.5376536885245902 0.6363916256157636 0.0117827868852459 0.009236453201970444
1 0.5110143442622951 0.6320812807881774 0.0117827868852459 0.008004926108374385
10 0.524077868852459 0.6348522167487685 0.011270491803278689 0.008620689655172414
10 0.026895491803278687 0.5517241379310345 0.00973360655737705 0.006157635467980296
1 0.5376536885245902 0.645320197044335 0.012807377049180328 0.009852216748768473
1 0.5094774590163934 0.6407019704433498 0.0117827868852459 0.008004926108374385
10 0.02663934426229508 0.5591133004926109 0.010245901639344262 0.007389162561576354
10 0.5238217213114754 0.6431650246305419 0.0117827868852459 0.009236453201970444
10 0.5366290983606558 0.6530172413793104 0.0117827868852459 0.009236453201970444
10 0.025614754098360656 0.5677339901477833 0.009221311475409836 0.006157635467980296
10 0.024846311475409836 0.5760467980295566 0.00973360655737705 0.0067733990147783255
1 0.5225409836065574 0.6656403940886699 0.012295081967213115 0.008620689655172414
10 0.0235655737704918 0.5846674876847291 0.010245901639344262 0.0067733990147783255
10 0.8452868852459017 0.7238300492610837 0.005122950819672131 0.010467980295566502
1 0.5220286885245902 0.6739532019704434 0.012295081967213115 0.009236453201970444
10 0.02228483606557377 0.5920566502463054 0.00973360655737705 0.0067733990147783255
10 0.8445184426229508 0.7398399014778325 0.004610655737704918 0.009236453201970444
1 0.021004098360655737 0.6123768472906403 0.011270491803278689 0.009236453201970444
10 0.012038934426229508 0.6268472906403941 0.010758196721311475 0.007389162561576354
10 0.6147540983606558 0.7302955665024631 0.007172131147540984 0.012315270935960592
10 0.6086065573770492 0.729371921182266 0.006147540983606557 0.01293103448275862
10 0.6421618852459017 0.7349137931034483 0.00665983606557377 0.01293103448275862
10 0.6014344262295082 0.7281403940886699 0.006147540983606557 0.01293103448275862
10 0.6285860655737705 0.7324507389162561 0.006147540983606557 0.01293103448275862
10 0.6219262295081968 0.7321428571428571 0.007172131147540984 0.013546798029556651
10 0.5945184426229508 0.7278325123152709 0.00665983606557377 0.012315270935960592
10 0.6352459016393442 0.7346059113300493 0.006147540983606557 0.014778325123152709
10 0.6590676229508197 0.7423029556650246 0.00665983606557377 0.01293103448275862
10 0.6526639344262295 0.7407635467980296 0.006147540983606557 0.012315270935960592
10 0.011014344262295082 0.6345443349753694 0.010758196721311475 0.008004926108374385
10 0.004354508196721311 0.7105911330049262 0.008709016393442622 0.009852216748768473
10 0.004098360655737705 0.7185960591133005 0.00819672131147541 0.008620689655172414
10 0.003329918032786885 0.7278325123152709 0.00665983606557377 0.008620689655172414
10 0.0010245901639344263 0.7626231527093597 0.0020491803278688526 0.008004926108374385
10 0.936219262295082 0.9227216748768473 0.0056352459016393444 0.01293103448275862
1 0.9216188524590164 0.9202586206896551 0.006147540983606557 0.01293103448275862
10 0.9285348360655737 0.9214901477832512 0.0056352459016393444 0.01293103448275862
1 0.9426229508196722 0.9242610837438424 0.005122950819672131 0.012315270935960592
10 0.2738217213114754 0.8928571428571429 0.004610655737704918 0.008620689655172414
10 0.2943135245901639 0.896551724137931 0.003586065573770492 0.007389162561576354
10 0.2802254098360656 0.8947044334975369 0.004098360655737705 0.008620689655172414
10 0.26690573770491804 0.8922413793103449 0.004098360655737705 0.009852216748768473
10 0.24026639344262296 0.8879310344827587 0.004098360655737705 0.009852216748768473
10 0.2459016393442623 0.8894704433497537 0.004098360655737705 0.009236453201970444
10 0.25973360655737704 0.8919334975369458 0.005122950819672131 0.009236453201970444
10 0.25332991803278687 0.8907019704433498 0.004610655737704918 0.009236453201970444
10 0.28790983606557374 0.896551724137931 0.004098360655737705 0.008620689655172414
10 0.21875 0.8845443349753694 0.004098360655737705 0.009236453201970444
10 0.23232581967213115 0.8873152709359606 0.004610655737704918 0.008620689655172414
10 0.22566598360655737 0.8866995073891626 0.004610655737704918 0.008620689655172414
10 0.20517418032786885 0.8830049261083743 0.004610655737704918 0.008620689655172414
10 0.21183401639344263 0.8845443349753694 0.0056352459016393444 0.009236453201970444
1 0.43826844262295084 0.9248768472906403 0.0056352459016393444 0.012315270935960592
1 0.43135245901639346 0.9239532019704434 0.006147540983606557 0.01293103448275862
1 0.4244364754098361 0.9227216748768473 0.0056352459016393444 0.01293103448275862
12 0.006915983606557377 0.854064039408867 0.013831967213114754 0.019704433497536946
1 0.7118340163934426 0.9750615763546798 0.008709016393442622 0.005541871921182266
1 0.6985143442622951 0.9729064039408867 0.008709016393442622 0.006157635467980296
1 0.5578893442622951 0.9501231527093597 0.010245901639344262 0.007389162561576354
5 0.5402151639344263 0.9473522167487685 0.012807377049180328 0.009236453201970444
10 0.018954918032786885 0.8605295566502463 0.009221311475409836 0.005541871921182266
1 0.09759221311475409 0.8777709359605911 0.0056352459016393444 0.01293103448275862
10 0.6972336065573771 0.9806034482758621 0.00819672131147541 0.005541871921182266
10 0.7113217213114754 0.9833743842364532 0.008709016393442622 0.006157635467980296
10 0.8135245901639344 0.9984605911330049 0.011270491803278689 0.0018472906403940886
10 0.018186475409836065 0.8713054187192119 0.00973360655737705 0.006157635467980296
10 0.710297131147541 0.9916871921182266 0.008709016393442622 0.005541871921182266
10 0.6964651639344263 0.9892241379310345 0.008709016393442622 0.005541871921182266
10 0.6383196721311475 0.979371921182266 0.009221311475409836 0.005541871921182266
10 0.6516393442622951 0.9821428571428571 0.009221311475409836 0.0049261083743842365
5 0.005122950819672131 0.875 0.010245901639344262 0.019704433497536946
10 0.01767418032786885 0.8796182266009852 0.008709016393442622 0.005541871921182266
5 0.320952868852459 0.9310344827586207 0.02612704918032787 0.038177339901477834
5 0.39036885245901637 0.9495073891625616 0.03483606557377049 0.05788177339901478
10 0.0934938524590164 0.8999384236453202 0.008709016393442622 0.005541871921182266
10 0.6331967213114754 0.9913793103448276 0.007172131147540984 0.006157635467980296
12 0.7105532786885246 0.9972290640394089 0.01639344262295082 0.004310344827586207
12 0.6949282786885246 0.9959975369458128 0.017930327868852458 0.0067733990147783255
10 0.02817622950819672 0.8913177339901478 0.00819672131147541 0.005541871921182266
12 0.6708504098360656 0.9956896551724138 0.018954918032786885 0.007389162561576354
5 0.6483094262295082 0.9938423645320197 0.018954918032786885 0.011083743842364532
10 0.042008196721311473 0.8977832512315271 0.009221311475409836 0.006157635467980296
10 0.632172131147541 0.9975369458128078 0.00819672131147541 0.003694581280788177
10 0.09272540983606557 0.9082512315270936 0.009221311475409836 0.0049261083743842365
12 0.6162909836065574 0.9929187192118226 0.015368852459016393 0.01293103448275862
10 0.015881147540983607 0.895935960591133 0.009221311475409836 0.006157635467980296
12 0.004098360655737705 0.895320197044335 0.00819672131147541 0.019704433497536946
5 0.06634221311475409 0.9076354679802956 0.04252049180327869 0.04556650246305419
10 0.040983606557377046 0.9064039408866995 0.009221311475409836 0.006157635467980296
10 0.18596311475409835 0.9307266009852216 0.005122950819672131 0.011699507389162561
10 0.1728995901639344 0.9291871921182266 0.004610655737704918 0.011083743842364532
10 0.15138319672131148 0.9258004926108374 0.0056352459016393444 0.010467980295566502
10 0.16547131147540983 0.9282635467980296 0.005122950819672131 0.011699507389162561
10 0.17904713114754098 0.9304187192118226 0.004610655737704918 0.011083743842364532
10 0.1449795081967213 0.9242610837438424 0.005122950819672131 0.011083743842364532
10 0.15829918032786885 0.9267241379310345 0.005122950819672131 0.011083743842364532
10 0.13831967213114754 0.9242610837438424 0.005122950819672131 0.012315270935960592
1 0.13114754098360656 0.9230295566502463 0.006147540983606557 0.012315270935960592
10 0.09195696721311475 0.915948275862069 0.00973360655737705 0.005541871921182266
10 0.02663934426229508 0.9085591133004927 0.009221311475409836 0.005541871921182266
1 0.03944672131147541 0.9141009852216748 0.010245901639344262 0.0067733990147783255
10 0.09170081967213115 0.9248768472906403 0.009221311475409836 0.006157635467980296
10 0.1713627049180328 0.9442733990147784 0.0056352459016393444 0.009236453201970444
1 0.15087090163934427 0.9408866995073891 0.0056352459016393444 0.009852216748768473
10 0.15753073770491804 0.9424261083743842 0.0056352459016393444 0.009236453201970444
10 0.14369877049180327 0.9399630541871922 0.0056352459016393444 0.009236453201970444
10 0.12986680327868852 0.9375 0.0056352459016393444 0.009236453201970444
10 0.1365266393442623 0.9390394088669951 0.0056352459016393444 0.008620689655172414
10 0.18519467213114754 0.9467364532019704 0.0056352459016393444 0.009236453201970444
10 0.16419057377049182 0.9433497536945813 0.0056352459016393444 0.008620689655172414
1 0.8867827868852459 0.18041871921182265 0.006147540983606557 0.012315270935960592
10 0.8798668032786885 0.1791871921182266 0.00665983606557377 0.011083743842364532
10 0.8732069672131147 0.1791871921182266 0.0056352459016393444 0.011083743842364532
10 0.8657786885245902 0.17764778325123154 0.007172131147540984 0.011699507389162561
10 0.859375 0.1770320197044335 0.00665983606557377 0.011699507389162561
1 0.8160860655737705 0.16995073891625614 0.007172131147540984 0.012315270935960592
10 0.8299180327868853 0.17210591133004927 0.006147540983606557 0.01293103448275862
10 0.8381147540983607 0.17333743842364532 0.006147540983606557 0.011699507389162561
1 0.852202868852459 0.17610837438423646 0.00665983606557377 0.012315270935960592
10 0.8232581967213115 0.17179802955665024 0.005122950819672131 0.011083743842364532
10 0.8022540983606558 0.16810344827586207 0.005122950819672131 0.011083743842364532
10 0.795594262295082 0.16717980295566504 0.006147540983606557 0.01293103448275862
10 0.8716700819672131 0.1939655172413793 0.00665983606557377 0.012315270935960592
10 0.8775614754098361 0.1958128078817734 0.006147540983606557 0.011083743842364532
1 0.8847336065573771 0.19766009852216748 0.007172131147540984 0.013546798029556651
1 0.9216188524590164 0.24076354679802955 0.00819672131147541 0.006157635467980296
1 0.9059938524590164 0.23860837438423646 0.008709016393442622 0.0067733990147783255
1 0.5212602459016393 0.17672413793103448 0.010758196721311475 0.007389162561576354
1 0.492827868852459 0.17272167487684728 0.011270491803278689 0.009236453201970444
1 0.5412397540983607 0.1810344827586207 0.010758196721311475 0.007389162561576354
10 0.27202868852459017 0.13977832512315272 0.011270491803278689 0.009852216748768473
1 0.53125 0.1834975369458128 0.006147540983606557 0.014778325123152709
10 0.4925717213114754 0.1813423645320197 0.010758196721311475 0.008004926108374385
1 0.9659323770491803 0.2623152709359606 0.0056352459016393444 0.011083743842364532
10 0.9561987704918032 0.2607758620689655 0.004610655737704918 0.011699507389162561
1 0.9357069672131147 0.2580049261083744 0.0056352459016393444 0.012315270935960592
10 0.9487704918032787 0.2601600985221675 0.005122950819672131 0.010467980295566502
10 0.9428790983606558 0.2592364532019704 0.004610655737704918 0.011083743842364532
10 0.2707479508196721 0.14747536945812809 0.00973360655737705 0.0067733990147783255
1 0.9185450819672131 0.26570197044334976 0.00819672131147541 0.0067733990147783255
1 0.9042008196721312 0.2629310344827586 0.009221311475409836 0.007389162561576354
1 0.47054303278688525 0.1921182266009852 0.0117827868852459 0.008620689655172414
1 0.3245389344262295 0.16810344827586207 0.007684426229508197 0.013546798029556651
1 0.29072745901639346 0.16317733990147784 0.00665983606557377 0.014778325123152709
10 0.9597848360655737 0.2770935960591133 0.008709016393442622 0.006157635467980296
1 0.539702868852459 0.2105911330049261 0.00665983606557377 0.012315270935960592
10 0.4556864754098361 0.1979679802955665 0.010758196721311475 0.008004926108374385
1 0.46849385245901637 0.1998152709359606 0.0117827868852459 0.008004926108374385
1 0.3985655737704918 0.18811576354679804 0.011270491803278689 0.009236453201970444
10 0.9587602459016393 0.28417487684729065 0.007684426229508197 0.005541871921182266
1 0.46798155737704916 0.20782019704433496 0.010758196721311475 0.008004926108374385
1 0.3985655737704918 0.19704433497536947 0.011270491803278689 0.008620689655172414
10 0.9579918032786885 0.29310344827586204 0.007172131147540984 0.0049261083743842365
1 0.9003586065573771 0.2875615763546798 0.008709016393442622 0.006157635467980296
1 0.9162397540983607 0.29033251231527096 0.010758196721311475 0.008004926108374385
1 0.4667008196721312 0.21674876847290642 0.011270491803278689 0.007389162561576354
10 0.45440573770491804 0.21428571428571427 0.011270491803278689 0.007389162561576354
10 0.9567110655737705 0.30141625615763545 0.007684426229508197 0.005541871921182266
1 0.453125 0.22259852216748768 0.010758196721311475 0.008004926108374385
1 0.4656762295081967 0.22475369458128078 0.010245901639344262 0.007389162561576354
10 0.9561987704918032 0.30942118226600984 0.008709016393442622 0.005541871921182266
1 0.28662909836065575 0.19950738916256158 0.00665983606557377 0.01600985221674877
1 0.3204405737704918 0.2062807881773399 0.00665983606557377 0.014778325123152709
1 0.5361168032786885 0.2441502463054187 0.0056352459016393444 0.011699507389162561
1 0.4656762295081967 0.2330665024630542 0.011270491803278689 0.009236453201970444
10 0.9549180327868853 0.31742610837438423 0.007172131147540984 0.004310344827586207
1 0.897797131147541 0.3106527093596059 0.00973360655737705 0.0067733990147783255
1 0.913422131147541 0.31311576354679804 0.010245901639344262 0.0067733990147783255
10 0.9536372950819673 0.3263546798029557 0.007684426229508197 0.0049261083743842365
10 0.9533811475409836 0.333435960591133 0.00819672131147541 0.005541871921182266
1 0.4651639344262295 0.25307881773399016 0.011270491803278689 0.01847290640394089
1 0.5163934426229508 0.26200738916256155 0.006147540983606557 0.01293103448275862
1 0.47540983606557374 0.25523399014778325 0.006147540983606557 0.01416256157635468
1 0.45491803278688525 0.2518472906403941 0.011270491803278689 0.01847290640394089
1 0.5097336065573771 0.26108374384236455 0.007172131147540984 0.012315270935960592
1 0.5025614754098361 0.2607758620689655 0.006147540983606557 0.01293103448275862
1 0.48258196721311475 0.25738916256157635 0.007172131147540984 0.013546798029556651
10 0.8862704918032787 0.3377463054187192 0.005122950819672131 0.011699507389162561
1 0.31531762295081966 0.25523399014778325 0.008709016393442622 0.01416256157635468
1 0.28048155737704916 0.25 0.007684426229508197 0.013546798029556651
1 0.5489241803278688 0.3008004926108374 0.010758196721311475 0.008004926108374385
10 0.8837090163934426 0.3608374384236453 0.005122950819672131 0.009852216748768473
1 0.5471311475409836 0.3091133004926108 0.011270491803278689 0.007389162561576354
1 0.453125 0.2958743842364532 0.0117827868852459 0.008004926108374385
1 0.5463627049180327 0.3171182266009852 0.00973360655737705 0.007389162561576354
1 0.5266393442622951 0.31403940886699505 0.011270491803278689 0.009852216748768473
1 0.31121926229508196 0.28417487684729065 0.008709016393442622 0.0166256157635468
1 0.5461065573770492 0.32573891625615764 0.010245901639344262 0.007389162561576354
1 0.5253586065573771 0.32204433497536944 0.010758196721311475 0.007389162561576354
1 0.4510758196721312 0.312807881773399 0.010758196721311475 0.008620689655172414
2 0.9815573770491803 0.4064039408866995 0.035860655737704916 0.07389162561576355
1 0.2768954918032787 0.2869458128078818 0.008709016393442622 0.013546798029556651
10 0.8888319672131147 0.39039408866995073 0.00819672131147541 0.006157635467980296
1 0.5245901639344263 0.33004926108374383 0.010245901639344262 0.007389162561576354
1 0.5448258196721312 0.333435960591133 0.010758196721311475 0.008004926108374385
1 0.5443135245901639 0.3417487684729064 0.010758196721311475 0.007389162561576354
1 0.5235655737704918 0.33866995073891626 0.010245901639344262 0.007389162561576354
10 0.8872950819672131 0.40701970443349755 0.00819672131147541 0.0049261083743842365
1 0.5230532786885246 0.3460591133004926 0.011270491803278689 0.008620689655172414
1 0.5435450819672131 0.3500615763546798 0.010245901639344262 0.008004926108374385
1 0.5222848360655737 0.354371921182266 0.0117827868852459 0.0067733990147783255
1 0.5427766393442623 0.3589901477832512 0.0117827868852459 0.008620689655172414
10 0.8852459016393442 0.4233374384236453 0.007172131147540984 0.005541871921182266
1 0.5207479508196722 0.36607142857142855 0.010758196721311475 0.0067733990147783255
1 0.4884733606557377 0.3768472906403941 0.00665983606557377 0.013546798029556651
1 0.5017930327868853 0.37900246305418717 0.007684426229508197 0.01416256157635468
1 0.49513319672131145 0.37777093596059114 0.0056352459016393444 0.01293103448275862
1 0.5081967213114754 0.3811576354679803 0.006147540983606557 0.012315270935960592
10 0.875 0.44519704433497537 0.004098360655737705 0.011083743842364532
1 0.45876024590163933 0.37653940886699505 0.008709016393442622 0.017857142857142856
1 0.5266393442622951 0.3876231527093596 0.009221311475409836 0.017857142857142856
1 0.5371413934426229 0.38947044334975367 0.008709016393442622 0.0166256157635468
1 0.444672131147541 0.37438423645320196 0.00819672131147541 0.017241379310344827
1 0.47899590163934425 0.38023399014778325 0.009221311475409836 0.0166256157635468
1 0.8724385245901639 0.4608990147783251 0.005122950819672131 0.01293103448275862
1 0.475922131147541 0.4100985221674877 0.010245901639344262 0.01600985221674877
10 0.8709016393442623 0.47783251231527096 0.004098360655737705 0.011083743842364532
1 0.4879610655737705 0.4131773399014778 0.010758196721311475 0.017241379310344827
10 0.4667008196721312 0.41564039408866993 0.006147540983606557 0.013546798029556651
1 0.453125 0.4131773399014778 0.007684426229508197 0.014778325123152709
10 0.45978483606557374 0.41502463054187194 0.00665983606557377 0.013546798029556651
2 0.9733606557377049 0.5046182266009852 0.05225409836065574 0.12253694581280788
10 0.5040983606557377 0.4399630541871921 0.006147540983606557 0.01416256157635468
10 0.711577868852459 0.48214285714285715 0.009221311475409836 0.006157635467980296
10 0.7105532786885246 0.4907635467980296 0.009221311475409836 0.006157635467980296
10 0.7100409836065574 0.49907635467980294 0.00819672131147541 0.0067733990147783255
10 0.8788422131147541 0.5292487684729064 0.010758196721311475 0.0067733990147783255
10 0.7087602459016393 0.5070812807881774 0.008709016393442622 0.0067733990147783255
12 0.8614241803278688 0.5347906403940886 0.015881147540983607 0.021551724137931036
1 0.8773053278688525 0.5375615763546798 0.00973360655737705 0.006157635467980296
10 0.7077356557377049 0.5144704433497537 0.008709016393442622 0.005541871921182266
1 0.673155737704918 0.5110837438423645 0.01331967213114754 0.02586206896551724
1 0.663422131147541 0.5101600985221675 0.00819672131147541 0.01539408866995074
10 0.7069672131147541 0.5233990147783252 0.00819672131147541 0.006157635467980296
10 0.7067110655737705 0.5310960591133005 0.007684426229508197 0.0067733990147783255
1 0.875 0.5625 0.009221311475409836 0.0067733990147783255
10 0.9743852459016393 0.5809729064039408 0.010245901639344262 0.0067733990147783255
10 0.8642418032786885 0.562807881773399 0.005122950819672131 0.011083743842364532
10 0.7051741803278688 0.5397167487684729 0.008709016393442622 0.0067733990147783255
1 0.5373975409836066 0.5126231527093597 0.011270491803278689 0.0067733990147783255
10 0.5509733606557377 0.5150862068965517 0.010758196721311475 0.008004926108374385
10 0.8739754098360656 0.5708128078817734 0.00819672131147541 0.006157635467980296
1 0.9741290983606558 0.5880541871921182 0.010758196721311475 0.007389162561576354
12 0.9449282786885246 0.5852832512315271 0.018954918032786885 0.019088669950738917
10 0.704405737704918 0.5483374384236454 0.009221311475409836 0.005541871921182266
10 0.5502049180327869 0.5230911330049262 0.010245901639344262 0.008004926108374385
1 0.5363729508196722 0.521243842364532 0.011270491803278689 0.009236453201970444
10 0.9723360655737705 0.5966748768472906 0.009221311475409836 0.006157635467980296
1 0.960297131147541 0.5948275862068966 0.00973360655737705 0.007389162561576354
10 0.8729508196721312 0.5809729064039408 0.00819672131147541 0.005541871921182266
10 0.7036372950819673 0.5554187192118226 0.008709016393442622 0.006157635467980296
1 0.5363729508196722 0.5292487684729064 0.011270491803278689 0.008004926108374385
10 0.5491803278688525 0.5317118226600985 0.010245901639344262 0.009236453201970444
10 0.8719262295081968 0.5892857142857143 0.00819672131147541 0.006157635467980296
12 0.9428790983606558 0.604371921182266 0.018954918032786885 0.020320197044334975
10 0.7028688524590164 0.5646551724137931 0.00819672131147541 0.006157635467980296
1 0.5350922131147541 0.5375615763546798 0.0117827868852459 0.008620689655172414
10 0.5489241803278688 0.5403325123152709 0.010758196721311475 0.008004926108374385
12 0.8570696721311475 0.5929802955665024 0.01639344262295082 0.023399014778325122
10 0.8714139344262295 0.5975985221674877 0.009221311475409836 0.0067733990147783255
10 0.7733094262295082 0.5818965517241379 0.008709016393442622 0.007389162561576354
10 0.701844262295082 0.5729679802955665 0.00819672131147541 0.005541871921182266
1 0.5335553278688525 0.5455665024630542 0.0117827868852459 0.007389162561576354
10 0.5476434426229508 0.5480295566502463 0.011270491803278689 0.007389162561576354
10 0.8709016393442623 0.6065270935960592 0.010245901639344262 0.007389162561576354
10 0.7725409836065574 0.5905172413793104 0.00819672131147541 0.006157635467980296
1 0.9462090163934426 0.6203817733990148 0.009221311475409836 0.0067733990147783255
10 0.9339139344262295 0.6182266009852216 0.00819672131147541 0.006157635467980296
10 0.7008196721311475 0.5809729064039408 0.009221311475409836 0.0067733990147783255
10 0.5466188524590164 0.5563423645320197 0.011270491803278689 0.008004926108374385
1 0.5338114754098361 0.5551108374384236 0.011270491803278689 0.008004926108374385
1 0.8698770491803278 0.6145320197044335 0.009221311475409836 0.007389162561576354
10 0.7720286885245902 0.5991379310344828 0.009221311475409836 0.007389162561576354
10 0.6997950819672131 0.5889778325123153 0.00819672131147541 0.0067733990147783255
10 0.5466188524590164 0.5646551724137931 0.011270491803278689 0.008620689655172414
1 0.5317622950819673 0.562192118226601 0.010245901639344262 0.008620689655172414
12 0.9390368852459017 0.6342364532019704 0.018442622950819672 0.019704433497536946
10 0.6987704918032787 0.5969827586206896 0.009221311475409836 0.0067733990147783255
1 0.5315061475409836 0.5698891625615764 0.010758196721311475 0.008004926108374385
1 0.5443135245901639 0.5769704433497537 0.0117827868852459 0.008620689655172414
12 0.7912397540983607 0.6182266009852216 0.015881147540983607 0.022167487684729065
12 0.774077868852459 0.6154556650246306 0.01639344262295082 0.022783251231527094
10 0.8673155737704918 0.6330049261083743 0.009221311475409836 0.006157635467980296
10 0.6982581967213115 0.6059113300492611 0.00819672131147541 0.006157635467980296
12 0.8506659836065574 0.6314655172413793 0.01485655737704918 0.020320197044334975
10 0.033299180327868855 0.4938423645320197 0.011270491803278689 0.008620689655172414
1 0.5163934426229508 0.5782019704433498 0.010245901639344262 0.008620689655172414
1 0.5294569672131147 0.5803571428571429 0.0117827868852459 0.009236453201970444
10 0.03201844262295082 0.5021551724137931 0.010758196721311475 0.008004926108374385
12 0.711577868852459 0.6194581280788177 0.0194672131147541 0.019704433497536946
1 0.5427766393442623 0.5929802955665024 0.010758196721311475 0.008620689655172414
10 0.5286885245901639 0.5911330049261084 0.010245901639344262 0.008620689655172414
1 0.5151127049180327 0.5892857142857143 0.0117827868852459 0.008620689655172414