1 0.7566938300349243 0.4340128755364807 0.01629802095459837 0.008583690987124463
10 0.5666472642607684 0.4680793991416309 0.01338766006984866 0.0101931330472103
10 0.09778812572759023 0.5563304721030042 0.012805587892898719 0.009656652360515022
10 0.5669383003492433 0.48175965665236054 0.013969732246798603 0.0075107296137339056
5 0.809953434225844 0.4396459227467811 0.05064027939464494 0.07242489270386267
10 0.11146682188591385 0.5764484978540773 0.014551804423748545 0.009120171673819743
5 0.16559953434225844 0.5670600858369099 0.04947613504074505 0.07939914163090128
5 0.46653084982537835 0.5158261802575107 0.05064027939464494 0.07671673819742489
5 0.2179860302677532 0.5606223175965666 0.0459837019790454 0.07939914163090128
5 0.36670547147846333 0.5346030042918455 0.051222351571594875 0.0842274678111588
5 0.4182188591385332 0.5249463519313304 0.05180442374854482 0.08208154506437768
5 0.5194994179278231 0.5077789699570815 0.05878928987194412 0.0842274678111588
5 0.3172293364377183 0.5442596566523605 0.047729918509895226 0.08208154506437768
5 0.26949941792782306 0.5536480686695279 0.046565774155995346 0.08047210300429185
10 0.9065774155995343 0.4396459227467811 0.059953434225844 0.0305793991416309
10 0.8678696158323632 0.4667381974248927 0.015133876600698487 0.008583690987124463
10 0.11670547147846333 0.6129291845493562 0.008731082654249126 0.013412017167381975
1 0.7709545983701979 0.4973175965665236 0.014551804423748545 0.008583690987124463
5 0.6746216530849826 0.516362660944206 0.16647264260768335 0.15182403433476394
1 0.579452852153667 0.535675965665236 0.018044237485448197 0.008047210300429184
10 0.13271245634458673 0.619098712446352 0.006984866123399301 0.013948497854077254
10 0.17840512223515717 0.6164163090128756 0.014551804423748545 0.01072961373390558
10 0.15192083818393481 0.6220493562231759 0.013969732246798603 0.009120171673819743
10 0.20081490104772992 0.6140021459227468 0.013969732246798603 0.008047210300429184
1 0.540162980209546 0.5541845493562232 0.017462165308498253 0.008583690987124463
10 0.9176367869615832 0.48819742489270385 0.056461001164144355 0.033261802575107295
1 0.2616414435389988 0.6067596566523605 0.007566938300349243 0.012875536480686695
1 0.3649592549476135 0.589324034334764 0.009313154831199068 0.01555793991416309
1 0.4126891734575087 0.5812768240343348 0.009313154831199068 0.014484978540772532
1 0.46129220023282885 0.5748390557939914 0.008731082654249126 0.014484978540772532
10 0.4889406286379511 0.5710836909871244 0.009313154831199068 0.01555793991416309
10 0.5183352735739232 0.5667918454935622 0.00989522700814901 0.014484978540772532
10 0.5072759022118742 0.5686695278969958 0.008731082654249126 0.015021459227467811
10 0.47497089639115253 0.5745708154506438 0.010477299185098952 0.016094420600858368
1 0.5483119906868452 0.5654506437768241 0.012805587892898719 0.008583690987124463
10 0.3466239813736903 0.6032725321888412 0.00989522700814901 0.013412017167381975
10 0.3341094295692666 0.6051502145922747 0.008149010477299184 0.016094420600858368
5 0.8259604190919674 0.5182403433476395 0.05471478463329453 0.07188841201716738
10 0.5855646100116414 0.5630364806866953 0.011641443538998836 0.01984978540772532
10 0.11961583236321303 0.6531652360515021 0.006402793946449359 0.01555793991416309
1 0.4551804423748545 0.5930793991416309 0.013969732246798603 0.009120171673819743
10 0.10157159487776485 0.6574570815450643 0.012223515715948778 0.006974248927038627
10 0.2441792782305006 0.634656652360515 0.011059371362048894 0.018240343347639486
5 0.49417927823050056 0.6021995708154506 0.04307334109429569 0.024141630901287552
5 0.5573341094295693 0.591469957081545 0.0389988358556461 0.018776824034334765
10 0.08265424912689173 0.6799892703862661 0.009313154831199068 0.01555793991416309
10 0.09662398137369034 0.6783798283261803 0.008149010477299184 0.01555793991416309
10 0.12048894062863795 0.6759656652360515 0.011641443538998836 0.006437768240343348
10 0.5940046565774156 0.5925429184549357 0.011059371362048894 0.017703862660944206
10 0.9246216530849826 0.533530042918455 0.052968568102444706 0.0305793991416309
10 0.2467986030267753 0.6590665236051502 0.012805587892898719 0.01555793991416309
10 0.880384167636787 0.5458690987124464 0.016880093131548313 0.009120171673819743
5 0.19383003492433062 0.6697961373390557 0.09313154831199069 0.08100858369098712
5 0.2881257275902212 0.6550429184549357 0.046565774155995346 0.07618025751072961
10 0.7965657741559954 0.568401287553648 0.00989522700814901 0.014484978540772532
10 0.7866705471478463 0.5702789699570815 0.008731082654249126 0.017167381974248927
10 0.8579743888242142 0.5590128755364807 0.012805587892898719 0.0075107296137339056
1 0.4429569266589057 0.634656652360515 0.013969732246798603 0.01072961373390558
5 0.380093131548312 0.6459227467811158 0.06984866123399301 0.055793991416309016
10 0.8274155995343423 0.5667918454935622 0.01338766006984866 0.008047210300429184
10 0.8844586728754366 0.556598712446352 0.01571594877764843 0.008047210300429184
1 0.13533178114086147 0.6904506437768241 0.00989522700814901 0.016094420600858368
10 0.48020954598370197 0.6335836909871244 0.009313154831199068 0.012875536480686695
10 0.5247380675203726 0.6258047210300429 0.006402793946449359 0.014484978540772532
10 0.6999417927823051 0.5944206008583691 0.01571594877764843 0.009656652360515022
10 0.49330616996507565 0.6319742489270386 0.008731082654249126 0.013948497854077254
10 0.5128055878928988 0.6282188841201717 0.009313154831199068 0.013948497854077254
10 0.7337019790454016 0.5895922746781116 0.012223515715948778 0.008583690987124463
10 0.6286379511059371 0.6083690987124464 0.013969732246798603 0.0075107296137339056
10 0.7662980209545984 0.5842274678111588 0.014551804423748545 0.008583690987124463
10 0.6673457508731082 0.6016630901287554 0.02037252619324796 0.011266094420600859
10 0.860593713620489 0.5705472103004292 0.012223515715948778 0.006974248927038627
10 0.8876600698486612 0.568401287553648 0.008149010477299184 0.005901287553648069
10 0.5459837019790454 0.630901287553648 0.005820721769499418 0.012875536480686695
1 0.4455762514551804 0.6494098712446352 0.012223515715948778 0.006974248927038627
10 0.2552386495925495 0.6861587982832618 0.007566938300349243 0.012875536480686695
1 0.6664726426076834 0.614538626609442 0.020954598370197905 0.012339055793991416
10 0.8617578579743889 0.58181330472103 0.011059371362048894 0.006974248927038627
10 0.8888242142025611 0.5810085836909872 0.011641443538998836 0.0075107296137339056
10 0.8649592549476135 0.5920064377682404 0.011641443538998836 0.005901287553648069
10 0.9365541327124564 0.5826180257510729 0.059371362048894066 0.032188841201716736
10 0.6740395809080326 0.6295600858369099 0.013969732246798603 0.009120171673819743
10 0.8920256111757858 0.5930793991416309 0.01338766006984866 0.011266094420600859
10 0.14231664726426077 0.7312231759656652 0.008731082654249126 0.015021459227467811
10 0.8675785797438882 0.6043454935622318 0.012223515715948778 0.008047210300429184
10 0.2910360884749709 0.7076180257510729 0.008149010477299184 0.013948497854077254
10 0.2791036088474971 0.7103004291845494 0.00989522700814901 0.017167381974248927
10 0.3020954598370198 0.7060085836909872 0.010477299185098952 0.016094420600858368
10 0.6539580908032596 0.6429721030042919 0.007566938300349243 0.01555793991416309
10 0.25465657741559955 0.7148605150214592 0.00989522700814901 0.018776824034334765
10 0.2671711292200233 0.7137875536480687 0.009313154831199068 0.016630901287553648
1 0.3210128055878929 0.7043991416309013 0.011059371362048894 0.015021459227467811
10 0.6757857974388825 0.6410944206008584 0.012805587892898719 0.0075107296137339056
10 0.2031431897555297 0.726931330472103 0.008149010477299184 0.012875536480686695
10 0.21827706635622818 0.7247854077253219 0.006984866123399301 0.015021459227467811
10 0.23224679860302677 0.7226394849785408 0.006984866123399301 0.017167381974248927
10 0.18859138533178113 0.7304184549356223 0.006984866123399301 0.013412017167381975
10 0.8940628637951106 0.6046137339055794 0.012805587892898719 0.0075107296137339056
10 0.5826542491268918 0.6625536480686696 0.006984866123399301 0.011802575107296138
1 0.5727590221187427 0.6646995708154506 0.008149010477299184 0.012875536480686695
10 0.4630384167636787 0.6853540772532188 0.007566938300349243 0.012339055793991416
10 0.09080325960419092 0.7534871244635193 0.008149010477299184 0.013412017167381975
10 0.870197904540163 0.6140021459227468 0.011641443538998836 0.009120171673819743
5 0.5387077997671711 0.6743562231759657 0.05529685681024447 0.043991416309012876
5 0.6190337601862631 0.6633583690987125 0.056461001164144355 0.04130901287553648
10 0.6786961583236322 0.6550429184549357 0.012805587892898719 0.008583690987124463
1 0.8725261932479628 0.6260729613733905 0.017462165308498253 0.011802575107296138
10 0.8993015133876601 0.6217811158798283 0.015133876600698487 0.008583690987124463
10 0.5 0.694206008583691 0.012805587892898719 0.008583690987124463
1 0.24563445867287545 0.7435622317596566 0.009313154831199068 0.013948497854077254
10 0.680442374854482 0.6663090128755365 0.013969732246798603 0.006437768240343348
10 0.47526193247962745 0.7046673819742489 0.008731082654249126 0.008047210300429184
1 0.16880093131548313 0.7599248927038627 0.012805587892898719 0.014484978540772532
10 0.5890570430733411 0.6891094420600858 0.008149010477299184 0.01555793991416309
10 0.5043655413271245 0.7049356223175965 0.007566938300349243 0.00536480686695279
10 0.8757275902211874 0.6384120171673819 0.011059371362048894 0.006437768240343348
5 0.7738649592549476 0.6587982832618026 0.14377182770663563 0.13412017167381973
1 0.9022118742724098 0.6357296137339056 0.013969732246798603 0.009656652360515022
10 0.6842258440046566 0.6756974248927039 0.016880093131548313 0.008047210300429184
5 0.13562281722933645 0.7760193133047211 0.05355064027939464 0.04130901287553648
10 0.40366705471478465 0.7296137339055794 0.011059371362048894 0.016094420600858368
10 0.47526193247962745 0.717274678111588 0.011059371362048894 0.008583690987124463
5 0.21041909196740397 0.7695815450643777 0.05180442374854482 0.040236051502145924
5 0.35244470314318976 0.7446351931330472 0.052968568102444706 0.03862660944206009
5 0.2831781140861467 0.7575107296137339 0.052968568102444706 0.0407725321888412
10 0.8783469150174622 0.6507510729613734 0.012805587892898719 0.008583690987124463
10 0.6845168800931315 0.6872317596566524 0.013969732246798603 0.006437768240343348
1 0.9065774155995343 0.6504828326180258 0.01571594877764843 0.012339055793991416
10 0.6711292200232829 0.697961373390558 0.011641443538998836 0.0203862660944206
10 0.8789289871944121 0.6609442060085837 0.011641443538998836 0.006437768240343348
10 0.6883003492433062 0.6974248927038627 0.01338766006984866 0.0075107296137339056
10 0.3210128055878929 0.7647532188841202 0.012223515715948778 0.01555793991416309
10 0.910069848661234 0.6636266094420601 0.016880093131548313 0.009656652360515022
10 0.8824214202561118 0.6735515021459227 0.015133876600698487 0.008047210300429184
10 0.5555878928987195 0.737392703862661 0.059953434225844 0.03594420600858369
10 0.43655413271245636 0.7591201716738197 0.06752037252619325 0.03862660944206009
5 0.9563445867287543 0.6657725321888412 0.05587892898719441 0.12017167381974249
10 0.6161233993015134 0.7285407725321889 0.05878928987194412 0.033261802575107295
10 0.4979627473806752 0.7494635193133047 0.059953434225844 0.03648068669527897
1 0.6981955762514552 0.7212982832618026 0.01571594877764843 0.009120171673819743
10 0.2529103608847497 0.8031115879828327 0.00989522700814901 0.013948497854077254
1 0.26455180442374854 0.8006974248927039 0.011059371362048894 0.01555793991416309
1 0.9115250291036089 0.6856223175965666 0.008149010477299184 0.011802575107296138
10 0.3588474970896391 0.7851394849785408 0.007566938300349243 0.011266094420600859
10 0.2208963911525029 0.8098175965665236 0.00989522700814901 0.012339055793991416
10 0.23806752037252618 0.8068669527896996 0.009313154831199068 0.015021459227467811
10 0.27852153667054713 0.799892703862661 0.012223515715948778 0.013948497854077254
1 0.3410942956926659 0.7888948497854077 0.009313154831199068 0.017703862660944206
10 0.3064610011641444 0.7950643776824035 0.011059371362048894 0.015021459227467811
10 0.29220023282887075 0.7974785407725322 0.009313154831199068 0.014484978540772532
5 0.8859138533178114 0.6920600858369099 0.020954598370197905 0.022532188841201718
10 0.3841676367869616 0.7846030042918455 0.010477299185098952 0.006974248927038627
10 0.9231664726426076 0.6891094420600858 0.010477299185098952 0.01555793991416309
10 0.19383003492433062 0.8248390557939914 0.012805587892898719 0.006974248927038627
10 0.39435389988358555 0.796137339055794 0.011059371362048894 0.006437768240343348
10 0.16356228172293363 0.8379828326180258 0.012805587892898719 0.008583690987124463
5 0.12136204889406287 0.8492489270386266 0.044819557625145515 0.046137339055793994
10 0.19528521536670548 0.8361051502145923 0.00989522700814901 0.008047210300429184
10 0.39522700814901046 0.8071351931330472 0.012805587892898719 0.008047210300429184
10 0.8215948777648429 0.7312231759656652 0.007566938300349243 0.009656652360515022
1 0.8044237485448196 0.7341738197424893 0.009313154831199068 0.013412017167381975
1 0.9188009313154831 0.7140557939914163 0.007566938300349243 0.012875536480686695
10 0.16676367869615832 0.8487124463519313 0.012223515715948778 0.0075107296137339056
10 0.8538998835855646 0.7266630901287554 0.008149010477299184 0.012339055793991416
10 0.8640861466821886 0.7250536480686696 0.00989522700814901 0.014484978540772532
1 0.8410942956926659 0.7290772532188842 0.012805587892898719 0.013948497854077254
10 0.7686263096623981 0.743293991416309 0.00989522700814901 0.012339055793991416
5 0.8908614668218859 0.7229077253218884 0.02037252619324796 0.023068669527896997
10 0.1970314318975553 0.848175965665236 0.00989522700814901 0.0075107296137339056
10 0.9313154831199069 0.7170064377682404 0.005820721769499418 0.01555793991416309
10 0.3981373690337602 0.8175965665236051 0.011641443538998836 0.006437768240343348
10 0.19965075669383003 0.8594420600858369 0.009313154831199068 0.006437768240343348
10 0.8640861466821886 0.7449034334763949 0.014551804423748545 0.008047210300429184
1 0.40279394644935973 0.8307403433476395 0.013969732246798603 0.008047210300429184
1 0.9324796274738067 0.737392703862661 0.015133876600698487 0.008047210300429184
10 0.8169383003492433 0.7599248927038627 0.006402793946449359 0.013412017167381975
10 0.8425494761350407 0.755901287553648 0.00989522700814901 0.013948497854077254
10 0.20227008149010478 0.8704399141630901 0.00989522700814901 0.006974248927038627
10 0.8285797438882422 0.7583154506437768 0.006402793946449359 0.012339055793991416
10 0.70023282887078 0.785675965665236 0.009313154831199068 0.01555793991416309
10 0.8661233993015134 0.7580472103004292 0.012805587892898719 0.0075107296137339056
10 0.8984284051222352 0.7532188841201717 0.016880093131548313 0.02145922746781116
5 0.9764260768335273 0.7400751072961373 0.02270081490104773 0.023068669527896997
10 0.40250291036088476 0.8438841201716738 0.01338766006984866 0.0075107296137339056
10 0.1810244470314319 0.8851931330472103 0.006984866123399301 0.012875536480686695
10 0.4348079161816065 0.8403969957081545 0.015133876600698487 0.008047210300429184
10 0.20576251455180442 0.8833154506437768 0.00989522700814901 0.006974248927038627
10 0.9449941792782305 0.7529506437768241 0.016880093131548313 0.008047210300429184
10 0.4051222351571595 0.8540772532188842 0.010477299185098952 0.006437768240343348
10 0.43888242142025613 0.8521995708154506 0.015133876600698487 0.0101931330472103
10 0.20634458672875436 0.8935085836909872 0.011059371362048894 0.005901287553648069
10 0.6376600698486612 0.8216201716738197 0.014551804423748545 0.008047210300429184
10 0.8812572759022119 0.7787017167381974 0.012805587892898719 0.008047210300429184
10 0.7648428405122235 0.802038626609442 0.009313154831199068 0.013948497854077254
5 0.3116996507566938 0.8833154506437768 0.15424912689173456 0.14753218884120173
1 0.4086146682188591 0.8669527896995708 0.011641443538998836 0.008583690987124463
10 0.7482537834691502 0.8063304721030042 0.008731082654249126 0.013948497854077254
10 0.7063445867287543 0.8170600858369099 0.00989522700814901 0.015021459227467811
10 0.44441210710128054 0.865343347639485 0.016880093131548313 0.009656652360515022
10 0.6420256111757858 0.8320815450643777 0.012805587892898719 0.0075107296137339056
1 0.21565774155995343 0.9090665236051502 0.008731082654249126 0.012339055793991416
10 0.4106519208381839 0.8776824034334764 0.00989522700814901 0.0075107296137339056
10 0.6859720605355064 0.8320815450643777 0.014551804423748545 0.009656652360515022
10 0.4447031431897555 0.8771459227467812 0.013969732246798603 0.0075107296137339056
10 0.8440046565774156 0.8079399141630901 0.006984866123399301 0.012875536480686695
1 0.6440628637951106 0.8444206008583691 0.01571594877764843 0.01072961373390558
10 0.9182188591385332 0.7956008583690987 0.006402793946449359 0.011802575107296138
10 0.7465075669383003 0.8291309012875536 0.006402793946449359 0.0101931330472103
10 0.7587310826542492 0.8272532188841202 0.00989522700814901 0.013948497854077254
10 0.41152502910360883 0.8900214592274678 0.012805587892898719 0.00536480686695279
10 0.7334109429569267 0.8326180257510729 0.009313154831199068 0.012875536480686695
10 0.7767753201396973 0.8248390557939914 0.008731082654249126 0.013412017167381975
10 0.789871944121071 0.8232296137339056 0.008149010477299184 0.012339055793991416
1 0.44644935972060534 0.8881437768240343 0.01629802095459837 0.009120171673819743
10 0.15774155995343422 0.9420600858369099 0.011641443538998836 0.008583690987124463
5 0.5512223515715948 0.871244635193133 0.1548311990686845 0.14914163090128754
10 0.6463911525029103 0.8570278969957081 0.00989522700814901 0.006974248927038627
1 0.41530849825378346 0.9050429184549357 0.01338766006984866 0.0075107296137339056
10 0.4511059371362049 0.8991416309012875 0.011641443538998836 0.0075107296137339056
1 0.7933643771827706 0.8428111587982833 0.015133876600698487 0.0075107296137339056
10 0.9237485448195576 0.8194742489270386 0.006984866123399301 0.012339055793991416
1 0.719441210710128 0.8562231759656652 0.018626309662398137 0.009656652360515022
10 0.1621071012805588 0.9562768240343348 0.012223515715948778 0.009120171673819743
10 0.13591385331781142 0.9637875536480687 0.01338766006984866 0.005901287553648069
10 0.8227590221187427 0.842274678111588 0.01571594877764843 0.009656652360515022
10 0.4167636786961583 0.9149678111587983 0.015133876600698487 0.0101931330472103
1 0.22759022118742725 0.9514484978540773 0.012805587892898719 0.006974248927038627
10 0.6507566938300349 0.8774141630901288 0.013969732246798603 0.009120171673819743
10 0.16618160651920838 0.9662017167381974 0.011059371362048894 0.009656652360515022
5 0.9572176949941793 0.8240343347639485 0.042491268917345754 0.08690987124463519
10 0.8504074505238649 0.8444206008583691 0.006984866123399301 0.012875536480686695
10 0.139988358556461 0.9742489270386266 0.007566938300349243 0.0075107296137339056
10 0.8282887077997672 0.8551502145922747 0.010477299185098952 0.006437768240343348
10 0.23137369033760186 0.9627145922746781 0.008731082654249126 0.006974248927038627
10 0.4190919674039581 0.9305257510729614 0.012805587892898719 0.008047210300429184
10 0.6522118742724098 0.8892167381974249 0.00989522700814901 0.005901287553648069
10 0.16676367869615832 0.9793454935622318 0.016880093131548313 0.008047210300429184
10 0.20779976717112922 0.9721030042918455 0.009313154831199068 0.0075107296137339056
10 0.9927240977881258 0.8339592274678111 0.007566938300349243 0.012339055793991416
10 0.6993597206053551 0.8886802575107297 0.012223515715948778 0.008047210300429184
10 0.8311990686845169 0.8669527896995708 0.009313154831199068 0.006437768240343348
10 0.2331199068684517 0.9747854077253219 0.008731082654249126 0.006437768240343348
10 0.6542491268917345 0.9004828326180258 0.012805587892898719 0.008047210300429184
10 0.16850989522700816 0.989538626609442 0.012223515715948778 0.008047210300429184
10 0.9321885913853318 0.8564914163090128 0.007566938300349243 0.0101931330472103
10 0.8317811408614668 0.8779506437768241 0.011641443538998836 0.006974248927038627
10 0.6580325960419092 0.9133583690987125 0.011059371362048894 0.006974248927038627
1 0.37543655413271243 0.9645922746781116 0.009313154831199068 0.012875536480686695
10 0.2741559953434226 0.9825643776824035 0.009313154831199068 0.01555793991416309
1 0.2881257275902212 0.9820278969957081 0.008149010477299184 0.01555793991416309
10 0.47147846332945287 0.9498390557939914 0.009313154831199068 0.014484978540772532
10 0.2619324796274738 0.987392703862661 0.009313154831199068 0.012339055793991416
10 0.36350407450523864 0.9688841201716738 0.00989522700814901 0.015021459227467811
10 0.29860302677532014 0.9804184549356223 0.010477299185098952 0.014484978540772532
10 0.31344586728754364 0.9785407725321889 0.00989522700814901 0.013948497854077254
1 0.43888242142025613 0.9565450643776824 0.010477299185098952 0.015021459227467811
10 0.4508149010477299 0.9552038626609443 0.008731082654249126 0.01555793991416309
10 0.3268335273573923 0.9771995708154506 0.008731082654249126 0.014484978540772532
10 0.3512805587892899 0.9734442060085837 0.006402793946449359 0.012339055793991416
10 0.33993015133876603 0.9763948497854077 0.011641443538998836 0.015021459227467811
1 0.23050058207217694 0.9943669527896996 0.010477299185098952 0.0101931330472103
10 0.20663562281722933 0.9965128755364807 0.006984866123399301 0.005901287553648069
10 0.2467986030267753 0.9935622317596566 0.009313154831199068 0.011802575107296138
5 0.7668800931315483 0.9023605150214592 0.09371362048894064 0.08798283261802575
10 0.8329452852153667 0.8916309012875536 0.015133876600698487 0.008583690987124463
10 0.8370197904540163 0.9023605150214592 0.013969732246798603 0.006437768240343348
10 0.3538998835855646 0.9922210300429185 0.012805587892898719 0.012339055793991416
10 0.3108265424912689 0.9975858369098712 0.009313154831199068 0.0037553648068669528
10 0.5916763678696159 0.9527896995708155 0.008731082654249126 0.015021459227467811
10 0.49970896391152503 0.9694206008583691 0.008731082654249126 0.013948497854077254
10 0.3268335273573923 0.996244635193133 0.007566938300349243 0.006437768240343348
10 0.5116414435389989 0.9678111587982833 0.010477299185098952 0.015021459227467811
10 0.5811990686845169 0.9554721030042919 0.00989522700814901 0.016094420600858368
10 0.6041909196740396 0.9514484978540773 0.010477299185098952 0.016630901287553648
10 0.33876600698486614 0.9954399141630901 0.008149010477299184 0.008047210300429184
1 0.569557625145518 0.9578862660944206 0.008731082654249126 0.01984978540772532
10 0.6181606519208381 0.9490343347639485 0.009313154831199068 0.016094420600858368
10 0.6309662398137369 0.947961373390558 0.008149010477299184 0.012875536480686695
5 0.6862630966239813 0.9385729613733905 0.024447031431897557 0.01984978540772532
10 0.839930151338766 0.9138948497854077 0.012805587892898719 0.005901287553648069
10 0.9158905704307334 0.9050429184549357 0.00989522700814901 0.017167381974248927
10 0.5538416763678696 0.9699570815450643 0.00989522700814901 0.015021459227467811
10 0.5422002328288708 0.9737124463519313 0.006402793946449359 0.013948497854077254
10 0.5314318975552969 0.9766630901287554 0.009313154831199068 0.016630901287553648
5 0.8830034924330618 0.9203326180257511 0.037252619324796274 0.04345493562231759
10 0.6036088474970897 0.9742489270386266 0.009313154831199068 0.016094420600858368
10 0.6161233993015134 0.9718347639484979 0.011059371362048894 0.018776824034334765
10 0.5913853317811408 0.976931330472103 0.009313154831199068 0.013948497854077254
10 0.6280558789289872 0.9723712446351931 0.010477299185098952 0.01555793991416309
10 0.8440046565774156 0.9356223175965666 0.013969732246798603 0.0075107296137339056
10 0.6557043073341094 0.9718347639484979 0.006402793946449359 0.012339055793991416
1 0.6877182770663562 0.9670064377682404 0.01338766006984866 0.01555793991416309
1 0.6717112922002328 0.9696888412017167 0.013969732246798603 0.018776824034334765
10 0.7040162980209546 0.9645922746781116 0.007566938300349243 0.011802575107296138
10 0.920547147846333 0.927038626609442 0.008731082654249126 0.013948497854077254
10 0.7616414435389989 0.9576180257510729 0.00989522700814901 0.0075107296137339056
10 0.739813736903376 0.9616416309012875 0.01629802095459837 0.008047210300429184
10 0.8105355064027939 0.9493025751072961 0.01338766006984866 0.006974248927038627
10 0.7855064027939465 0.9546673819742489 0.012223515715948778 0.006974248927038627
10 0.8346915017462165 0.9476931330472103 0.013969732246798603 0.004828326180257511
10 0.1379511059371362 0.13224248927038626 0.01979045401629802 0.016630901287553648
10 0.13940628637951105 0.14431330472103004 0.014551804423748545 0.008583690987124463
5 0.09429569266589057 0.15504291845493562 0.01979045401629802 0.015021459227467811
10 0.36757857974388825 0.10997854077253219 0.01338766006984866 0.006437768240343348
10 0.45576251455180444 0.09522532188841201 0.008149010477299184 0.013412017167381975
1 0.429860302677532 0.10005364806866952 0.008731082654249126 0.013412017167381975
10 0.4435389988358556 0.09817596566523605 0.006984866123399301 0.011802575107296138
5 0.40657741559953436 0.11158798283261803 0.025029103608847497 0.03862660944206009
1 0.14930151338766007 0.15879828326180256 0.01338766006984866 0.011802575107296138
10 0.37077997671711294 0.11936695278969957 0.009313154831199068 0.005901287553648069
10 0.012805587892898719 0.18401287553648069 0.010477299185098952 0.017167381974248927
10 0.05180442374854482 0.17998927038626608 0.011641443538998836 0.017703862660944206
10 0.45459837019790456 0.11078326180257511 0.012805587892898719 0.0101931330472103
10 0.1749126891734575 0.1636266094420601 0.018044237485448197 0.0075107296137339056
10 0.37281722933643774 0.13143776824034334 0.011059371362048894 0.008583690987124463
10 0.4342258440046566 0.12070815450643776 0.010477299185098952 0.017167381974248927
10 0.2968568102444703 0.14645922746781115 0.008149010477299184 0.012875536480686695
10 0.10651920838183934 0.18106223175965666 0.01629802095459837 0.009120171673819743
10 0.28550640279394646 0.14994635193133046 0.011059371362048894 0.012339055793991416
10 0.27386495925494764 0.15262875536480686 0.00989522700814901 0.011266094420600859
10 0.4743888242142026 0.12285407725321888 0.03143189755529686 0.017167381974248927
10 0.17840512223515717 0.17623390557939914 0.00989522700814901 0.006974248927038627
1 0.6522118742724098 0.0930793991416309 0.01338766006984866 0.014484978540772532
10 0.10913853317811409 0.19125536480686695 0.01338766006984866 0.006974248927038627
10 0.37543655413271243 0.14377682403433475 0.009313154831199068 0.008583690987124463
5 0.7191501746216531 0.08503218884120171 0.10768335273573923 0.16148068669527896
10 0.8279976717112922 0.06679184549356224 0.059953434225844 0.03165236051502146
10 0.1781140861466822 0.1880364806866953 0.009313154831199068 0.005901287553648069
10 0.11117578579743888 0.20278969957081544 0.011641443538998836 0.008583690987124463
10 0.42636786961583234 0.1467274678111588 0.011059371362048894 0.016630901287553648
10 0.4412107101280559 0.1440450643776824 0.009313154831199068 0.01555793991416309
1 0.25582072176949944 0.17784334763948498 0.007566938300349243 0.013412017167381975
10 0.4147264260768335 0.1494098712446352 0.008731082654249126 0.01555793991416309
10 0.20343422584400467 0.1869635193133047 0.007566938300349243 0.013412017167381975
10 0.23108265424912688 0.1826716738197425 0.009313154831199068 0.016630901287553648
10 0.21653084982537835 0.18508583690987124 0.011641443538998836 0.016094420600858368
10 0.29452852153667053 0.17167381974248927 0.011641443538998836 0.015021459227467811
10 0.2831781140861467 0.17435622317596566 0.006402793946449359 0.016094420600858368
10 0.329743888242142 0.16684549356223177 0.007566938300349243 0.015021459227467811
10 0.24330616996507567 0.1821351931330472 0.005820721769499418 0.014484978540772532
10 0.2712456344586729 0.1773068669527897 0.008149010477299184 0.01555793991416309
1 0.3151920838183935 0.1697961373390558 0.00989522700814901 0.016630901287553648
1 0.17927823050058206 0.19662017167381973 0.013969732246798603 0.009120171673819743
5 0.1469732246798603 0.2065450643776824 0.02619324796274738 0.02467811158798283
10 0.7889988358556461 0.09254291845493562 0.01338766006984866 0.005901287553648069
10 0.11437718277066357 0.21566523605150215 0.00989522700814901 0.0075107296137339056
10 0.01309662398137369 0.24007510729613735 0.007566938300349243 0.013412017167381975
10 0.18480791618160652 0.20976394849785407 0.011059371362048894 0.006437768240343348
1 0.529976717112922 0.14914163090128754 0.011059371362048894 0.015021459227467811
1 0.5672293364377182 0.1432403433476395 0.014551804423748545 0.017167381974248927
1 0.54976717112922 0.14699570815450644 0.01571594877764843 0.018240343347639486
1 0.5852735739231665 0.14082618025751073 0.012223515715948778 0.017703862660944206
10 0.7948195576251456 0.10541845493562232 0.01571594877764843 0.006974248927038627
10 0.11554132712456344 0.2282725321888412 0.011059371362048894 0.005901287553648069
10 0.3533178114086147 0.18857296137339055 0.013969732246798603 0.009120171673819743
10 0.15832363213038417 0.22451716738197425 0.01979045401629802 0.012339055793991416
10 0.1871362048894063 0.22156652360515022 0.008731082654249126 0.006437768240343348
10 0.8378928987194412 0.11400214592274678 0.06228172293364377 0.03487124463519313
10 0.35797438882421423 0.20118025751072963 0.010477299185098952 0.0075107296137339056
10 0.12747380675203726 0.2446351931330472 0.006984866123399301 0.012875536480686695
10 0.11525029103608847 0.24651287553648069 0.006984866123399301 0.014484978540772532
10 0.1888824214202561 0.2357832618025751 0.012223515715948778 0.006974248927038627
1 0.7884167636786962 0.1303648068669528 0.00989522700814901 0.018240343347639486
10 0.8006402793946449 0.1290236051502146 0.008731082654249126 0.013412017167381975
10 0.3562281722933644 0.21244635193133046 0.011641443538998836 0.0075107296137339056
10 0.19237485448195576 0.2473175965665236 0.01571594877764843 0.008583690987124463
10 0.12339930151338765 0.26207081545064376 0.012805587892898719 0.005901287553648069
5 0.15745052386495925 0.2583154506437768 0.02270081490104773 0.039163090128755365
10 0.3620488940628638 0.22746781115879827 0.012805587892898719 0.0075107296137339056
10 0.19470314318975554 0.26126609442060084 0.01338766006984866 0.008583690987124463
10 0.1271827706635623 0.27467811158798283 0.011059371362048894 0.00536480686695279
5 0.2811408614668219 0.2526824034334764 0.14318975552968569 0.13197424892703863
1 0.5413271245634459 0.20734978540772533 0.015133876600698487 0.016630901287553648
1 0.7057625145518044 0.17972103004291845 0.012223515715948778 0.017167381974248927
10 0.19761350407450523 0.27145922746781115 0.011059371362048894 0.0075107296137339056
10 0.07828870779976717 0.2929184549356223 0.014551804423748545 0.008583690987124463
5 0.03841676367869616 0.30150214592274677 0.037252619324796274 0.043991416309012876
10 0.3661233993015134 0.24409871244635192 0.012805587892898719 0.009656652360515022
10 0.8509895227008148 0.15906652360515022 0.05820721769499418 0.03165236051502146
10 0.07887077997671711 0.3063304721030043 0.012223515715948778 0.0075107296137339056
10 0.3693247962747381 0.25670600858369097 0.00989522700814901 0.006974248927038627
10 0.14842840512223515 0.2969420600858369 0.012805587892898719 0.017703862660944206
10 0.1909196740395809 0.28969957081545067 0.010477299185098952 0.017167381974248927
1 0.18073341094295692 0.2915772532188841 0.008731082654249126 0.013412017167381975
10 0.20372526193247964 0.28835836909871243 0.009313154831199068 0.01555793991416309
10 0.13125727590221187 0.3031115879828326 0.01338766006984866 0.0075107296137339056
5 0.6289289871944121 0.22156652360515022 0.15192083818393481 0.0890557939914163
5 0.46332945285215366 0.25160944206008584 0.1478463329452852 0.08476394849785408
10 0.37281722933643774 0.2687768240343348 0.00989522700814901 0.0075107296137339056
5 0.7593131548311991 0.20064377682403434 0.04831199068684517 0.07296137339055794
10 0.13271245634458673 0.3157188841201717 0.010477299185098952 0.006974248927038627
1 0.7147846332945286 0.21217811158798283 0.012805587892898719 0.018776824034334765
10 0.20139697322467986 0.3044527896995708 0.012805587892898719 0.009120171673819743
10 0.10593713620488941 0.325912017167382 0.006984866123399301 0.011266094420600859
10 0.08643771827706635 0.32993562231759654 0.008731082654249126 0.006437768240343348
10 0.11757857974388825 0.32430257510729615 0.008149010477299184 0.014484978540772532
10 0.37252619324796277 0.2805793991416309 0.009313154831199068 0.006437768240343348
10 0.13533178114086147 0.3253755364806867 0.012223515715948778 0.006974248927038627
10 0.20634458672875436 0.31840128755364805 0.01338766006984866 0.006974248927038627
1 0.0890570430733411 0.3417381974248927 0.010477299185098952 0.0075107296137339056
10 0.37630966239813735 0.2905042918454936 0.00989522700814901 0.005901287553648069
10 0.8571012805587893 0.20493562231759657 0.06111757857974389 0.03648068669527897
5 0.046274738067520374 0.3546137339055794 0.03550640279394645 0.04291845493562232
5 0.17374854481955762 0.3323497854077253 0.02852153667054715 0.04238197424892704
10 0.13853317811408614 0.33986051502145925 0.009313154831199068 0.006974248927038627
1 0.5550058207217695 0.26528969957081544 0.007566938300349243 0.013412017167381975
1 0.720023282887078 0.23766094420600858 0.010477299185098952 0.013948497854077254
10 0.110011641443539 0.3471030042918455 0.008149010477299184 0.017167381974248927
10 0.2089639115250291 0.3293991416309013 0.017462165308498253 0.01072961373390558
10 0.12194412107101281 0.34603004291845496 0.006402793946449359 0.013948497854077254
10 0.09342258440046566 0.35219957081545067 0.012223515715948778 0.009120171673819743
10 0.8119906868451688 0.22800429184549356 0.015133876600698487 0.008583690987124463
10 0.14289871944121071 0.34951716738197425 0.01338766006984866 0.005901287553648069
10 0.2709545983701979 0.3269849785407725 0.016880093131548313 0.008047210300429184
10 0.24650756693830034 0.33261802575107297 0.016880093131548313 0.008583690987124463
10 0.21158323632130385 0.3409334763948498 0.012223515715948778 0.006974248927038627
1 0.3492433061699651 0.32162017167381973 0.009313154831199068 0.016630901287553648
1 0.14144353899883585 0.3623927038626609 0.013969732246798603 0.0101931330472103
1 0.7238067520372526 0.2628755364806867 0.01338766006984866 0.019313304721030045
1 0.5605355064027939 0.2934549356223176 0.011641443538998836 0.015021459227467811
10 0.14289871944121071 0.3731223175965665 0.01920838183934808 0.009120171673819743
10 0.24068684516880093 0.361587982832618 0.008731082654249126 0.015021459227467811
10 0.2159487776484284 0.3674892703862661 0.01629802095459837 0.009656652360515022
10 0.8675785797438882 0.25160944206008584 0.057625145518044235 0.034334763948497854
10 0.09167636786961583 0.3940450643776824 0.007566938300349243 0.013412017167381975
10 0.1120488940628638 0.391362660944206 0.00989522700814901 0.01555793991416309
10 0.12252619324796275 0.3894849785407725 0.007566938300349243 0.013948497854077254
5 0.18364377182770664 0.3803648068669528 0.02619324796274738 0.03755364806866953
5 0.4819557625145518 0.32993562231759654 0.1548311990686845 0.0944206008583691
10 0.14726426076833526 0.39297210300429186 0.013969732246798603 0.008047210300429184
5 0.7791036088474971 0.2805793991416309 0.05064027939464494 0.08261802575107297
5 0.30238649592549477 0.3669527896995708 0.08672875436554132 0.07081545064377683
5 0.6493015133876601 0.30606223175965663 0.15075669383003493 0.08530042918454936
1 0.3608847497089639 0.3591738197424893 0.013969732246798603 0.008047210300429184
10 0.21944121071012807 0.38599785407725323 0.011641443538998836 0.005901287553648069
10 0.3946449359720605 0.35568669527896996 0.015133876600698487 0.0075107296137339056
1 0.15192083818393481 0.4028969957081545 0.011641443538998836 0.0075107296137339056
1 0.7345750873108265 0.30257510729613735 0.013969732246798603 0.006437768240343348
10 0.07246798603026776 0.42542918454935624 0.00989522700814901 0.013948497854077254
10 0.39755529685681024 0.36722103004291845 0.009313154831199068 0.005901287553648069
10 0.047438882421420255 0.4302575107296137 0.007566938300349243 0.012875536480686695
10 0.21420256111757857 0.4055793991416309 0.010477299185098952 0.009656652360515022
10 0.1638533178114086 0.4179184549356223 0.011059371362048894 0.017167381974248927
10 0.14930151338766007 0.4208690987124464 0.012223515715948778 0.017703862660944206
10 0.25261932479627475 0.40370171673819744 0.009313154831199068 0.016630901287553648
10 0.39988358556461 0.3782188841201717 0.013969732246798603 0.008583690987124463
1 0.5721769499417928 0.35032188841201717 0.010477299185098952 0.011802575107296138
10 0.37485448195576254 0.38626609442060084 0.008149010477299184 0.013948497854077254
10 0.3640861466821886 0.39002145922746784 0.008731082654249126 0.015021459227467811
1 0.7371944121071012 0.32349785407725323 0.008731082654249126 0.015021459227467811
10 0.2171129220023283 0.4168454935622318 0.012805587892898719 0.0075107296137339056
10 0.8320721769499418 0.3082081545064378 0.018044237485448197 0.008047210300429184
10 0.8763096623981373 0.30123390557939916 0.06111757857974389 0.03379828326180258
10 0.4033760186263097 0.3916309012875536 0.015133876600698487 0.008583690987124463
10 0.10448195576251455 0.44957081545064376 0.00989522700814901 0.016094420600858368
10 0.129802095459837 0.4450107296137339 0.005820721769499418 0.013412017167381975
10 0.11612339930151339 0.44876609442060084 0.008731082654249126 0.013412017167381975
10 0.35011641443539 0.4074570815450644 0.018044237485448197 0.0101931330472103
10 0.3221769499417928 0.41282188841201717 0.014551804423748545 0.008047210300429184
10 0.37281722933643774 0.40370171673819744 0.018044237485448197 0.009120171673819743
10 0.5168800931315483 0.377950643776824 0.015133876600698487 0.008047210300429184
10 0.49243306169965073 0.3830472103004292 0.017462165308498253 0.009656652360515022
10 0.45838183934807913 0.3897532188841202 0.012223515715948778 0.006974248927038627
10 0.42956926658905703 0.39726394849785407 0.011641443538998836 0.006974248927038627
10 0.5739231664726426 0.372049356223176 0.018626309662398137 0.009120171673819743
10 0.4042491268917346 0.40370171673819744 0.014551804423748545 0.009120171673819743
10 0.0870197904540163 0.46217811158798283 0.014551804423748545 0.008047210300429184
1 0.21973224679860304 0.4458154506437768 0.01571594877764843 0.008583690987124463
1 0.3128637951105937 0.4294527896995708 0.008731082654249126 0.005901287553648069
1 0.5410360884749709 0.3892167381974249 0.012223515715948778 0.008047210300429184
10 0.4342258440046566 0.4090665236051502 0.010477299185098952 0.009120171673819743
10 0.4059953434225844 0.414431330472103 0.012223515715948778 0.005901287553648069
10 0.6548311990686845 0.37043991416309013 0.024447031431897557 0.029506437768240343
10 0.12369033760186263 0.4678111587982833 0.01338766006984866 0.0075107296137339056
10 0.6781140861466822 0.36909871244635195 0.012805587892898719 0.01072961373390558
10 0.7537834691501746 0.3605150214592275 0.010477299185098952 0.017167381974248927
10 0.050058207217694994 0.4873927038626609 0.006984866123399301 0.012339055793991416
10 0.43538998835855647 0.41818669527896996 0.008149010477299184 0.005901287553648069
10 0.409487776484284 0.4232832618025751 0.012223515715948778 0.0075107296137339056
1 0.3140279394644936 0.4409871244635193 0.008731082654249126 0.006437768240343348
10 0.08469150174621654 0.48202789699570814 0.007566938300349243 0.01555793991416309
10 0.09691501746216531 0.48068669527896996 0.007566938300349243 0.013948497854077254
1 0.5235739231664727 0.40450643776824036 0.01571594877764843 0.008583690987124463
5 0.26979045401629803 0.45064377682403434 0.04831199068684517 0.07188841201716738
5 0.1781140861466822 0.4675429184549356 0.050058207217694994 0.07778969957081545
5 0.7954016298020955 0.3594420600858369 0.04831199068684517 0.07296137339055794
10 0.12776484284051223 0.47988197424892703 0.008731082654249126 0.004828326180257511
10 0.8862048894062864 0.3465665236051502 0.057625145518044235 0.030042918454935622
10 0.43742724097788127 0.42972103004291845 0.008731082654249126 0.0075107296137339056
10 0.3151920838183935 0.45252145922746784 0.01571594877764843 0.0101931330472103
5 0.7243888242142026 0.3790236051502146 0.041327124563445866 0.04560085836909871
10 0.4126891734575087 0.43589055793991416 0.012805587892898719 0.009120171673819743
10 0.5419091967403958 0.4130901287553648 0.013969732246798603 0.0075107296137339056
5 0.5916763678696159 0.4053111587982833 0.06344586728754366 0.04130901287553648
10 0.0710128055878929 0.5018776824034334 0.010477299185098952 0.005901287553648069
10 0.13154831199068684 0.49141630901287553 0.013969732246798603 0.0075107296137339056
10 0.09371362048894064 0.49839055793991416 0.013969732246798603 0.008583690987124463
5 0.36670547147846333 0.4498390557939914 0.06053550640279395 0.07778969957081545
5 0.48166472642607683 0.43079399141630903 0.052968568102444706 0.07618025751072961
10 0.440337601862631 0.4388412017167382 0.008731082654249126 0.0075107296137339056
10 0.41443538998835855 0.4455472103004292 0.009313154831199068 0.005901287553648069
1 0.6789871944121071 0.39860515021459225 0.011059371362048894 0.00536480686695279
10 0.5427823050058207 0.4251609442060086 0.01571594877764843 0.008047210300429184
10 0.13474970896391153 0.5040236051502146 0.012223515715948778 0.008047210300429184
10 0.4426658905704307 0.45144849785407726 0.008731082654249126 0.005901287553648069
1 0.4150174621653085 0.4594957081545064 0.012805587892898719 0.008047210300429184
10 0.5474388824214202 0.43723175965665234 0.01338766006984866 0.008583690987124463
10 0.13649592549476136 0.5144849785407726 0.01338766006984866 0.0075107296137339056
10 0.8492433061699651 0.3876072961373391 0.018626309662398137 0.009120171673819743
10 0.6376600698486612 0.42650214592274677 0.007566938300349243 0.012875536480686695
10 0.44441210710128054 0.46110515021459225 0.012223515715948778 0.009120171673819743
10 0.32043073341094297 0.483637339055794 0.01338766006984866 0.008047210300429184
1 0.6501746216530849 0.42435622317596566 0.011641443538998836 0.016094420600858368
10 0.6769499417927823 0.42033261802575106 0.012805587892898719 0.016630901287553648
10 0.7578579743888242 0.40665236051502146 0.012805587892898719 0.009656652360515022
10 0.6647264260768335 0.4230150214592275 0.011641443538998836 0.01555793991416309
10 0.3233410942956927 0.49356223175965663 0.014551804423748545 0.008583690987124463
10 0.41763678696158324 0.476931330472103 0.008731082654249126 0.006437768240343348
10 0.1362048894062864 0.5270922746781116 0.011641443538998836 0.008047210300429184
10 0.8961001164144354 0.3916309012875536 0.05878928987194412 0.034334763948497854
10 0.5334691501746216 0.45681330472103004 0.012223515715948778 0.005901287553648069
10 0.4438300349243306 0.4737124463519313 0.018044237485448197 0.008583690987124463
10 0.09342258440046566 0.5388948497854077 0.008731082654249126 0.006974248927038627