1 0.6870047543581617 0.8506044905008635 0.01584786053882726 0.022452504317789293
1 0.527337559429477 0.8566493955094991 0.011885895404120444 0.024179620034542316
1 0.5431854199683043 0.8570811744386874 0.01347068145800317 0.019861830742659757
1 0.5134706814580031 0.8583765112262521 0.014263074484944533 0.022452504317789293
1 0.23375594294770205 0.8639896373056994 0.012678288431061807 0.023316062176165803
1 0.18026941362916007 0.8674438687392055 0.010301109350237718 0.023316062176165803
1 0.2179080824088748 0.8670120898100173 0.009508716323296355 0.024179620034542316
1 0.312202852614897 0.8652849740932642 0.012678288431061807 0.02072538860103627
1 0.14976228209191758 0.8687392055267703 0.012678288431061807 0.024179620034542316
1 0.347068145800317 0.8652849740932642 0.011093502377179081 0.024179620034542316
1 0.5915213946117274 0.8765112262521589 0.019809825673534072 0.018998272884283247
1 0.5693343898573693 0.8773747841105354 0.022979397781299524 0.017271157167530225
1 0.31973058637083995 0.9136442141623489 0.03724247226624406 0.046632124352331605
1 0.21909667194928684 0.9179620034542314 0.03882725832012678 0.04835924006908463
1 0.16323296354992076 0.9192573402417962 0.04120443740095087 0.054404145077720206
5 0.3763866877971474 0.9287564766839378 0.06497622820919176 0.0613126079447323
1 0.4223454833597464 0.9494818652849741 0.02377179080824089 0.018134715025906734
5 0.06497622820919176 0.4006908462867012 0.04595879556259905 0.05872193436960276
1 0.08201267828843106 0.44041450777202074 0.011885895404120444 0.022452504317789293
1 0.052694136291600635 0.44127806563039723 0.01347068145800317 0.022452504317789293
1 0.06537242472266244 0.4740932642487047 0.041996830427892234 0.04145077720207254
10 0.5776545166402536 0.5263385146804835 0.012678288431061807 0.02849740932642487
10 0.5245641838351822 0.5358376511226253 0.006339144215530904 0.016407599309153715
10 0.5388272583201268 0.5371329879101899 0.011093502377179081 0.015544041450777202
10 0.4615689381933439 0.5384283246977547 0.0071315372424722665 0.019861830742659757
1 0.40649762282091917 0.5401554404145078 0.014263074484944533 0.019861830742659757
10 0.4488906497622821 0.540587219343696 0.005546751188589541 0.017271157167530225
10 0.5126782884310618 0.5397236614853195 0.014263074484944533 0.022452504317789293
10 0.5570522979397782 0.538860103626943 0.012678288431061807 0.018998272884283247
1 0.5 0.5401554404145078 0.012678288431061807 0.023316062176165803
1 0.43304278922345485 0.5414507772020726 0.01347068145800317 0.022452504317789293
1 0.4762282091917591 0.5431778929188256 0.012678288431061807 0.025906735751295335
1 0.5768621236133122 0.5574265975820379 0.012678288431061807 0.019861830742659757
1 0.5451664025356577 0.5582901554404145 0.022187004754358162 0.011226252158894647
10 0.6176703645007924 0.5630397236614854 0.011885895404120444 0.022452504317789293
10 0.056259904912836764 0.5746977547495682 0.012678288431061807 0.02158894645941278
1 0.24841521394611726 0.5729706390328152 0.01347068145800317 0.023316062176165803
1 0.7076069730586371 0.5643350604490501 0.011093502377179081 0.023316062176165803
10 0.695324881141046 0.5643350604490501 0.010301109350237718 0.019861830742659757
1 0.07210776545166403 0.5768566493955095 0.014263074484944533 0.024179620034542316
1 0.6628367670364501 0.5651986183074266 0.008716323296354992 0.019861830742659757
10 0.6798732171156894 0.5651986183074266 0.017432646592709985 0.023316062176165803
1 0.27297939778129954 0.5734024179620034 0.021394611727416798 0.022452504317789293
1 0.18660855784469096 0.5764248704663213 0.010301109350237718 0.023316062176165803
10 0.09112519809825674 0.5893782383419689 0.011093502377179081 0.02158894645941278
10 0.13193343898573692 0.5967184801381693 0.011885895404120444 0.018998272884283247
10 0.09270998415213946 0.6109671848013817 0.009508716323296355 0.018134715025906734
1 0.3993660855784469 0.6101036269430051 0.01901743264659271 0.01468048359240069
10 0.6105388272583201 0.6135578583765112 0.015055467511885896 0.02849740932642487
10 0.6248019017432647 0.6135578583765112 0.01664025356576862 0.025043177892918825
10 0.5954833597464342 0.6152849740932642 0.010301109350237718 0.02677029360967185
10 0.1327258320126783 0.6312607944732297 0.011885895404120444 0.024179620034542316
1 0.09350237717908082 0.636873920552677 0.014263074484944533 0.025043177892918825
10 0.7020602218700476 0.6269430051813472 0.017432646592709985 0.015544041450777202
10 0.6747226624405706 0.6282383419689119 0.021394611727416798 0.011226252158894647
10 0.6263866877971473 0.6373056994818653 0.011885895404120444 0.027633851468048358
10 0.5182250396196514 0.6411917098445595 0.011093502377179081 0.02158894645941278
10 0.6109350237717908 0.6390328151986183 0.012678288431061807 0.024179620034542316
10 0.5685419968304279 0.6398963730569949 0.01347068145800317 0.02072538860103627
1 0.6406497622820919 0.6386010362694301 0.011885895404120444 0.016407599309153715
10 0.5475435816164818 0.6416234887737479 0.014263074484944533 0.017271157167530225
10 0.598256735340729 0.6403281519861831 0.012678288431061807 0.02158894645941278
10 0.5832012678288431 0.6407599309153713 0.011093502377179081 0.02072538860103627
1 0.3977812995245642 0.6481001727115717 0.01901743264659271 0.01468048359240069
10 0.7028526148969889 0.6420552677029361 0.020602218700475437 0.012953367875647668
10 0.47583201267828845 0.6481001727115717 0.018225039619651346 0.009499136442141624
10 0.12004754358161648 0.6563039723661486 0.019809825673534072 0.013816925734024179
1 0.6747226624405706 0.6463730569948186 0.019809825673534072 0.009499136442141624
1 0.09746434231378764 0.657167530224525 0.02377179080824089 0.015544041450777202
1 0.14144215530903329 0.6563039723661486 0.019809825673534072 0.015544041450777202
10 0.7032488114104596 0.6567357512953368 0.018225039619651346 0.01468048359240069
1 0.14064976228209192 0.6701208981001727 0.021394611727416798 0.018998272884283247
10 0.47781299524564186 0.6645077720207254 0.020602218700475437 0.01468048359240069
1 0.09746434231378764 0.6718480138169257 0.02377179080824089 0.015544041450777202
10 0.1196513470681458 0.6744386873920553 0.01901743264659271 0.010362694300518135
10 0.47741679873217113 0.6791882556131261 0.021394611727416798 0.012953367875647668
10 0.12004754358161648 0.6904145077720207 0.015055467511885896 0.016407599309153715
1 0.09944532488114105 0.6921416234887737 0.02456418383518225 0.016407599309153715
1 0.8720285261489699 0.6938687392055267 0.01347068145800317 0.025043177892918825
10 0.1196513470681458 0.7102763385146805 0.020602218700475437 0.012953367875647668
1 0.09984152139461172 0.7107081174438687 0.020602218700475437 0.012089810017271158
1 0.401743264659271 0.7063903281519862 0.02377179080824089 0.012089810017271158
5 0.27099841521394613 0.7115716753022453 0.24247226624405704 0.25906735751295334
1 0.8973851030110935 0.7012089810017271 0.03248811410459588 0.044905008635578586
10 0.4786053882725832 0.7184801381692574 0.01901743264659271 0.012089810017271158
10 0.8522187004754358 0.7132987910189983 0.01347068145800317 0.024179620034542316
1 0.09944532488114105 0.727979274611399 0.019809825673534072 0.015544041450777202
10 0.12083993660855784 0.729706390328152 0.018225039619651346 0.015544041450777202
1 0.09984152139461172 0.7443868739205527 0.020602218700475437 0.013816925734024179
10 0.14064976228209192 0.7461139896373057 0.021394611727416798 0.013816925734024179
10 0.8518225039619651 0.7379101899827288 0.012678288431061807 0.023316062176165803
1 0.47820919175911253 0.7461139896373057 0.022979397781299524 0.017271157167530225
5 0.5847860538827259 0.748272884283247 0.1664025356576862 0.18048359240069084
1 0.4001584786053883 0.7551813471502591 0.022187004754358162 0.016407599309153715
1 0.14064976228209192 0.7625215889464594 0.018225039619651346 0.013816925734024179
10 0.09984152139461172 0.7638169257340242 0.017432646592709985 0.012953367875647668
1 0.8759904912836767 0.7780656303972366 0.01664025356576862 0.024179620034542316
10 0.7797147385103012 0.7953367875647669 0.022187004754358162 0.012089810017271158
10 0.778526148969889 0.8117443868739206 0.022979397781299524 0.015544041450777202
10 0.7995245641838352 0.810880829015544 0.022187004754358162 0.013816925734024179
5 0.4338351822503962 0.8229706390328152 0.08003169572107766 0.06563039723661486
10 0.8454833597464342 0.8234024179620034 0.011093502377179081 0.02158894645941278
1 0.8585578446909667 0.8234024179620034 0.01347068145800317 0.023316062176165803
1 0.8728209191759112 0.8229706390328152 0.010301109350237718 0.022452504317789293
1 0.4837559429477021 0.8376511226252159 0.01347068145800317 0.02072538860103627
1 0.8989698890649762 0.8350604490500864 0.029318541996830427 0.04145077720207254