2 0.3002070393374741 0.5082159624413145 0.09420289855072464 0.0837245696400626
1 0.5126811594202898 0.6032863849765259 0.04192546583850932 0.048513302034428794
5 0.20885093167701863 0.4859154929577465 0.04192546583850932 0.06572769953051644
2 0.4019151138716356 0.5657276995305164 0.04710144927536232 0.048513302034428794
2 0.452639751552795 0.587245696400626 0.04606625258799172 0.04929577464788732
10 0.05822981366459627 0.4284037558685446 0.016045548654244308 0.01643192488262911
10 0.10559006211180125 0.45539906103286387 0.016563146997929608 0.01564945226917058
10 0.1586438923395445 0.4769170579029734 0.017080745341614908 0.017996870109546165
1 0.6834886128364389 0.690923317683881 0.03778467908902691 0.06259780907668232
10 0.2277432712215321 0.5113458528951487 0.010351966873706004 0.02269170579029734
10 0.5530538302277432 0.647887323943662 0.05538302277432712 0.04538341158059468
5 0.9039855072463768 0.7965571205007824 0.026397515527950312 0.03912363067292645
10 0.650103519668737 0.69679186228482 0.011387163561076604 0.025821596244131457
10 0.6374223602484472 0.706964006259781 0.016045548654244308 0.04303599374021909
1 0.2996894409937888 0.5755086071987481 0.036231884057971016 0.0649452269170579
1 0.07142857142857142 0.4843505477308294 0.015527950310559006 0.01564945226917058
10 0.026397515527950312 0.4749608763693271 0.015527950310559006 0.01564945226917058
1 0.8825051759834368 0.8282472613458529 0.015527950310559006 0.01643192488262911
1 0.6987577639751553 0.7550860719874805 0.046583850931677016 0.06885758998435054
10 0.8982919254658385 0.8356807511737089 0.017080745341614908 0.017214397496087636
10 0.10015527950310558 0.5160406885758998 0.016045548654244308 0.017996870109546165
10 0.6661490683229814 0.7472613458528952 0.010351966873706004 0.025039123630672927
1 0.2572463768115942 0.5880281690140845 0.016563146997929608 0.01643192488262911
10 0.02199792960662526 0.49491392801251954 0.012939958592132506 0.013302034428794992
10 0.14906832298136646 0.5469483568075117 0.015527950310559006 0.01564945226917058
10 0.6392339544513458 0.7488262910798122 0.016563146997929608 0.017214397496087636
10 0.0965320910973085 0.5367762128325508 0.015010351966873706 0.01564945226917058
5 0.18297101449275363 0.5782472613458529 0.04710144927536232 0.08607198748043818
5 0.06418219461697723 0.5301251956181534 0.047619047619047616 0.08685446009389672
10 0.3253105590062112 0.6384976525821596 0.016045548654244308 0.01564945226917058
10 0.27639751552795033 0.6189358372456965 0.015527950310559006 0.01564945226917058
1 0.4922360248447205 0.7057902973395931 0.014492753623188406 0.014084507042253521
1 0.3951863354037267 0.6678403755868545 0.016045548654244308 0.017996870109546165
10 0.6661490683229814 0.7769953051643192 0.017598343685300208 0.017214397496087636
10 0.47023809523809523 0.6979655712050078 0.015010351966873706 0.01564945226917058
1 0.29865424430641824 0.6283255086071987 0.017598343685300208 0.018779342723004695
10 0.4221014492753623 0.6784037558685446 0.016045548654244308 0.01564945226917058
10 0.3739648033126294 0.6588419405320813 0.016045548654244308 0.018779342723004695
1 0.3470496894409938 0.6490610328638498 0.016045548654244308 0.017996870109546165
1 0.4435817805383023 0.6881846635367762 0.016563146997929608 0.01643192488262911
10 0.018115942028985508 0.5156494522691706 0.014492753623188406 0.014084507042253521
10 0.14518633540372672 0.5669014084507042 0.016045548654244308 0.01643192488262911
10 0.2453416149068323 0.6091549295774648 0.014492753623188406 0.01486697965571205
2 0.12111801242236025 0.5598591549295775 0.044513457556935816 0.13693270735524257
10 0.7479296066252588 0.8172926447574335 0.010351966873706004 0.02269170579029734
5 0.8467908902691511 0.8575899843505478 0.047619047619047616 0.06885758998435054
10 0.09265010351966874 0.559076682316119 0.016563146997929608 0.01643192488262911
10 0.7336956521739131 0.8184663536776213 0.010869565217391304 0.025039123630672927
10 0.015786749482401656 0.5356025039123631 0.016045548654244308 0.01486697965571205
10 0.14130434782608695 0.5899843505477308 0.016563146997929608 0.018779342723004695
10 0.687888198757764 0.8129890453834115 0.010351966873706004 0.023474178403755867
10 0.6959109730848861 0.8169014084507042 0.009834368530020704 0.02190923317683881
10 0.7031573498964804 0.8200312989045383 0.010869565217391304 0.025039123630672927
2 0.8004658385093167 0.865414710485133 0.05434782608695652 0.057902973395931145
10 0.730072463768116 0.8380281690140845 0.016045548654244308 0.017214397496087636
10 0.08928571428571429 0.5794209702660407 0.015010351966873706 0.01486697965571205
10 0.6780538302277432 0.8215962441314554 0.017598343685300208 0.053208137715179966
1 0.644927536231884 0.8094679186228482 0.035196687370600416 0.0539906103286385
10 0.011904761904761904 0.554773082942097 0.015527950310559006 0.01564945226917058
5 0.2386128364389234 0.6474960876369327 0.044513457556935816 0.06964006259780908
5 0.2867494824016563 0.6682316118935837 0.042443064182194616 0.06729264475743349
5 0.3351449275362319 0.687793427230047 0.04399585921325052 0.06885758998435054
5 0.3830227743271222 0.7077464788732394 0.041407867494824016 0.06651017214397496
5 0.43245341614906835 0.7276995305164319 0.04089026915113872 0.06259780907668232
5 0.4805900621118012 0.7476525821596244 0.04192546583850932 0.0649452269170579
1 0.17831262939958592 0.6251956181533647 0.015010351966873706 0.01564945226917058
10 0.13121118012422361 0.6083724569640062 0.010869565217391304 0.024256651017214397
10 0.7261904761904762 0.8568075117370892 0.009316770186335404 0.02190923317683881
10 0.7355072463768116 0.8603286384976526 0.010351966873706004 0.02269170579029734
10 0.8227225672877847 0.8967136150234741 0.010869565217391304 0.025039123630672927
1 0.7593167701863354 0.8779342723004695 0.011387163561076604 0.026604068857589983
10 0.008281573498964804 0.5747261345852895 0.015527950310559006 0.01643192488262911
1 0.5476190476190477 0.7965571205007824 0.053830227743271224 0.06572769953051644
1 0.1488095238095238 0.6357589984350548 0.03674948240165631 0.05712050078247261
2 0.7924430641821946 0.9041471048513302 0.054865424430641824 0.05555555555555555
1 0.059006211180124224 0.6142410015649452 0.016563146997929608 0.017214397496087636
10 0.7567287784679089 0.897887323943662 0.015527950310559006 0.01643192488262911
10 0.3589544513457557 0.7378716744913928 0.015010351966873706 0.01564945226917058
10 0.4409937888198758 0.770735524256651 0.015527950310559006 0.01564945226917058
10 0.21480331262939958 0.6791862284820032 0.015527950310559006 0.01564945226917058
10 0.4076086956521739 0.7574334898278561 0.015010351966873706 0.01564945226917058
10 0.2562111801242236 0.6971830985915493 0.015527950310559006 0.014084507042253521
10 0.3105590062111801 0.7194835680751174 0.015527950310559006 0.01643192488262911
10 0.005434782608695652 0.6032863849765259 0.010869565217391304 0.01564945226917058
1 0.5825569358178054 0.8485915492957746 0.016045548654244308 0.01643192488262911
10 0.0036231884057971015 0.6224569640062598 0.007246376811594203 0.01486697965571205
1 0.5797101449275363 0.8611111111111112 0.015527950310559006 0.01643192488262911
10 0.562111801242236 0.8552425665101722 0.015527950310559006 0.01564945226917058
5 0.04943064182194617 0.6604068857589984 0.04813664596273292 0.08763693270735524
10 0.5590062111801242 0.8681533646322379 0.015527950310559006 0.01643192488262911
10 0.5778985507246377 0.8759780907668232 0.016045548654244308 0.017996870109546165
10 0.002329192546583851 0.6431924882629108 0.004658385093167702 0.017214397496087636
1 0.6200828157349897 0.8998435054773083 0.010351966873706004 0.025039123630672927
1 0.2916666666666667 0.7699530516431925 0.03881987577639751 0.081377151799687
1 0.7016045548654244 0.9401408450704225 0.04813664596273292 0.06338028169014084
5 0.6477743271221532 0.9330985915492958 0.04813664596273292 0.05712050078247261
1 0.4891304347826087 0.8736306729264476 0.08281573498964803 0.11502347417840375
2 0.3669772256728778 0.8243348982785602 0.036231884057971016 0.06338028169014084
2 0.391304347826087 0.8356807511737089 0.028985507246376812 0.06103286384976526
1 0.3219461697722567 0.8094679186228482 0.046583850931677016 0.0649452269170579
10 0.4024327122153209 0.8536776212832551 0.009834368530020704 0.02190923317683881
10 0.4109730848861284 0.8571987480438185 0.010351966873706004 0.02269170579029734
10 0.27303312629399584 0.8137715179968701 0.015010351966873706 0.01564945226917058
10 0.29063146997929606 0.8212050078247262 0.015010351966873706 0.01486697965571205
10 0.4611801242236025 0.8994522691705791 0.015527950310559006 0.01643192488262911
10 0.5406314699792961 0.9315336463223787 0.010869565217391304 0.024256651017214397
1 0.1322463768115942 0.7656494522691706 0.04399585921325052 0.05712050078247261
10 0.37991718426501037 0.8720657276995305 0.009316770186335404 0.019561815336463225
2 0.24870600414078675 0.8188575899843505 0.029503105590062112 0.05555555555555555
10 0.3884575569358178 0.8759780907668232 0.008799171842650104 0.019561815336463225
5 0.43762939958592134 0.897887323943662 0.023291925465838508 0.03834115805946792
10 0.4580745341614907 0.9139280125195618 0.015527950310559006 0.01564945226917058
10 0.47696687370600416 0.922926447574335 0.016045548654244308 0.01643192488262911
10 0.4968944099378882 0.9307511737089202 0.015527950310559006 0.01643192488262911
5 0.5232919254658385 0.9530516431924883 0.039337474120082816 0.03755868544600939
5 0.40320910973084884 0.903755868544601 0.025879917184265012 0.057902973395931145
1 0.307712215320911 0.871283255086072 0.03364389233954451 0.04929577464788732
1 0.6394927536231884 0.986697965571205 0.03881987577639751 0.025039123630672927
1 0.1834886128364389 0.8235524256651017 0.10196687370600414 0.15258215962441316
5 0.47075569358178054 0.9420970266040689 0.025362318840579712 0.03442879499217527
5 0.4495341614906832 0.9330985915492958 0.018115942028985508 0.027386541471048513
1 0.42857142857142855 0.926056338028169 0.014492753623188406 0.01486697965571205
5 0.2815734989648033 0.8701095461658842 0.036231884057971016 0.07042253521126761
1 0.4109730848861284 0.9346635367762128 0.010351966873706004 0.024256651017214397
1 0.4968944099378882 0.9702660406885759 0.011387163561076604 0.025039123630672927
10 0.4254658385093168 0.9464006259780907 0.016563146997929608 0.01643192488262911
10 0.47748447204968947 0.9722222222222222 0.010869565217391304 0.025821596244131457
5 0.45988612836438925 0.9655712050078247 0.018115942028985508 0.026604068857589983
5 0.4443581780538302 0.9604851330203443 0.018115942028985508 0.025821596244131457
2 0.06909937888198758 0.810641627543036 0.03674948240165631 0.07042253521126761
2 0.04503105590062112 0.8016431924882629 0.038302277432712216 0.06964006259780908
1 0.8589544513457557 0.33528951486697967 0.04399585921325052 0.09467918622848201
10 0.9495341614906833 0.3810641627543036 0.03260869565217391 0.08607198748043818
10 0.9712732919254659 0.3904538341158059 0.029503105590062112 0.08607198748043818
10 0.9246894409937888 0.37284820031298904 0.03364389233954451 0.08841940532081377
10 0.9914596273291926 0.4057120500782473 0.016045548654244308 0.08998435054773082
10 0.22230848861283645 0.11619718309859155 0.016045548654244308 0.01643192488262911
1 0.84472049689441 0.39397496087636935 0.016563146997929608 0.017996870109546165
10 0.2179089026915114 0.1431924882629108 0.016563146997929608 0.017214397496087636
10 0.8051242236024845 0.3841940532081377 0.03467908902691511 0.08763693270735524
10 0.7334368530020704 0.357981220657277 0.016563146997929608 0.01486697965571205
10 0.7831262939958592 0.3963223787167449 0.010351966873706004 0.024256651017214397
5 0.8343685300207039 0.42331768388106417 0.026915113871635612 0.046948356807511735
10 0.8146997929606625 0.43779342723004694 0.019668737060041408 0.05712050078247261
12 0.722567287784679 0.40179968701095464 0.036231884057971016 0.07120500782472614
10 0.7494824016563147 0.426056338028169 0.028985507246376812 0.07589984350547731
1 0.7784679089026915 0.4381846635367762 0.037267080745341616 0.057902973395931145
1 0.8361801242236024 0.4624413145539906 0.015010351966873706 0.01564945226917058
10 0.8260869565217391 0.4702660406885759 0.015527950310559006 0.01564945226917058
10 0.8584368530020704 0.4894366197183099 0.03364389233954451 0.08685446009389672
10 0.937111801242236 0.5219092331768388 0.03364389233954451 0.08763693270735524
10 0.9091614906832298 0.5109546165884195 0.03157349896480331 0.08294209702660407
10 0.8827639751552795 0.5050860719874805 0.03364389233954451 0.08998435054773082
5 0.8263457556935818 0.4968701095461659 0.026397515527950312 0.03599374021909233
12 0.7119565217391305 0.4522691705790297 0.025362318840579712 0.03442879499217527
1 0.11697722567287784 0.2147887323943662 0.032091097308488616 0.06807511737089202
1 0.48188405797101447 0.36306729264475746 0.041407867494824016 0.07198748043818466
10 0.7269668737060041 0.47417840375586856 0.015010351966873706 0.014084507042253521
10 0.7417184265010351 0.4800469483568075 0.015527950310559006 0.01486697965571205
12 0.7665631469979296 0.49139280125195617 0.035196687370600416 0.06885758998435054
1 0.5227743271221532 0.4010172143974961 0.043478260869565216 0.07433489827856025
1 0.15890269151138717 0.25391236306729265 0.046583850931677016 0.06964006259780908
1 0.8242753623188406 0.5285602503912363 0.028467908902691512 0.03990610328638498
1 0.9591097308488613 0.5833333333333334 0.038302277432712216 0.05555555555555555
5 0.040372670807453416 0.21244131455399062 0.017598343685300208 0.03051643192488263
1 0.4200310559006211 0.37597809076682315 0.04399585921325052 0.07433489827856025
1 0.07298136645962733 0.23748043818466355 0.039337474120082816 0.06964006259780908
10 0.7849378881987578 0.52660406885759 0.020186335403726708 0.054773082942097026
10 0.7406832298136646 0.5215179968701096 0.011387163561076604 0.027386541471048513
10 0.7321428571428571 0.519170579029734 0.010869565217391304 0.025821596244131457
1 0.7238612836438924 0.5164319248826291 0.009834368530020704 0.023474178403755867
1 0.8141821946169773 0.5586854460093896 0.014492753623188406 0.012519561815336464
10 0.7929606625258799 0.5512519561815337 0.014492753623188406 0.01643192488262911
1 0.040372670807453416 0.2511737089201878 0.035196687370600416 0.06103286384976526
5 0.08126293995859213 0.2715179968701095 0.025879917184265012 0.03286384976525822
10 0.16459627329192547 0.3075117370892019 0.011387163561076604 0.026604068857589983
10 0.15191511387163562 0.3028169014084507 0.011904761904761904 0.026604068857589983
5 0.1255175983436853 0.291471048513302 0.04606625258799172 0.0539906103286385
10 0.7606107660455487 0.5512519561815337 0.016045548654244308 0.01643192488262911
10 0.7217908902691511 0.5504694835680751 0.010869565217391304 0.024256651017214397
5 0.8040890269151139 0.593114241001565 0.04606625258799172 0.07355242566510173
1 0.07453416149068323 0.30672926447574334 0.030020703933747412 0.04381846635367762
1 0.7569875776397516 0.5837245696400626 0.03467908902691511 0.050078247261345854
5 0.5245859213250518 0.492566510172144 0.03778467908902691 0.07433489827856025
5 0.9412525879917184 0.6619718309859155 0.022256728778467908 0.03755868544600939
1 0.15942028985507245 0.35406885758998435 0.025879917184265012 0.03834115805946792
1 0.11697722567287784 0.3380281690140845 0.023809523809523808 0.03286384976525822
1 0.023291925465838508 0.2996870109546166 0.011387163561076604 0.014084507042253521
10 0.7727743271221532 0.6048513302034428 0.013457556935817806 0.014084507042253521
10 0.5921325051759835 0.5371674491392802 0.017598343685300208 0.017996870109546165
10 0.9433229813664596 0.6964006259780907 0.015010351966873706 0.01564945226917058
1 0.9262422360248447 0.690923317683881 0.016045548654244308 0.01564945226917058
10 0.04632505175983437 0.33724569640062596 0.016045548654244308 0.01564945226917058
1 0.06832298136645963 0.34663536776212833 0.015527950310559006 0.01564945226917058
1 0.2502587991718426 0.42214397496087636 0.03571428571428571 0.05555555555555555
10 0.5204451345755694 0.5363849765258216 0.016045548654244308 0.01643192488262911
1 0.11982401656314699 0.3744131455399061 0.017080745341614908 0.01643192488262911
1 0.17339544513457558 0.39593114241001565 0.016563146997929608 0.017214397496087636
10 0.09808488612836438 0.36658841940532083 0.017080745341614908 0.017996870109546165
10 0.15087991718426502 0.3884976525821596 0.016045548654244308 0.01486697965571205
1 0.2179089026915114 0.4166666666666667 0.023809523809523808 0.036776212832550864
10 0.577639751552795 0.5625978090766823 0.016563146997929608 0.01564945226917058
2 0.3084886128364389 0.45735524256651017 0.09523809523809523 0.0837245696400626
2 0.6591614906832298 0.6001564945226917 0.08126293995859213 0.06729264475743349
5 0.018115942028985508 0.34311424100156496 0.023809523809523808 0.061815336463223784
1 0.6172360248447205 0.5899843505477308 0.010869565217391304 0.025039123630672927
10 0.526656314699793 0.5555555555555556 0.015010351966873706 0.01564945226917058
10 0.43814699792960665 0.5238654147104851 0.06677018633540373 0.05555555555555555
5 0.2453416149068323 0.45539906103286387 0.024844720496894408 0.03286384976525822
5 0.05641821946169772 0.38693270735524254 0.042443064182194616 0.06651017214397496
5 0.9153726708074534 0.7394366197183099 0.029503105590062112 0.03286384976525822
5 0.10791925465838509 0.4151017214397496 0.04192546583850932 0.0649452269170579
5 0.16071428571428573 0.4370109546165884 0.04192546583850932 0.0649452269170579
2 0.6521739130434783 0.6381064162754304 0.07867494824016563 0.06651017214397496
10 0.008281573498964804 0.3798904538341158 0.010351966873706004 0.01486697965571205
1 0.23550724637681159 0.47926447574334896 0.010351966873706004 0.024256651017214397
10 0.2484472049689441 0.4847417840375587 0.010351966873706004 0.02269170579029734