10 0.8358501118568232 0.0018022657054582905 0.009507829977628635 0.003604531410916581
1 0.7505592841163311 0.4703913491246138 0.0145413870246085 0.005664263645726055
10 0.5651565995525727 0.473480947476828 0.01174496644295302 0.007723995880535531
10 0.10514541387024609 0.4850669412976313 0.011185682326621925 0.007209062821833162
10 0.5626398210290827 0.486096807415036 0.012304250559284116 0.005149330587023687
5 0.8003355704697986 0.4840370751802266 0.03691275167785235 0.06488156539649846
10 0.11437360178970918 0.5059217301750772 0.012863534675615212 0.006694129763130793
5 0.16722595078299776 0.505664263645726 0.03467561521252797 0.07209062821833162
5 0.4616890380313199 0.5030895983522142 0.036353467561521254 0.0690010298661174
5 0.21840044742729306 0.5074665293511843 0.03076062639821029 0.07260556127703399
5 0.3635346756152125 0.5054067971163748 0.035794183445190156 0.07672502574665294
5 0.41387024608501116 0.5043769309989702 0.03691275167785235 0.07466529351184346
5 0.5128635346756152 0.5036045314109165 0.0436241610738255 0.07518022657054584
5 0.31487695749440714 0.5072090628218332 0.03243847874720358 0.07518022657054584
5 0.26789709172259507 0.508496395468589 0.03131991051454139 0.07363542739443872
10 0.8914988814317674 0.49922760041194647 0.05480984340044743 0.021112255406797117
10 0.7807606263982103 0.0033470648815653965 0.005592841163310962 0.006694129763130793
10 0.8501118568232662 0.518022657054583 0.013422818791946308 0.006179196704428424
10 0.11269574944071588 0.5414521112255407 0.006152125279642058 0.01184346035015448
1 0.7530760626398211 0.5324407826982492 0.012863534675615212 0.006179196704428424
5 0.6577181208053692 0.5357878475798146 0.13870246085011187 0.12615859938208032
1 0.5648769574944071 0.53913491246138 0.016778523489932886 0.005149330587023687
10 0.1266778523489933 0.5491761071060762 0.0039149888143176735 0.012873326467559218
10 0.17058165548098433 0.5540679711637487 0.012304250559284116 0.008238928939237899
10 0.14429530201342283 0.5553553038105047 0.012304250559284116 0.006694129763130793
10 0.19239373601789708 0.5548403707518023 0.012304250559284116 0.005664263645726055
1 0.5240492170022372 0.5507209062821833 0.015659955257270694 0.005664263645726055
10 0.8928970917225951 0.5463439752832132 0.05089485458612975 0.024716786817713696
1 0.25139821029082776 0.5579299691040165 0.0050335570469798654 0.01184346035015448
1 0.35206935123042504 0.5569001029866117 0.006152125279642058 0.013903192584963954
1 0.3990492170022371 0.5569001029866117 0.006152125279642058 0.012873326467559218
1 0.4457494407158837 0.5581874356333677 0.005592841163310962 0.013388259526261586
10 0.4728747203579418 0.5589598352214212 0.006152125279642058 0.013903192584963954
10 0.5011185682326622 0.5594747682801235 0.006711409395973154 0.012873326467559218
10 0.4904921700223714 0.5594747682801235 0.005592841163310962 0.013903192584963954
10 0.4588926174496644 0.5602471678681772 0.00727069351230425 0.014418125643666324
1 0.5296420581655481 0.5623069001029866 0.011185682326621925 0.006179196704428424
10 0.3319351230425056 0.5671987641606591 0.00727069351230425 0.01184346035015448
10 0.319910514541387 0.5671987641606591 0.005592841163310962 0.014933058702368692
5 0.8008948545861297 0.5607621009268795 0.04138702460850112 0.06385169927909372
10 0.5657158836689038 0.5661688980432544 0.008389261744966443 0.018022657054582905
10 0.10850111856823266 0.5792996910401648 0.003355704697986577 0.014418125643666324
1 0.4368008948545861 0.5744078269824923 0.012304250559284116 0.006694129763130793
10 0.09032438478747204 0.5808444902162719 0.010626398210290829 0.005149330587023687
10 0.22986577181208054 0.5813594232749743 0.007829977628635347 0.016477857878475798
5 0.4720357941834452 0.589340885684861 0.039149888143176735 0.016992790937178166
5 0.5335570469798657 0.5885684860968075 0.035794183445190156 0.012358393408856848
10 0.06851230425055928 0.599124613800206 0.006152125279642058 0.013903192584963954
10 0.0819351230425056 0.5998970133882595 0.0050335570469798654 0.014418125643666324
10 0.10486577181208054 0.6011843460350155 0.010626398210290829 0.004634397528321318
10 0.5676733780760627 0.5955200823892894 0.007829977628635347 0.01596292481977343
10 0.8914988814317674 0.5903707518022657 0.04809843400447427 0.022142121524201853
10 0.2273489932885906 0.6050463439752832 0.009507829977628635 0.013388259526261586
10 0.8475950782997763 0.5947476828012358 0.015100671140939598 0.006179196704428424
5 0.1756152125279642 0.6068486096807415 0.07829977628635347 0.06642636457260556
5 0.2670581655480984 0.6073635427394438 0.031879194630872486 0.06951596292481978
10 0.7645413870246085 0.6037590113285273 0.006711409395973154 0.012873326467559218
10 0.7544742729306487 0.6037590113285273 0.005592841163310962 0.01596292481977343
10 0.8243847874720358 0.6040164778578785 0.011185682326621925 0.005149330587023687
1 0.4180648769574944 0.611740473738414 0.01174496644295302 0.008238928939237899
5 0.3565436241610738 0.6125128733264675 0.059843400447427295 0.04479917610710608
10 0.7933445190156599 0.6068486096807415 0.01174496644295302 0.005664263645726055
10 0.8495525727069351 0.6055612770339855 0.0145413870246085 0.005149330587023687
1 0.116331096196868 0.61740473738414 0.006711409395973154 0.014418125643666324
10 0.45302013422818793 0.6168898043254377 0.006711409395973154 0.01132852729145211
10 0.4966442953020134 0.615859938208033 0.003355704697986577 0.013388259526261586
10 0.6680648769574944 0.6135427394438723 0.013982102908277404 0.006694129763130793
10 0.46616331096196867 0.6168898043254377 0.006152125279642058 0.012358393408856848
10 0.4848993288590604 0.6168898043254377 0.006711409395973154 0.012358393408856848
10 0.7010626398210291 0.6140576725025747 0.010626398210290829 0.006694129763130793
10 0.5978747203579419 0.6153450051493305 0.012304250559284116 0.005149330587023687
10 0.7329418344519015 0.6138002059732235 0.012863534675615212 0.006179196704428424
10 0.6361856823266219 0.6153450051493305 0.018456375838926176 0.008238928939237899
10 0.8246644295302014 0.6153450051493305 0.010626398210290829 0.005149330587023687
10 0.8503914988814317 0.6176622039134912 0.00727069351230425 0.004634397528321318
10 0.5156599552572707 0.6238414006179197 0.003355704697986577 0.01184346035015448
1 0.4175055928411633 0.6261585993820803 0.010626398210290829 0.005149330587023687
10 0.23070469798657717 0.6315653964984552 0.0050335570469798654 0.01184346035015448
1 0.6328299776286354 0.627188465499485 0.018456375838926176 0.009268795056642637
10 0.8235458612975392 0.6261585993820803 0.009507829977628635 0.005149330587023687
10 0.8495525727069351 0.6295056642636457 0.010067114093959731 0.005664263645726055
10 0.8246644295302014 0.6364572605561277 0.010626398210290829 0.004119464469618949
10 0.8945749440715883 0.6385169927909372 0.05425055928411633 0.02265705458290422
10 0.6370246085011185 0.6428939237899073 0.012304250559284116 0.006694129763130793
10 0.8501118568232662 0.6418640576725025 0.011185682326621925 0.008753861997940269
10 0.11521252796420582 0.6567971163748713 0.005592841163310962 0.013903192584963954
10 0.8252237136465325 0.6483007209062822 0.010626398210290829 0.006179196704428424
10 0.2609060402684564 0.6573120494335737 0.0050335570469798654 0.012873326467559218
10 0.24888143176733782 0.6580844490216272 0.006711409395973154 0.015447991761071062
10 0.2715324384787472 0.6575695159629248 0.00727069351230425 0.014418125643666324
10 0.6157718120805369 0.6524201853759012 0.0044742729306487695 0.014418125643666324
10 0.22539149888143176 0.659114315139032 0.006711409395973154 0.017507723995880537
10 0.23685682326621924 0.6601441812564367 0.006152125279642058 0.015447991761071062
1 0.2897091722595078 0.659114315139032 0.007829977628635347 0.013388259526261586
10 0.6364653243847874 0.6534500514933058 0.011185682326621925 0.005149330587023687
10 0.1739373601789709 0.6622039134912462 0.005592841163310962 0.01132852729145211
10 0.18875838926174496 0.6629763130792997 0.0039149888143176735 0.013903192584963954
10 0.20218120805369127 0.6624613800205973 0.0039149888143176735 0.01596292481977343
10 0.1599552572706935 0.6632337796086509 0.0044742729306487695 0.012358393408856848
10 0.8501118568232662 0.6524201853759012 0.011185682326621925 0.005149330587023687
10 0.5447427293064877 0.6593717816683831 0.0044742729306487695 0.010813594232749742
1 0.535234899328859 0.6604016477857878 0.005592841163310962 0.01184346035015448
10 0.42757270693512306 0.6632337796086509 0.0050335570469798654 0.01132852729145211
10 0.06319910514541387 0.6699279093717817 0.005592841163310962 0.012358393408856848
10 0.825503355704698 0.6580844490216272 0.010067114093959731 0.007209062821833162
5 0.5008389261744967 0.6637487126673532 0.04753914988814318 0.035015447991761074
5 0.5788590604026845 0.666323377960865 0.049217002237136466 0.032955715756951595
10 0.6370246085011185 0.6673532440782698 0.011185682326621925 0.006179196704428424
1 0.8257829977628636 0.6696704428424305 0.015100671140939598 0.008753861997940269
10 0.8517897091722595 0.6694129763130793 0.013422818791946308 0.006179196704428424
10 0.4608501118568233 0.6771369721936148 0.011185682326621925 0.006179196704428424
1 0.21085011185682326 0.684346035015448 0.006711409395973154 0.012358393408856848
10 0.636744966442953 0.6781668383110195 0.012863534675615212 0.004119464469618949
10 0.4354026845637584 0.683058702368692 0.00727069351230425 0.006694129763130793
1 0.13590604026845637 0.688465499485067 0.010067114093959731 0.012358393408856848
10 0.5461409395973155 0.685890834191555 0.0050335570469798654 0.014418125643666324
10 0.46308724832214765 0.6874356333676622 0.006711409395973154 0.004119464469618949
10 0.8260626398210291 0.6820288362512873 0.010067114093959731 0.004634397528321318
5 0.7265100671140939 0.6853759011328527 0.11968680089485459 0.11225540679711637
1 0.8523489932885906 0.6833161688980433 0.012304250559284116 0.007209062821833162
10 0.6387024608501118 0.6879505664263645 0.015659955257270694 0.005149330587023687
5 0.10095078299776286 0.6979917610710608 0.046420581655480984 0.03244078269824923
10 0.3635346756152125 0.6956745623069001 0.007829977628635347 0.014418125643666324
10 0.433165548098434 0.6949021627188465 0.009507829977628635 0.006694129763130793
5 0.17337807606263983 0.703913491246138 0.0447427293064877 0.03192584963954686
5 0.31208053691275167 0.7021112255406797 0.04586129753914989 0.03038105046343975
5 0.24440715883668904 0.7036560247167868 0.04586129753914989 0.03244078269824923
10 0.8266219239373602 0.694129763130793 0.011185682326621925 0.006179196704428424
10 0.636744966442953 0.6987641606591143 0.012863534675615212 0.004119464469618949
1 0.8534675615212528 0.6979917610710608 0.013422818791946308 0.009783728115345005
10 0.6219239373601789 0.7070030895983522 0.007829977628635347 0.018537590113285273
10 0.8257829977628636 0.7036560247167868 0.010626398210290829 0.004634397528321318
10 0.6384228187919463 0.7090628218331617 0.01174496644295302 0.005149330587023687
10 0.279082774049217 0.7162718846549948 0.008948545861297539 0.013388259526261586
10 0.8543064876957495 0.7113800205973223 0.015100671140939598 0.006694129763130793
10 0.8263422818791947 0.7162718846549948 0.013982102908277404 0.005149330587023687
10 0.5055928411633109 0.7260556127703398 0.053691275167785234 0.026776519052523172
10 0.3889821029082774 0.7286302780638517 0.06096196868008948 0.027806385169927908
5 0.8973713646532439 0.7201338825952626 0.032997762863534674 0.11277033985581875
10 0.5640380313199105 0.7273429454170958 0.053131991051454136 0.02420185375901133
10 0.44910514541387025 0.7288877445932029 0.053691275167785234 0.02729145211122554
1 0.6434563758389261 0.733264675592173 0.013982102908277404 0.006179196704428424
10 0.20721476510067113 0.741503604531411 0.00727069351230425 0.012358393408856848
1 0.2186800894854586 0.7417610710607621 0.007829977628635347 0.013903192584963954
1 0.8517897091722595 0.731719876416066 0.005592841163310962 0.010298661174047374
10 0.3106823266219239 0.7409886714727085 0.0050335570469798654 0.010298661174047374
10 0.17589485458612975 0.7433058702368692 0.00727069351230425 0.010813594232749742
10 0.19267337807606263 0.743048403707518 0.006152125279642058 0.013388259526261586
10 0.23238255033557048 0.7427909371781668 0.009507829977628635 0.01184346035015448
1 0.29334451901565994 0.7420185375901133 0.006152125279642058 0.016477857878475798
10 0.2595078299776286 0.7425334706488157 0.007829977628635347 0.013388259526261586
10 0.24580536912751677 0.7427909371781668 0.006152125279642058 0.012873326467559218
5 0.8260626398210291 0.7342945417095778 0.016778523489932886 0.01956745623069001
10 0.3344519015659955 0.7440782698249228 0.008948545861297539 0.005149330587023687
10 0.8621364653243848 0.7371266735324408 0.00727069351230425 0.013903192584963954
10 0.14737136465324385 0.7536045314109165 0.01174496644295302 0.004634397528321318
10 0.3422818791946309 0.7572090628218332 0.010067114093959731 0.004634397528321318
10 0.116331096196868 0.761071060762101 0.011185682326621925 0.006179196704428424
5 0.07466442953020135 0.7657054582904222 0.036353467561521254 0.03913491246138002
10 0.14681208053691275 0.7641606591143152 0.008389261744966443 0.006179196704428424
10 0.34116331096196867 0.7675077239958805 0.011185682326621925 0.005664263645726055
10 0.7583892617449665 0.761071060762101 0.005592841163310962 0.008238928939237899
1 0.7416107382550335 0.7613285272914521 0.006711409395973154 0.01184346035015448
1 0.8537472035794184 0.7602986611740473 0.0050335570469798654 0.01184346035015448
10 0.11772930648769575 0.7721421215242018 0.010626398210290829 0.005664263645726055
10 0.7897091722595079 0.7618434603501545 0.005592841163310962 0.010813594232749742
10 0.7997762863534675 0.7618434603501545 0.006711409395973154 0.012873326467559218
1 0.7768456375838926 0.7623583934088568 0.010067114093959731 0.01184346035015448
10 0.706096196868009 0.7644181256436663 0.00727069351230425 0.010813594232749742
5 0.8257829977628636 0.7641606591143152 0.01621923937360179 0.01956745623069001
10 0.14625279642058164 0.7757466529351185 0.008389261744966443 0.005664263645726055
10 0.8646532438478747 0.7644181256436663 0.003355704697986577 0.014933058702368692
10 0.3420022371364653 0.777806385169928 0.010626398210290829 0.004634397528321318
10 0.1465324384787472 0.7868177136972193 0.007829977628635347 0.005149330587023687
10 0.7961409395973155 0.7808959835221421 0.012863534675615212 0.005664263645726055
1 0.34395973154362414 0.7911946446961895 0.012304250559284116 0.005664263645726055
1 0.8621364653243848 0.7842430484037075 0.013982102908277404 0.005149330587023687
10 0.7491610738255033 0.787847579814624 0.0039149888143176735 0.012358393408856848
10 0.7743288590604027 0.787847579814624 0.00727069351230425 0.012358393408856848
10 0.14737136465324385 0.7976313079299691 0.008389261744966443 0.005149330587023687
10 0.7603467561521253 0.787847579814624 0.0039149888143176735 0.01132852729145211
10 0.6339485458612976 0.7942842430484037 0.006152125279642058 0.013903192584963954
10 0.7953020134228188 0.7935118434603502 0.011185682326621925 0.005149330587023687
10 0.8271812080536913 0.7940267765190525 0.013422818791946308 0.018537590113285273
5 0.9032438478747203 0.7935118434603502 0.01901565995525727 0.01956745623069001
10 0.3414429530201342 0.8032955715756952 0.01174496644295302 0.005149330587023687
10 0.12472035794183445 0.80870236869207 0.0044742729306487695 0.01184346035015448
10 0.3730425055928412 0.8050978372811535 0.013422818791946308 0.005664263645726055
10 0.14793064876957496 0.8105046343975283 0.008389261744966443 0.005149330587023687
10 0.8713646532438478 0.8007209062821833 0.015659955257270694 0.005149330587023687
10 0.3420022371364653 0.8138516992790937 0.009507829977628635 0.004634397528321318
10 0.37416107382550334 0.816941297631308 0.013422818791946308 0.007723995880535531
10 0.1470917225950783 0.8202883625128733 0.010067114093959731 0.004119464469618949
10 0.5685123042505593 0.818486096807415 0.012863534675615212 0.005664263645726055
10 0.8064876957494407 0.8153964984552008 0.011185682326621925 0.005664263645726055
10 0.691834451901566 0.8192584963954685 0.006711409395973154 0.012358393408856848
5 0.2483221476510067 0.826725025746653 0.12751677852348994 0.12409886714727085
1 0.342841163310962 0.8262100926879505 0.010067114093959731 0.006694129763130793
10 0.6750559284116331 0.8210607621009269 0.005592841163310962 0.012873326467559218
10 0.633668903803132 0.8244078269824923 0.006711409395973154 0.013388259526261586
10 0.37723713646532436 0.8303295571575695 0.015100671140939598 0.006694129763130793
10 0.569910514541387 0.8290422245108136 0.011185682326621925 0.005149330587023687
1 0.15296420581655482 0.836508753861998 0.006152125279642058 0.010813594232749742
10 0.34312080536912754 0.8370236869207003 0.008389261744966443 0.005664263645726055
10 0.6115771812080537 0.8357363542739444 0.012863534675615212 0.007209062821833162
10 0.375 0.8414006179196705 0.012863534675615212 0.005149330587023687
10 0.7656599552572707 0.8375386199794027 0.0044742729306487695 0.01184346035015448
1 0.569910514541387 0.840885684860968 0.013422818791946308 0.008238928939237899
10 0.8380872483221476 0.8370236869207003 0.0039149888143176735 0.010813594232749742
10 0.6694630872483222 0.8424304840370752 0.0044742729306487695 0.009268795056642637
10 0.6814876957494407 0.8424304840370752 0.00727069351230425 0.012358393408856848
10 0.3420022371364653 0.8480947476828012 0.01174496644295302 0.003089598352214212
10 0.656599552572707 0.84346035015448 0.006711409395973154 0.01132852729145211
10 0.6988255033557047 0.8432028836251287 0.006152125279642058 0.01184346035015448
10 0.7119686800894854 0.8432028836251287 0.005592841163310962 0.010813594232749742
1 0.37527964205816555 0.8516992790937178 0.0145413870246085 0.006179196704428424
10 0.09172259507829977 0.8586508753861998 0.010067114093959731 0.006694129763130793
5 0.47706935123042504 0.8522142121524202 0.12751677852348994 0.12564366632337795
10 0.5701901565995525 0.853244078269825 0.008389261744966443 0.005149330587023687
1 0.34256152125279643 0.86302780638517 0.01174496644295302 0.005149330587023687
10 0.3775167785234899 0.8632852729145211 0.010067114093959731 0.005664263645726055
1 0.7116890380313199 0.8622554067971163 0.013982102908277404 0.004634397528321318
10 0.8394854586129754 0.860453141091658 0.0044742729306487695 0.01132852729145211
1 0.639261744966443 0.8635427394438723 0.016778523489932886 0.007209062821833162
10 0.09368008948545861 0.872811534500515 0.010626398210290829 0.007209062821833162
10 0.06767337807606263 0.875643666323378 0.012304250559284116 0.003604531410916581
10 0.7390939597315436 0.8663748712667353 0.013982102908277404 0.006694129763130793
10 0.3422818791946309 0.8730690010298661 0.013422818791946308 0.007723995880535531
1 0.1563199105145414 0.8782183316168898 0.01174496644295302 0.004634397528321318
10 0.5704697986577181 0.8735839340885685 0.012304250559284116 0.006694129763130793
10 0.09563758389261745 0.8823377960865088 0.008948545861297539 0.007723995880535531
5 0.8699664429530202 0.869979402677652 0.026286353467561523 0.08084449021627188
10 0.7651006711409396 0.8730690010298661 0.0044742729306487695 0.01184346035015448
10 0.06963087248322147 0.8861997940267765 0.006152125279642058 0.006179196704428424
10 0.7424496644295302 0.8792481977342945 0.009507829977628635 0.004634397528321318
10 0.15799776286353467 0.889546858908342 0.00727069351230425 0.005664263645726055
10 0.34116331096196867 0.8880020597322348 0.011185682326621925 0.005664263645726055
10 0.569351230425056 0.8846549948506695 0.008948545861297539 0.004119464469618949
10 0.09395973154362416 0.8949536560247168 0.015659955257270694 0.005149330587023687
10 0.1342281879194631 0.8949536560247168 0.007829977628635347 0.006179196704428424
10 0.9186241610738255 0.88259526261586 0.00727069351230425 0.013388259526261586
10 0.9018456375838926 0.8846549948506695 0.0050335570469798654 0.01132852729145211
10 0.6143736017897091 0.8913491246138002 0.010626398210290829 0.006179196704428424
10 0.7430089485458613 0.891091658084449 0.008389261744966443 0.004634397528321318
10 0.15771812080536912 0.9013903192584964 0.007829977628635347 0.004634397528321318
10 0.569910514541387 0.8957260556127703 0.011185682326621925 0.005664263645726055
10 0.09368008948545861 0.9052523171987642 0.010626398210290829 0.006179196704428424
10 0.8406040268456376 0.896755921730175 0.005592841163310962 0.008753861997940269
10 0.7416107382550335 0.9016477857878475 0.010067114093959731 0.005149330587023687
10 0.5707494407158836 0.9083419155509783 0.009507829977628635 0.005149330587023687
1 0.2936241610738255 0.913491246138002 0.006711409395973154 0.01132852729145211
10 0.19491051454138703 0.914778578784758 0.006152125279642058 0.013903192584963954
10 0.09144295302013423 0.9168383110195675 0.009507829977628635 0.004634397528321318
1 0.20833333333333334 0.916065911431514 0.0050335570469798654 0.014418125643666324
10 0.38786353467561524 0.9137487126673532 0.006152125279642058 0.012873326467559218
10 0.18232662192393737 0.9173532440782698 0.006711409395973154 0.010813594232749742
10 0.28187919463087246 0.9155509783728115 0.006711409395973154 0.013388259526261586
10 0.21840044742729306 0.9168383110195675 0.00727069351230425 0.012873326467559218
10 0.23294183445190156 0.9170957775489187 0.00727069351230425 0.012358393408856848
1 0.3554250559284116 0.9155509783728115 0.00727069351230425 0.013388259526261586
10 0.3668903803131991 0.916065911431514 0.005592841163310962 0.014418125643666324
10 0.24552572706935122 0.917610710607621 0.005592841163310962 0.013388259526261586
10 0.26985458612975394 0.9181256436663234 0.0039149888143176735 0.01132852729145211
10 0.2581096196868009 0.9191555097837281 0.008389261744966443 0.013388259526261586
1 0.15128635346756153 0.9209577754891864 0.00727069351230425 0.01184346035015448
10 0.12779642058165547 0.9212152420185376 0.0039149888143176735 0.012358393408856848
10 0.1669463087248322 0.9214727085478888 0.006152125279642058 0.010813594232749742
5 0.6758948545861297 0.9145211122554068 0.07774049217002237 0.07312049433573635
10 0.7399328859060402 0.9145211122554068 0.013422818791946308 0.006179196704428424
10 0.09368008948545861 0.9281668383110195 0.010626398210290829 0.005664263645726055
10 0.03887024608501118 0.9289392378990731 0.015100671140939598 0.007209062821833162
10 0.7418903803131991 0.9253347064881565 0.012863534675615212 0.004119464469618949
10 0.09368008948545861 0.9382080329557158 0.010626398210290829 0.005149330587023687
10 0.2681767337807606 0.9361483007209063 0.010626398210290829 0.010298661174047374
10 0.03970917225950783 0.9397528321318228 0.012304250559284116 0.006179196704428424
1 0.20078299776286354 0.9389804325437693 0.0044742729306487695 0.012873326467559218
10 0.2262304250559284 0.9389804325437693 0.006152125279642058 0.01184346035015448
10 0.5005592841163311 0.9353759011328527 0.005592841163310962 0.013903192584963954
10 0.2156040268456376 0.940010298661174 0.006152125279642058 0.010813594232749742
10 0.4105145413870246 0.9369207003089598 0.005592841163310962 0.012873326467559218
10 0.2418903803131991 0.9397528321318228 0.0039149888143176735 0.013388259526261586
10 0.4225391498881432 0.937178166838311 0.00727069351230425 0.013388259526261586
10 0.4904921700223714 0.9366632337796087 0.006711409395973154 0.014418125643666324
10 0.5128635346756152 0.935890834191555 0.007829977628635347 0.014933058702368692
10 0.25279642058165547 0.9405252317198765 0.0044742729306487695 0.013903192584963954
1 0.4790268456375839 0.9366632337796087 0.0050335570469798654 0.018537590113285273
10 0.526565995525727 0.9361483007209063 0.006152125279642058 0.014418125643666324
10 0.5385906040268457 0.9366632337796087 0.005592841163310962 0.01132852729145211
5 0.5928411633109619 0.9364057672502575 0.021252796420581657 0.01596292481977343
10 0.7430089485458613 0.9364057672502575 0.01174496644295302 0.003604531410916581
10 0.0942393736017897 0.9492790937178167 0.008389261744966443 0.005664263645726055
10 0.8159955257270693 0.9402677651905252 0.006711409395973154 0.015447991761071062
10 0.46140939597315433 0.9459320288362513 0.006711409395973154 0.013388259526261586
10 0.45022371364653246 0.9472193614830072 0.003355704697986577 0.012873326467559218
10 0.4393176733780761 0.9485066941297632 0.006152125279642058 0.015447991761071062
1 0.20973154362416108 0.9582904222451082 0.013422818791946308 0.009268795056642637
5 0.17785234899328858 0.9593202883625128 0.02237136465324385 0.04016477857878476
5 0.13842281879194632 0.9606076210092688 0.02181208053691275 0.0427394438722966
5 0.7821588366890381 0.9513388259526262 0.028523489932885907 0.04170957775489186
10 0.5081096196868009 0.9572605561277034 0.006152125279642058 0.014418125643666324
10 0.5206935123042505 0.9570030895983522 0.007829977628635347 0.016992790937178166
10 0.4960850111856823 0.9582904222451082 0.006711409395973154 0.012358393408856848
10 0.531599552572707 0.959577754891864 0.00727069351230425 0.013903192584963954
10 0.7424496644295302 0.9582904222451082 0.012863534675615212 0.005149330587023687
10 0.23378076062639822 0.9675592173017508 0.006711409395973154 0.014418125643666324
10 0.5578859060402684 0.9634397528321318 0.0039149888143176735 0.01132852729145211
1 0.5889261744966443 0.9639546858908342 0.010067114093959731 0.013388259526261586
1 0.5732662192393736 0.9639546858908342 0.010067114093959731 0.017507723995880537
10 0.24496644295302014 0.969361483007209 0.006711409395973154 0.018022657054582905
10 0.6054250559284117 0.9642121524201854 0.0050335570469798654 0.010813594232749742
10 0.816834451901566 0.9639546858908342 0.006152125279642058 0.016477857878475798
10 0.6607941834451901 0.9662718846549948 0.008389261744966443 0.005664263645726055
10 0.6395413870246085 0.966529351184346 0.015100671140939598 0.005149330587023687
10 0.7086129753914989 0.9657569515962925 0.012304250559284116 0.004634397528321318
10 0.6842841163310962 0.9670442842430484 0.010626398210290829 0.005149330587023687
10 0.3889821029082774 0.972193614830072 0.013982102908277404 0.006179196704428424
10 0.7315436241610739 0.969361483007209 0.012304250559284116 0.004634397528321318
10 0.2709731543624161 0.9770854788877446 0.01174496644295302 0.005664263645726055
10 0.2197986577181208 0.08985581874356334 0.016778523489932886 0.013903192584963954
10 0.21895973154362416 0.101956745623069 0.012863534675615212 0.006179196704428424
5 0.174496644295302 0.10453141091658084 0.016778523489932886 0.012358393408856848
10 0.4412751677852349 0.10453141091658084 0.012304250559284116 0.004119464469618949
10 0.5274049217002237 0.10401647785787847 0.005592841163310962 0.012358393408856848
1 0.5019574944071589 0.10478887744593203 0.006152125279642058 0.01184346035015448
10 0.5151006711409396 0.10478887744593203 0.0044742729306487695 0.010813594232749742
5 0.47762863534675615 0.111740473738414 0.017897091722595078 0.035015447991761074
1 0.22595078299776286 0.1166323377960865 0.011185682326621925 0.009783728115345005
10 0.44267337807606266 0.11380020597322348 0.008389261744966443 0.004119464469618949
10 0.09228187919463088 0.1199794026776519 0.007829977628635347 0.015447991761071062
10 0.13003355704697986 0.12178166838311019 0.008389261744966443 0.01596292481977343
10 0.5237695749440716 0.1184346035015448 0.010626398210290829 0.008238928939237899
10 0.04334451901565996 0.12899073120494337 0.006152125279642058 0.01596292481977343
10 0.24888143176733782 0.12538619979402676 0.016778523489932886 0.004634397528321318
10 0.44211409395973156 0.12538619979402676 0.009507829977628635 0.006694129763130793
10 0.5027964205816555 0.12461380020597322 0.007829977628635347 0.015447991761071062
10 0.3680089485458613 0.12796086508753862 0.005592841163310962 0.01184346035015448
10 0.18176733780760626 0.131307929969104 0.0145413870246085 0.006179196704428424
10 0.3565436241610738 0.12950566426364574 0.008389261744966443 0.010813594232749742
10 0.34507829977628635 0.1300205973223481 0.007829977628635347 0.009783728115345005
10 0.5399888143176734 0.13285272914521112 0.028523489932885907 0.012358393408856848
10 0.25027964205816555 0.1380020597322348 0.008389261744966443 0.005149330587023687
1 0.7133668903803132 0.13182286302780638 0.010626398210290829 0.012358393408856848
10 0.18176733780760626 0.14186405767250257 0.012304250559284116 0.004634397528321318
10 0.4423937360178971 0.13748712667353244 0.007829977628635347 0.007209062821833162
5 0.7782438478747203 0.13465499485066942 0.07774049217002237 0.14572605561277033
10 0.8847874720357942 0.13465499485066942 0.05480984340044743 0.022142121524201853
10 0.0441834451901566 0.14907312049433574 0.003355704697986577 0.018022657054582905
10 0.24804250559284116 0.14881565396498456 0.008389261744966443 0.004119464469618949
10 0.18176733780760626 0.15267765190525232 0.010067114093959731 0.006694129763130793
10 0.49021252796420584 0.148043254376931 0.008389261744966443 0.014933058702368692
10 0.5047539149888143 0.148043254376931 0.006152125279642058 0.013903192584963954
1 0.32354586129753915 0.1513903192584964 0.0050335570469798654 0.012358393408856848
10 0.47874720357941836 0.14881565396498456 0.005592841163310962 0.014418125643666324
10 0.2720917225950783 0.15190525231719876 0.0050335570469798654 0.012358393408856848
10 0.2986577181208054 0.15216271884654994 0.006711409395973154 0.014933058702368692
10 0.2849552572706935 0.15242018537590113 0.008389261744966443 0.014418125643666324
10 0.36073825503355705 0.15164778578784757 0.008948545861297539 0.012873326467559218
10 0.3498322147651007 0.15216271884654994 0.0039149888143176735 0.014933058702368692
10 0.39485458612975394 0.15216271884654994 0.0044742729306487695 0.013903192584963954
10 0.3106823266219239 0.15370751802265706 0.002796420581655481 0.013903192584963954
10 0.33808724832214765 0.1529351184346035 0.0050335570469798654 0.014418125643666324
1 0.38115212527964204 0.15267765190525232 0.00727069351230425 0.014933058702368692
1 0.2477628635346756 0.157826982492276 0.012304250559284116 0.006694129763130793
5 0.2150447427293065 0.16168898043254376 0.02181208053691275 0.02059732234809475
10 0.843400447427293 0.15267765190525232 0.012304250559284116 0.003604531410916581
10 0.18260626398210292 0.16555097837281155 0.008389261744966443 0.005664263645726055
10 0.08249440715883669 0.1725025746652935 0.0050335570469798654 0.012358393408856848
10 0.2505592841163311 0.17018537590113286 0.010067114093959731 0.004634397528321318
1 0.5878076062639821 0.16632337796086508 0.007829977628635347 0.013388259526261586
1 0.6238814317673378 0.16658084449021626 0.01174496644295302 0.014933058702368692
1 0.6065436241610739 0.16735324407826982 0.012863534675615212 0.015447991761071062
1 0.6412192393736018 0.16683831101956745 0.009507829977628635 0.015447991761071062
10 0.8461968680089486 0.16529351184346036 0.0145413870246085 0.004119464469618949
10 0.18120805369127516 0.17713697219361482 0.010067114093959731 0.004119464469618949
10 0.4133109619686801 0.17636457260556127 0.012304250559284116 0.006694129763130793
10 0.22231543624161074 0.18074150360453142 0.017337807606263984 0.009268795056642637
10 0.25027964205816555 0.1822863027806385 0.00727069351230425 0.005149330587023687
10 0.8856263982102909 0.18048403707518024 0.056487695749440715 0.025231719876416064
10 0.4161073825503356 0.18872296601441813 0.008948545861297539 0.005664263645726055
10 0.18959731543624161 0.19438722966014418 0.0044742729306487695 0.01184346035015448
10 0.17757270693512303 0.19464469618949537 0.0039149888143176735 0.013388259526261586
10 0.24916107382550334 0.1956745623069001 0.010626398210290829 0.005149330587023687
1 0.8361297539149888 0.18846549948506694 0.006711409395973154 0.016477857878475798
10 0.8475950782997763 0.1892378990731205 0.006152125279642058 0.01184346035015448
10 0.4121923937360179 0.1990216271884655 0.010067114093959731 0.005664263645726055
10 0.25083892617449666 0.2072605561277034 0.013982102908277404 0.005664263645726055
10 0.18260626398210292 0.21086508753862 0.01174496644295302 0.003604531410916581
5 0.2156040268456376 0.21240988671472708 0.015100671140939598 0.03553038105046344
10 0.41498881431767337 0.21472708547888775 0.011185682326621925 0.005149330587023687
1 0.05536912751677853 0.220648815653965 0.012304250559284116 0.006694129763130793
10 0.25027964205816555 0.22090628218331618 0.01174496644295302 0.006179196704428424
10 0.18400447427293065 0.22322348094747682 0.010067114093959731 0.003604531410916581
5 0.3338926174496644 0.2255406797116375 0.11968680089485459 0.1101956745623069
1 0.5880872483221476 0.22296601441812564 0.01174496644295302 0.014418125643666324
1 0.7486017897091722 0.22219361483007208 0.009507829977628635 0.014933058702368692
10 0.25139821029082776 0.23043254376931 0.009507829977628635 0.005664263645726055
10 0.13450782997762864 0.233264675592173 0.012863534675615212 0.006179196704428424
5 0.09507829977628636 0.23455200823892894 0.029082774049217 0.038619979402677654
10 0.4155480984340045 0.23120494335736355 0.011185682326621925 0.007209062821833162
10 0.8901006711409396 0.22502574665293512 0.053131991051454136 0.02265705458290422
10 0.13282997762863535 0.24536560247167868 0.010626398210290829 0.005664263645726055
10 0.41638702460850113 0.24356333676622038 0.008389261744966443 0.005149330587023687
10 0.20022371364653244 0.24768280123583933 0.010067114093959731 0.015447991761071062
10 0.24161073825503357 0.24716786817713698 0.007829977628635347 0.015447991761071062
1 0.23126398210290827 0.24742533470648817 0.006152125279642058 0.01184346035015448
10 0.25419463087248323 0.24742533470648817 0.006152125279642058 0.013903192584963954
10 0.18260626398210292 0.25077239958805353 0.01174496644295302 0.005149330587023687
5 0.6683445190156599 0.24974253347064881 0.13646532438478748 0.06488156539649846
5 0.506152125279642 0.25257466529351186 0.1331096196868009 0.061277033985581875
10 0.4175055928411633 0.25514933058702366 0.008389261744966443 0.005664263645726055
5 0.7958612975391499 0.25025746652935116 0.03467561521252797 0.06591143151390319
10 0.18176733780760626 0.262615859938208 0.008948545861297539 0.005149330587023687
1 0.7508389261744967 0.25411946446961897 0.009507829977628635 0.016992790937178166
10 0.24888143176733782 0.26287332646755923 0.011185682326621925 0.006694129763130793
10 0.15436241610738255 0.2682801235839341 0.0044742729306487695 0.010298661174047374
10 0.13534675615212527 0.26905252317198763 0.007829977628635347 0.004634397528321318
10 0.16582774049217003 0.2687950566426365 0.0050335570469798654 0.013388259526261586
10 0.4152684563758389 0.2659629248197734 0.008389261744966443 0.004634397528321318
10 0.18260626398210292 0.272399588053553 0.010626398210290829 0.005149330587023687
10 0.2511185682326622 0.2762615859938208 0.012304250559284116 0.004634397528321318
1 0.13590604026845637 0.28038105046343975 0.008948545861297539 0.005664263645726055
10 0.4172259507829978 0.276519052523172 0.008948545861297539 0.004119464469618949
10 0.8875838926174496 0.26930998970133885 0.05480984340044743 0.026776519052523172
5 0.09256152125279642 0.2860453141091658 0.027404921700223715 0.03759011328527292
5 0.21728187919463088 0.2847579814624099 0.02069351230425056 0.03810504634397528
10 0.18288590604026847 0.28656024716786815 0.007829977628635347 0.005664263645726055
1 0.5903243847874721 0.2796086508753862 0.0050335570469798654 0.012358393408856848
1 0.7516778523489933 0.27909371781668385 0.007829977628635347 0.012358393408856848
10 0.1546420581655481 0.28861997940267764 0.0050335570469798654 0.01596292481977343
10 0.2516778523489933 0.2870751802265705 0.015659955257270694 0.007723995880535531
10 0.16610738255033558 0.2896498455200824 0.003355704697986577 0.012873326467559218
10 0.13842281879194632 0.2909371781668383 0.010626398210290829 0.007209062821833162
10 0.8406040268456376 0.2842430484037075 0.013422818791946308 0.006179196704428424
10 0.18512304250559283 0.29634397528321316 0.012304250559284116 0.003604531410916581
10 0.3104026845637584 0.2945417095777549 0.015659955257270694 0.005149330587023687
10 0.2866331096196868 0.29582904222451084 0.015100671140939598 0.005664263645726055
10 0.2519574944071588 0.29866117404737386 0.010626398210290829 0.005149330587023687
1 0.38534675615212527 0.30149330587023687 0.006711409395973154 0.014933058702368692
1 0.18176733780760626 0.30818743563336765 0.012304250559284116 0.007723995880535531
1 0.7511185682326622 0.30355303810504636 0.010067114093959731 0.016992790937178166
1 0.5903243847874721 0.3074150360453141 0.008389261744966443 0.013388259526261586
10 0.1814876957494407 0.31874356333676623 0.017337807606263984 0.006179196704428424
10 0.2757270693512304 0.32312049433573636 0.005592841163310962 0.013903192584963954
10 0.2511185682326622 0.3241503604531411 0.0145413870246085 0.006694129763130793
10 0.8889821029082774 0.31539649845520085 0.05201342281879195 0.025231719876416064
10 0.12891498881431768 0.3305870236869207 0.0050335570469798654 0.012358393408856848
10 0.14821029082774048 0.33135942327497425 0.006711409395973154 0.013903192584963954
10 0.15827740492170023 0.3308444902162719 0.0044742729306487695 0.012873326467559218
5 0.2181208053691275 0.33161688980432547 0.01901565995525727 0.03398558187435633
5 0.5097874720357942 0.33007209062821835 0.13814317673378076 0.07003089598352215
10 0.18176733780760626 0.338053553038105 0.012304250559284116 0.005664263645726055
5 0.799496644295302 0.3290422245108136 0.03523489932885906 0.07518022657054584
5 0.33305369127516776 0.33753861997940265 0.0743847874720358 0.057157569515962924
5 0.6725391498881432 0.33290422245108137 0.13590604026845637 0.061277033985581875
1 0.38982102908277405 0.3385684860968074 0.012304250559284116 0.005664263645726055
10 0.25083892617449666 0.34243048403707516 0.010626398210290829 0.004119464469618949
10 0.42197986577181207 0.3406282183316169 0.013982102908277404 0.004634397528321318
1 0.18400447427293065 0.3483522142121524 0.010067114093959731 0.005664263645726055
1 0.7536353467561522 0.34243048403707516 0.012863534675615212 0.004119464469618949
10 0.10486577181208054 0.3573635427394439 0.00727069351230425 0.012358393408856848
10 0.4230984340044743 0.35221421215242016 0.008389261744966443 0.004119464469618949
10 0.08025727069351231 0.3581359423274974 0.0050335570469798654 0.01184346035015448
10 0.2424496644295302 0.3601956745623069 0.008389261744966443 0.007723995880535531
10 0.19267337807606263 0.36405767250257465 0.008389261744966443 0.015447991761071062
10 0.1789709172259508 0.36483007209062823 0.008948545861297539 0.01596292481977343
10 0.27936241610738255 0.36405767250257465 0.006152125279642058 0.015447991761071062
10 0.42337807606263983 0.3630278063851699 0.012304250559284116 0.006179196704428424
1 0.5917225950782998 0.3630278063851699 0.007829977628635347 0.010298661174047374
10 0.39793064876957496 0.3668898043254377 0.0050335570469798654 0.012873326467559218
10 0.3875838926174497 0.3684346035015448 0.005592841163310962 0.013903192584963954
1 0.7527964205816555 0.3632852729145211 0.005592841163310962 0.013903192584963954
10 0.24328859060402686 0.37126673532440785 0.011185682326621925 0.005149330587023687
10 0.8450782997762863 0.3630278063851699 0.016778523489932886 0.005149330587023687
10 0.8878635346756152 0.3632852729145211 0.05536912751677853 0.02420185375901133
10 0.42393736017897093 0.3764160659114315 0.013422818791946308 0.006179196704428424
10 0.13087248322147652 0.38516992790937177 0.006711409395973154 0.014418125643666324
10 0.15548098434004473 0.3846549948506694 0.003355704697986577 0.012358393408856848
10 0.142337807606264 0.38594232749742535 0.006152125279642058 0.01184346035015448
10 0.3710850111856823 0.3828527291452111 0.01621923937360179 0.007723995880535531
10 0.34368008948545864 0.38388259526261587 0.012863534675615212 0.005664263645726055
10 0.3934563758389262 0.3828527291452111 0.01621923937360179 0.006694129763130793
10 0.5341163310961968 0.38079299691040164 0.013422818791946308 0.005664263645726055
10 0.5100671140939598 0.381307929969104 0.015659955257270694 0.006694129763130793
10 0.47651006711409394 0.38233779608650875 0.011185682326621925 0.004634397528321318
10 0.44742729306487694 0.38568486096807414 0.010067114093959731 0.005149330587023687
10 0.5889261744966443 0.38362512873326465 0.016778523489932886 0.006179196704428424
10 0.4230984340044743 0.38748712667353247 0.012863534675615212 0.006694129763130793
10 0.11213646532438479 0.39418125643666324 0.012863534675615212 0.005664263645726055
1 0.2402125279642058 0.3993305870236869 0.013982102908277404 0.005664263645726055
1 0.33165548098434006 0.39752832131822863 0.007829977628635347 0.004119464469618949
1 0.5545302013422819 0.39495365602471677 0.010626398210290829 0.006179196704428424
10 0.45022371364653246 0.39752832131822863 0.008948545861297539 0.007209062821833162
10 0.4228187919463087 0.39778578784757984 0.011185682326621925 0.003604531410916581
10 0.6661073825503355 0.3946961894953656 0.01901565995525727 0.026261585993820804
10 0.14569351230425057 0.40525231719876414 0.01174496644295302 0.005149330587023687
10 0.6881991051454138 0.39727085478887747 0.010626398210290829 0.008753861997940269
10 0.7611856823266219 0.40061791967044286 0.007829977628635347 0.015447991761071062
10 0.07270693512304251 0.41246138002059735 0.0044742729306487695 0.01132852729145211
10 0.4499440715883669 0.40602471678681773 0.00727069351230425 0.004634397528321318
10 0.4242170022371365 0.4070545829042225 0.010626398210290829 0.005664263645726055
1 0.33053691275167785 0.4091143151390319 0.007829977628635347 0.004634397528321318
10 0.10626398210290827 0.4129763130792997 0.0044742729306487695 0.014418125643666324
10 0.1180089485458613 0.4132337796086509 0.0044742729306487695 0.012873326467559218
1 0.5355145413870246 0.4070545829042225 0.013982102908277404 0.005664263645726055
5 0.28691275167785235 0.4114315139031926 0.03467561521252797 0.06488156539649846
5 0.19714765100671142 0.4132337796086509 0.03523489932885906 0.0705458290422245
5 0.8008948545861297 0.4057672502574665 0.03467561521252797 0.06591143151390319
10 0.1470917225950783 0.41709577754891863 0.007829977628635347 0.003089598352214212
10 0.889261744966443 0.4080844490216272 0.052572706935123045 0.021112255406797117
10 0.4493847874720358 0.417610710607621 0.00727069351230425 0.006179196704428424
10 0.3296979865771812 0.41992790937178165 0.013982102908277404 0.007723995880535531
5 0.7301454138702461 0.41349124613800203 0.032997762863534674 0.03913491246138002
10 0.42449664429530204 0.4194129763130793 0.011185682326621925 0.006694129763130793
10 0.5508948545861297 0.417610710607621 0.012304250559284116 0.005149330587023687
5 0.5998322147651006 0.4178681771369722 0.056487695749440715 0.03141091658084449
10 0.08976510067114093 0.4294541709577755 0.009507829977628635 0.004119464469618949
10 0.1493288590604027 0.42842430484037075 0.012304250559284116 0.005149330587023687
10 0.11185682326621924 0.4294541709577755 0.012304250559284116 0.006179196704428424
5 0.37919463087248323 0.42559217301750774 0.04586129753914989 0.06848609680741503
5 0.491331096196868 0.42507723995880536 0.03859060402684564 0.06848609680741503
10 0.45050335570469796 0.42636457260556127 0.00727069351230425 0.006179196704428424
10 0.42477628635346754 0.4289392378990731 0.008389261744966443 0.004119464469618949
1 0.6840044742729307 0.42507723995880536 0.010067114093959731 0.003604531410916581
10 0.5503355704697986 0.4294541709577755 0.0145413870246085 0.005149330587023687
10 0.14960850111856824 0.4407826982492276 0.010626398210290829 0.006179196704428424
10 0.45022371364653246 0.4387229660144181 0.007829977628635347 0.004119464469618949
1 0.4228187919463087 0.4420700308959835 0.011185682326621925 0.005664263645726055
10 0.5522930648769575 0.44129763130793 0.01174496644295302 0.006179196704428424
10 0.14960850111856824 0.451081359423275 0.01174496644295302 0.005149330587023687
10 0.8467561521252797 0.4407826982492276 0.016778523489932886 0.006179196704428424
10 0.6395413870246085 0.44464469618949537 0.0050335570469798654 0.01184346035015448
10 0.45050335570469796 0.44799176107106076 0.010626398210290829 0.007209062821833162
10 0.3291387024608501 0.4503089598352214 0.01174496644295302 0.005664263645726055
1 0.6518456375838926 0.4454170957775489 0.008389261744966443 0.014418125643666324
10 0.6781319910514542 0.4454170957775489 0.009507829977628635 0.014418125643666324
10 0.7567114093959731 0.44438722966014416 0.011185682326621925 0.007209062821833162
10 0.66582774049217 0.4461894953656025 0.008389261744966443 0.013903192584963954
10 0.3296979865771812 0.4603501544799176 0.012863534675615212 0.006179196704428424
10 0.4222595078299776 0.45854788877445934 0.007829977628635347 0.004634397528321318
10 0.1470917225950783 0.4629248197734295 0.010067114093959731 0.006179196704428424
10 0.8901006711409396 0.4518537590113285 0.053131991051454136 0.025231719876416064
10 0.5357941834451901 0.458032955715757 0.011185682326621925 0.003604531410916581
10 0.8025727069351231 0.0012873326467559218 0.005592841163310962 0.0025746652935118436
10 0.4471476510067114 0.45983522142121525 0.01621923937360179 0.006179196704428424
10 0.10430648769574945 0.467816683831102 0.00727069351230425 0.005664263645726055