2 0.3636122881355932 0.6069711538461539 0.09375 0.06650641025641026
1 0.590042372881356 0.5801282051282052 0.04025423728813559 0.041666666666666664
5 0.2711864406779661 0.6362179487179487 0.038135593220338986 0.060897435897435896
2 0.4743114406779661 0.6057692307692307 0.04608050847457627 0.04006410256410257
2 0.528072033898305 0.5977564102564102 0.04449152542372881 0.041666666666666664
10 0.11308262711864407 0.6646634615384616 0.015360169491525424 0.013621794871794872
10 0.164989406779661 0.6650641025641025 0.01641949152542373 0.01282051282051282
10 0.2208686440677966 0.6558493589743589 0.01694915254237288 0.015224358974358974
1 0.7740995762711864 0.5693108974358975 0.034427966101694914 0.058493589743589744
10 0.04899364406779661 0.6891025641025641 0.007944915254237288 0.022435897435897436
10 0.295021186440678 0.6506410256410257 0.00847457627118644 0.022435897435897436
10 0.6390360169491526 0.6005608974358975 0.055614406779661014 0.03445512820512821
10 0.7436440677966102 0.5933493589743589 0.009533898305084746 0.024839743589743588
10 0.050052966101694914 0.7119391025641025 0.007944915254237288 0.021634615384615384
10 0.734375 0.6105769230769231 0.012182203389830509 0.04326923076923077
1 0.3792372881355932 0.671875 0.03177966101694915 0.06169871794871795
1 0.1395656779661017 0.7115384615384616 0.015360169491525424 0.01282051282051282
10 0.09401483050847458 0.7275641025641025 0.015360169491525424 0.01282051282051282
10 0.05190677966101695 0.7355769230769231 0.00847457627118644 0.02564102564102564
1 0.9947033898305084 0.5905448717948718 0.009533898305084746 0.014423076923076924
1 0.8042902542372882 0.6217948717948718 0.04290254237288135 0.0625
10 0.1742584745762712 0.7263621794871795 0.015889830508474576 0.015224358974358974
10 0.7711864406779662 0.6326121794871795 0.00847457627118644 0.024839743589743588
1 0.3421610169491525 0.7071314102564102 0.015889830508474576 0.013621794871794872
10 0.0948093220338983 0.7487980769230769 0.012711864406779662 0.010416666666666666
10 0.2285487288135593 0.7275641025641025 0.015360169491525424 0.01282051282051282
10 0.7457627118644068 0.6490384615384616 0.015889830508474576 0.014423076923076924
10 0.05429025423728814 0.7612179487179487 0.007944915254237288 0.022435897435897436
10 0.17584745762711865 0.7475961538461539 0.014830508474576272 0.01282051282051282
5 0.2685381355932203 0.7391826923076923 0.0413135593220339 0.08253205128205128
5 0.1430084745762712 0.7592147435897436 0.0423728813559322 0.08253205128205128
10 0.4189618644067797 0.717948717948718 0.015889830508474576 0.01282051282051282
10 0.3678495762711864 0.7259615384615384 0.015360169491525424 0.01282051282051282
1 0.5945444915254238 0.6895032051282052 0.014300847457627119 0.01201923076923077
1 0.493114406779661 0.7071314102564102 0.015889830508474576 0.015224358974358974
10 0.778072033898305 0.6614583333333334 0.01694915254237288 0.013621794871794872
10 0.5722987288135594 0.6943108974358975 0.014300847457627119 0.013621794871794872
2 0.030985169491525424 0.7800480769230769 0.02913135593220339 0.12580128205128205
1 0.3911546610169492 0.7227564102564102 0.017478813559322032 0.016025641025641024
10 0.5211864406779662 0.7019230769230769 0.015889830508474576 0.01282051282051282
10 0.4703389830508475 0.7107371794871795 0.015889830508474576 0.016025641025641024
1 0.4422669491525424 0.7159455128205128 0.015889830508474576 0.015224358974358974
1 0.5444915254237288 0.6991185897435898 0.015889830508474576 0.013621794871794872
10 0.09613347457627118 0.7704326923076923 0.014300847457627119 0.01201923076923077
10 0.22960805084745764 0.7495993589743589 0.015360169491525424 0.013621794871794872
10 0.3358050847457627 0.7339743589743589 0.013771186440677966 0.01282051282051282
2 0.20471398305084745 0.7556089743589743 0.0323093220338983 0.13942307692307693
10 0.866260593220339 0.6550480769230769 0.009004237288135594 0.021634615384615384
5 0.970603813559322 0.6382211538461539 0.04396186440677966 0.06330128205128205
10 0.055614406779661014 0.7840544871794872 0.00847457627118644 0.021634615384615384
10 0.1774364406779661 0.7704326923076923 0.015889830508474576 0.013621794871794872
10 0.8530190677966102 0.6634615384615384 0.009004237288135594 0.02403846153846154
10 0.09851694915254237 0.7912660256410257 0.015889830508474576 0.01201923076923077
10 0.23172669491525424 0.7732371794871795 0.01641949152542373 0.016025641025641024
10 0.8077330508474576 0.6830929487179487 0.00847457627118644 0.023237179487179488
10 0.816207627118644 0.6830929487179487 0.00847457627118644 0.021634615384615384
10 0.824417372881356 0.6818910256410257 0.009004237288135594 0.02403846153846154
10 0.0569385593220339 0.8080929487179487 0.007944915254237288 0.023237179487179488
2 0.9279661016949152 0.671073717948718 0.05296610169491525 0.04887820512820513
10 0.8540783898305084 0.6842948717948718 0.015360169491525424 0.014423076923076924
10 0.17902542372881355 0.7920673076923077 0.014830508474576272 0.01201923076923077
10 0.800582627118644 0.6971153846153846 0.013241525423728813 0.05448717948717949
1 0.765625 0.7035256410256411 0.0323093220338983 0.049679487179487176
10 0.0993114406779661 0.8108974358974359 0.015360169491525424 0.01282051282051282
5 0.3384533898305085 0.7744391025641025 0.04025423728813559 0.06490384615384616
5 0.3890360169491525 0.7676282051282052 0.03866525423728814 0.0625
5 0.4404131355932203 0.7596153846153846 0.03972457627118644 0.0641025641025641
5 0.491260593220339 0.7520032051282052 0.03760593220338983 0.06169871794871795
5 0.543167372881356 0.7435897435897436 0.03760593220338983 0.057692307692307696
5 0.59375 0.7359775641025641 0.038135593220338986 0.06009615384615385
1 0.2754237288135593 0.7868589743589743 0.014830508474576272 0.01282051282051282
10 0.2264300847457627 0.796875 0.009004237288135594 0.023237179487179488
10 0.8551377118644068 0.703926282051282 0.007944915254237288 0.021634615384615384
10 0.864406779661017 0.7027243589743589 0.00847457627118644 0.022435897435897436
10 0.956832627118644 0.688301282051282 0.009004237288135594 0.02403846153846154
10 0.05852754237288135 0.8317307692307693 0.007944915254237288 0.022435897435897436
1 0.8922139830508474 0.7059294871794872 0.009004237288135594 0.02564102564102564
10 0.10116525423728813 0.8329326923076923 0.014830508474576272 0.013621794871794872
1 0.6702860169491526 0.7451923076923077 0.0513771186440678 0.057692307692307696
1 0.2497351694915254 0.813301282051282 0.03336864406779661 0.052884615384615384
2 0.9298199152542372 0.7131410256410257 0.05349576271186441 0.046474358974358976
10 0.06038135593220339 0.8561698717948718 0.00847457627118644 0.021634615384615384
1 0.1583686440677966 0.8421474358974359 0.015889830508474576 0.014423076923076924
10 0.8940677966101694 0.7271634615384616 0.014830508474576272 0.013621794871794872
10 0.4751059322033898 0.7940705128205128 0.014830508474576272 0.01282051282051282
10 0.5617055084745762 0.780448717948718 0.015360169491525424 0.01282051282051282
10 0.3233580508474576 0.8181089743589743 0.015360169491525424 0.01282051282051282
10 0.5264830508474576 0.7860576923076923 0.014830508474576272 0.01282051282051282
10 0.3673199152542373 0.8125 0.015360169491525424 0.011217948717948718
10 0.4247881355932203 0.8028846153846154 0.014830508474576272 0.014423076923076924
10 0.1027542372881356 0.8633814102564102 0.014830508474576272 0.01201923076923077
1 0.7158368644067796 0.7760416666666666 0.015360169491525424 0.013621794871794872
10 0.06197033898305085 0.8798076923076923 0.00847457627118644 0.022435897435897436
10 0.10460805084745763 0.8826121794871795 0.014300847457627119 0.01201923076923077
1 0.7161016949152542 0.7900641025641025 0.014830508474576272 0.014423076923076924
10 0.6978283898305084 0.7932692307692307 0.015360169491525424 0.01282051282051282
10 0.06382415254237288 0.9042467948717948 0.007944915254237288 0.024839743589743588
5 0.16101694915254236 0.8918269230769231 0.0423728813559322 0.08333333333333333
10 0.698093220338983 0.8076923076923077 0.014830508474576272 0.014423076923076924
10 0.7176906779661016 0.8048878205128205 0.015889830508474576 0.015224358974358974
10 0.1059322033898305 0.9042467948717948 0.015889830508474576 0.013621794871794872
1 0.7643008474576272 0.8040865384615384 0.00847457627118644 0.024839743589743588
1 0.4189618644067797 0.8621794871794872 0.03283898305084746 0.07852564102564102
1 0.8516949152542372 0.7972756410256411 0.045550847457627115 0.05608974358974359
2 0.043697033898305086 0.9350961538461539 0.028072033898305086 0.10897435897435898
10 0.10805084745762712 0.9258814102564102 0.015889830508474576 0.01201923076923077
5 0.7989936440677966 0.8205128205128205 0.04608050847457627 0.049679487179487176
1 0.6324152542372882 0.8513621794871795 0.07733050847457627 0.10336538461538461
2 0.5039724576271186 0.8725961538461539 0.0323093220338983 0.05929487179487179
2 0.5301906779661016 0.8701923076923077 0.024364406779661018 0.05929487179487179
1 0.4573622881355932 0.8834134615384616 0.04290254237288135 0.058493589743589744
10 0.10884533898305085 0.9463141025641025 0.015360169491525424 0.01282051282051282
10 0.545021186440678 0.8802083333333334 0.00847457627118644 0.021634615384615384
10 0.5540254237288136 0.8790064102564102 0.00847457627118644 0.022435897435897436
10 0.4115466101694915 0.9150641025641025 0.014830508474576272 0.01282051282051282
10 0.4300847457627119 0.9114583333333334 0.014830508474576272 0.01201923076923077
10 0.1104343220338983 0.9671474358974359 0.015360169491525424 0.01282051282051282
10 0.6117584745762712 0.8918269230769231 0.014830508474576272 0.014423076923076924
10 0.6957097457627118 0.8786057692307693 0.009004237288135594 0.023237179487179488
1 0.2653601694915254 0.9467147435897436 0.0413135593220339 0.05048076923076923
10 0.5283368644067796 0.9106570512820513 0.007944915254237288 0.01842948717948718
2 0.3898305084745763 0.9326923076923077 0.025423728813559324 0.052884615384615384
10 0.5373411016949152 0.9102564102564102 0.006885593220338983 0.019230769230769232
5 0.5895127118644068 0.9034455128205128 0.0211864406779661 0.036057692307692304
10 0.612552966101695 0.9078525641025641 0.015360169491525424 0.01282051282051282
10 0.6332097457627118 0.9050480769230769 0.015360169491525424 0.013621794871794872
10 0.11175847457627118 0.9879807692307693 0.014830508474576272 0.01282051282051282
10 0.6536016949152542 0.9018429487179487 0.014830508474576272 0.013621794871794872
5 0.6845868644067796 0.9086538461538461 0.03866525423728814 0.030448717948717948
5 0.5579978813559322 0.9282852564102564 0.021716101694915255 0.05689102564102564
1 0.4589512711864407 0.9495192307692307 0.03125 0.04487179487179487
1 0.8090572033898306 0.8978365384615384 0.034427966101694914 0.06490384615384616
1 0.3283898305084746 0.9511217948717948 0.09427966101694915 0.09615384615384616
5 0.6316207627118644 0.9270833333333334 0.023834745762711863 0.030448717948717948
5 0.6096398305084746 0.9306891025641025 0.01694915254237288 0.024839743589743588
1 0.5871292372881356 0.9358974358974359 0.014300847457627119 0.01282051282051282
5 0.4340572033898305 0.9639423076923077 0.03125 0.0673076923076923
1 0.5725635593220338 0.9535256410256411 0.00847457627118644 0.02403846153846154
1 0.663135593220339 0.9399038461538461 0.009533898305084746 0.02403846153846154
10 0.5895127118644068 0.9563301282051282 0.015889830508474576 0.013621794871794872
10 0.78125 0.9274839743589743 0.015889830508474576 0.013621794871794872
10 0.6453919491525424 0.952323717948718 0.009004237288135594 0.024839743589743588
5 0.6271186440677966 0.9559294871794872 0.01694915254237288 0.02403846153846154
5 0.6106991525423728 0.9595352564102564 0.01694915254237288 0.023237179487179488
1 0.8554025423728814 0.13181089743589744 0.037076271186440676 0.0921474358974359
10 0.9528601694915254 0.12540064102564102 0.025423728813559324 0.08573717948717949
10 0.9716631355932204 0.1233974358974359 0.014300847457627119 0.08653846153846154
10 0.9274364406779662 0.13141025641025642 0.026483050847457626 0.08814102564102565
10 0.1941207627118644 0.2760416666666667 0.015360169491525424 0.013621794871794872
1 0.856197033898305 0.19591346153846154 0.01641949152542373 0.015224358974358974
10 0.1965042372881356 0.30448717948717946 0.015889830508474576 0.014423076923076924
10 0.815677966101695 0.20793269230769232 0.02754237288135593 0.08733974358974358
10 0.7407309322033898 0.2231570512820513 0.01641949152542373 0.01201923076923077
10 0.7976694915254238 0.23237179487179488 0.00847457627118644 0.02403846153846154
5 0.8530190677966102 0.22956730769230768 0.023834745762711863 0.044070512820512824
10 0.8384533898305084 0.2548076923076923 0.014830508474576272 0.057692307692307696
12 0.7407309322033898 0.2708333333333333 0.03125 0.06891025641025642
10 0.7730402542372882 0.2796474358974359 0.022775423728813558 0.07532051282051282
1 0.8034957627118644 0.2744391025641026 0.03389830508474576 0.05368589743589743
1 0.864406779661017 0.266025641025641 0.014830508474576272 0.01282051282051282
10 0.8567266949152542 0.27884615384615385 0.015360169491525424 0.01282051282051282
10 0.892478813559322 0.2796474358974359 0.026483050847457626 0.08653846153846154
10 0.975635593220339 0.26642628205128205 0.026483050847457626 0.08733974358974358
10 0.9459745762711864 0.2720352564102564 0.024364406779661018 0.08253205128205128
10 0.9197563559322034 0.28125 0.025953389830508475 0.08974358974358974
5 0.8636122881355932 0.30448717948717946 0.02489406779661017 0.03205128205128205
12 0.743114406779661 0.32572115384615385 0.023305084745762712 0.03125
1 0.11679025423728813 0.4282852564102564 0.02701271186440678 0.06650641025641026
1 0.5021186440677966 0.36738782051282054 0.037076271186440676 0.06810897435897435
10 0.7632415254237288 0.3373397435897436 0.014830508474576272 0.011217948717948718
10 0.7783368644067796 0.33533653846153844 0.015360169491525424 0.01201923076923077
12 0.8048199152542372 0.33213141025641024 0.030190677966101694 0.06650641025641026
1 0.550052966101695 0.38100961538461536 0.03866525423728814 0.06971153846153846
1 0.16710805084745764 0.4427083333333333 0.04290254237288135 0.06330128205128205
1 0.8691737288135594 0.33613782051282054 0.026483050847457626 0.036057692307692304
5 0.0357521186440678 0.469150641025641 0.030190677966101694 0.029647435897435896
1 0.4459745762711864 0.41466346153846156 0.03919491525423729 0.06971153846153846
1 0.08103813559322035 0.4739583333333333 0.034957627118644065 0.06650641025641026
10 0.8310381355932204 0.3557692307692308 0.015889830508474576 0.05448717948717949
10 0.7873411016949152 0.375400641025641 0.009004237288135594 0.026442307692307692
10 0.7788665254237288 0.37780448717948717 0.009004237288135594 0.024839743589743588
1 0.7703919491525424 0.3802083333333333 0.007944915254237288 0.023237179487179488
1 0.8667902542372882 0.37059294871794873 0.014300847457627119 0.010416666666666666
10 0.8448093220338984 0.375 0.013771186440677966 0.014423076923076924
1 0.05031779661016949 0.5056089743589743 0.036016949152542374 0.057692307692307696
5 0.09692796610169492 0.5024038461538461 0.024364406779661018 0.028846153846153848
10 0.1851165254237288 0.49038461538461536 0.009004237288135594 0.02564102564102564
10 0.171875 0.49238782051282054 0.010063559322033898 0.026442307692307692
5 0.14433262711864406 0.49719551282051283 0.04396186440677966 0.047275641025641024
10 0.8138241525423728 0.39302884615384615 0.015360169491525424 0.013621794871794872
10 0.776218220338983 0.41386217948717946 0.009004237288135594 0.023237179487179488
5 0.8657309322033898 0.40905448717948717 0.04184322033898305 0.06810897435897435
1 0.09904661016949153 0.5400641025641025 0.02754237288135593 0.04006410256410257
1 0.8180614406779662 0.42588141025641024 0.0323093220338983 0.04567307692307692
5 0.5738877118644068 0.4675480769230769 0.0323093220338983 0.07131410256410256
1 0.19147245762711865 0.5376602564102564 0.023834745762711863 0.035256410256410256
1 0.1472457627118644 0.546073717948718 0.022245762711864406 0.029647435897435896
1 0.04475635593220339 0.5625 0.01641949152542373 0.01282051282051282
10 0.021451271186440676 0.5657051282051282 0.015360169491525424 0.014423076923076924
10 0.8381885593220338 0.4375 0.013241525423728813 0.011217948717948718
10 0.649364406779661 0.4735576923076923 0.01694915254237288 0.014423076923076924
10 0.07944915254237288 0.5849358974358975 0.015889830508474576 0.01282051282051282
1 0.10248940677966102 0.5809294871794872 0.015360169491525424 0.01282051282051282
1 0.295021186440678 0.5532852564102564 0.03283898305084746 0.052083333333333336
10 0.5807733050847458 0.5116185897435898 0.015360169491525424 0.013621794871794872
1 0.15916313559322035 0.5797275641025641 0.01641949152542373 0.013621794871794872
1 0.21504237288135594 0.5705128205128205 0.015889830508474576 0.014423076923076924
10 0.13559322033898305 0.5837339743589743 0.01694915254237288 0.015224358974358974
10 0.1917372881355932 0.5757211538461539 0.015889830508474576 0.01201923076923077
1 0.2629766949152542 0.5653044871794872 0.021716101694915255 0.03445512820512821
10 0.6416843220338984 0.5048076923076923 0.01641949152542373 0.01282051282051282
2 0.3588453389830508 0.5536858974358975 0.0948093220338983 0.06570512820512821
2 0.7290783898305084 0.49599358974358976 0.08103813559322035 0.05128205128205128
5 0.04263771186440678 0.6073717948717948 0.03972457627118644 0.0641025641025641
1 0.6861758474576272 0.5096153846153846 0.009004237288135594 0.02403846153846154
10 0.5913665254237288 0.5268429487179487 0.014300847457627119 0.013621794871794872
10 0.4992055084745763 0.5456730769230769 0.06726694915254237 0.04326923076923077
5 0.2981991525423729 0.5869391025641025 0.023305084745762712 0.029647435897435896
5 0.10090042372881355 0.6262019230769231 0.03866525423728814 0.06169871794871795
5 0.9960275423728814 0.4891826923076923 0.006885593220338983 0.026442307692307692
5 0.1573093220338983 0.6245993589743589 0.038135593220338986 0.06009615384615385
5 0.2129237288135593 0.6165865384615384 0.038135593220338986 0.06009615384615385
2 0.7309322033898306 0.5360576923076923 0.07838983050847458 0.05128205128205128
10 0.05031779661016949 0.6470352564102564 0.015889830508474576 0.013621794871794872
1 0.2944915254237288 0.6161858974358975 0.00847457627118644 0.02403846153846154
10 0.3082627118644068 0.6137820512820513 0.00847457627118644 0.022435897435897436