10 0.42980935875216636 0.162873399715505 0.010398613518197574 0.044096728307254626
1 0.21519352975158867 0.16358463726884778 0.021374927787406125 0.02275960170697013
1 0.1779318313113807 0.16856330014224752 0.015020219526285385 0.08108108108108109
1 0.6831311380704795 0.16998577524893316 0.009820912767186597 0.03840682788051209
10 0.6738879260543039 0.17069701280227595 0.01097631426920855 0.04551920341394026
1 0.15973425765453494 0.1728307254623044 0.01559792027729636 0.07539118065433854
10 0.07683419988445984 0.18421052631578946 0.0219526285384171 0.03840682788051209
10 0.5005777007510109 0.18847795163584638 0.016753321779318313 0.021337126600284494
10 0.01588677065280185 0.18847795163584638 0.025996533795493933 0.03556187766714083
10 0.5179087232813403 0.18990042674253202 0.017908723281340265 0.01849217638691323
1 0.21663778162911612 0.19132290184921763 0.02657423454650491 0.029871977240398292
10 0.4919121894858463 0.20910384068278806 0.016753321779318313 0.025604551920341393
10 0.5069324090121318 0.20981507823613088 0.017908723281340265 0.021337126600284494
10 0.5251299826689775 0.2112375533428165 0.015020219526285385 0.02418207681365576
10 0.41045638359329867 0.22688477951635846 0.019064124783362217 0.02418207681365576
1 0.5748122472559214 0.2332859174964438 0.00924321201617562 0.03982930298719772
10 0.5849220103986135 0.23470839260312945 0.007510109763142692 0.03982930298719772
1 0.5294627383015598 0.2496443812233286 0.007510109763142692 0.03556187766714083
1 0.341998844598498 0.2503556187766714 0.00924321201617562 0.05689900426742532
1 0.35499711149624497 0.25106685633001424 0.01097631426920855 0.06685633001422475
10 0.427787406123628 0.25177809388335703 0.016753321779318313 0.02275960170697013
10 0.44280762564991333 0.25391180654338547 0.006354708261120739 0.029871977240398292
10 0.6880415944540728 0.25391180654338547 0.01733102253032929 0.02418207681365576
1 0.3188908145580589 0.25391180654338547 0.011554015020219527 0.049786628733997154
10 0.4488734835355286 0.2553342816500711 0.006932409012131715 0.032716927453769556
1 0.07365684575389948 0.26386913229018494 0.030618139803581745 0.041251778093883355
10 0.4901790872328134 0.26386913229018494 0.006354708261120739 0.03556187766714083
1 0.6741767764298093 0.267425320056899 0.008087810514153668 0.03982930298719772
1 0.5730791450028885 0.2709815078236131 0.006932409012131715 0.029871977240398292
1 0.6045638359329867 0.2702702702702703 0.016753321779318313 0.025604551920341393
10 0.41074523396880414 0.27453769559032715 0.01386481802426343 0.02275960170697013
1 0.6886192952050838 0.27809388335704127 0.01733102253032929 0.021337126600284494
1 0.585210860774119 0.28236130867709813 0.005777007510109763 0.029871977240398292
10 0.15309069901790873 0.2880512091038407 0.012709416522241479 0.04694167852062589
10 0.6262276140958983 0.2901849217638691 0.016175621028307337 0.01991465149359886
10 0.2099942229924899 0.2923186344238976 0.0005777007510109763 0.001422475106685633
1 0.39196995956094743 0.2937411095305832 0.012131715771230503 0.015647226173541962
1 0.6447140381282496 0.29871977240398295 0.016175621028307337 0.01991465149359886
10 0.40699017908723284 0.29943100995732574 0.012131715771230503 0.021337126600284494
1 0.03755054881571346 0.29943100995732574 0.03466204506065858 0.03840682788051209
1 0.31600231080300406 0.3029871977240398 0.015020219526285385 0.02275960170697013
1 0.292894280762565 0.3029871977240398 0.015020219526285385 0.01991465149359886
1 0.27527440785673024 0.3051209103840683 0.01559792027729636 0.02418207681365576
10 0.6265164644714039 0.310099573257468 0.017908723281340265 0.01991465149359886
10 0.3934142114384749 0.31223328591749644 0.011554015020219527 0.015647226173541962
1 0.10080878105141537 0.31152204836415365 0.01559792027729636 0.02275960170697013
1 0.07423454650491046 0.31436699857752487 0.02830733679953784 0.03698435277382646
10 0.7114384748700173 0.3150782361308677 0.009820912767186597 0.04694167852062589
10 0.7001733102253033 0.3157894736842105 0.00924321201617562 0.04267425320056899
10 0.40641247833622185 0.31934566145092463 0.012131715771230503 0.015647226173541962
10 0.6450028885037551 0.3200568990042674 0.016753321779318313 0.01991465149359886
10 0.3922588099364529 0.3264580369843528 0.011554015020219527 0.01849217638691323
10 0.6256499133448874 0.33001422475106684 0.01848642403235124 0.02275960170697013
1 0.33939919121894857 0.3314366998577525 0.009820912767186597 0.05689900426742532
1 0.8584633160023109 0.3335704125177809 0.010398613518197574 0.05832147937411095
1 0.36164067013287116 0.33783783783783783 0.01386481802426343 0.05832147937411095
1 0.8986135181975736 0.3385490753911807 0.009820912767186597 0.05689900426742532
1 0.8469093009820913 0.33926031294452347 0.010398613518197574 0.06116642958748222
1 0.8861929520508377 0.3385490753911807 0.011554015020219527 0.05689900426742532
1 0.8746389370306181 0.3406827880512091 0.010398613518197574 0.05263157894736842
10 0.10080878105141537 0.3399715504978663 0.017908723281340265 0.02275960170697013
10 0.6441363373772386 0.34210526315789475 0.015020219526285385 0.02418207681365576
1 0.8353552859618717 0.3413940256045519 0.010398613518197574 0.05689900426742532
10 0.9087232813402657 0.3413940256045519 0.008087810514153668 0.04551920341394026
1 0.40583477758521086 0.34992887624466573 0.014442518775274409 0.017069701280227598
10 0.6276718659734257 0.352773826458037 0.017908723281340265 0.02275960170697013
10 0.04419410745233969 0.3577524893314367 0.006354708261120739 0.041251778093883355
10 0.05574812247255921 0.3613086770981508 0.007510109763142692 0.03982930298719772
10 0.6438474870017331 0.3620199146514936 0.013287117273252455 0.02418207681365576
10 0.08463316002310803 0.36486486486486486 0.007510109763142692 0.032716927453769556
10 0.6276718659734257 0.37695590327169276 0.016753321779318313 0.02275960170697013
10 0.6452917388792605 0.3840682788051209 0.01733102253032929 0.02844950213371266
10 0.6270941652224148 0.39829302987197723 0.016753321779318313 0.01991465149359886
10 0.05950317735413056 0.3990042674253201 0.015020219526285385 0.02418207681365576
1 0.07943385326400924 0.39971550497866287 0.01559792027729636 0.02275960170697013
1 0.8509532062391681 0.4039829302987198 0.015020219526285385 0.025604551920341393
10 0.1002310803004044 0.4061166429587482 0.014442518775274409 0.02702702702702703
10 0.6435586366262276 0.406827880512091 0.01733102253032929 0.01991465149359886
10 0.16695551704217215 0.40825035561877665 0.01848642403235124 0.031294452347083924
10 0.04448295782784518 0.41251778093883357 0.008087810514153668 0.03982930298719772
1 0.9806470248411323 0.41536273115220484 0.014442518775274409 0.025604551920341393
1 0.8287117273252456 0.414651493598862 0.008665511265164644 0.03556187766714083
10 0.15106874638937032 0.414651493598862 0.008665511265164644 0.03840682788051209
1 0.40525707683419987 0.4182076813655761 0.012131715771230503 0.01991465149359886
10 0.6268053148469093 0.4189189189189189 0.015020219526285385 0.01849217638691323
10 0.13835932986712882 0.41963015647226176 0.01097631426920855 0.04267425320056899
1 0.8509532062391681 0.422475106685633 0.012709416522241479 0.017069701280227598
10 0.9676487579433853 0.42318634423897583 0.006932409012131715 0.03840682788051209
1 0.9578278451761987 0.4274537695590327 0.010398613518197574 0.044096728307254626
10 0.6438474870017331 0.4274537695590327 0.014442518775274409 0.02702702702702703
1 0.9113229347198152 0.4310099573257468 0.019064124783362217 0.025604551920341393
10 0.06759098786828423 0.4345661450924609 0.006932409012131715 0.044096728307254626
10 0.05632582322357019 0.4345661450924609 0.008665511265164644 0.044096728307254626
1 0.793471981513576 0.4345661450924609 0.014442518775274409 0.06970128022759602
10 0.1660889659156557 0.43812233285917496 0.014442518775274409 0.02844950213371266
1 0.9820912767186597 0.4388335704125178 0.012709416522241479 0.021337126600284494
10 0.7764298093587522 0.4388335704125178 0.01848642403235124 0.02418207681365576
1 0.8882149046793761 0.4402560455192034 0.008665511265164644 0.03840682788051209
10 0.6268053148469093 0.4402560455192034 0.015020219526285385 0.021337126600284494
10 0.8977469670710572 0.4438122332859175 0.010398613518197574 0.03982930298719772
10 0.8090699017908723 0.45305832147937414 0.012131715771230503 0.05263157894736842
10 0.6432697862507222 0.45376955903271693 0.016753321779318313 0.01991465149359886
1 0.8578856152512998 0.4544807965860597 0.006932409012131715 0.03556187766714083
1 0.9116117850953206 0.45590327169274536 0.016175621028307337 0.02702702702702703
10 0.8480647024841133 0.46088193456614507 0.008087810514153668 0.03982930298719772
10 0.9393414211438474 0.46372688477951635 0.011554015020219527 0.051209103840682786
10 0.13980358174465626 0.4644381223328592 0.008087810514153668 0.041251778093883355
10 0.15135759676487578 0.4644381223328592 0.008087810514153668 0.041251778093883355
10 0.6276718659734257 0.465149359886202 0.016753321779318313 0.017069701280227598
1 0.20421721548238012 0.4665718349928876 0.017908723281340265 0.02275960170697013
10 0.16724436741767765 0.46870554765291605 0.014442518775274409 0.03840682788051209
1 0.9872905834777586 0.4701280227596017 0.008087810514153668 0.041251778093883355
10 0.976891969959561 0.47155049786628733 0.00924321201617562 0.041251778093883355
10 0.6452917388792605 0.47652916073968704 0.012709416522241479 0.01991465149359886
1 0.40410167533217795 0.4793741109530583 0.013287117273252455 0.017069701280227598
10 0.8688619295205083 0.4822190611664296 0.011554015020219527 0.04551920341394026
10 0.6262276140958983 0.48577524893314367 0.016175621028307337 0.021337126600284494
10 0.7510109763142692 0.4864864864864865 0.00924321201617562 0.04267425320056899
1 0.046504910456383594 0.48933143669985774 0.007510109763142692 0.03698435277382646
1 0.9168110918544194 0.4900426742532006 0.00924321201617562 0.041251778093883355
10 0.9069901790872328 0.4907539118065434 0.00924321201617562 0.03982930298719772
10 0.05805892547660312 0.492176386913229 0.007510109763142692 0.03982930298719772
10 0.8238012709416522 0.49431009957325744 0.0219526285384171 0.02418207681365576
10 0.6438474870017331 0.49644381223328593 0.014442518775274409 0.02275960170697013
1 0.20306181398035816 0.4957325746799431 0.022530329289428077 0.029871977240398292
1 0.29231658001155403 0.5014224751066856 0.012709416522241479 0.01849217638691323
1 0.27411900635470826 0.5021337126600285 0.012131715771230503 0.017069701280227598
10 0.9529173887926055 0.5021337126600285 0.019064124783362217 0.025604551920341393
1 0.14529173887926056 0.5064011379800853 0.019064124783362217 0.02844950213371266
10 0.6270941652224148 0.5064011379800853 0.016753321779318313 0.01991465149359886
10 0.16926632004621606 0.5113798008534851 0.011554015020219527 0.04694167852062589
1 0.7694974003466204 0.5170697012802276 0.01848642403235124 0.02702702702702703
10 0.6432697862507222 0.5170697012802276 0.014442518775274409 0.01849217638691323
10 0.07972270363951472 0.5177809388335705 0.010398613518197574 0.04836415362731152
10 0.8830155979202773 0.5184921763869133 0.017908723281340265 0.02702702702702703
10 0.6750433275563258 0.5177809388335705 0.019064124783362217 0.01991465149359886
1 0.10340843443096476 0.5184921763869133 0.006932409012131715 0.03840682788051209
10 0.11351819757365685 0.5184921763869133 0.008665511265164644 0.044096728307254626
1 0.939052570768342 0.519203413940256 0.009820912767186597 0.04267425320056899
10 0.09098786828422877 0.5199146514935988 0.009820912767186597 0.041251778093883355
10 0.12536106296938185 0.5227596017069701 0.00924321201617562 0.03556187766714083
1 0.8417099942229925 0.5263157894736842 0.010398613518197574 0.04551920341394026
10 0.6268053148469093 0.5291607396870555 0.012709416522241479 0.01991465149359886
1 0.8099364529173888 0.5298719772403983 0.011554015020219527 0.044096728307254626
10 0.7515886770652802 0.5320056899004267 0.00924321201617562 0.04267425320056899
10 0.05690352397458117 0.5362731152204836 0.007510109763142692 0.04267425320056899
10 0.046216060080878106 0.5376955903271693 0.010398613518197574 0.04551920341394026
10 0.6432697862507222 0.5391180654338549 0.012131715771230503 0.01991465149359886
1 0.9696707105719238 0.5405405405405406 0.013287117273252455 0.04551920341394026
10 0.7937608318890814 0.5412517780938834 0.015020219526285385 0.02702702702702703
10 0.7764298093587522 0.542674253200569 0.016175621028307337 0.021337126600284494
1 0.4032351242056615 0.5412517780938834 0.01386481802426343 0.015647226173541962
10 0.6764875794338533 0.5440967283072546 0.016175621028307337 0.01849217638691323
1 0.31600231080300406 0.5448079658605974 0.012709416522241479 0.025604551920341393
1 0.29173887926054304 0.5448079658605974 0.012709416522241479 0.017069701280227598
1 0.27469670710571925 0.5462304409672831 0.014442518775274409 0.017069701280227598
1 0.9032351242056614 0.5455192034139402 0.008665511265164644 0.041251778093883355
1 0.8682842287694974 0.5490753911806543 0.012709416522241479 0.04551920341394026
10 0.6253610629693819 0.5526315789473685 0.016753321779318313 0.021337126600284494
10 0.06759098786828423 0.5625889046941679 0.011554015020219527 0.041251778093883355
10 0.6418255343731947 0.561877667140825 0.012709416522241479 0.02275960170697013
10 0.7588099364529174 0.5640113798008535 0.016753321779318313 0.02418207681365576
10 0.09098786828422877 0.5647226173541963 0.007510109763142692 0.04551920341394026
10 0.12853841709994224 0.5654338549075392 0.008665511265164644 0.044096728307254626
10 0.793471981513576 0.566145092460882 0.014442518775274409 0.017069701280227598
10 0.0805892547660312 0.5654338549075392 0.009820912767186597 0.041251778093883355
10 0.10283073367995378 0.5654338549075392 0.006932409012131715 0.04694167852062589
10 0.7770075101097631 0.5675675675675675 0.016175621028307337 0.01991465149359886
10 0.11380704794916234 0.5668563300142248 0.012709416522241479 0.044096728307254626
10 0.6253610629693819 0.5746799431009957 0.016753321779318313 0.02275960170697013
10 0.8087810514153668 0.5789473684210527 0.011554015020219527 0.04836415362731152
1 0.9806470248411323 0.5825035561877667 0.013287117273252455 0.02418207681365576
10 0.6429809358752167 0.5839260312944523 0.016175621028307337 0.021337126600284494
1 0.9107452339688041 0.585348506401138 0.017908723281340265 0.02702702702702703
10 0.050837666088965915 0.5867709815078236 0.00924321201617562 0.041251778093883355
1 0.1637781629116118 0.5889046941678521 0.008665511265164644 0.03982930298719772
10 0.9685153090699018 0.5917496443812233 0.009820912767186597 0.034139402560455195
10 0.040439052570768345 0.5924608819345661 0.008087810514153668 0.03556187766714083
1 0.9575389948006933 0.5945945945945946 0.01097631426920855 0.04267425320056899
10 0.6253610629693819 0.5960170697012802 0.017908723281340265 0.02275960170697013
1 0.8861929520508377 0.596728307254623 0.011554015020219527 0.03840682788051209
10 0.8971692663200462 0.5981507823613087 0.00924321201617562 0.03840682788051209
1 0.7073945696129404 0.6002844950213371 0.016753321779318313 0.034139402560455195
1 0.7244367417677643 0.6031294452347084 0.01386481802426343 0.031294452347083924
1 0.9809358752166378 0.6038406827880513 0.01386481802426343 0.021337126600284494
10 0.6432697862507222 0.6052631578947368 0.01559792027729636 0.021337126600284494
1 0.9101675332177932 0.6059743954480796 0.016753321779318313 0.02275960170697013
1 0.06903523974581167 0.6059743954480796 0.019064124783362217 0.031294452347083924
1 0.3873483535528596 0.612375533428165 0.01559792027729636 0.021337126600284494
1 0.13980358174465626 0.6152204836415363 0.00924321201617562 0.03556187766714083
10 0.6253610629693819 0.620199146514936 0.017908723281340265 0.025604551920341393
10 0.939052570768342 0.628022759601707 0.012131715771230503 0.044096728307254626
10 0.3879260543038706 0.6344238975817923 0.016753321779318313 0.01991465149359886
10 0.02368573079145003 0.6351351351351351 0.008087810514153668 0.044096728307254626
10 0.866262276140959 0.6351351351351351 0.01097631426920855 0.044096728307254626
10 0.15482380127094164 0.6365576102418208 0.006932409012131715 0.03840682788051209
1 0.9872905834777586 0.6365576102418208 0.011554015020219527 0.044096728307254626
10 0.976891969959561 0.6394025604551921 0.00924321201617562 0.04694167852062589
1 0.9150779896013865 0.6401137980085349 0.00924321201617562 0.03698435277382646
10 0.6244945118428654 0.6401137980085349 0.01733102253032929 0.025604551920341393
10 0.16522241478913924 0.6415362731152204 0.010398613518197574 0.04551920341394026
10 0.1120739456961294 0.6415362731152204 0.00924321201617562 0.04551920341394026
10 0.9067013287117274 0.6422475106685633 0.006354708261120739 0.044096728307254626
10 0.6429809358752167 0.6507823613086771 0.015020219526285385 0.021337126600284494
10 0.14067013287117272 0.662873399715505 0.01097631426920855 0.04836415362731152
1 0.3847487001733102 0.6635846372688478 0.008087810514153668 0.03840682788051209
10 0.6270941652224148 0.6642958748221907 0.01559792027729636 0.01422475106685633
10 0.0389948006932409 0.6650071123755334 0.019064124783362217 0.02702702702702703
10 0.9534950895436164 0.6671408250355618 0.019064124783362217 0.031294452347083924
10 0.8783939919121895 0.6699857752489331 0.020219526285384173 0.031294452347083924
10 0.6424032351242056 0.6699857752489331 0.015020219526285385 0.025604551920341393
10 0.1268053148469093 0.6714082503556188 0.017908723281340265 0.025604551920341393
10 0.6268053148469093 0.682076813655761 0.015020219526285385 0.02418207681365576
1 0.06008087810514154 0.6834992887624467 0.019641825534373193 0.02702702702702703
1 0.15193529751588677 0.6842105263157895 0.00924321201617562 0.04551920341394026
1 0.829578278451762 0.6849217638691323 0.02772963604852686 0.03556187766714083
1 0.10340843443096476 0.6856330014224751 0.02772963604852686 0.02844950213371266
1 0.3763720392836511 0.6856330014224751 0.012131715771230503 0.017069701280227598
10 0.6421143847487002 0.6920341394025604 0.012131715771230503 0.021337126600284494
1 0.7365684575389948 0.6934566145092461 0.028885037550548817 0.029871977240398292
10 0.12593876372039284 0.6984352773826458 0.016175621028307337 0.025604551920341393
1 0.37694974003466203 0.6998577524893315 0.014442518775274409 0.01422475106685633
1 0.03755054881571346 0.7005689900426743 0.028885037550548817 0.02702702702702703
1 0.9370306181398036 0.7005689900426743 0.011554015020219527 0.044096728307254626
1 0.9006354708261121 0.7034139402560455 0.010398613518197574 0.03556187766714083
1 0.9711149624494512 0.705547652916074 0.00924321201617562 0.03982930298719772
10 0.6265164644714039 0.7069701280227596 0.016753321779318313 0.02275960170697013
1 0.3535528596187175 0.7091038406827881 0.02079722703639515 0.029871977240398292
1 0.8697284806470248 0.7098150782361309 0.009820912767186597 0.04551920341394026
1 0.8298671288272674 0.7155049786628734 0.02830733679953784 0.031294452347083924
1 0.3752166377816291 0.7162162162162162 0.014442518775274409 0.021337126600284494
1 0.7374350086655113 0.7283072546230441 0.029462738301559793 0.03698435277382646
1 0.29173887926054304 0.7432432432432432 0.01733102253032929 0.02702702702702703
1 0.26776429809358754 0.7439544807965861 0.01559792027729636 0.01991465149359886
1 0.8304448295782785 0.7503556187766715 0.029462738301559793 0.03840682788051209
10 0.963316002310803 0.7503556187766715 0.02368573079145003 0.032716927453769556
1 0.3578856152512998 0.7510668563300142 0.006354708261120739 0.04267425320056899
1 0.36741767764298094 0.7532005689900427 0.011554015020219527 0.04694167852062589
1 0.3466204506065858 0.7567567567567568 0.012709416522241479 0.051209103840682786
10 0.05488157134604275 0.798719772403983 0.01386481802426343 0.06116642958748222
1 0.07394569612940496 0.8264580369843528 0.010398613518197574 0.04551920341394026
1 0.12102830733679953 0.8584637268847796 0.020219526285384173 0.029871977240398292
1 0.877527440785673 0.8634423897581792 0.011554015020219527 0.04267425320056899
1 0.9292316580011554 0.8669985775248933 0.01559792027729636 0.02702702702702703
10 0.15915655690352398 0.08961593172119488 0.009820912767186597 0.04551920341394026
2 0.12160600808781051 0.9409672830725462 0.14731369150779897 0.09246088193456614
2 0.6681109185441941 0.9416785206258891 0.15193529751588677 0.09103840682788052
2 0.32380127094165223 0.9452347083926032 0.14846909300982092 0.06970128022759602
2 0.8746389370306181 0.9466571834992887 0.14789139225880993 0.0953058321479374
10 0.4381860196418255 0.11877667140825035 0.006354708261120739 0.03840682788051209
10 0.46533795493934144 0.11877667140825035 0.007510109763142692 0.03840682788051209
10 0.45782784517619873 0.11806543385490754 0.007510109763142692 0.03982930298719772
10 0.4292316580011554 0.12019914651493599 0.00924321201617562 0.044096728307254626
10 0.4468515309069902 0.12162162162162163 0.009820912767186597 0.041251778093883355
1 0.23281340265742345 0.12162162162162163 0.011554015020219527 0.05547652916073969
1 0.21432697862507222 0.13726884779516357 0.019641825534373193 0.02702702702702703