10 0.7452554744525547 0.9155597722960152 0.061313868613138686 0.03984819734345351
10 0.8653284671532847 0.9402277039848197 0.07226277372262774 0.03415559772296015
5 0.8715328467153285 0.9772296015180265 0.07883211678832117 0.04364326375711575
1 0.5693430656934306 0.9829222011385199 0.042335766423357665 0.03225806451612903
1 0.5233576642335767 0.9805502846299811 0.04525547445255475 0.03700189753320683
1 0.5711678832116789 0.10673624288425047 0.040145985401459854 0.08823529411764706
2 0.06240875912408759 0.09962049335863378 0.1145985401459854 0.0872865275142315
1 0.972992700729927 0.1323529411764706 0.052554744525547446 0.09582542694497154
1 0.747080291970803 0.1650853889943074 0.07372262773722628 0.07969639468690702
1 0.5496350364963504 0.16366223908918406 0.04671532846715328 0.08633776091081594
1 0.3182481751824818 0.20588235294117646 0.07153284671532846 0.08918406072106262
1 0.10291970802919707 0.20588235294117646 0.040875912408759124 0.09487666034155598
1 0.9748175182481752 0.22770398481973433 0.04890510948905109 0.08538899430740038
2 0.042335766423357665 0.21015180265654648 0.07883211678832117 0.08823529411764706
10 0.9835766423357665 0.29554079696394686 0.031386861313868614 0.046489563567362426
12 0.3372262773722628 0.2874762808349146 0.033576642335766425 0.07400379506641366
1 0.7211678832116788 0.3055028462998102 0.06277372262773723 0.10056925996204934
12 0.29708029197080293 0.006166982922201139 0.04817518248175182 0.012333965844402278
12 0.49343065693430654 0.020398481973434534 0.032116788321167884 0.04079696394686907
1 0.981021897810219 0.4079696394686907 0.0364963503649635 0.10436432637571158
1 0.635036496350365 0.033681214421252374 0.10364963503649635 0.0635673624288425
1 0.08576642335766424 0.5260910815939279 0.03576642335766423 0.07685009487666034
1 0.8872262773722628 0.5569259962049335 0.06788321167883211 0.12144212523719165
1 0.5018248175182481 0.5645161290322581 0.28102189781021897 0.17647058823529413
2 0.04598540145985401 0.6081593927893738 0.0905109489051095 0.0872865275142315
2 0.05 0.6148007590132827 0.1 0.0872865275142315
1 0.5934306569343065 0.7201138519924098 0.029197080291970802 0.051233396584440226
2 0.05218978102189781 0.7096774193548387 0.10437956204379562 0.0777988614800759
2 0.049635036496350364 0.7210626185958254 0.09197080291970802 0.08918406072106262
1 0.0989051094890511 0.7243833017077799 0.03868613138686131 0.0730550284629981
1 0.7273722627737226 0.7623339658444023 0.031386861313868614 0.07495256166982922
10 0.31204379562043794 0.7789373814041746 0.07226277372262774 0.03984819734345351
1 0.9737226277372263 0.8301707779886148 0.043795620437956206 0.10056925996204934
10 0.6357664233576642 0.825426944971537 0.035036496350364967 0.08538899430740038
10 0.7813868613138686 0.8315939278937381 0.08248175182481751 0.04269449715370019
10 0.656934306569343 0.8292220113851992 0.033576642335766425 0.07969639468690702
10 0.6142335766423358 0.8330170777988615 0.027007299270072994 0.11385199240986717
1 0.32992700729927005 0.8344402277039848 0.12408759124087591 0.07495256166982922
1 0.10766423357664233 0.03984819734345351 0.032846715328467155 0.06261859582542695
1 0.8317518248175182 0.8624288425047438 0.043065693430656936 0.07020872865275142
10 0.7580291970802919 0.8676470588235294 0.1 0.05028462998102467