10 0.8601621308627678 0.6647877984084881 0.0028951939779965257 0.011273209549071617
1 0.26635784597568035 0.6671087533156499 0.010422698320787493 0.005305039787798408
10 0.44643891140706427 0.6667771883289124 0.005790387955993051 0.001989389920424403
12 0.8734800231615518 0.6684350132625995 0.013317892298784018 0.014588859416445624
10 0.46062536189924724 0.6690981432360743 0.007527504342790967 0.002652519893899204
10 0.48204979733642156 0.6700928381962865 0.007527504342790967 0.004641909814323607
10 0.8980891719745223 0.6717506631299734 0.004632310364794441 0.013262599469496022
1 0.2654892877822814 0.6747347480106101 0.009843659525188187 0.005968169761273209
10 0.4597568037058483 0.6763925729442971 0.009264620729588882 0.005305039787798408
10 0.444991314418066 0.6773872679045093 0.007527504342790967 0.0033156498673740055
1 0.7348002316155182 0.6803713527851459 0.006948465547191662 0.014588859416445624
1 0.06861609727851765 0.6833554376657824 0.0028951939779965257 0.011273209549071617
1 0.2660683265778807 0.6843501326259946 0.011001737116386797 0.005305039787798408
1 0.4629415170816445 0.6866710875331565 0.009843659525188187 0.005968169761273209
1 0.444991314418066 0.6870026525198939 0.007527504342790967 0.003978779840848806
12 0.6592356687898089 0.6899867374005305 0.01563404748118124 0.021883289124668436
12 0.6337579617834395 0.6923076923076923 0.012159814707585408 0.01989389920424403
10 0.6722640416907932 0.6926392572944297 0.0023161551823972205 0.009946949602122016
10 0.445859872611465 0.6952917771883289 0.009264620729588882 0.004641909814323607
10 0.644180660104227 0.6949602122015915 0.004053271569195136 0.017241379310344827
10 0.46323103647944414 0.6956233421750663 0.009264620729588882 0.005305039787798408
1 0.06861609727851765 0.7015915119363395 0.0028951939779965257 0.011936339522546418
1 0.26404169079328316 0.7019230769230769 0.013896931094383324 0.005968169761273209
10 0.44557035321366534 0.7042440318302388 0.009843659525188187 0.003978779840848806
10 0.4626519976838448 0.7045755968169761 0.009264620729588882 0.004641909814323607
10 0.444991314418066 0.7128647214854111 0.008685581933989578 0.003978779840848806
10 0.46178343949044587 0.7148541114058355 0.007527504342790967 0.003978779840848806
10 0.644180660104227 0.7175066312997348 0.0052113491603937466 0.011936339522546418
10 0.6745801968731905 0.7178381962864722 0.0023161551823972205 0.015251989389920425
12 0.6311522872032426 0.7198275862068966 0.009264620729588882 0.012599469496021221
10 0.5781702374059062 0.7201591511936339 0.006369426751592357 0.013262599469496022
12 0.6601042269832079 0.7204907161803713 0.010422698320787493 0.015251989389920425
1 0.445859872611465 0.7241379310344828 0.008106543138390272 0.003978779840848806
10 0.0848291835552982 0.7248010610079576 0.004053271569195136 0.013262599469496022
10 0.09438332368268675 0.725132625994695 0.003474232773595831 0.009946949602122016
1 0.07961783439490445 0.725132625994695 0.0028951939779965257 0.013925729442970823
10 0.11059640995946729 0.726790450928382 0.003474232773595831 0.010610079575596816
10 0.1178343949044586 0.7274535809018567 0.004053271569195136 0.010610079575596816
10 0.1013317892298784 0.7271220159151194 0.0023161551823972205 0.012599469496021221
5 0.3555298204979734 0.7307692307692307 0.11928199189345687 0.129973474801061
1 0.444991314418066 0.7357427055702918 0.011001737116386797 0.005968169761273209
1 0.6670526925303996 0.7413793103448276 0.004632310364794441 0.014588859416445624
1 0.6757382744643892 0.741710875331565 0.004632310364794441 0.011273209549071617
10 0.685002895193978 0.741710875331565 0.003474232773595831 0.012599469496021221
10 0.6595251881876085 0.7420424403183024 0.003474232773595831 0.011936339522546418
10 0.6919513607411697 0.7430371352785146 0.003474232773595831 0.011273209549071617
10 0.6534452808338158 0.7430371352785146 0.004053271569195136 0.012599469496021221
10 0.8653734800231615 0.7430371352785146 0.011001737116386797 0.005968169761273209
10 0.8471337579617835 0.7446949602122016 0.009264620729588882 0.005305039787798408
1 0.26896352055587724 0.745026525198939 0.011001737116386797 0.007294429708222812
10 0.10480602200347423 0.7470159151193634 0.004632310364794441 0.012599469496021221
12 0.08946149392009264 0.748342175066313 0.013317892298784018 0.01790450928381963
12 0.8471337579617835 0.7625994694960212 0.009264620729588882 0.01989389920424403
10 0.5660104226983208 0.7629310344827587 0.009843659525188187 0.004641909814323607
10 0.10654313839027214 0.7655835543766578 0.004632310364794441 0.009946949602122016
10 0.0903300521134916 0.7672413793103449 0.012738853503184714 0.005305039787798408
10 0.5813549507817024 0.7685676392572944 0.004632310364794441 0.015915119363395226
5 0.7261146496815286 0.7751989389920424 0.017371163867979156 0.01989389920424403
10 0.8459756803705848 0.7798408488063661 0.011580775911986103 0.003978779840848806
10 0.8676896352055588 0.7798408488063661 0.008685581933989578 0.003978779840848806
1 0.0836711059640996 0.7828249336870027 0.004053271569195136 0.011273209549071617
12 0.5648523451071221 0.7844827586206896 0.012159814707585408 0.017241379310344827
12 0.5454545454545454 0.7841511936339522 0.010422698320787493 0.015251989389920425
10 0.09148812970469021 0.7844827586206896 0.004632310364794441 0.013262599469496022
10 0.5807759119861031 0.7884615384615384 0.0023161551823972205 0.011936339522546418
10 0.5877243775332948 0.7884615384615384 0.004632310364794441 0.011936339522546418
10 0.5955414012738853 0.7887931034482759 0.0028951939779965257 0.012599469496021221
10 0.602489866821077 0.7887931034482759 0.004053271569195136 0.012599469496021221
10 0.8665315576143602 0.7894562334217506 0.009843659525188187 0.004641909814323607
10 0.8665315576143602 0.7980769230769231 0.009843659525188187 0.005968169761273209
1 0.27012159814707587 0.8050397877984085 0.0052113491603937466 0.010610079575596816
1 0.4484655471916618 0.8066976127320955 0.009843659525188187 0.008620689655172414
10 0.8679791546033584 0.8086870026525199 0.009264620729588882 0.0033156498673740055
10 0.5596409959467284 0.8100132625994695 0.004053271569195136 0.011273209549071617
1 0.5761436016213086 0.8103448275862069 0.004632310364794441 0.011936339522546418
10 0.5671685002895194 0.8113395225464191 0.0052113491603937466 0.009946949602122016
1 0.5521134916039374 0.8113395225464191 0.004053271569195136 0.012599469496021221
10 0.2762015055008686 0.8146551724137931 0.004632310364794441 0.007294429708222812
5 0.6059640995946728 0.8173076923076923 0.02374059061957151 0.02453580901856764
10 0.8659525188187609 0.8176392572944297 0.011001737116386797 0.002652519893899204
10 0.28170237405906196 0.8206233421750663 0.0017371163867979154 0.011273209549071617
5 0.09409380428488709 0.8265915119363395 0.01910828025477707 0.027188328912466843
1 0.868268674001158 0.8272546419098143 0.009843659525188187 0.004641909814323607
1 0.2880718008106543 0.8285809018567639 0.004053271569195136 0.011273209549071617
10 0.41603937463810076 0.8305702917771883 0.008685581933989578 0.009946949602122016
12 0.848291835552982 0.8318965517241379 0.010422698320787493 0.019230769230769232
10 0.8662420382165605 0.8358753315649867 0.010422698320787493 0.0033156498673740055
12 0.11609727851766068 0.8391909814323607 0.009843659525188187 0.019230769230769232
1 0.40590619571511294 0.8421750663129973 0.008106543138390272 0.007957559681697613
1 0.4261725535610886 0.8431697612732095 0.009264620729588882 0.009946949602122016
10 0.8665315576143602 0.8444960212201591 0.009843659525188187 0.004641909814323607
10 0.8659525188187609 0.8541114058355438 0.009843659525188187 0.005305039787798408
10 0.3100752750434279 0.8587533156498673 0.0028951939779965257 0.013262599469496022
10 0.8676896352055588 0.8630636604774535 0.008685581933989578 0.004641909814323607
1 0.10017371163867979 0.8643899204244032 0.003474232773595831 0.012599469496021221
10 0.0842501447596989 0.8647214854111406 0.004053271569195136 0.011936339522546418
10 0.09148812970469021 0.8647214854111406 0.003474232773595831 0.009283819628647215
5 0.72495657209033 0.8660477453580901 0.019687319050376375 0.021220159151193633
1 0.35987261146496813 0.8706896551724138 0.004053271569195136 0.014588859416445624
12 0.11493920092646208 0.8763262599469496 0.009843659525188187 0.015251989389920425
1 0.746670526925304 0.8836206896551724 0.0052113491603937466 0.013925729442970823
10 0.09872611464968153 0.8839522546419099 0.0028951939779965257 0.014588859416445624
10 0.3271569195136074 0.888262599469496 0.003474232773595831 0.013925729442970823
1 0.7017950202663579 0.8892572944297082 0.004632310364794441 0.007957559681697613
1 0.3616097278517661 0.8895888594164456 0.004053271569195136 0.009946949602122016
1 0.6855819339895773 0.8919098143236074 0.004632310364794441 0.014588859416445624
10 0.6942675159235668 0.8922413793103449 0.0011580775911986102 0.012599469496021221
10 0.677475390851187 0.8929045092838196 0.003474232773595831 0.013925729442970823
10 0.11464968152866242 0.8935676392572944 0.006948465547191662 0.004641909814323607
10 0.5431383902721483 0.894893899204244 0.004632310364794441 0.012599469496021221
10 0.5995946728430804 0.8955570291777188 0.0028951939779965257 0.012599469496021221
1 0.60828025477707 0.8955570291777188 0.004053271569195136 0.012599469496021221
10 0.5906195715112913 0.8955570291777188 0.003474232773595831 0.011273209549071617
5 0.42501447596989 0.896551724137931 0.10770121598147075 0.0636604774535809
10 0.1129125651418645 0.9045092838196287 0.006948465547191662 0.003978779840848806
1 0.7536189924724956 0.906498673740053 0.004053271569195136 0.015915119363395226
10 0.3251302837290098 0.9074933687002652 0.004053271569195136 0.011273209549071617
1 0.3607411696583671 0.9088196286472149 0.005790387955993051 0.013925729442970823
10 0.6786334684423856 0.9121352785145889 0.003474232773595831 0.012599469496021221
10 0.6838448176027794 0.9118037135278515 0.003474232773595831 0.011936339522546418
10 0.6931094383323683 0.9131299734748011 0.004632310364794441 0.010610079575596816
10 0.6273885350318471 0.9204244031830239 0.0028951939779965257 0.010610079575596816
10 0.6129125651418645 0.9210875331564987 0.004053271569195136 0.013262599469496022
10 0.6340474811812391 0.9220822281167109 0.003474232773595831 0.012599469496021221
10 0.6198610306890562 0.9227453580901857 0.0028951939779965257 0.011273209549071617
10 0.3271569195136074 0.9253978779840849 0.003474232773595831 0.009946949602122016
1 0.36189924724956574 0.9257294429708223 0.004632310364794441 0.010610079575596816
1 0.06456282570932252 0.9260610079575596 0.004053271569195136 0.015251989389920425
1 0.4189345686160973 0.9486074270557029 0.012159814707585408 0.004641909814323607
1 0.06369426751592357 0.9499336870026526 0.004632310364794441 0.012599469496021221
10 0.7246670526925304 0.09748010610079576 0.004053271569195136 0.010610079575596816
10 0.7342211928199189 0.09748010610079576 0.003474232773595831 0.010610079575596816
10 0.6586566299942096 0.09913793103448276 0.004053271569195136 0.012599469496021221
10 0.6502605674580196 0.09946949602122016 0.005790387955993051 0.013262599469496022
10 0.7336421540243196 0.11505305039787798 0.003474232773595831 0.009946949602122016
10 0.7240880138969311 0.11538461538461539 0.004053271569195136 0.013262599469496022
1 0.9279096699478865 0.11671087533156499 0.008685581933989578 0.005305039787798408
10 0.6592356687898089 0.11704244031830238 0.004053271569195136 0.011273209549071617
10 0.896641574985524 0.11704244031830238 0.0028951939779965257 0.011273209549071617
10 0.9035900405327157 0.11704244031830238 0.004053271569195136 0.011273209549071617
10 0.6493920092646207 0.118368700265252 0.006369426751592357 0.011273209549071617
1 0.2440648523451071 0.1253315649867374 0.009843659525188187 0.005305039787798408
1 0.5243196294151709 0.1259946949602122 0.004053271569195136 0.010610079575596816
1 0.27156919513607414 0.1273209549071618 0.004632310364794441 0.013262599469496022
10 0.25535610885929355 0.1276525198938992 0.004632310364794441 0.012599469496021221
1 0.29704690214244356 0.12798408488063662 0.004632310364794441 0.011936339522546418
10 0.28778228141285467 0.128315649867374 0.004632310364794441 0.011273209549071617
10 0.5086855819339896 0.12798408488063662 0.004053271569195136 0.013262599469496022
10 0.3123914302258251 0.128315649867374 0.0028951939779965257 0.012599469496021221
1 0.4635205558772438 0.128315649867374 0.0028951939779965257 0.009946949602122016
10 0.2625940938042849 0.1289787798408488 0.004053271569195136 0.013925729442970823
10 0.3039953676896352 0.1289787798408488 0.003474232773595831 0.013925729442970823
10 0.34829183555298204 0.12931034482758622 0.0028951939779965257 0.013262599469496022
10 0.5327156919513607 0.12931034482758622 0.0023161551823972205 0.010610079575596816
1 0.4548349739432542 0.12931034482758622 0.0028951939779965257 0.013262599469496022
1 0.5489287782281412 0.12931034482758622 0.005790387955993051 0.013262599469496022
10 0.5144759698899827 0.12931034482758622 0.004053271569195136 0.011936339522546418
10 0.2796757382744644 0.1296419098143236 0.003474232773595831 0.012599469496021221
10 0.35610885929357267 0.1296419098143236 0.004632310364794441 0.013925729442970823
1 0.3199189345686161 0.129973474801061 0.004053271569195136 0.013262599469496022
1 0.3621887666473654 0.1296419098143236 0.0028951939779965257 0.012599469496021221
1 0.48002316155182395 0.13030503978779842 0.004632310364794441 0.011273209549071617
10 0.5399536768963521 0.13030503978779842 0.004053271569195136 0.012599469496021221
12 0.376664736537348 0.13030503978779842 0.008685581933989578 0.021883289124668436
12 0.3335263462651998 0.1312997347480106 0.012738853503184714 0.01989389920424403
12 0.40445859872611467 0.1322944297082228 0.01563404748118124 0.020557029177718834
12 0.8517660683265779 0.13262599469496023 0.017371163867979156 0.01989389920424403
1 0.7240880138969311 0.133289124668435 0.0052113491603937466 0.011936339522546418
1 0.7330631152287204 0.13395225464190982 0.003474232773595831 0.011936339522546418
10 0.24319629415170815 0.13561007957559681 0.009264620729588882 0.004641909814323607
10 0.8393167342211928 0.13793103448275862 0.0028951939779965257 0.010610079575596816
12 0.6470758540822235 0.14489389920424403 0.013317892298784018 0.020557029177718834
10 0.26404169079328316 0.14622015915119363 0.0023161551823972205 0.009946949602122016
10 0.2964678633468442 0.14588859416445624 0.003474232773595831 0.013262599469496022
1 0.2796757382744644 0.14622015915119363 0.003474232773595831 0.012599469496021221
10 0.28778228141285467 0.14622015915119363 0.003474232773595831 0.011273209549071617
10 0.2721482339316734 0.14622015915119363 0.0023161551823972205 0.011273209549071617
10 0.30370584829183556 0.14655172413793102 0.004053271569195136 0.010610079575596816
1 0.2550665894614939 0.14622015915119363 0.004053271569195136 0.009946949602122016
10 0.31123335263462654 0.14688328912466844 0.004053271569195136 0.012599469496021221
10 0.4713375796178344 0.14721485411140584 0.003474232773595831 0.011936339522546418
10 0.24377533294730747 0.14820954907161804 0.010422698320787493 0.005968169761273209
1 0.48002316155182395 0.14920424403183025 0.003474232773595831 0.013262599469496022
12 0.855819339895773 0.15716180371352786 0.011580775911986103 0.014588859416445624
10 0.8398957730167921 0.15782493368700265 0.004053271569195136 0.010610079575596816
1 0.822524609148813 0.15749336870026526 0.004053271569195136 0.011273209549071617
1 0.8314997104806022 0.15815649867374004 0.003474232773595831 0.011273209549071617
10 0.8138390272148234 0.15848806366047746 0.004053271569195136 0.011936339522546418
1 0.6401273885350318 0.16810344827586207 0.004053271569195136 0.012599469496021221
12 0.6968731905037637 0.16909814323607428 0.01447596988998263 0.01989389920424403
10 0.6491024898668211 0.16876657824933686 0.005790387955993051 0.013925729442970823
10 0.7310364794441228 0.16976127320954906 0.004053271569195136 0.011936339522546418
10 0.6598147075854083 0.16976127320954906 0.004053271569195136 0.013262599469496022
1 0.7151129125651419 0.16976127320954906 0.004632310364794441 0.011936339522546418
10 0.7391430225825131 0.16976127320954906 0.0052113491603937466 0.013262599469496022
10 0.7214823393167342 0.16976127320954906 0.003474232773595831 0.014588859416445624
10 0.8323682686740012 0.17539787798408488 0.004053271569195136 0.011273209549071617
10 0.8396062536189924 0.1760610079575597 0.003474232773595831 0.012599469496021221
10 0.8210770121598147 0.17672413793103448 0.003474232773595831 0.013925729442970823
10 0.8144180660104227 0.17672413793103448 0.0028951939779965257 0.012599469496021221
12 0.8572669368847713 0.17904509283819628 0.009843659525188187 0.014588859416445624
10 0.8022582513028373 0.18136604774535808 0.004053271569195136 0.011273209549071617
10 0.7918355529820498 0.1816976127320955 0.0028951939779965257 0.013262599469496022
10 0.7811233352634627 0.1816976127320955 0.003474232773595831 0.013262599469496022
10 0.7718587145338738 0.1833554376657825 0.004632310364794441 0.012599469496021221
10 0.12188766647365373 0.1843501326259947 0.004053271569195136 0.010610079575596816
1 0.1381007527504343 0.1976127320954907 0.01447596988998263 0.006631299734748011
10 0.7709901563404749 0.20059681697612733 0.0028951939779965257 0.011273209549071617
10 0.780833815865663 0.20092838196286472 0.004053271569195136 0.010610079575596816
10 0.7906774753908512 0.20125994694960211 0.0028951939779965257 0.009946949602122016
10 0.7996525767226405 0.20225464190981432 0.0023161551823972205 0.011936339522546418
5 0.731615518239722 0.20225464190981432 0.02374059061957151 0.01856763925729443
5 0.64997104806022 0.20324933687002653 0.030689056166763172 0.015251989389920425
12 0.698320787492762 0.20457559681697612 0.016213086276780544 0.01790450928381963
10 0.1459177764910249 0.21385941644562334 0.004632310364794441 0.013925729442970823
10 0.12246670526925305 0.21385941644562334 0.0028951939779965257 0.009946949602122016
10 0.13752171395483498 0.21352785145888595 0.0028951939779965257 0.011936339522546418
1 0.13028372900984367 0.21485411140583555 0.0023161551823972205 0.010610079575596816
10 0.8265778807180081 0.22148541114058357 0.004053271569195136 0.011936339522546418
1 0.6838448176027794 0.23176392572944296 0.004632310364794441 0.012599469496021221
12 0.697452229299363 0.23275862068965517 0.01447596988998263 0.01856763925729443
1 0.7127967573827446 0.2330901856763926 0.005790387955993051 0.015251989389920425
10 0.40822235089751013 0.23574270557029178 0.008106543138390272 0.004641909814323607
1 0.377533294730747 0.23640583554376657 0.009264620729588882 0.0033156498673740055
1 0.4629415170816445 0.236737400530504 0.011001737116386797 0.003978779840848806
1 0.39229878401852925 0.236737400530504 0.011001737116386797 0.005305039787798408
1 0.4467284308048639 0.236737400530504 0.009843659525188187 0.002652519893899204
10 0.4261725535610886 0.23706896551724138 0.009264620729588882 0.004641909814323607
10 0.47828604516502604 0.23706896551724138 0.010422698320787493 0.0033156498673740055
10 0.4950781702374059 0.23740053050397877 0.009264620729588882 0.003978779840848806
1 0.768384481760278 0.23839522546419098 0.004632310364794441 0.01790450928381963
1 0.8138390272148234 0.24104774535809018 0.004053271569195136 0.013925729442970823
10 0.12159814707585408 0.24237400530503977 0.004632310364794441 0.015251989389920425
10 0.8248407643312102 0.2430371352785146 0.0028951939779965257 0.011273209549071617
1 0.9125651418645049 0.24568965517241378 0.004632310364794441 0.016578249336870028
1 0.42588303416328893 0.2463527851458886 0.011001737116386797 0.004641909814323607
10 0.44557035321366534 0.2463527851458886 0.008685581933989578 0.0033156498673740055
10 0.47770700636942676 0.2463527851458886 0.011580775911986103 0.004641909814323607
10 0.3931673422119282 0.246684350132626 0.009264620729588882 0.002652519893899204
10 0.4626519976838448 0.2473474801061008 0.010422698320787493 0.005305039787798408
1 0.4950781702374059 0.24701591511936338 0.008106543138390272 0.004641909814323607
10 0.376664736537348 0.2473474801061008 0.011001737116386797 0.003978779840848806
10 0.41053850607990733 0.2473474801061008 0.012738853503184714 0.003978779840848806
5 0.8726114649681529 0.2480106100795756 0.015055008685581933 0.01989389920424403
1 0.7388535031847133 0.25862068965517243 0.003474232773595831 0.010610079575596816
1 0.7292993630573248 0.25862068965517243 0.0052113491603937466 0.013262599469496022
10 0.8259988419224088 0.259946949602122 0.0028951939779965257 0.011936339522546418
1 0.7527504342790967 0.26061007957559684 0.003474232773595831 0.013262599469496022
1 0.815865662999421 0.26061007957559684 0.0023161551823972205 0.013262599469496022
1 0.7605674580196873 0.26061007957559684 0.004053271569195136 0.010610079575596816
1 0.7686740011580776 0.261604774535809 0.004053271569195136 0.009946949602122016
1 0.9122756224667052 0.2728779840848806 0.004053271569195136 0.011273209549071617
1 0.6722640416907932 0.27718832891246686 0.008106543138390272 0.005305039787798408
1 0.8219455703532137 0.27785145888594165 0.004053271569195136 0.010610079575596816
1 0.8372900984365953 0.27851458885941643 0.004632310364794441 0.010610079575596816
1 0.876664736537348 0.27851458885941643 0.003474232773595831 0.010610079575596816
10 0.8702953097857556 0.27884615384615385 0.0023161551823972205 0.008620689655172414
1 0.814997104806022 0.2791777188328912 0.0052113491603937466 0.010610079575596816
1 0.7391430225825131 0.27950928381962864 0.0052113491603937466 0.009946949602122016
1 0.8456861609727852 0.2791777188328912 0.0028951939779965257 0.009283819628647215
1 0.7999420961204401 0.27950928381962864 0.0028951939779965257 0.011273209549071617
1 0.8526346265199768 0.27984084880636606 0.0017371163867979154 0.011936339522546418
1 0.7698320787492762 0.27984084880636606 0.0017371163867979154 0.007957559681697613
1 0.6913723219455703 0.27950928381962864 0.008685581933989578 0.0033156498673740055
1 0.7081644470179502 0.2801724137931034 0.009264620729588882 0.004641909814323607
10 0.8618992472495657 0.2801724137931034 0.0052113491603937466 0.011273209549071617
1 0.7634626519976838 0.28183023872679047 0.004053271569195136 0.010610079575596816
1 0.28778228141285467 0.28348806366047746 0.004632310364794441 0.016578249336870028
1 0.12044006948465547 0.2864721485411141 0.004632310364794441 0.014588859416445624
10 0.1288361320208454 0.28713527851458887 0.0052113491603937466 0.013262599469496022
5 0.32802547770700635 0.28846153846153844 0.052692530399536766 0.03713527851458886
1 0.7101910828025477 0.28879310344827586 0.008685581933989578 0.004641909814323607
10 0.6933989577301679 0.29078249336870027 0.008685581933989578 0.0033156498673740055
10 0.4730746960046323 0.2911140583554377 0.011580775911986103 0.005305039787798408
10 0.6763173132599885 0.29144562334217505 0.006948465547191662 0.0033156498673740055
5 0.2264041690793283 0.2921087533156499 0.11117544875506659 0.03779840848806366
10 0.5393746381007527 0.29608753315649866 0.004053271569195136 0.012599469496021221
10 0.8685581933989577 0.29708222811671087 0.0023161551823972205 0.010610079575596816
1 0.7107701215981471 0.2974137931034483 0.006369426751592357 0.004641909814323607
1 0.8445280833815866 0.2984084880636605 0.0028951939779965257 0.009283819628647215
10 0.8778228141285466 0.2984084880636605 0.004632310364794441 0.009283819628647215
10 0.6922408801389693 0.29874005305039786 0.008685581933989578 0.0033156498673740055
1 0.8526346265199768 0.2994031830238727 0.0052113491603937466 0.012599469496021221
10 0.6740011580775912 0.2990716180371353 0.008106543138390272 0.003978779840848806
10 0.4739432541980313 0.3017241379310345 0.007527504342790967 0.002652519893899204
10 0.1294151708164447 0.30437665782493367 0.0028951939779965257 0.010610079575596816
1 0.7099015634047481 0.3080238726790451 0.006948465547191662 0.0033156498673740055
10 0.6922408801389693 0.3090185676392573 0.007527504342790967 0.003978779840848806
10 0.6768963520555877 0.3093501326259947 0.006948465547191662 0.001989389920424403
10 0.4736537348002316 0.3100132625994695 0.006948465547191662 0.0033156498673740055
10 0.7101910828025477 0.3173076923076923 0.007527504342790967 0.001989389920424403
10 0.6771858714533874 0.31797082228116713 0.007527504342790967 0.0033156498673740055
10 0.6589461493920092 0.3186339522546419 0.006948465547191662 0.0033156498673740055
10 0.692530399536769 0.3192970822281167 0.008106543138390272 0.001989389920424403
1 0.4739432541980313 0.3196286472148541 0.008685581933989578 0.003978779840848806
1 0.12912565141864504 0.3212864721485411 0.003474232773595831 0.011273209549071617
5 0.34771279675738276 0.3255968169761273 0.01563404748118124 0.009283819628647215
10 0.6595251881876085 0.32725464190981435 0.004632310364794441 0.0033156498673740055
10 0.6760277938621888 0.3275862068965517 0.0052113491603937466 0.006631299734748011
1 0.7107701215981471 0.3275862068965517 0.008685581933989578 0.003978779840848806
10 0.4736537348002316 0.3282493368700265 0.011580775911986103 0.003978779840848806
10 0.692530399536769 0.3282493368700265 0.009264620729588882 0.002652519893899204
10 0.15720903300521136 0.33189655172413796 0.0028951939779965257 0.013925729442970823
10 0.18702953097857555 0.33189655172413796 0.003474232773595831 0.013925729442970823
10 0.2588303416328894 0.3322281167108753 0.003474232773595831 0.010610079575596816
10 0.1647365373480023 0.3332228116710875 0.004053271569195136 0.012599469496021221
10 0.17168500289519398 0.3332228116710875 0.0028951939779965257 0.012599469496021221
10 0.17834394904458598 0.3332228116710875 0.0023161551823972205 0.012599469496021221
10 0.2510133178922988 0.3338859416445623 0.0028951939779965257 0.011273209549071617
1 0.2423277359583092 0.33421750663129973 0.004053271569195136 0.010610079575596816
10 0.21569195136074118 0.33421750663129973 0.0028951939779965257 0.011936339522546418
12 0.19861030689056167 0.33620689655172414 0.010422698320787493 0.01989389920424403
1 0.7096120440069484 0.33720159151193635 0.007527504342790967 0.004641909814323607
12 0.22611464968152867 0.33687002652519893 0.012159814707585408 0.015915119363395226
10 0.4730746960046323 0.3375331564986737 0.009264620729588882 0.003978779840848806
10 0.6928199189345686 0.3375331564986737 0.011001737116386797 0.002652519893899204
10 0.6592356687898089 0.3375331564986737 0.011001737116386797 0.003978779840848806
10 0.6763173132599885 0.34018567639257297 0.006948465547191662 0.005305039787798408
10 0.11638679791546033 0.34151193633952254 0.004632310364794441 0.013262599469496022
10 0.10828025477707007 0.34184350132625996 0.005790387955993051 0.013925729442970823
10 0.6754487550665894 0.34615384615384615 0.007527504342790967 0.003978779840848806
10 0.6905037637521714 0.34681697612732093 0.013317892298784018 0.003978779840848806
10 0.4736537348002316 0.34681697612732093 0.008106543138390272 0.002652519893899204
1 0.711638679791546 0.34714854111405835 0.005790387955993051 0.004641909814323607
10 0.4736537348002316 0.3547745358090186 0.008106543138390272 0.003978779840848806
1 0.6933989577301679 0.3547745358090186 0.006369426751592357 0.003978779840848806
1 0.7113491603937464 0.35543766578249336 0.006369426751592357 0.003978779840848806
1 0.679212507237985 0.356763925729443 0.008106543138390272 0.003978779840848806
10 0.65836711059641 0.35643236074270557 0.009264620729588882 0.007294429708222812
10 0.10856977417486971 0.35908488063660476 0.0028951939779965257 0.011273209549071617
10 0.11551823972206138 0.35974801061007955 0.0028951939779965257 0.011273209549071617
5 0.3645049218297626 0.3624005305039788 0.021424435437174292 0.016578249336870028
1 0.4739432541980313 0.36438992042440316 0.009843659525188187 0.004641909814323607
1 0.7096120440069484 0.366710875331565 0.008685581933989578 0.005305039787798408
10 0.6737116386797916 0.36637931034482757 0.007527504342790967 0.0033156498673740055
12 0.2611464968152866 0.3673740053050398 0.015055008685581933 0.01989389920424403
12 0.2912565141864505 0.3673740053050398 0.010422698320787493 0.01856763925729443
10 0.3045744064852345 0.3680371352785146 0.003474232773595831 0.011936339522546418
10 0.2762015055008686 0.3673740053050398 0.005790387955993051 0.013262599469496022
10 0.2484076433121019 0.3677055702917772 0.003474232773595831 0.012599469496021221
12 0.3176027793862189 0.3696949602122016 0.01447596988998263 0.01790450928381963
10 0.47278517660683267 0.3736737400530504 0.007527504342790967 0.0033156498673740055
1 0.7090330052113492 0.375 0.006369426751592357 0.0033156498673740055
10 0.6899247249565721 0.3753315649867374 0.008685581933989578 0.005305039787798408
5 0.795020266357846 0.3803050397877984 0.07180081065431385 0.11604774535809019
10 0.4730746960046323 0.3819628647214854 0.008106543138390272 0.005305039787798408
1 0.7101910828025477 0.3822944297082228 0.008685581933989578 0.004641909814323607
5 0.5173711638679791 0.3829575596816976 0.0225825130283729 0.015251989389920425
10 0.6580775911986103 0.3839522546419098 0.007527504342790967 0.005305039787798408
10 0.6418645049218298 0.3839522546419098 0.007527504342790967 0.003978779840848806
10 0.6928199189345686 0.3842838196286472 0.006369426751592357 0.0033156498673740055
1 0.6754487550665894 0.38461538461538464 0.011001737116386797 0.003978779840848806
1 0.6268094962362478 0.3859416445623342 0.011001737116386797 0.005305039787798408
1 0.8740590619571511 0.3912466843501326 0.009843659525188187 0.006631299734748011
10 0.4736537348002316 0.39190981432360744 0.006948465547191662 0.003978779840848806
1 0.8569774174869716 0.3922413793103448 0.011580775911986103 0.007294429708222812
1 0.6436016213086276 0.393236074270557 0.009843659525188187 0.003978779840848806
10 0.6922408801389693 0.39356763925729443 0.007527504342790967 0.004641909814323607
1 0.6760277938621888 0.39456233421750664 0.012159814707585408 0.003978779840848806
10 0.7113491603937464 0.3952254641909814 0.007527504342790967 0.005305039787798408
10 0.472495657209033 0.40086206896551724 0.006948465547191662 0.004641909814323607
1 0.3286045165026057 0.40119363395225466 0.009843659525188187 0.005305039787798408
1 0.6273885350318471 0.40484084880636606 0.008685581933989578 0.004641909814323607
10 0.6447596988998263 0.40649867374005305 0.006369426751592357 0.003978779840848806
1 0.7081644470179502 0.40649867374005305 0.006948465547191662 0.003978779840848806
1 0.6928199189345686 0.40749336870026526 0.006369426751592357 0.004641909814323607
10 0.4745222929936306 0.41080901856763924 0.007527504342790967 0.004641909814323607
1 0.27070063694267515 0.4114721485411141 0.011001737116386797 0.004641909814323607
10 0.2872032426172554 0.4114721485411141 0.010422698320787493 0.004641909814323607
10 0.32570932252460916 0.41180371352785144 0.009843659525188187 0.003978779840848806
10 0.3656629994209612 0.41180371352785144 0.011001737116386797 0.005305039787798408
10 0.31123335263462654 0.41213527851458887 0.009843659525188187 0.004641909814323607
12 0.34655471916618413 0.41445623342175064 0.012159814707585408 0.014588859416445624
1 0.6427330631152287 0.4151193633952255 0.008106543138390272 0.003978779840848806
10 0.6768963520555877 0.4151193633952255 0.006948465547191662 0.003978779840848806
10 0.6598147075854083 0.41578249336870027 0.008685581933989578 0.005305039787798408
1 0.7096120440069484 0.4171087533156499 0.006369426751592357 0.006631299734748011
10 0.2863346844238564 0.4214190981432361 0.012159814707585408 0.004641909814323607
1 0.2709901563404748 0.4217506631299735 0.010422698320787493 0.005305039787798408
1 0.3123914302258251 0.4217506631299735 0.011001737116386797 0.005305039787798408
10 0.36537348002316156 0.42208222811671087 0.010422698320787493 0.004641909814323607
10 0.328314997104806 0.4224137931034483 0.011580775911986103 0.005305039787798408
1 0.14128546612623047 0.4253978779840849 0.011580775911986103 0.005968169761273209
1 0.15836711059640995 0.4253978779840849 0.011001737116386797 0.005968169761273209
1 0.692530399536769 0.4350132625994695 0.008106543138390272 0.005305039787798408
1 0.6757382744643892 0.4350132625994695 0.009264620729588882 0.003978779840848806
1 0.6592356687898089 0.4353448275862069 0.008685581933989578 0.0033156498673740055
1 0.6928199189345686 0.44297082228116713 0.006369426751592357 0.002652519893899204
1 0.6580775911986103 0.4446286472148541 0.007527504342790967 0.004641909814323607
10 0.8595830920671685 0.45125994694960214 0.0028951939779965257 0.009946949602122016
10 0.8688477127967574 0.4515915119363395 0.0028951939779965257 0.011936339522546418
10 0.8546612623045744 0.4535809018567639 0.003474232773595831 0.011936339522546418
1 0.8778228141285466 0.4535809018567639 0.003474232773595831 0.015915119363395226
1 0.6945570353213665 0.4562334217506631 0.006369426751592357 0.006631299734748011
1 0.6763173132599885 0.45689655172413796 0.008106543138390272 0.003978779840848806
1 0.6760277938621888 0.46518567639257297 0.0052113491603937466 0.001989389920424403
1 0.6936884771279676 0.46551724137931033 0.008106543138390272 0.003978779840848806
10 0.41661841343370004 0.46816976127320953 0.0052113491603937466 0.011936339522546418
10 0.42501447596989 0.46816976127320953 0.005790387955993051 0.011936339522546418
10 0.4088013896931094 0.46883289124668437 0.003474232773595831 0.013262599469496022
10 0.4009843659525188 0.46883289124668437 0.0052113491603937466 0.013262599469496022
1 0.7145338737695426 0.47413793103448276 0.004632310364794441 0.010610079575596816
1 0.7860451650260567 0.4744694960212202 0.0052113491603937466 0.013925729442970823
1 0.72495657209033 0.4744694960212202 0.003474232773595831 0.009946949602122016
1 0.7704111175448755 0.4744694960212202 0.0052113491603937466 0.011273209549071617
10 0.8361320208453966 0.47513262599469497 0.0023161551823972205 0.009946949602122016
1 0.7385639837869137 0.47480106100795755 0.004053271569195136 0.011936339522546418
1 0.7628836132020845 0.47513262599469497 0.0028951939779965257 0.011273209549071617
1 0.7539085118702953 0.47546419098143233 0.0023161551823972205 0.010610079575596816
1 0.795020266357846 0.47513262599469497 0.0023161551823972205 0.012599469496021221
1 0.829183555298205 0.47546419098143233 0.004632310364794441 0.014588859416445624
1 0.7313259988419224 0.47546419098143233 0.003474232773595831 0.009283819628647215
1 0.7472495657209033 0.47579575596816975 0.0028951939779965257 0.011273209549071617
1 0.8740590619571511 0.47546419098143233 0.008685581933989578 0.005305039787798408
1 0.7793862188766647 0.47579575596816975 0.0023161551823972205 0.009946949602122016
1 0.6771858714533874 0.47645888594164454 0.006369426751592357 0.0033156498673740055
1 0.6931094383323683 0.47645888594164454 0.008106543138390272 0.004641909814323607
10 0.8755066589461494 0.4854111405835544 0.008106543138390272 0.003978779840848806
10 0.40938042848870876 0.4870689655172414 0.003474232773595831 0.011273209549071617
10 0.4261725535610886 0.4874005305039788 0.004632310364794441 0.011936339522546418
10 0.8445280833815866 0.4930371352785146 0.0028951939779965257 0.009946949602122016
10 0.8517660683265779 0.4930371352785146 0.003474232773595831 0.009946949602122016
1 0.8187608569774175 0.493368700265252 0.005790387955993051 0.010610079575596816
10 0.8297625940938043 0.4943633952254642 0.0023161551823972205 0.009946949602122016
10 0.8361320208453966 0.49502652519893897 0.0023161551823972205 0.009946949602122016
10 0.8757961783439491 0.4956896551724138 0.009843659525188187 0.004641909814323607
10 0.8592935726693689 0.4973474801061008 0.004632310364794441 0.014588859416445624
10 0.8757961783439491 0.5046419098143236 0.008685581933989578 0.002652519893899204
10 0.6074116965836711 0.5072944297082228 0.0023161551823972205 0.013262599469496022
10 0.6395483497394325 0.5072944297082228 0.004053271569195136 0.013262599469496022
1 0.6184134337000579 0.5072944297082228 0.0023161551823972205 0.013262599469496022
1 0.6273885350318471 0.508289124668435 0.004053271569195136 0.013925729442970823
1 0.7689635205558772 0.5109416445623343 0.004632310364794441 0.015251989389920425
1 0.718297625940938 0.5112732095490716 0.0052113491603937466 0.014588859416445624
1 0.7568037058482918 0.5112732095490716 0.003474232773595831 0.014588859416445624
1 0.7064273306311523 0.5109416445623343 0.005790387955993051 0.011273209549071617
1 0.7313259988419224 0.5119363395225465 0.004632310364794441 0.014588859416445624
1 0.7854661262304574 0.5122679045092838 0.004053271569195136 0.011273209549071617
1 0.7788071800810654 0.5122679045092838 0.003474232773595831 0.009946949602122016
10 0.8763752171395484 0.5129310344827587 0.009843659525188187 0.0033156498673740055
1 0.7932831499710481 0.5129310344827587 0.005790387955993051 0.011273209549071617
1 0.7458019687319051 0.5135941644562334 0.005790387955993051 0.01790450928381963
12 0.44354371742906773 0.5202254641909815 0.016213086276780544 0.021883289124668436
1 0.4255935147654893 0.5218832891246684 0.006948465547191662 0.01856763925729443
1 0.4140127388535032 0.5271883289124668 0.003474232773595831 0.011936339522546418
12 0.8740590619571511 0.5308355437665783 0.01563404748118124 0.019230769230769232
5 0.8355529820497973 0.5381299734748011 0.03590040532715692 0.03116710875331565
1 0.7072958888245513 0.5377984084880637 0.0052113491603937466 0.011936339522546418
1 0.7188766647365373 0.5391246684350133 0.004053271569195136 0.013262599469496022
5 0.567458019687319 0.5404509283819628 0.03937463810075275 0.01989389920424403
5 0.6244933410538506 0.5421087533156499 0.05037637521713955 0.01790450928381963
1 0.4247249565720903 0.5507294429708223 0.004053271569195136 0.012599469496021221
1 0.4137232194557035 0.5513925729442971 0.0052113491603937466 0.012599469496021221
10 0.6627099015634047 0.5557029177718833 0.009843659525188187 0.003978779840848806
1 0.36189924724956574 0.5560344827586207 0.005790387955993051 0.011273209549071617
1 0.36942675159235666 0.5563660477453581 0.004632310364794441 0.009283819628647215
10 0.3937463810075275 0.5573607427055703 0.004632310364794441 0.013925729442970823
1 0.404169079328315 0.5573607427055703 0.004632310364794441 0.015251989389920425
10 0.3853503184713376 0.5583554376657824 0.006369426751592357 0.011936339522546418
1 0.8726114649681529 0.5603448275862069 0.010422698320787493 0.003978779840848806
10 0.7501447596988998 0.5666445623342176 0.008685581933989578 0.004641909814323607
10 0.8731905037637522 0.5683023872679045 0.009264620729588882 0.003978779840848806
10 0.8729009843659525 0.5779177718832891 0.008685581933989578 0.001989389920424403
10 0.7498552403011002 0.5779177718832891 0.009264620729588882 0.0033156498673740055
5 0.7802547770700637 0.5838859416445623 0.01679212507237985 0.023209549071618037
10 0.8723219455703533 0.5858753315649867 0.007527504342790967 0.004641909814323607
10 0.40590619571511294 0.5865384615384616 0.003474232773595831 0.012599469496021221
10 0.38563983786913725 0.5868700265251989 0.003474232773595831 0.011936339522546418
1 0.3705848291835553 0.5868700265251989 0.003474232773595831 0.011936339522546418
1 0.3607411696583671 0.5872015915119363 0.005790387955993051 0.012599469496021221
1 0.7536189924724956 0.5875331564986738 0.01679212507237985 0.003978779840848806
10 0.4195136074116966 0.5878647214854111 0.0052113491603937466 0.012599469496021221
10 0.377533294730747 0.588527851458886 0.003474232773595831 0.012599469496021221
10 0.8717429067747539 0.593501326259947 0.008685581933989578 0.003978779840848806
1 0.7510133178922987 0.596816976127321 0.009264620729588882 0.003978779840848806
12 0.6331789229878402 0.6007957559681698 0.011001737116386797 0.015915119363395226
10 0.6103068905616676 0.6027851458885941 0.0023161551823972205 0.009283819628647215
10 0.6459177764910249 0.6031167108753316 0.004053271569195136 0.009946949602122016
12 0.6592356687898089 0.6031167108753316 0.008685581933989578 0.015251989389920425
10 0.8723219455703533 0.6031167108753316 0.011001737116386797 0.004641909814323607
1 0.6172553561088593 0.6041114058355438 0.004632310364794441 0.011936339522546418
10 0.39461493920092644 0.6061007957559682 0.0052113491603937466 0.011936339522546418
10 0.40387955993051533 0.6067639257294429 0.004053271569195136 0.013262599469496022
1 0.3688477127967574 0.6070954907161804 0.003474232773595831 0.011273209549071617
1 0.362478286045165 0.6070954907161804 0.003474232773595831 0.011273209549071617
10 0.3850607990735379 0.6074270557029178 0.003474232773595831 0.014588859416445624
10 0.4206716850028952 0.6074270557029178 0.004053271569195136 0.013262599469496022
1 0.3778228141285466 0.60842175066313 0.0052113491603937466 0.009946949602122016
10 0.8746381007527504 0.6127320954907162 0.009843659525188187 0.002652519893899204
1 0.4846554719166184 0.6147214854111406 0.012738853503184714 0.005305039787798408
10 0.8743485813549507 0.6213527851458885 0.008106543138390272 0.002652519893899204
1 0.17429067747539084 0.621684350132626 0.010422698320787493 0.005968169761273209
1 0.15431383902721482 0.621684350132626 0.01679212507237985 0.007294429708222812
1 0.3453966415749855 0.6243368700265252 0.0028951939779965257 0.013925729442970823
1 0.3138390272148234 0.625 0.005790387955993051 0.012599469496021221
10 0.32078749276201507 0.6253315649867374 0.0023161551823972205 0.013262599469496022
1 0.362478286045165 0.6259946949602122 0.004632310364794441 0.013262599469496022
1 0.33671105964099596 0.6259946949602122 0.0028951939779965257 0.014588859416445624
1 0.32802547770700635 0.626657824933687 0.0052113491603937466 0.013262599469496022
1 0.45744064852345107 0.6276525198938993 0.010422698320787493 0.007294429708222812
1 0.4878401852924146 0.6279840848806366 0.01447596988998263 0.009283819628647215
1 0.6453387376954256 0.6279840848806366 0.0028951939779965257 0.014588859416445624
12 0.6048060220034742 0.628315649867374 0.013317892298784018 0.012599469496021221
10 0.8743485813549507 0.6286472148541115 0.009264620729588882 0.0033156498673740055
10 0.6890561667631732 0.6306366047745358 0.004632310364794441 0.010610079575596816
12 0.6314418066010423 0.6312997347480106 0.007527504342790967 0.014588859416445624
10 0.6519976838448176 0.6312997347480106 0.004632310364794441 0.010610079575596816
12 0.6742906774753908 0.6319628647214854 0.013317892298784018 0.01856763925729443
1 0.17544875506658947 0.6322944297082228 0.006948465547191662 0.0033156498673740055
10 0.6598147075854083 0.6326259946949602 0.0028951939779965257 0.010610079575596816
10 0.4438332368268674 0.6402519893899205 0.007527504342790967 0.005968169761273209
10 0.46062536189924724 0.6429045092838196 0.007527504342790967 0.004641909814323607
10 0.4806022003474233 0.6432360742705571 0.011580775911986103 0.002652519893899204
1 0.4956572090330052 0.6435676392572944 0.011580775911986103 0.005968169761273209
10 0.26635784597568035 0.644893899204244 0.011580775911986103 0.004641909814323607
1 0.870005790387956 0.646551724137931 0.0052113491603937466 0.011936339522546418
10 0.8598726114649682 0.6468832891246684 0.004632310364794441 0.013925729442970823
10 0.878401852924146 0.6468832891246684 0.005790387955993051 0.013925729442970823
10 0.2484076433121019 0.6468832891246684 0.010422698320787493 0.0033156498673740055
10 0.28054429646786333 0.6485411140583555 0.009843659525188187 0.005305039787798408
1 0.4609148812970469 0.6492042440318302 0.009264620729588882 0.003978779840848806
1 0.4470179502026636 0.6501989389920424 0.010422698320787493 0.0033156498673740055
10 0.4814707585408222 0.6521883289124668 0.007527504342790967 0.0033156498673740055
10 0.2678054429646786 0.6545092838196287 0.008685581933989578 0.002652519893899204
12 0.6589461493920092 0.6555039787798409 0.012738853503184714 0.016578249336870028
10 0.28257093225246094 0.6561671087533156 0.011580775911986103 0.001989389920424403
10 0.6372321945570353 0.656498673740053 0.004053271569195136 0.009283819628647215
10 0.6430225825130284 0.656498673740053 0.0028951939779965257 0.013262599469496022
12 0.6175448755066589 0.656498673740053 0.011001737116386797 0.015915119363395226
10 0.2544875506658946 0.6568302387267905 0.01447596988998263 0.0033156498673740055
10 0.6308627678054429 0.6571618037135278 0.004053271569195136 0.010610079575596816
10 0.6030689056166764 0.6571618037135278 0.004053271569195136 0.013262599469496022
1 0.4968152866242038 0.6601458885941645 0.006948465547191662 0.004641909814323607
10 0.4481760277938622 0.6608090185676393 0.012738853503184714 0.0033156498673740055
10 0.47944412275622467 0.6611405835543767 0.009264620729588882 0.003978779840848806
10 0.46236247828604515 0.661472148541114 0.009843659525188187 0.004641909814323607