10 0.028688524590163935 0.5078419071518193 0.009221311475409836 0.008155583437892095
12 0.7653688524590164 0.6537013801756587 0.018442622950819672 0.02258469259723965
12 0.8488729508196722 0.6715809284818067 0.01639344262295082 0.023212045169385194
10 0.7802254098360656 0.6596612296110415 0.00819672131147541 0.006900878293601004
10 0.694672131147541 0.6458594730238394 0.00819672131147541 0.006900878293601004
10 0.02817622950819672 0.516624843161857 0.009221311475409836 0.008155583437892095
10 0.7792008196721312 0.6681304893350063 0.009221311475409836 0.0075282308657465494
10 0.6933913934426229 0.653387703889586 0.00973360655737705 0.008155583437892095
1 0.9672131147540983 0.7063989962358845 0.009221311475409836 0.010037641154328732
10 0.027151639344262294 0.5247804265997491 0.009221311475409836 0.008155583437892095
1 0.9149590163934426 0.6966750313676286 0.00819672131147541 0.016938519447929738
1 0.951844262295082 0.704516938519448 0.007172131147540984 0.015056461731493099
12 0.011526639344262296 0.5225846925972396 0.019979508196721313 0.02258469259723965
1 0.9334016393442623 0.7020075282308658 0.022540983606557378 0.01756587202007528
10 0.7784323770491803 0.6759723964868256 0.007684426229508197 0.006900878293601004
10 0.026383196721311477 0.5326223337515684 0.00973360655737705 0.00878293601003764
12 0.7628073770491803 0.6765997490589711 0.01639344262295082 0.024466750313676285
12 0.8306864754098361 0.6904015056461732 0.017930327868852458 0.023212045169385194
12 0.8463114754098361 0.6944792973651192 0.018442622950819672 0.025094102885821833
10 0.6746926229508197 0.6634253450439147 0.012295081967213115 0.009410288582183186
10 0.7792008196721312 0.6847553324968633 0.009221311475409836 0.006900878293601004
1 0.02612704918032787 0.5410915934755333 0.012295081967213115 0.01066499372647428
12 0.00973360655737705 0.5436010037641155 0.0194672131147541 0.021957340025094103
10 0.6600922131147541 0.6696988707653702 0.00973360655737705 0.006900878293601004
10 0.025102459016393443 0.5505018820577164 0.010245901639344262 0.01066499372647428
10 0.6595799180327869 0.6784818067754078 0.00973360655737705 0.006900878293601004
10 0.022540983606557378 0.5577164366373902 0.00819672131147541 0.0075282308657465494
10 0.6582991803278688 0.6866373902132998 0.009221311475409836 0.008155583437892095
10 0.022540983606557378 0.5671267252195734 0.007172131147540984 0.0075282308657465494
12 0.008709016393442622 0.564930991217064 0.017418032786885244 0.021957340025094103
10 0.6577868852459017 0.6944792973651192 0.009221311475409836 0.0075282308657465494
10 0.02151639344262295 0.5749686323713927 0.009221311475409836 0.008155583437892095
10 0.020491803278688523 0.5840652446675031 0.006147540983606557 0.0075282308657465494
12 0.006915983606557377 0.5846925972396487 0.013831967213114754 0.018820577164366373
10 0.019979508196721313 0.5915934755332497 0.010245901639344262 0.00878293601003764
10 0.01869877049180328 0.6053952321204517 0.00973360655737705 0.00878293601003764
12 0.00589139344262295 0.6075909661229612 0.0117827868852459 0.02070263488080301
1 0.01639344262295082 0.613237139272271 0.011270491803278689 0.01066499372647428
10 0.008709016393442622 0.6276662484316186 0.009221311475409836 0.009410288582183186
1 0.5858094262295082 0.7415307402760352 0.007684426229508197 0.015056461731493099
1 0.592469262295082 0.7434127979924717 0.007684426229508197 0.01631116687578419
10 0.602202868852459 0.7537641154328732 0.00973360655737705 0.008155583437892095
1 0.617827868852459 0.756900878293601 0.010245901639344262 0.006900878293601004
1 0.616547131147541 0.7641154328732748 0.010758196721311475 0.0075282308657465494
10 0.6011782786885246 0.7619196988707654 0.010758196721311475 0.008155583437892095
1 0.4884733606557377 0.7437264742785445 0.00665983606557377 0.013174404015056462
10 0.6001536885245902 0.7700752823086575 0.010758196721311475 0.008155583437892095
1 0.6157786885245902 0.773525721455458 0.010245901639344262 0.0075282308657465494
10 0.5988729508196722 0.7779171894604768 0.009221311475409836 0.0075282308657465494
1 0.6147540983606558 0.7807402760351317 0.010245901639344262 0.009410288582183186
1 0.6139856557377049 0.7898368883312421 0.008709016393442622 0.0075282308657465494
1 0.5986168032786885 0.7870138017565872 0.00973360655737705 0.006900878293601004
10 0.5970799180327869 0.795483061480552 0.010758196721311475 0.0075282308657465494
1 0.6129610655737705 0.798306148055207 0.00973360655737705 0.006900878293601004
1 0.6114241803278688 0.8061480552070264 0.00973360655737705 0.006273525721455458
10 0.5963114754098361 0.803952321204517 0.009221311475409836 0.008155583437892095
5 0.539702868852459 0.7936010037641155 0.08965163934426229 0.11166875784190715
1 0.6111680327868853 0.8146173149309912 0.010245901639344262 0.008155583437892095
10 0.5957991803278688 0.812107904642409 0.010245901639344262 0.009410288582183186
1 0.609375 0.823086574654956 0.00973360655737705 0.0075282308657465494
10 0.5945184426229508 0.820577164366374 0.00973360655737705 0.00878293601003764
1 0.6088627049180327 0.8318695106649937 0.008709016393442622 0.006273525721455458
10 0.5932377049180327 0.8296737766624843 0.010245901639344262 0.008155583437892095
1 0.6070696721311475 0.8400250941028858 0.00819672131147541 0.006273525721455458
10 0.5922131147540983 0.8375156838143036 0.011270491803278689 0.010037641154328732
10 0.49052254098360654 0.8252823086574655 0.0117827868852459 0.008155583437892095
1 0.6065573770491803 0.8484943538268507 0.009221311475409836 0.006900878293601004
10 0.5914446721311475 0.845357590966123 0.0117827868852459 0.008155583437892095
10 0.5909323770491803 0.8522584692597239 0.010758196721311475 0.009410288582183186
1 0.6055327868852459 0.8557089084065245 0.009221311475409836 0.0075282308657465494
10 0.5901639344262295 0.8619824341279799 0.011270491803278689 0.011292346298619825
1 0.6050204918032787 0.8644918444165621 0.011270491803278689 0.0075282308657465494
10 0.5653176229508197 0.8626097867001254 0.013831967213114754 0.010037641154328732
10 0.5307377049180327 0.8569636135508155 0.010245901639344262 0.010037641154328732
10 0.5489241803278688 0.8601003764115432 0.010758196721311475 0.00878293601003764
10 0.484375 0.8475533249686323 0.010758196721311475 0.010037641154328732
10 0.5148565573770492 0.8541405269761606 0.011270491803278689 0.009410288582183186
10 0.49718237704918034 0.8506900878293601 0.008709016393442622 0.0075282308657465494
1 0.6039959016393442 0.872961104140527 0.010245901639344262 0.006900878293601004
10 0.5888831967213115 0.8713927227101631 0.0117827868852459 0.00878293601003764
1 0.6034836065573771 0.8808030112923463 0.009221311475409836 0.0075282308657465494
10 0.5878586065573771 0.8786072772898369 0.012807377049180328 0.009410288582183186
1 0.5586577868852459 0.8739021329987453 0.008709016393442622 0.01631116687578419
1 0.5297131147540983 0.8695106649937264 0.00819672131147541 0.015056461731493099
1 0.5473872950819673 0.8723337515683814 0.00973360655737705 0.015683814303638646
1 0.5140881147540983 0.8670012547051443 0.010758196721311475 0.015056461731493099
1 0.4961577868852459 0.8635508155583438 0.010758196721311475 0.015683814303638646
1 0.4823258196721312 0.8616687578419071 0.00973360655737705 0.015683814303638646
1 0.602202868852459 0.8898996235884568 0.0117827868852459 0.006900878293601004
10 0.5873463114754098 0.8870765370138017 0.0117827868852459 0.00878293601003764
1 0.5860655737704918 0.9002509410288582 0.00819672131147541 0.015056461731493099
1 0.5727459016393442 0.8989962358845671 0.007172131147540984 0.012547051442910916
1 0.5394467213114754 0.89366373902133 0.010245901639344262 0.016938519447929738
1 0.5578893442622951 0.8974278544542033 0.00819672131147541 0.015683814303638646
1 0.5496926229508197 0.8964868255959849 0.009221311475409836 0.01631116687578419
1 0.5402151639344263 0.9084065244667503 0.010758196721311475 0.00878293601003764
12 0.46746926229508196 0.8961731493099122 0.013831967213114754 0.023212045169385194
10 0.5381659836065574 0.926913425345044 0.010758196721311475 0.006900878293601004
10 0.5371413934426229 0.935069008782936 0.0117827868852459 0.009410288582183186
5 0.5676229508196722 0.9416562107904642 0.05430327868852459 0.06649937264742785
1 0.5952868852459017 0.9632998745294856 0.010245901639344262 0.008155583437892095
1 0.5345799180327869 0.958594730238394 0.013831967213114754 0.010037641154328732
1 0.5955430327868853 0.9708281053952321 0.010758196721311475 0.008155583437892095
1 0.024334016393442622 0.8795483061480552 0.013831967213114754 0.011292346298619825
5 0.3089139344262295 0.9366373902132998 0.050204918032786885 0.07026348808030113
1 0.022797131147540985 0.8889585947302384 0.010758196721311475 0.010037641154328732
5 0.0863217213114754 0.8977415307402761 0.04969262295081967 0.06273525721455459
5 0.008452868852459017 0.8808030112923463 0.016905737704918034 0.060225846925972396
1 0.02151639344262295 0.8980552070263488 0.012295081967213115 0.008155583437892095
1 0.41111680327868855 0.9796110414052698 0.0056352459016393444 0.013174404015056462
1 0.3550204918032787 0.9720828105395232 0.00819672131147541 0.01191969887076537
12 0.7938012295081968 0.1737766624843162 0.015881147540983607 0.02132998745294856
1 0.3714139344262295 0.11606022584692598 0.007172131147540984 0.013801756587202008
1 0.3790983606557377 0.11888331242158093 0.00819672131147541 0.015683814303638646
1 0.3875512295081967 0.12076537013801757 0.007684426229508197 0.014429109159347553
1 0.6329405737704918 0.1737766624843162 0.0117827868852459 0.00878293601003764
12 0.7904713114754098 0.20639899623588456 0.01639344262295082 0.02383939774153074
1 0.6319159836065574 0.18318695106649938 0.012807377049180328 0.010037641154328732
12 0.7231045081967213 0.2233375156838143 0.012807377049180328 0.025094102885821833
12 0.8319672131147541 0.24498117942283562 0.01639344262295082 0.01944792973651192
12 0.8547643442622951 0.25 0.022028688524590164 0.016938519447929738
12 0.7371926229508197 0.22741530740276036 0.017418032786885244 0.023212045169385194
12 0.6826331967213115 0.21675031367628608 0.016905737704918034 0.024466750313676285
12 0.7051741803278688 0.22145545796737767 0.021004098360655737 0.025094102885821833
12 0.7904713114754098 0.2383939774153074 0.018442622950819672 0.02132998745294856
12 0.8117315573770492 0.24215809284818068 0.021004098360655737 0.015056461731493099
1 0.921875 0.28513174404015057 0.007684426229508197 0.013174404015056462
1 0.9203381147540983 0.3014429109159348 0.007684426229508197 0.014429109159347553
10 0.06736680327868852 0.14899623588456712 0.00973360655737705 0.008155583437892095
1 0.9177766393442623 0.31900878293601004 0.00665983606557377 0.013174404015056462
10 0.06685450819672131 0.15746549560853199 0.00973360655737705 0.0075282308657465494
5 0.43621926229508196 0.23243412797992472 0.12653688524590165 0.1273525721455458
10 0.06531762295081968 0.16718946047678795 0.00973360655737705 0.006900878293601004
1 0.9162397540983607 0.3365746549560853 0.0056352459016393444 0.01066499372647428
5 0.5263831967213115 0.35602258469259723 0.056864754098360656 0.10351317440401506
12 0.04021516393442623 0.2659974905897114 0.017930327868852458 0.02383939774153074
10 0.0548155737704918 0.2901505646173149 0.009221311475409836 0.008155583437892095
12 0.03662909836065574 0.2876411543287328 0.016905737704918034 0.023212045169385194
10 0.05353483606557377 0.29799247176913424 0.008709016393442622 0.006273525721455458
10 0.05302254098360656 0.30583437892095355 0.008709016393442622 0.006900878293601004
10 0.0353483606557377 0.3033249686323714 0.00819672131147541 0.0056461731493099125
10 0.035860655737704916 0.312107904642409 0.011270491803278689 0.006900878293601004
10 0.051741803278688527 0.3152446675031368 0.00819672131147541 0.006900878293601004
5 0.42110655737704916 0.3924090338770389 0.12397540983606557 0.15119196988707653
12 0.03406762295081967 0.3277917189460477 0.018954918032786885 0.025721455457967377
12 0.04994877049180328 0.3321831869510665 0.016905737704918034 0.023212045169385194
10 0.7138831967213115 0.49560853199498117 0.00973360655737705 0.0075282308657465494
12 0.7961065573770492 0.5122333751568381 0.01639344262295082 0.023212045169385194
10 0.6226946721311475 0.47992471769134254 0.0056352459016393444 0.011292346298619825
10 0.616547131147541 0.479297365119197 0.0056352459016393444 0.011292346298619825
10 0.6293545081967213 0.4821204516938519 0.00665983606557377 0.01191969887076537
10 0.6029713114754098 0.4771016311166876 0.006147540983606557 0.01066499372647428
10 0.5955430327868853 0.47616060225846923 0.00665983606557377 0.011292346298619825
10 0.5891393442622951 0.4749058971141782 0.006147540983606557 0.011292346298619825
10 0.5750512295081968 0.4730238393977415 0.0056352459016393444 0.011292346298619825
10 0.6096311475409836 0.479297365119197 0.006147540983606557 0.011292346298619825
10 0.5817110655737705 0.4742785445420326 0.00665983606557377 0.011292346298619825
10 0.7131147540983607 0.5047051442910916 0.010245901639344262 0.008155583437892095
5 0.039702868852459015 0.3779799247176913 0.04764344262295082 0.07590966122961104
10 0.6370389344262295 0.49905897114178166 0.00665983606557377 0.01191969887076537
10 0.6434426229508197 0.49968632371392724 0.007172131147540984 0.01191969887076537
10 0.7110655737704918 0.5163111668757842 0.009221311475409836 0.0075282308657465494
10 0.710297131147541 0.5250941028858218 0.00973360655737705 0.0075282308657465494
10 0.639344262295082 0.5191342534504392 0.010245901639344262 0.008155583437892095
1 0.9377561475409836 0.5818695106649937 0.00665983606557377 0.013174404015056462
10 0.7095286885245902 0.53732747804266 0.009221311475409836 0.008155583437892095
10 0.6385758196721312 0.5269761606022585 0.00973360655737705 0.0075282308657465494
10 0.7077356557377049 0.545483061480552 0.008709016393442622 0.008155583437892095
10 0.027663934426229508 0.4162484316185696 0.009221311475409836 0.008155583437892095
10 0.6388319672131147 0.5354454203262233 0.012295081967213115 0.009410288582183186
10 0.04175204918032787 0.4272271016311167 0.008709016393442622 0.005018820577164366
10 0.026895491803278687 0.4247176913425345 0.00665983606557377 0.0075282308657465494
1 0.9351946721311475 0.6010037641154329 0.00665983606557377 0.013801756587202008
10 0.6375512295081968 0.544228356336261 0.00973360655737705 0.01066499372647428
1 0.9277663934426229 0.6006900878293601 0.007172131147540984 0.01191969887076537
10 0.7061987704918032 0.5586574654956086 0.007684426229508197 0.006900878293601004
10 0.041239754098360656 0.43444165621079045 0.008709016393442622 0.008155583437892095
10 0.02612704918032787 0.4341279799247177 0.010245901639344262 0.00878293601003764
10 0.6352459016393442 0.5526976160602258 0.010245901639344262 0.00878293601003764
10 0.7056864754098361 0.5664993726474279 0.007684426229508197 0.005018820577164366
12 0.8621926229508197 0.6044542032622334 0.01639344262295082 0.023212045169385194
10 0.6337090163934426 0.5611668757841907 0.010245901639344262 0.006900878293601004
12 0.8470799180327869 0.6028858218318696 0.016905737704918034 0.020075282308657464
1 0.9375 0.6239021329987453 0.006147540983606557 0.014429109159347553
10 0.633452868852459 0.5686951066499373 0.00973360655737705 0.008155583437892095
10 0.701844262295082 0.5834378920953576 0.006147540983606557 0.0075282308657465494
10 0.6324282786885246 0.5771643663739021 0.010758196721311475 0.00878293601003764
10 0.7015881147540983 0.5912797992471769 0.008709016393442622 0.008155583437892095
10 0.6992827868852459 0.6047678795483061 0.00819672131147541 0.006273525721455458
10 0.6198770491803278 0.5906524466750314 0.012295081967213115 0.009410288582183186
10 0.7856045081967213 0.624215809284818 0.008709016393442622 0.006273525721455458
10 0.6985143442622951 0.6129234629861983 0.007684426229508197 0.006273525721455458
10 0.6193647540983607 0.5988080301129235 0.011270491803278689 0.01066499372647428
10 0.7835553278688525 0.6317440401505646 0.007684426229508197 0.0075282308657465494
12 0.852202868852459 0.6493099121706399 0.022028688524590164 0.01631116687578419
10 0.5525102459016393 0.5919071518193224 0.007684426229508197 0.013174404015056462
10 0.5671106557377049 0.5947302383939774 0.007172131147540984 0.012547051442910916
10 0.5934938524590164 0.6000627352572145 0.007684426229508197 0.014429109159347553
10 0.5740266393442623 0.5962986198243413 0.00665983606557377 0.01191969887076537
10 0.5453381147540983 0.5906524466750314 0.007684426229508197 0.013174404015056462
10 0.5801741803278688 0.5975533249686323 0.008709016393442622 0.013174404015056462
10 0.5601946721311475 0.5934755332496863 0.008709016393442622 0.013801756587202008
10 0.5873463114754098 0.5997490589711418 0.007684426229508197 0.015056461731493099
10 0.7822745901639344 0.6402132998745295 0.009221311475409836 0.006900878293601004
10 0.6969774590163934 0.6260978670012547 0.008709016393442622 0.006273525721455458
10 0.6962090163934426 0.632685069008783 0.00819672131147541 0.006900878293601004
12 0.01408811475409836 0.501254705144291 0.019979508196721313 0.02258469259723965
10 0.7822745901639344 0.6502509410288582 0.009221311475409836 0.008155583437892095