10 0.6860766045548654 0.24561403508771928 0.005693581780538302 0.028070175438596492
12 0.6909937888198758 0.25263157894736843 0.004140786749482402 0.017543859649122806
10 0.6987577639751553 0.26052631578947366 0.005175983436853002 0.02631578947368421
10 0.6754658385093167 0.24035087719298245 0.003105590062111801 0.017543859649122806
10 0.593944099378882 0.1692982456140351 0.004658385093167702 0.02631578947368421
10 0.5980848861283644 0.17719298245614035 0.0036231884057971015 0.02456140350877193
1 0.41873706004140787 0.01929824561403509 0.005175983436853002 0.02456140350877193
10 0.4107142857142857 0.014035087719298246 0.002587991718426501 0.017543859649122806
10 0.4143374741200828 0.017543859649122806 0.0036231884057971015 0.021052631578947368
12 0.6762422360248447 0.26403508771929823 0.0036231884057971015 0.012280701754385965
10 0.6928053830227743 0.28157894736842104 0.004658385093167702 0.02280701754385965
10 0.4355590062111801 0.04912280701754386 0.0036231884057971015 0.02456140350877193
10 0.687111801242236 0.27807017543859647 0.004658385093167702 0.02280701754385965
10 0.4055383022774327 0.021929824561403508 0.0036231884057971015 0.02280701754385965
10 0.4311594202898551 0.04473684210526316 0.003105590062111801 0.02280701754385965
10 0.45108695652173914 0.06491228070175438 0.004658385093167702 0.02456140350877193
1 0.5753105590062112 0.17894736842105263 0.005693581780538302 0.028070175438596492
10 0.6832298136645962 0.2771929824561403 0.005175983436853002 0.028070175438596492
1 0.4472049689440994 0.062280701754385964 0.003105590062111801 0.02280701754385965
1 0.562888198757764 0.16842105263157894 0.005693581780538302 0.014035087719298246
10 0.6055900621118012 0.20701754385964913 0.004140786749482402 0.021052631578947368
10 0.6966873706004141 0.2912280701754386 0.004140786749482402 0.02456140350877193
10 0.6019668737060041 0.20614035087719298 0.003105590062111801 0.01929824561403509
10 0.5970496894409938 0.20087719298245615 0.0036231884057971015 0.015789473684210527
1 0.37836438923395443 0.009649122807017544 0.005175983436853002 0.01929824561403509
10 0.3739648033126294 0.007894736842105263 0.004658385093167702 0.015789473684210527
10 0.36904761904761907 0.007017543859649123 0.004140786749482402 0.014035087719298246
10 0.41718426501035194 0.043859649122807015 0.003105590062111801 0.017543859649122806
10 0.7067805383022774 0.3078947368421053 0.0036231884057971015 0.02280701754385965
10 0.4252070393374741 0.054385964912280704 0.0036231884057971015 0.017543859649122806
10 0.9984472049689441 0.5771929824561404 0.002070393374741201 0.028070175438596492
12 0.44047619047619047 0.07105263157894737 0.005175983436853002 0.012280701754385965
10 0.6736542443064182 0.2894736842105263 0.0036231884057971015 0.02456140350877193
10 0.6912525879917184 0.3078947368421053 0.002587991718426501 0.015789473684210527
10 0.6783126293995859 0.29473684210526313 0.0036231884057971015 0.021052631578947368
10 0.5657349896480331 0.19298245614035087 0.003105590062111801 0.017543859649122806
10 0.9860248447204969 0.5745614035087719 0.004140786749482402 0.02631578947368421
10 0.5590062111801242 0.18859649122807018 0.003105590062111801 0.01929824561403509
10 0.4034679089026915 0.04736842105263158 0.0036231884057971015 0.021052631578947368
10 0.4472049689440994 0.0868421052631579 0.008281573498964804 0.01929824561403509
10 0.6873706004140787 0.306140350877193 0.004140786749482402 0.01929824561403509
10 0.4114906832298137 0.054385964912280704 0.003105590062111801 0.017543859649122806
12 0.6573498964803313 0.27982456140350875 0.005175983436853002 0.015789473684210527
10 0.6984989648033126 0.3175438596491228 0.005693581780538302 0.010526315789473684
10 0.4076086956521739 0.05263157894736842 0.0036231884057971015 0.02456140350877193
10 0.6643374741200828 0.29035087719298247 0.0036231884057971015 0.02631578947368421
1 0.3333333333333333 0.0043859649122807015 0.013457556935817806 0.008771929824561403
10 0.6700310559006211 0.29736842105263156 0.005693581780538302 0.02631578947368421
5 0.38819875776397517 0.04649122807017544 0.013457556935817806 0.07894736842105263
1 0.8421325051759835 0.4587719298245614 0.006211180124223602 0.015789473684210527
10 0.41873706004140787 0.07368421052631578 0.004140786749482402 0.021052631578947368
10 0.4138198757763975 0.07105263157894737 0.0036231884057971015 0.02280701754385965
10 0.7088509316770186 0.3394736842105263 0.002587991718426501 0.015789473684210527
10 0.9979296066252588 0.6035087719298246 0.003105590062111801 0.021052631578947368
10 0.6850414078674948 0.3201754385964912 0.005693581780538302 0.015789473684210527
10 0.42287784679089024 0.08157894736842106 0.004140786749482402 0.02280701754385965
10 0.42908902691511386 0.08771929824561403 0.004140786749482402 0.021052631578947368
10 0.6972049689440993 0.3368421052631579 0.006211180124223602 0.017543859649122806
10 0.4365942028985507 0.10087719298245613 0.004658385093167702 0.02631578947368421
10 0.442287784679089 0.10614035087719298 0.004658385093167702 0.02280701754385965
1 0.5460662525879917 0.2026315789473684 0.004140786749482402 0.02631578947368421
10 0.489648033126294 0.15175438596491228 0.003105590062111801 0.01929824561403509
10 0.5005175983436853 0.16052631578947368 0.005175983436853002 0.02631578947368421
10 0.49301242236024845 0.1543859649122807 0.0036231884057971015 0.021052631578947368
10 0.5546066252587992 0.21228070175438596 0.002587991718426501 0.017543859649122806
10 0.712991718426501 0.356140350877193 0.004658385093167702 0.02456140350877193
1 0.4057971014492754 0.07719298245614035 0.003105590062111801 0.017543859649122806
10 0.5509834368530021 0.20877192982456141 0.004658385093167702 0.02456140350877193
10 0.9914596273291926 0.6114035087719298 0.004658385093167702 0.02280701754385965
10 0.6630434782608695 0.31140350877192985 0.004140786749482402 0.015789473684210527
10 0.6586438923395446 0.3078947368421053 0.0036231884057971015 0.015789473684210527
10 0.5636645962732919 0.2236842105263158 0.005175983436853002 0.02982456140350877
10 0.4560041407867495 0.1280701754385965 0.003105590062111801 0.021052631578947368
10 0.4591097308488613 0.13333333333333333 0.004140786749482402 0.021052631578947368
10 0.463768115942029 0.13596491228070176 0.003105590062111801 0.01929824561403509
10 0.4671325051759834 0.1412280701754386 0.0036231884057971015 0.01929824561403509
5 0.3002070393374741 0.0043859649122807015 0.009316770186335404 0.008771929824561403
12 0.610248447204969 0.2719298245614035 0.004140786749482402 0.017543859649122806
10 0.6162008281573499 0.2789473684210526 0.005693581780538302 0.02456140350877193
10 0.6343167701863354 0.2964912280701754 0.0036231884057971015 0.02456140350877193
10 0.5582298136645962 0.22807017543859648 0.0036231884057971015 0.02456140350877193
10 0.630175983436853 0.2929824561403509 0.0036231884057971015 0.02456140350877193
10 0.4805900621118012 0.15789473684210525 0.004658385093167702 0.021052631578947368
10 0.6019668737060041 0.26842105263157895 0.004140786749482402 0.02456140350877193
10 0.5678053830227743 0.2394736842105263 0.004140786749482402 0.02631578947368421
10 0.6216356107660456 0.2868421052631579 0.004140786749482402 0.02982456140350877
10 0.6252587991718427 0.29210526315789476 0.004140786749482402 0.02982456140350877
10 0.33126293995859213 0.02543859649122807 0.006211180124223602 0.015789473684210527
10 0.35507246376811596 0.04912280701754386 0.005175983436853002 0.028070175438596492
10 0.5398550724637681 0.21842105263157896 0.004140786749482402 0.02280701754385965
10 0.3498964803312629 0.04824561403508772 0.004140786749482402 0.02631578947368421
10 0.9963768115942029 0.6359649122807017 0.002070393374741201 0.015789473684210527
10 0.44047619047619047 0.13157894736842105 0.004140786749482402 0.02456140350877193
10 0.5442546583850931 0.22807017543859648 0.004658385093167702 0.021052631578947368
10 0.4831780538302277 0.17192982456140352 0.004658385093167702 0.021052631578947368
10 0.7031573498964804 0.37280701754385964 0.0036231884057971015 0.02280701754385965
10 0.7106625258799172 0.3815789473684211 0.004140786749482402 0.02631578947368421
10 0.4748964803312629 0.1675438596491228 0.002587991718426501 0.02280701754385965
10 0.9989648033126294 0.6464912280701754 0.0010351966873706005 0.02631578947368421
1 0.40320910973084884 0.10438596491228071 0.003105590062111801 0.01929824561403509
10 0.6643374741200828 0.3429824561403509 0.0036231884057971015 0.02280701754385965
10 0.6601966873706004 0.3385964912280702 0.002587991718426501 0.021052631578947368
12 0.6532091097308489 0.3333333333333333 0.004140786749482402 0.014035087719298246
12 0.5942028985507246 0.27982456140350875 0.006211180124223602 0.02280701754385965
10 0.4906832298136646 0.1868421052631579 0.004140786749482402 0.02280701754385965
10 0.3299689440993789 0.0412280701754386 0.006728778467908903 0.01929824561403509
10 0.9805900621118012 0.6324561403508772 0.0036231884057971015 0.01929824561403509
10 0.48680124223602483 0.1850877192982456 0.0036231884057971015 0.02280701754385965
10 0.45367494824016563 0.1543859649122807 0.0036231884057971015 0.021052631578947368
12 0.4337474120082816 0.13596491228070176 0.004140786749482402 0.015789473684210527
10 0.45729813664596275 0.15964912280701754 0.0036231884057971015 0.021052631578947368
5 0.681935817805383 0.36403508771929827 0.025362318840579712 0.06140350877192982
10 0.46557971014492755 0.17017543859649123 0.0036231884057971015 0.017543859649122806
12 0.25388198757763975 0.008771929824561403 0.020186335403726708 0.017543859649122806
10 0.562888198757764 0.2614035087719298 0.0036231884057971015 0.017543859649122806
10 0.5877329192546584 0.2833333333333333 0.0036231884057971015 0.02631578947368421
1 0.7422360248447205 0.4245614035087719 0.009316770186335404 0.05263157894736842
1 0.4780020703933747 0.1850877192982456 0.0036231884057971015 0.02280701754385965
1 0.31314699792960665 0.03508771929824561 0.005175983436853002 0.028070175438596492
10 0.3747412008281574 0.0912280701754386 0.009316770186335404 0.021052631578947368
10 0.31780538302277433 0.0412280701754386 0.004140786749482402 0.02280701754385965
10 0.5587474120082816 0.2596491228070175 0.0036231884057971015 0.02456140350877193
10 0.6001552795031055 0.2964912280701754 0.0036231884057971015 0.021052631578947368
5 0.5144927536231884 0.21929824561403508 0.023809523809523808 0.08771929824561403
10 0.3082298136645963 0.031578947368421054 0.005693581780538302 0.02456140350877193
1 0.7701863354037267 0.4535087719298246 0.010351966873706004 0.05087719298245614
10 0.9834368530020704 0.6473684210526316 0.003105590062111801 0.021052631578947368
1 0.49508281573498963 0.20350877192982456 0.004658385093167702 0.028070175438596492
1 0.8253105590062112 0.5052631578947369 0.007763975155279503 0.0456140350877193
12 0.4443581780538302 0.1587719298245614 0.004658385093167702 0.015789473684210527
1 0.8817287784679089 0.5570175438596491 0.008799171842650104 0.043859649122807015
1 0.8126293995859213 0.49298245614035086 0.023809523809523808 0.07719298245614035
10 0.4391821946169772 0.156140350877193 0.0036231884057971015 0.021052631578947368
10 0.5398550724637681 0.25 0.006211180124223602 0.015789473684210527
1 0.8690476190476191 0.5491228070175439 0.022774327122153208 0.07368421052631578
1 0.8426501035196687 0.5271929824561403 0.021739130434782608 0.07192982456140351
10 0.6058488612836439 0.3131578947368421 0.0036231884057971015 0.02280701754385965
10 0.6182712215320911 0.3254385964912281 0.0036231884057971015 0.02631578947368421
10 0.6105072463768116 0.3192982456140351 0.0036231884057971015 0.02456140350877193
10 0.6141304347826086 0.3219298245614035 0.0036231884057971015 0.02631578947368421
10 0.7005693581780539 0.4 0.004658385093167702 0.02456140350877193
10 0.7047101449275363 0.40614035087719297 0.002587991718426501 0.015789473684210527
1 0.453416149068323 0.18070175438596492 0.008281573498964804 0.02456140350877193
10 0.9782608695652174 0.6570175438596492 0.004140786749482402 0.02280701754385965
10 0.9984472049689441 0.6771929824561403 0.002070393374741201 0.03508771929824561
12 0.6255175983436853 0.33771929824561403 0.004658385093167702 0.01929824561403509
10 0.6317287784679089 0.3429824561403509 0.005693581780538302 0.02631578947368421
10 0.35119047619047616 0.09035087719298246 0.004658385093167702 0.02982456140350877
1 0.4298654244306418 0.16578947368421051 0.005693581780538302 0.02982456140350877
10 0.38561076604554867 0.12631578947368421 0.005175983436853002 0.02456140350877193
10 0.6614906832298136 0.37894736842105264 0.003105590062111801 0.017543859649122806
10 0.5388198757763976 0.2692982456140351 0.003105590062111801 0.01929824561403509
10 0.5349378881987578 0.2657894736842105 0.004658385093167702 0.02631578947368421
10 0.5432194616977226 0.27280701754385966 0.0036231884057971015 0.02280701754385965
10 0.6570910973084886 0.37719298245614036 0.002587991718426501 0.017543859649122806
10 0.5476190476190477 0.2789473684210526 0.004140786749482402 0.02456140350877193
10 0.2851966873706004 0.0412280701754386 0.004140786749482402 0.02631578947368421
10 0.5522774327122153 0.2850877192982456 0.004140786749482402 0.02631578947368421
10 0.39880952380952384 0.1456140350877193 0.0036231884057971015 0.02456140350877193
10 0.9857660455486542 0.6789473684210526 0.002587991718426501 0.017543859649122806
10 0.4065734989648033 0.15263157894736842 0.004658385093167702 0.02456140350877193
10 0.4107142857142857 0.1570175438596491 0.0036231884057971015 0.02280701754385965
10 0.989648033126294 0.6842105263157895 0.003105590062111801 0.017543859649122806
1 0.49094202898550726 0.23157894736842105 0.006728778467908903 0.03508771929824561
1 0.48576604554865427 0.2307017543859649 0.004658385093167702 0.02631578947368421
10 0.6081780538302277 0.3456140350877193 0.004140786749482402 0.021052631578947368
10 0.3162525879917184 0.08070175438596491 0.003105590062111801 0.021052631578947368
10 0.32039337474120083 0.08596491228070176 0.005175983436853002 0.028070175438596492
10 0.3250517598343685 0.09210526315789473 0.004140786749482402 0.02280701754385965
10 0.4158902691511387 0.17456140350877192 0.0036231884057971015 0.02280701754385965
10 0.6239648033126294 0.36666666666666664 0.007763975155279503 0.021052631578947368
10 0.34937888198757766 0.12017543859649123 0.004140786749482402 0.015789473684210527
1 0.5333850931677019 0.28771929824561404 0.005693581780538302 0.014035087719298246
12 0.5626293995859213 0.3157894736842105 0.005175983436853002 0.021052631578947368
10 0.38742236024844723 0.156140350877193 0.004658385093167702 0.02456140350877193
10 0.5538302277432712 0.3078947368421053 0.007246376811594203 0.015789473684210527
10 0.6780538302277432 0.4201754385964912 0.005175983436853002 0.02631578947368421
1 0.6829710144927537 0.4263157894736842 0.004658385093167702 0.02456140350877193
10 0.6873706004140787 0.4298245614035088 0.004140786749482402 0.028070175438596492
1 0.6666666666666666 0.4131578947368421 0.005175983436853002 0.02631578947368421
10 0.5722049689440993 0.3280701754385965 0.004658385093167702 0.028070175438596492
10 0.28234989648033126 0.06929824561403508 0.004658385093167702 0.015789473684210527
12 0.5406314699792961 0.3026315789473684 0.005693581780538302 0.01929824561403509
10 0.5678053830227743 0.3280701754385965 0.005175983436853002 0.031578947368421054
1 0.526656314699793 0.29210526315789476 0.0036231884057971015 0.02280701754385965
1 0.7792443064182195 0.5210526315789473 0.005693581780538302 0.028070175438596492
10 0.7753623188405797 0.5184210526315789 0.003105590062111801 0.015789473684210527
10 0.5163043478260869 0.2824561403508772 0.004658385093167702 0.028070175438596492
10 0.522256728778468 0.29035087719298247 0.003105590062111801 0.02280701754385965
10 0.7875258799171843 0.531578947368421 0.0036231884057971015 0.02456140350877193
10 0.7836438923395446 0.5271929824561403 0.004140786749482402 0.02280701754385965
10 0.9298654244306418 0.6622807017543859 0.0036231884057971015 0.01929824561403509
10 0.9257246376811594 0.6570175438596492 0.004658385093167702 0.02280701754385965
10 0.917184265010352 0.6526315789473685 0.005175983436853002 0.021052631578947368
10 0.5328674948240165 0.3026315789473684 0.005693581780538302 0.012280701754385965
1 0.9221014492753623 0.6570175438596492 0.004658385093167702 0.02631578947368421
10 0.9808488612836439 0.712280701754386 0.004140786749482402 0.02456140350877193
10 0.985248447204969 0.7149122807017544 0.0036231884057971015 0.01929824561403509
10 0.31495859213250516 0.10964912280701754 0.004658385093167702 0.01929824561403509
10 0.9963768115942029 0.7315789473684211 0.005175983436853002 0.03859649122807018
10 0.7272256728778468 0.4982456140350877 0.007246376811594203 0.042105263157894736
10 0.8387681159420289 0.6017543859649123 0.0036231884057971015 0.017543859649122806
10 0.7950310559006211 0.5640350877192982 0.009316770186335404 0.043859649122807015
10 0.8343685300207039 0.5991228070175438 0.004140786749482402 0.02280701754385965
10 0.8695652173913043 0.6307017543859649 0.008281573498964804 0.04035087719298246
10 0.9373706004140787 0.6964912280701754 0.008281573498964804 0.04912280701754386
1 0.39751552795031053 0.21052631578947367 0.006211180124223602 0.031578947368421054
10 0.4024327122153209 0.21929824561403508 0.0036231884057971015 0.021052631578947368
10 0.375 0.193859649122807 0.0036231884057971015 0.01929824561403509
1 0.5002587991718427 0.3078947368421053 0.005693581780538302 0.02280701754385965
1 0.4860248447204969 0.29473684210526313 0.005175983436853002 0.028070175438596492
10 0.5328674948240165 0.33771929824561403 0.004658385093167702 0.03333333333333333
1 0.5530538302277432 0.35789473684210527 0.005693581780538302 0.028070175438596492
10 0.5056935817805382 0.3140350877192982 0.005175983436853002 0.021052631578947368
1 0.6451863354037267 0.44298245614035087 0.006728778467908903 0.03333333333333333
1 0.5383022774327122 0.34649122807017546 0.006211180124223602 0.02982456140350877
1 0.380175983436853 0.2026315789473684 0.006728778467908903 0.03333333333333333
10 0.6384575569358178 0.4368421052631579 0.004658385093167702 0.028070175438596492
1 0.6599378881987578 0.45789473684210524 0.008281573498964804 0.03859649122807018
1 0.724120082815735 0.5385964912280702 0.005175983436853002 0.028070175438596492
12 0.7487060041407867 0.5614035087719298 0.015010351966873706 0.05964912280701754
12 0.8931159420289855 0.6947368421052632 0.016045548654244308 0.06666666666666667
1 0.3281573498964803 0.18070175438596492 0.004140786749482402 0.028070175438596492
10 0.3325569358178054 0.18596491228070175 0.004658385093167702 0.02456140350877193
1 0.7911490683229814 0.6026315789473684 0.0036231884057971015 0.02280701754385965
10 0.3366977225672878 0.19298245614035087 0.004658385093167702 0.021052631578947368
12 0.5515010351966874 0.387719298245614 0.0036231884057971015 0.014035087719298246
1 0.9342650103519669 0.7350877192982456 0.004140786749482402 0.02456140350877193
1 0.8662008281573499 0.6736842105263158 0.005693581780538302 0.031578947368421054
10 0.5240683229813664 0.36666666666666664 0.005693581780538302 0.031578947368421054
12 0.8178053830227743 0.6333333333333333 0.017598343685300208 0.07368421052631578
10 0.47955486542443065 0.3280701754385965 0.006728778467908903 0.03508771929824561
12 0.9606625258799172 0.7640350877192983 0.018633540372670808 0.06491228070175438
10 0.3677536231884058 0.22631578947368422 0.006728778467908903 0.03859649122807018
10 0.6325051759834368 0.46578947368421053 0.008281573498964804 0.03684210526315789
10 0.5419254658385093 0.38596491228070173 0.009316770186335404 0.021052631578947368
10 0.4880952380952381 0.33596491228070174 0.008281573498964804 0.03333333333333333
10 0.42028985507246375 0.27631578947368424 0.004140786749482402 0.02631578947368421
10 0.4472049689440994 0.30087719298245613 0.004140786749482402 0.02280701754385965
1 0.44306418219461696 0.2982456140350877 0.005175983436853002 0.021052631578947368
1 0.41563146997929606 0.2736842105263158 0.005175983436853002 0.02456140350877193
10 0.6490683229813664 0.48596491228070177 0.007246376811594203 0.017543859649122806
1 0.5755693581780539 0.42105263157894735 0.005175983436853002 0.028070175438596492
1 0.6061076604554866 0.44912280701754387 0.005175983436853002 0.028070175438596492
10 0.5802277432712215 0.42543859649122806 0.005175983436853002 0.02631578947368421
10 0.610248447204969 0.4570175438596491 0.005175983436853002 0.02982456140350877
10 0.38405797101449274 0.25526315789473686 0.008281573498964804 0.01929824561403509
5 0.31185300207039335 0.19824561403508772 0.015010351966873706 0.07368421052631578
10 0.3255693581780538 0.2149122807017544 0.006211180124223602 0.02982456140350877
10 0.32945134575569357 0.2324561403508772 0.004658385093167702 0.02280701754385965
10 0.3338509316770186 0.23684210526315788 0.004140786749482402 0.02456140350877193
1 0.06547619047619048 0.018421052631578946 0.011904761904761904 0.03684210526315789
1 0.05615942028985507 0.015789473684210527 0.011904761904761904 0.031578947368421054
1 0.36749482401656314 0.29035087719298247 0.004140786749482402 0.02982456140350877
10 0.3574016563146998 0.28157894736842104 0.004658385093167702 0.02631578947368421
1 0.34290890269151136 0.2692982456140351 0.004658385093167702 0.02631578947368421
1 0.3532608695652174 0.2771929824561403 0.005693581780538302 0.028070175438596492
10 0.3830227743271222 0.306140350877193 0.003105590062111801 0.01929824561403509
1 0.38664596273291924 0.3105263157894737 0.004140786749482402 0.021052631578947368
1 0.3786231884057971 0.3026315789473684 0.004658385093167702 0.02280701754385965
1 0.391304347826087 0.31491228070175437 0.004140786749482402 0.02631578947368421
10 0.4148550724637681 0.33596491228070174 0.004658385093167702 0.02280701754385965
1 0.47334368530020704 0.3894736842105263 0.0036231884057971015 0.021052631578947368
10 0.40139751552795033 0.3254385964912281 0.006728778467908903 0.03333333333333333
1 0.42339544513457555 0.3456140350877193 0.005175983436853002 0.028070175438596492
1 0.5041407867494824 0.41842105263157897 0.005175983436853002 0.02631578947368421
1 0.46816770186335405 0.38596491228070173 0.004658385093167702 0.02456140350877193
10 0.5163043478260869 0.4307017543859649 0.0036231884057971015 0.02631578947368421
1 0.4531573498964803 0.3719298245614035 0.005693581780538302 0.028070175438596492
1 0.48783643892339545 0.4052631578947368 0.004658385093167702 0.02456140350877193
10 0.44616977225672877 0.3675438596491228 0.006211180124223602 0.02982456140350877
1 0.45678053830227744 0.37719298245614036 0.004658385093167702 0.028070175438596492
1 0.4091614906832298 0.3350877192982456 0.006728778467908903 0.031578947368421054
1 0.5698757763975155 0.4807017543859649 0.007246376811594203 0.03508771929824561
1 0.4412525879917184 0.3631578947368421 0.006728778467908903 0.028070175438596492
10 0.5747929606625258 0.4842105263157895 0.004658385093167702 0.028070175438596492
10 0.483695652173913 0.4026315789473684 0.0036231884057971015 0.02631578947368421
1 0.32660455486542445 0.2596491228070175 0.004140786749482402 0.021052631578947368
10 0.4642857142857143 0.3850877192982456 0.004140786749482402 0.02631578947368421
1 0.5204451345755694 0.4359649122807018 0.004658385093167702 0.02631578947368421
10 0.5364906832298136 0.45 0.0036231884057971015 0.02631578947368421
10 0.3310041407867495 0.2657894736842105 0.0036231884057971015 0.02280701754385965
1 0.525879917184265 0.4412280701754386 0.004140786749482402 0.02280701754385965
10 0.4332298136645963 0.35789473684210527 0.007246376811594203 0.031578947368421054
1 0.5452898550724637 0.45964912280701753 0.0036231884057971015 0.02456140350877193
1 0.605072463768116 0.5149122807017544 0.006211180124223602 0.02982456140350877
1 0.5307971014492754 0.44649122807017544 0.004658385093167702 0.02280701754385965
1 0.5830745341614907 0.493859649122807 0.006728778467908903 0.02982456140350877
10 0.5610766045548654 0.47368421052631576 0.007246376811594203 0.03508771929824561
10 0.6097308488612836 0.5184210526315789 0.004140786749482402 0.02631578947368421
1 0.5494306418219461 0.4649122807017544 0.004658385093167702 0.028070175438596492
1 0.5401138716356108 0.45614035087719296 0.004658385093167702 0.028070175438596492
1 0.5786749482401656 0.49122807017543857 0.004140786749482402 0.028070175438596492
10 0.6237060041407867 0.5333333333333333 0.005175983436853002 0.028070175438596492
1 0.6327639751552795 0.5403508771929825 0.004658385093167702 0.028070175438596492
10 0.6431159420289855 0.55 0.004658385093167702 0.02982456140350877
1 0.6138716356107661 0.5263157894736842 0.005175983436853002 0.028070175438596492
1 0.6177536231884058 0.5298245614035088 0.004658385093167702 0.028070175438596492
1 0.6371635610766045 0.5473684210526316 0.005175983436853002 0.03508771929824561
10 0.5962732919254659 0.5114035087719299 0.008281573498964804 0.03684210526315789
1 0.6278467908902692 0.5403508771929825 0.005175983436853002 0.031578947368421054
1 0.6477743271221532 0.5578947368421052 0.004658385093167702 0.028070175438596492
1 0.977743271221532 0.8657894736842106 0.008281573498964804 0.043859649122807015
1 0.9855072463768116 0.875438596491228 0.007246376811594203 0.0456140350877193
10 0.6143892339544513 0.156140350877193 0.006211180124223602 0.017543859649122806
10 0.6123188405797102 0.1675438596491228 0.006211180124223602 0.015789473684210527
10 0.6809006211180124 0.2324561403508772 0.004658385093167702 0.02631578947368421
12 0.6702898550724637 0.2236842105263158 0.004140786749482402 0.02280701754385965