5 0.78173828125 0.5850909090909091 0.013671875 0.03854545454545454
10 0.28125 0.5876363636363636 0.0078125 0.03345454545454545
1 0.759033203125 0.592 0.00439453125 0.01309090909090909
1 0.601318359375 0.6007272727272728 0.00537109375 0.011636363636363636
10 0.594970703125 0.6003636363636363 0.00439453125 0.01090909090909091
5 0.687255859375 0.6058181818181818 0.01904296875 0.03490909090909091
10 0.14794921875 0.6061818181818182 0.0087890625 0.03127272727272727
10 0.060302734375 0.6065454545454545 0.00732421875 0.030545454545454546
10 0.0888671875 0.6061818181818182 0.00390625 0.03127272727272727
10 0.080078125 0.6061818181818182 0.0048828125 0.03127272727272727
10 0.069091796875 0.6072727272727273 0.00732421875 0.030545454545454546
1 0.753662109375 0.6112727272727273 0.00439453125 0.013818181818181818
1 0.8486328125 0.6130909090909091 0.0078125 0.005818181818181818
1 0.804931640625 0.614909090909091 0.00341796875 0.013818181818181818
1 0.7841796875 0.6152727272727273 0.00390625 0.01309090909090909
1 0.796630859375 0.6152727272727273 0.00439453125 0.01309090909090909
12 0.035888671875 0.6236363636363637 0.01025390625 0.016727272727272726
12 0.017578125 0.6247272727272727 0.0107421875 0.017454545454545455
1 0.893310546875 0.6265454545454545 0.00732421875 0.005090909090909091
5 0.60302734375 0.6356363636363637 0.0185546875 0.03927272727272727
1 0.893310546875 0.6363636363636364 0.00732421875 0.007272727272727273
10 0.9013671875 0.645090909090909 0.00390625 0.01309090909090909
1 0.60498046875 0.6672727272727272 0.00390625 0.009454545454545455
1 0.594970703125 0.6683636363636364 0.00341796875 0.011636363636363636
1 0.9072265625 0.6756363636363636 0.0048828125 0.01309090909090909
1 0.828125 0.6763636363636364 0.00390625 0.014545454545454545
12 0.896484375 0.6814545454545454 0.0107421875 0.017454545454545455
5 0.747314453125 0.07490909090909091 0.00830078125 0.005818181818181818
10 0.647705078125 0.07781818181818181 0.00439453125 0.010181818181818183
10 0.697021484375 0.08072727272727273 0.00341796875 0.011636363636363636
10 0.691162109375 0.08145454545454546 0.00439453125 0.011636363636363636
12 0.41650390625 0.084 0.017578125 0.029818181818181817
10 0.719482421875 0.08472727272727272 0.00927734375 0.006545454545454545
1 0.31689453125 0.08436363636363636 0.0048828125 0.01309090909090909
1 0.629150390625 0.088 0.00439453125 0.011636363636363636
10 0.7646484375 0.09090909090909091 0.0078125 0.007272727272727273
5 0.753173828125 0.09163636363636364 0.00732421875 0.005818181818181818
5 0.50439453125 0.09745454545454546 0.0244140625 0.05527272727272727
10 0.753173828125 0.10145454545454545 0.00732421875 0.006545454545454545
10 0.416015625 0.108 0.0029296875 0.01090909090909091
10 0.410888671875 0.10763636363636364 0.00439453125 0.011636363636363636
5 0.459716796875 0.112 0.01416015625 0.030545454545454546
12 0.36083984375 0.11345454545454546 0.009765625 0.01890909090909091
10 0.086669921875 0.11381818181818182 0.02001953125 0.012363636363636363
5 0.477294921875 0.11636363636363636 0.01513671875 0.02618181818181818
12 0.31884765625 0.11709090909090909 0.0126953125 0.020363636363636365
10 0.764892578125 0.11745454545454545 0.00927734375 0.006545454545454545
10 0.740478515625 0.11818181818181818 0.00830078125 0.006545454545454545
10 0.7529296875 0.11854545454545455 0.0087890625 0.007272727272727273
10 0.30029296875 0.12036363636363637 0.0029296875 0.009454545454545455
1 0.421875 0.12218181818181818 0.005859375 0.011636363636363636
1 0.410888671875 0.12218181818181818 0.00439453125 0.01309090909090909
10 0.739990234375 0.12545454545454546 0.00830078125 0.005090909090909091
10 0.7646484375 0.12727272727272726 0.0087890625 0.005818181818181818
12 0.39794921875 0.13127272727272726 0.0107421875 0.016727272727272726
10 0.73974609375 0.13454545454545455 0.0087890625 0.004363636363636364
1 0.261962890625 0.13563636363636364 0.00439453125 0.013818181818181818
1 0.355712890625 0.136 0.00439453125 0.010181818181818183
12 0.371337890625 0.14181818181818182 0.00927734375 0.01890909090909091
1 0.194580078125 0.1461818181818182 0.00439453125 0.01309090909090909
1 0.201904296875 0.1461818181818182 0.00439453125 0.01309090909090909
10 0.592529296875 0.1501818181818182 0.00732421875 0.009454545454545455
1 0.60400390625 0.1501818181818182 0.0087890625 0.006545454545454545
1 0.26171875 0.1509090909090909 0.00390625 0.01090909090909091
1 0.38720703125 0.15672727272727272 0.0126953125 0.009454545454545455
1 0.603515625 0.15818181818181817 0.0087890625 0.006545454545454545
10 0.59228515625 0.15781818181818183 0.0078125 0.005818181818181818
10 0.741943359375 0.1658181818181818 0.00439453125 0.011636363636363636
1 0.604248046875 0.1658181818181818 0.00830078125 0.007272727272727273
10 0.59228515625 0.168 0.0078125 0.005818181818181818
1 0.256591796875 0.17018181818181818 0.00244140625 0.011636363636363636
5 0.840087890625 0.17163636363636364 0.02197265625 0.04945454545454545
1 0.201904296875 0.17236363636363636 0.00439453125 0.011636363636363636
5 0.906494140625 0.17272727272727273 0.02294921875 0.05018181818181818
10 0.19482421875 0.17272727272727273 0.005859375 0.015272727272727273
1 0.60302734375 0.17454545454545456 0.0078125 0.005818181818181818
10 0.59228515625 0.17454545454545456 0.0078125 0.005818181818181818
10 0.310791015625 0.17745454545454545 0.00634765625 0.007272727272727273
5 0.8017578125 0.1781818181818182 0.0205078125 0.03927272727272727
5 0.6787109375 0.18072727272727274 0.1015625 0.14909090909090908
1 0.741455078125 0.1821818181818182 0.00537109375 0.012363636363636363
1 0.60302734375 0.18181818181818182 0.0087890625 0.005818181818181818
1 0.736083984375 0.18254545454545454 0.00439453125 0.011636363636363636
10 0.593017578125 0.18363636363636363 0.00830078125 0.005090909090909091
1 0.257568359375 0.18509090909090908 0.00439453125 0.012363636363636363
1 0.201171875 0.18727272727272729 0.00390625 0.012363636363636363
10 0.195068359375 0.18872727272727272 0.00341796875 0.01090909090909091
1 0.604248046875 0.19090909090909092 0.00830078125 0.006545454545454545
10 0.592529296875 0.19236363636363638 0.00830078125 0.006545454545454545
5 0.227783203125 0.19345454545454546 0.03955078125 0.112
10 0.201904296875 0.20327272727272727 0.00439453125 0.012363636363636363
12 0.28759765625 0.204 0.0126953125 0.013818181818181818
12 0.274658203125 0.20363636363636364 0.00927734375 0.014545454545454545
10 0.195068359375 0.20363636363636364 0.00341796875 0.010181818181818183
2 0.985107421875 0.2061818181818182 0.02880859375 0.06181818181818182
10 0.596923828125 0.212 0.00732421875 0.0036363636363636364
1 0.607666015625 0.21272727272727274 0.00732421875 0.006545454545454545
5 0.34716796875 0.216 0.0234375 0.05090909090909091
1 0.607666015625 0.22036363636363637 0.00830078125 0.005818181818181818
10 0.59619140625 0.22145454545454546 0.0068359375 0.0036363636363636364
1 0.257568359375 0.22254545454545455 0.00341796875 0.011636363636363636
10 0.262451171875 0.22254545454545455 0.00341796875 0.011636363636363636
12 0.275146484375 0.22363636363636363 0.01025390625 0.015272727272727273
12 0.287353515625 0.22436363636363638 0.01318359375 0.015272727272727273
1 0.195556640625 0.22545454545454546 0.00341796875 0.01309090909090909
1 0.202392578125 0.2258181818181818 0.00341796875 0.012363636363636363
1 0.607666015625 0.22872727272727272 0.00830078125 0.005090909090909091
10 0.5966796875 0.22872727272727272 0.0068359375 0.006545454545454545
1 0.608154296875 0.23636363636363636 0.00830078125 0.004363636363636364
10 0.59716796875 0.2370909090909091 0.0078125 0.008727272727272728
1 0.262451171875 0.24254545454545454 0.00341796875 0.01090909090909091
1 0.6083984375 0.2541818181818182 0.0087890625 0.006545454545454545
10 0.154541015625 0.2585454545454545 0.00341796875 0.009454545454545455
1 0.194091796875 0.2610909090909091 0.00341796875 0.010181818181818183
1 0.20458984375 0.26181818181818184 0.00390625 0.010181818181818183
1 0.199462890625 0.2625454545454545 0.00244140625 0.011636363636363636
5 0.908447265625 0.26327272727272727 0.02294921875 0.05236363636363636
5 0.7646484375 0.2661818181818182 0.0146484375 0.016
1 0.802001953125 0.26836363636363636 0.00439453125 0.011636363636363636
1 0.7822265625 0.2687272727272727 0.00390625 0.012363636363636363
1 0.705078125 0.2792727272727273 0.00390625 0.010181818181818183
1 0.717529296875 0.2789090909090909 0.00341796875 0.01090909090909091
1 0.687255859375 0.2792727272727273 0.00341796875 0.01309090909090909
10 0.69921875 0.2796363636363636 0.0029296875 0.013818181818181818
1 0.66064453125 0.28036363636363637 0.00390625 0.012363636363636363
1 0.6474609375 0.28036363636363637 0.00390625 0.012363636363636363
1 0.640625 0.28145454545454546 0.00390625 0.01309090909090909
10 0.10107421875 0.2850909090909091 0.0078125 0.03345454545454545
5 0.174072265625 0.28654545454545455 0.02587890625 0.03345454545454545
1 0.154541015625 0.2872727272727273 0.00537109375 0.011636363636363636
10 0.292724609375 0.29163636363636364 0.02099609375 0.008727272727272728
1 0.662109375 0.29672727272727273 0.0029296875 0.01309090909090909
1 0.6494140625 0.29818181818181816 0.00390625 0.011636363636363636
1 0.642578125 0.2978181818181818 0.00390625 0.013818181818181818
10 0.722900390625 0.29818181818181816 0.00341796875 0.011636363636363636
10 0.71142578125 0.29854545454545456 0.0048828125 0.012363636363636363
1 0.89892578125 0.3018181818181818 0.0048828125 0.01309090909090909
10 0.29296875 0.3058181818181818 0.021484375 0.008
1 0.931640625 0.31127272727272726 0.00390625 0.011636363636363636
1 0.944091796875 0.31127272727272726 0.00439453125 0.011636363636363636
1 0.9375 0.31127272727272726 0.0048828125 0.01309090909090909
1 0.6533203125 0.3210909090909091 0.0048828125 0.01090909090909091
1 0.64794921875 0.3210909090909091 0.00390625 0.01090909090909091
10 0.080810546875 0.3512727272727273 0.01025390625 0.05963636363636363
10 0.11572265625 0.35163636363636364 0.01171875 0.06181818181818182
10 0.18212890625 0.3523636363636364 0.0068359375 0.006545454545454545
10 0.19287109375 0.35345454545454547 0.0068359375 0.007272727272727273
1 0.374755859375 0.3603636363636364 0.00439453125 0.012363636363636363
10 0.171875 0.36218181818181816 0.00390625 0.011636363636363636
12 0.048095703125 0.37018181818181817 0.01025390625 0.016
12 0.029296875 0.37054545454545457 0.0107421875 0.019636363636363636
12 0.017333984375 0.37054545454545457 0.01025390625 0.019636363636363636
12 0.06787109375 0.37236363636363634 0.009765625 0.016
5 0.14794921875 0.37236363636363634 0.0380859375 0.03345454545454545
1 0.171875 0.3781818181818182 0.00390625 0.01309090909090909
10 0.199462890625 0.38 0.00732421875 0.008
1 0.189697265625 0.38072727272727275 0.00634765625 0.005090909090909091
5 0.370849609375 0.3836363636363636 0.01318359375 0.01818181818181818
1 0.09228515625 0.41309090909090906 0.00390625 0.011636363636363636
12 0.428466796875 0.42472727272727273 0.01025390625 0.01890909090909091
1 0.151123046875 0.43272727272727274 0.00439453125 0.016
5 0.114501953125 0.4370909090909091 0.03564453125 0.04072727272727273
12 0.4287109375 0.44945454545454544 0.0107421875 0.017454545454545455
10 0.47314453125 0.4505454545454545 0.00390625 0.012363636363636363
1 0.13671875 0.4509090909090909 0.005859375 0.011636363636363636
10 0.47900390625 0.4505454545454545 0.00390625 0.012363636363636363
1 0.725830078125 0.46436363636363637 0.00341796875 0.012363636363636363
1 0.7197265625 0.4647272727272727 0.00390625 0.01309090909090909
10 0.45849609375 0.4647272727272727 0.00390625 0.01309090909090909
1 0.731689453125 0.46436363636363637 0.00341796875 0.012363636363636363
1 0.95947265625 0.4650909090909091 0.00390625 0.01090909090909091
1 0.95361328125 0.4650909090909091 0.0029296875 0.012363636363636363
1 0.33984375 0.4672727272727273 0.00390625 0.013818181818181818
12 0.30908203125 0.472 0.0107421875 0.02181818181818182
1 0.115478515625 0.4723636363636364 0.00341796875 0.01090909090909091
1 0.12353515625 0.4723636363636364 0.00390625 0.01090909090909091
10 0.793701171875 0.48545454545454547 0.00341796875 0.01090909090909091
5 0.049072265625 0.4869090909090909 0.01123046875 0.022545454545454546
10 0.132568359375 0.4869090909090909 0.00341796875 0.012363636363636363
5 0.07763671875 0.488 0.013671875 0.02327272727272727
10 0.423583984375 0.48763636363636365 0.00634765625 0.03127272727272727
10 0.395263671875 0.4890909090909091 0.00732421875 0.03127272727272727
10 0.404541015625 0.4890909090909091 0.00537109375 0.029818181818181817
10 0.414306640625 0.4890909090909091 0.00634765625 0.03127272727272727
1 0.323974609375 0.49927272727272726 0.00537109375 0.012363636363636363
10 0.143798828125 0.5105454545454545 0.00732421875 0.030545454545454546
5 0.648193359375 0.5203636363636364 0.04443359375 0.06327272727272727
12 0.419921875 0.5232727272727272 0.0126953125 0.019636363636363636
10 0.244384765625 0.5287272727272727 0.01220703125 0.05381818181818182
1 0.847412109375 0.5316363636363637 0.00341796875 0.011636363636363636
5 0.443359375 0.5334545454545454 0.01953125 0.04
12 0.04052734375 0.5407272727272727 0.01171875 0.016727272727272726
12 0.020751953125 0.5414545454545454 0.01416015625 0.016727272727272726
2 0.324951171875 0.05454545454545454 0.11767578125 0.02909090909090909
12 0.395751953125 0.05490909090909091 0.01416015625 0.024
1 0.10693359375 0.5512727272727272 0.0048828125 0.011636363636363636
10 0.114013671875 0.5516363636363636 0.00439453125 0.012363636363636363
5 0.802001953125 0.5563636363636364 0.00732421875 0.007272727272727273
5 0.78125 0.5567272727272727 0.0078125 0.006545454545454545
5 0.891357421875 0.5585454545454546 0.07568359375 0.11054545454545454
1 0.06591796875 0.5698181818181818 0.00390625 0.009454545454545455
10 0.077392578125 0.5698181818181818 0.00439453125 0.009454545454545455
10 0.060791015625 0.5698181818181818 0.00439453125 0.01090909090909091
1 0.083251953125 0.5698181818181818 0.00439453125 0.013818181818181818
1 0.145751953125 0.5698181818181818 0.00439453125 0.01090909090909091
1 0.0712890625 0.5705454545454546 0.0029296875 0.013818181818181818
1 0.133544921875 0.5709090909090909 0.00439453125 0.010181818181818183
1 0.151123046875 0.5705454545454546 0.00439453125 0.012363636363636363
1 0.121337890625 0.5712727272727273 0.00341796875 0.01090909090909091
1 0.127685546875 0.5712727272727273 0.00439453125 0.01090909090909091
1 0.138916015625 0.5712727272727273 0.00341796875 0.01090909090909091
12 0.09814453125 0.572 0.0107421875 0.019636363636363636
12 0.111083984375 0.572 0.01025390625 0.01818181818181818
5 0.347900390625 0.5738181818181818 0.03564453125 0.04072727272727273
1 0.6796875 0.576 0.005859375 0.01309090909090909
5 0.802978515625 0.5829090909090909 0.01513671875 0.04
1 0.814453125 0.584 0.0048828125 0.011636363636363636