1 0.890760127446518 0.5915534554046072 0.005461993627674101 0.013585351447135264
1 0.06326809285389166 0.5942114589486119 0.004551661356395084 0.011813349084465446
10 0.9312699135184342 0.5968694624926166 0.005461993627674101 0.01594802126402835
1 0.13996358670914885 0.59746012994684 0.005917159763313609 0.01594802126402835
5 0.9023668639053254 0.5977554636739516 0.01137915339098771 0.03898405197873597
5 0.8782430587164315 0.5980507974010632 0.012289485662266727 0.040756054341405785
1 0.8293126991351844 0.6018901358535145 0.007282658170232135 0.02244536326048435
1 0.04437869822485207 0.6086828115770822 0.02230314064633591 0.01594802126402835
1 0.16454255803368228 0.612817483756645 0.007737824305871643 0.021854695806261076
1 0.1431497496586254 0.6134081512108683 0.013199817933545745 0.00767867690490254
5 0.11174328629949931 0.6163614884819847 0.026854802002730997 0.03484937979917307
1 0.15521165225307237 0.6175428233904312 0.0063723258989531175 0.014766686355581808
1 0.942649066909422 0.6181334908446544 0.012744651797906235 0.006497341996455995
10 0.24214838416021847 0.622563496751329 0.008192990441511151 0.011813349084465446
1 0.14337733272644515 0.622563496751329 0.011834319526627219 0.0070880094506792675
1 0.040737369139736 0.622563496751329 0.012289485662266727 0.0070880094506792675
10 0.13359126081019573 0.6249261665682221 0.004096495220755576 0.010632014176018901
10 0.2680928538916705 0.6284701712935618 0.0063723258989531175 0.0070880094506792675
10 0.06941283568502503 0.6296515062020083 0.004096495220755576 0.009450679267572357
10 0.0755575785161584 0.6299468399291199 0.0036413290851160674 0.01004134672179563
10 0.1426945835229859 0.6302421736562316 0.009558488848429678 0.005906674542232723
1 0.05848884842967683 0.6305375073833431 0.004096495220755576 0.012404016538688719
1 0.06417842512517069 0.6302421736562316 0.0036413290851160674 0.011813349084465446
1 0.05166135639508421 0.6305375073833431 0.005917159763313609 0.014766686355581808
10 0.1654528903049613 0.6305375073833431 0.00864815657715066 0.005316007088009451
10 0.1540737369139736 0.6311281748375664 0.00864815657715066 0.006497341996455995
1 0.7303140646335913 0.6317188422917898 0.005006827492034593 0.012404016538688719
1 0.2489758761948111 0.6326048434731246 0.012744651797906235 0.011813349084465446
10 0.23873463814292217 0.6337861783815711 0.007737824305871643 0.009450679267572357
1 0.257396449704142 0.6346721795629061 0.00864815657715066 0.011222681630242174
1 0.27469276285844335 0.6379208505611341 0.00864815657715066 0.010632014176018901
1 0.08966772872098316 0.638806851742469 0.004551661356395084 0.011222681630242174
10 0.26558944014565317 0.6393975191966923 0.007737824305871643 0.01004134672179563
1 0.14087391898042786 0.6405788541051388 0.013199817933545745 0.00767867690490254
1 0.0839781520254893 0.6405788541051388 0.005917159763313609 0.01594802126402835
1 0.067592171142467 0.6408741878322505 0.00864815657715066 0.005906674542232723
10 0.16613563950842059 0.6423508564678087 0.004551661356395084 0.011222681630242174
10 0.07532999544833864 0.6429415239220319 0.004096495220755576 0.011222681630242174
1 0.24260355029585798 0.6438275251033668 0.010013654984069186 0.010632014176018901
10 0.05689576695493855 0.6435321913762552 0.009103322712790168 0.005316007088009451
12 0.15680473372781065 0.6441228588304785 0.013199817933545745 0.014766686355581808
10 0.12608101957214382 0.6441228588304785 0.008192990441511151 0.005316007088009451
10 0.26263086026399635 0.6455995274660367 0.010013654984069186 0.011813349084465446
1 0.0671370050068275 0.6473715298287065 0.00864815657715066 0.005906674542232723
10 0.11697769685935366 0.647666863555818 0.004551661356395084 0.012404016538688719
10 0.11151570323167956 0.647666863555818 0.0036413290851160674 0.011222681630242174
5 0.7173418297678653 0.6488481984642647 0.021847974510696404 0.0383933845245127
10 0.25625853436504326 0.6515062020082694 0.008192990441511151 0.011813349084465446
1 0.05735093309057806 0.651801535735381 0.008192990441511151 0.005316007088009451
10 0.12608101957214382 0.6515062020082694 0.008192990441511151 0.004725339633786178
1 0.6859353664087392 0.6541642055522741 0.0036413290851160674 0.011222681630242174
1 0.27355484751934456 0.655050206733609 0.013654984069185253 0.016538688718251624
1 0.10377787892580792 0.6553455404607206 0.008192990441511151 0.024217365623154165
10 0.07328174783796086 0.6553455404607206 0.009103322712790168 0.006497341996455995
1 0.08921256258534364 0.6559362079149439 0.016385980883022302 0.008860011813349085
10 0.0566681838871188 0.6577082102776137 0.00864815657715066 0.005316007088009451
1 0.11470186618115612 0.6580035440047254 0.008192990441511151 0.004725339633786178
1 0.16317705962676377 0.6615475487300649 0.015020482476103778 0.008269344359125812
1 0.14724624487938098 0.6627288836385116 0.00864815657715066 0.02598936798582398
10 0.12653618570778333 0.6627288836385116 0.004551661356395084 0.010632014176018901
1 0.7305416477014111 0.6653868871825163 0.0036413290851160674 0.011222681630242174
1 0.2674101046882112 0.6659775546367395 0.015930814747382796 0.02067336089781453
10 0.9497041420118343 0.668044890726521 0.00864815657715066 0.004725339633786178
10 0.6948111060537097 0.6701122268163024 0.012289485662266727 0.00767867690490254
1 0.1624943104233045 0.6733608978145305 0.015475648611743286 0.008269344359125812
10 0.8950842057350933 0.06763142350856467 0.013199817933545745 0.00767867690490254
1 0.9137460172963131 0.6742468989958653 0.006827492034592627 0.019492025989367986
10 0.7214383249886208 0.6748375664500886 0.008192990441511151 0.005316007088009451
12 0.9380974055530269 0.6751329001772003 0.010923987255348202 0.01772002362669817
12 0.1158397815202549 0.6751329001772003 0.010468821119708694 0.01772002362669817
10 0.9499317250796541 0.6757235676314235 0.009103322712790168 0.005906674542232723
10 0.18024578971324534 0.6772002362669817 0.004551661356395084 0.011222681630242174
1 0.7130177514792899 0.6774955699940933 0.004096495220755576 0.010632014176018901
10 0.17432862994993173 0.6774955699940933 0.0036413290851160674 0.010632014176018901
10 0.9283113336367774 0.677790903721205 0.005006827492034593 0.011222681630242174
1 0.7066454255803368 0.6786769049025398 0.004096495220755576 0.011813349084465446
12 0.1024123805188894 0.6786769049025398 0.011834319526627219 0.018901358535144713
10 0.1863905325443787 0.6792675723567632 0.0031861629494765588 0.005906674542232723
10 0.7988165680473372 0.06851742468989959 0.010013654984069186 0.005906674542232723
10 0.6952662721893491 0.6795629060838748 0.012289485662266727 0.006497341996455995
10 0.19162494310423306 0.6795629060838748 0.0027309968138370506 0.006497341996455995
10 0.07532999544833864 0.6798582398109864 0.009558488848429678 0.005906674542232723
1 0.162949476558944 0.6839929119905493 0.01456531634046427 0.008269344359125812
10 0.8668639053254438 0.06881275841701122 0.012289485662266727 0.006497341996455995
10 0.8882567137005006 0.6860602480803307 0.00864815657715066 0.005316007088009451
10 0.08488848429676832 0.6875369167158889 0.007737824305871643 0.004725339633786178
1 0.7198452435138826 0.6872415829887774 0.005917159763313609 0.014766686355581808
1 0.2781065088757396 0.6890135853514472 0.018206645425580335 0.019492025989367986
1 0.9010013654984069 0.6896042528056704 0.013199817933545745 0.006497341996455995
1 0.1809285389167046 0.6896042528056704 0.007737824305871643 0.005316007088009451
1 0.6950386891215293 0.6896042528056704 0.009103322712790168 0.005316007088009451
5 0.21028675466545288 0.6896042528056704 0.02913063268092854 0.024217365623154165
10 0.7132453345471097 0.6910809214412286 0.004551661356395084 0.011813349084465446
1 0.1893491124260355 0.6916715888954519 0.0036413290851160674 0.010632014176018901
10 0.8878015475648612 0.6931482575310101 0.007737824305871643 0.005316007088009451
10 0.16363222576240327 0.6934435912581217 0.007737824305871643 0.004725339633786178
10 0.08534365043240782 0.6937389249852333 0.00864815657715066 0.005316007088009451
1 0.9401456531634046 0.6940342587123449 0.005917159763313609 0.01535735380980508
1 0.1024123805188894 0.6952155936207915 0.01456531634046427 0.009450679267572357
10 0.1813837050523441 0.6961015948021264 0.00864815657715066 0.005316007088009451
1 0.9012289485662267 0.6990549320732428 0.013654984069185253 0.00767867690490254
10 0.16363222576240327 0.6999409332545776 0.007737824305871643 0.0035440047253396337
5 0.9217114246700046 0.7034849379799173 0.01729631315430132 0.021264028352037802
1 0.2321347291761493 0.703780271707029 0.010013654984069186 0.024217365623154165
1 0.9012289485662267 0.7088009450679268 0.012744651797906235 0.0070880094506792675
10 0.8095129722348657 0.07147076196101594 0.004096495220755576 0.011813349084465446
10 0.8202093764223942 0.07147076196101594 0.004551661356395084 0.011813349084465446
1 0.22303140646335912 0.7114589486119315 0.010923987255348202 0.008860011813349085
1 0.9403732362312244 0.713526284701713 0.005461993627674101 0.01535735380980508
10 0.24260355029585798 0.7176609568812758 0.010013654984069186 0.004725339633786178
1 0.9012289485662267 0.7176609568812758 0.012744651797906235 0.005906674542232723
1 0.2510241238051889 0.7179562906083875 0.006827492034592627 0.013585351447135264
10 0.26263086026399635 0.7179562906083875 0.004551661356395084 0.013585351447135264
10 0.2569412835685025 0.7182516243354992 0.005006827492034593 0.01299468399291199
10 0.8887118798361402 0.7188422917897224 0.00864815657715066 0.005906674542232723
12 0.8812016385980883 0.07265209686946249 0.011834319526627219 0.016538688718251624
12 0.852753755120619 0.07294743059657413 0.01137915339098771 0.017129356172474897
10 0.8884842967683204 0.7268163024217366 0.009103322712790168 0.005316007088009451
10 0.9007737824305871 0.7277023036030714 0.011834319526627219 0.0070880094506792675
10 0.9283113336367774 0.7294743059657413 0.004096495220755576 0.011813349084465446
10 0.9223941738734638 0.7294743059657413 0.005006827492034593 0.011813349084465446
10 0.9173873463814293 0.7297696396928529 0.005006827492034593 0.011222681630242174
10 0.9116977696859354 0.7303603071470762 0.004551661356395084 0.012404016538688719
1 0.9340009103322713 0.7318369757826344 0.0063723258989531175 0.01535735380980508
10 0.1531634046426946 0.7448316597755463 0.004096495220755576 0.011813349084465446
1 0.9237596722803824 0.7510336680448907 0.005917159763313609 0.014766686355581808
1 0.9155666818388711 0.7513290017720023 0.005917159763313609 0.01535735380980508
10 0.2812926718252162 0.75812167749557 0.0063723258989531175 0.011222681630242174
2 0.03709604005461994 0.7604843473124631 0.03140646335912608 0.18487891317188423
10 0.27355484751934456 0.7658003544004726 0.0063723258989531175 0.012404016538688719
10 0.8791533909877105 0.7702303603071471 0.005006827492034593 0.011813349084465446
10 0.9155666818388711 0.7705256940342587 0.004096495220755576 0.011222681630242174
10 0.9242148384160218 0.7714116952155936 0.005006827492034593 0.011813349084465446
10 0.892580791989076 0.0776727702303603 0.009103322712790168 0.006497341996455995
1 0.09581247155211653 0.07796810395747195 0.014110150204824761 0.009450679267572357
10 0.28152025489303595 0.7758417011222681 0.005917159763313609 0.013585351447135264
1 0.9321802457897133 0.7811577082102776 0.011834319526627219 0.006497341996455995
10 0.9192080109239873 0.7814530419373893 0.00864815657715066 0.005906674542232723
5 0.8978152025489303 0.7817483756645008 0.026854802002730997 0.013585351447135264
1 0.8757396449704142 0.7820437093916125 0.012744651797906235 0.008269344359125812
10 0.2728720983158853 0.7844063792085056 0.006827492034592627 0.01299468399291199
10 0.8682294037323623 0.07885410513880685 0.00864815657715066 0.005316007088009451
1 0.921256258534365 0.7914943886591849 0.011834319526627219 0.0070880094506792675
10 0.2812926718252162 0.7923803898405198 0.007282658170232135 0.012404016538688719
5 0.2082385070550751 0.7947430596574129 0.09786071916249431 0.11990549320732427
10 0.8796085571233501 0.7971057294743059 0.005006827492034593 0.012404016538688719
12 0.799954483386436 0.08033077377436504 0.01137915339098771 0.01535735380980508
10 0.27309968138370505 0.8000590667454224 0.007282658170232135 0.012404016538688719
10 0.28220300409649524 0.8077377436503249 0.0063723258989531175 0.012404016538688719
10 0.27401001365498406 0.8151210868281158 0.0063723258989531175 0.014176018901358535
10 0.28174783796085573 0.8245717660956882 0.007282658170232135 0.014176018901358535
10 0.27355484751934456 0.8340224453632605 0.0063723258989531175 0.014176018901358535
10 0.28197542102867545 0.8431777909037212 0.005917159763313609 0.013585351447135264
10 0.5958124715521165 0.8493797991730656 0.004551661356395084 0.010632014176018901
10 0.27332726445152483 0.851447135262847 0.006827492034592627 0.012404016538688719
10 0.6035502958579881 0.8526284701712935 0.008192990441511151 0.004134672179562906
10 0.7289485662266727 0.854695806261075 0.00864815657715066 0.005906674542232723
10 0.6037778789258079 0.8600118133490845 0.00864815657715066 0.005906674542232723
10 0.17933545744196633 0.8650324867099822 0.008192990441511151 0.006497341996455995
10 0.7282658170232135 0.8647371529828707 0.009103322712790168 0.005906674542232723
1 0.1700045516613564 0.8650324867099822 0.00864815657715066 0.005316007088009451
10 0.1998179335457442 0.8650324867099822 0.009103322712790168 0.005316007088009451
1 0.21005917159763313 0.8653278204370939 0.007737824305871643 0.004725339633786178
10 0.2494310423304506 0.867690490253987 0.004551661356395084 0.011813349084465446
10 0.24169321802457897 0.8679858239810987 0.004551661356395084 0.012404016538688719
10 0.22940373236231223 0.8679858239810987 0.004551661356395084 0.011222681630242174
10 0.2182521620391443 0.8682811577082102 0.005006827492034593 0.01299468399291199
10 0.22485207100591717 0.8682811577082102 0.004551661356395084 0.011813349084465446
10 0.1998179335457442 0.8721204961606616 0.009103322712790168 0.005316007088009451
1 0.21028675466545288 0.8727111636148848 0.009103322712790168 0.005316007088009451
1 0.18730086481565772 0.8735971647962197 0.005006827492034593 0.011813349084465446
1 0.16317705962676377 0.08800945067926758 0.01137915339098771 0.0070880094506792675
10 0.728720983158853 0.8750738334317779 0.009103322712790168 0.006497341996455995
10 0.2664997724169322 0.8762551683402244 0.005006827492034593 0.012404016538688719
10 0.7289485662266727 0.8824571766095688 0.00864815657715066 0.005906674542232723
10 0.13950842057350932 0.08860011813349085 0.00864815657715066 0.005906674542232723
10 0.29745106964041873 0.8868871825162433 0.009558488848429678 0.006497341996455995
10 0.2653618570778334 0.8886591848789132 0.009103322712790168 0.005316007088009451
10 0.6001365498406919 0.8892498523331365 0.015930814747382796 0.01004134672179563
10 0.27514792899408286 0.8933845245126993 0.00864815657715066 0.005316007088009451
10 0.7291761492944925 0.8963378617838157 0.005461993627674101 0.012404016538688719
1 0.13154301319981793 0.09007678676904902 0.0036413290851160674 0.011222681630242174
1 0.5903504779244424 0.9004725339633786 0.016385980883022302 0.01004134672179563
10 0.27469276285844335 0.9007678676904902 0.00864815657715066 0.005906674542232723
1 0.26354119253527536 0.90253987005316 0.010013654984069186 0.0070880094506792675
2 0.3042785616750114 0.9066745422327229 0.04142011834319527 0.029533372711163616
10 0.27469276285844335 0.9108092144122859 0.00864815657715066 0.005906674542232723
2 0.15293582157487484 0.9146485528647371 0.14110150204824762 0.039574719432959246
10 0.20254893035958124 0.09214412285883047 0.004551661356395084 0.011813349084465446
10 0.2749203459262631 0.9184878913171884 0.009103322712790168 0.005906674542232723
5 0.25125170687300863 0.9184878913171884 0.03641329085116067 0.024808033077377438
10 0.325898953117888 0.925280567040756 0.009103322712790168 0.006497341996455995
10 0.2976786527082385 0.9258712344949793 0.009103322712790168 0.005316007088009451
10 0.30883022303140645 0.9255759007678677 0.00864815657715066 0.005906674542232723
1 0.15043240782885753 0.09303012404016539 0.005917159763313609 0.014766686355581808
10 0.27469276285844335 0.9279385705847608 0.00864815657715066 0.005906674542232723
1 0.3243058716431497 0.9409332545776727 0.006827492034592627 0.021264028352037802
10 0.3122439690487028 0.09480212640283521 0.012744651797906235 0.00767867690490254
1 0.21210741920801093 0.09509746012994684 0.011834319526627219 0.0070880094506792675
12 0.2985889849795175 0.9474305965741288 0.011834319526627219 0.018901358535144713
12 0.27105143377332724 0.9477259303012404 0.010468821119708694 0.017129356172474897
12 0.2847064178425125 0.9480212640283521 0.01137915339098771 0.018901358535144713
12 0.31247155211652256 0.9486119314825753 0.01137915339098771 0.01772002362669817
1 0.16112881201638599 0.09657412876550502 0.009103322712790168 0.006497341996455995
1 0.23099681383705054 0.09864146485528648 0.005917159763313609 0.01772002362669817
1 0.22348657259899862 0.09864146485528648 0.005461993627674101 0.01535735380980508
1 0.13108784706417842 0.10336680448907265 0.004551661356395084 0.011813349084465446
1 0.21187983614019118 0.10336680448907265 0.010468821119708694 0.005906674542232723
10 0.2023213472917615 0.10395747194329592 0.004096495220755576 0.010632014176018901
10 0.31247155211652256 0.10484347312463083 0.012289485662266727 0.00767867690490254
10 0.13837050523441055 0.1054341405788541 0.008192990441511151 0.005316007088009451
10 0.5958124715521165 0.10720614294152392 0.004551661356395084 0.011222681630242174
1 0.5903504779244424 0.10779681039574719 0.004551661356395084 0.012404016538688719
10 0.9262630860263996 0.10986414648552864 0.004551661356395084 0.010632014176018901
5 0.2881201638598088 0.11104548139397519 0.030040964952207556 0.02598936798582398
1 0.6172052799271734 0.11370348493797992 0.004551661356395084 0.011222681630242174
10 0.31178880291306327 0.11429415239220318 0.012744651797906235 0.006497341996455995
1 0.14838416021847975 0.11636148848198465 0.005461993627674101 0.016538688718251624
1 0.21438324988620847 0.11695215593620792 0.019116977696859355 0.010632014176018901
10 0.5930814747382794 0.11813349084465447 0.008192990441511151 0.005906674542232723
5 0.1763768775603095 0.12463083284111046 0.030496131087847066 0.04725339633786178
10 0.3459262630860264 0.12463083284111046 0.004551661356395084 0.009450679267572357
10 0.6176604460628129 0.125812167749557 0.004551661356395084 0.010632014176018901
1 0.3400091033227128 0.12610750147666863 0.0036413290851160674 0.011222681630242174
10 0.33477469276285843 0.12610750147666863 0.004096495220755576 0.011222681630242174
10 0.7016385980883022 0.12906083874778498 0.0031861629494765588 0.011222681630242174
10 0.7068730086481566 0.12965150620200827 0.004551661356395084 0.011222681630242174
1 0.9262630860263996 0.12965150620200827 0.007282658170232135 0.02067336089781453
1 0.7125625853436505 0.12965150620200827 0.004096495220755576 0.011222681630242174
1 0.08124715521165225 0.132309509746013 0.016841147018661812 0.009450679267572357
10 0.21529358215748748 0.13290017720023628 0.02002730996813837 0.011813349084465446
1 0.29221665908056443 0.1331955109273479 0.015475648611743286 0.008860011813349085
1 0.14838416021847975 0.13496751329001772 0.005461993627674101 0.01594802126402835
1 0.5040964952207556 0.13496751329001772 0.009558488848429678 0.004134672179562906
10 0.3416021847974511 0.13614884819846426 0.007737824305871643 0.006497341996455995
1 0.6156121984524351 0.1364441819255759 0.00864815657715066 0.004725339633786178
10 0.512061902594447 0.1396928529238039 0.004551661356395084 0.012404016538688719
10 0.1381429221665908 0.14235085646780862 0.007737824305871643 0.005906674542232723
1 0.6156121984524351 0.14235085646780862 0.007737824305871643 0.004725339633786178
1 0.5040964952207556 0.14323685764914354 0.009558488848429678 0.005316007088009451
1 0.1297223486572599 0.14471352628470172 0.0036413290851160674 0.010632014176018901
10 0.2883477469276286 0.14530419373892497 0.015930814747382796 0.009450679267572357
1 0.07692307692307693 0.14855286473715298 0.007282658170232135 0.019492025989367986
10 0.202776513427401 0.1503248670998228 0.004096495220755576 0.011222681630242174
10 0.20801092398725535 0.1503248670998228 0.004551661356395084 0.011222681630242174
1 0.16385980883022302 0.15386887182516243 0.008192990441511151 0.005316007088009451
1 0.14815657715066 0.15652687536916715 0.005006827492034593 0.01535735380980508
1 0.12994993172507965 0.15741287655050207 0.004096495220755576 0.011222681630242174
10 0.1381429221665908 0.1600708800945068 0.00864815657715066 0.005906674542232723
1 0.5109239872553482 0.16125221500295334 0.00864815657715066 0.004725339633786178
1 0.3463814292216659 0.16154754873006497 0.0036413290851160674 0.011222681630242174
1 0.1624943104233045 0.16243354991139988 0.010013654984069186 0.0070880094506792675
10 0.33887118798361404 0.16361488481984643 0.00864815657715066 0.005906674542232723
1 0.6124260355029586 0.16479621972829298 0.004096495220755576 0.011813349084465446
10 0.6185707783340919 0.1650915534554046 0.0036413290851160674 0.01004134672179563
1 0.05302685480200273 0.16597755463673952 0.005917159763313609 0.014176018901358535
10 0.7428311333636778 0.16597755463673952 0.010923987255348202 0.005906674542232723
1 0.8525261720527992 0.16627288836385115 0.015475648611743286 0.008860011813349085
1 0.8065543923532089 0.16715888954518607 0.015475648611743286 0.008269344359125812
10 0.2052799271734183 0.16774955699940933 0.009103322712790168 0.005906674542232723
10 0.8409194355939918 0.16863555818074424 0.0031861629494765588 0.011222681630242174
10 0.33796085571233503 0.17217956290608388 0.00864815657715066 0.006497341996455995
1 0.3463814292216659 0.17336089781453043 0.0036413290851160674 0.011222681630242174
10 0.06440600819299044 0.17454223272297698 0.013199817933545745 0.01594802126402835
10 0.20459717796995905 0.17513290017720023 0.00864815657715066 0.005316007088009451
10 0.7428311333636778 0.17572356763142352 0.011834319526627219 0.006497341996455995
10 0.7280382339553937 0.17572356763142352 0.009558488848429678 0.005316007088009451
10 0.6181156121984525 0.1789722386296515 0.005461993627674101 0.011813349084465446
1 0.05348202093764224 0.1845835794447726 0.005006827492034593 0.017129356172474897
10 0.5131998179335457 0.18665091553455404 0.004096495220755576 0.010632014176018901
10 0.5072826581702321 0.18724158298877733 0.004096495220755576 0.011813349084465446
10 0.06053709604005462 0.18989958653278205 0.0036413290851160674 0.011222681630242174
1 0.2023213472917615 0.1910809214412286 0.005917159763313609 0.01594802126402835
1 0.20983158852981337 0.19167158889545186 0.0063723258989531175 0.01594802126402835
10 0.0671370050068275 0.19196692262256349 0.004096495220755576 0.011813349084465446
1 0.5095584888484297 0.1975782634376846 0.009558488848429678 0.006497341996455995
10 0.057123350022758305 0.19875959834613113 0.012289485662266727 0.006497341996455995
10 0.3309057806099226 0.21175428233904312 0.009103322712790168 0.005316007088009451
10 0.34365043240782883 0.21204961606615474 0.011834319526627219 0.008269344359125812
1 0.05370960400546199 0.21293561724748966 0.005461993627674101 0.014766686355581808
10 0.9267182521620392 0.21795629060838748 0.008192990441511151 0.004725339633786178
10 0.19663177059626763 0.22002362669816894 0.008192990441511151 0.006497341996455995
1 0.3454710969503869 0.22002362669816894 0.008192990441511151 0.005316007088009451
10 0.16021847974510697 0.22445363260484347 0.012744651797906235 0.0070880094506792675
10 0.17273554847519346 0.22445363260484347 0.00864815657715066 0.005906674542232723
1 0.9271734182976786 0.2279976373301831 0.011834319526627219 0.0070880094506792675
10 0.14747382794720074 0.22829297105729474 0.005461993627674101 0.014766686355581808
12 0.18525261720527994 0.22888363851151802 0.010013654984069186 0.014766686355581808
1 0.05279927173418298 0.23006497341996457 0.0036413290851160674 0.011222681630242174
10 0.06736458807464725 0.23154164205552275 0.005461993627674101 0.016538688718251624
10 0.05939918070095585 0.23124630832841112 0.005917159763313609 0.01594802126402835
10 0.6224396904870277 0.23390431187241584 0.007737824305871643 0.004725339633786178
10 0.611970869367319 0.23419964559952747 0.009558488848429678 0.006497341996455995
10 0.9253527537551206 0.23922031896042528 0.004551661356395084 0.011813349084465446
10 0.9312699135184342 0.23922031896042528 0.004551661356395084 0.010632014176018901
1 0.33227127901684117 0.24217365623154163 0.016385980883022302 0.009450679267572357
10 0.18843878015475649 0.24305965741287655 0.004551661356395084 0.012404016538688719
10 0.18206645425580337 0.2436503248670998 0.004551661356395084 0.012404016538688719
10 0.606508875739645 0.24985233313644417 0.005006827492034593 0.009450679267572357
10 0.05325443786982249 0.25103366804489075 0.0063723258989531175 0.016538688718251624
1 0.060309512972234865 0.25103366804489075 0.005006827492034593 0.01535735380980508
10 0.06736458807464725 0.25103366804489075 0.0063723258989531175 0.016538688718251624
10 0.6158397815202549 0.2528056704075605 0.008192990441511151 0.004725339633786178
10 0.7380518889394629 0.2551683402244536 0.00864815657715066 0.004725339633786178
10 0.7284934000910332 0.25605434140578853 0.00864815657715066 0.005316007088009451
10 0.8049613108784707 0.2575310100413467 0.00864815657715066 0.005906674542232723
10 0.10218479745106963 0.25782634376845837 0.006827492034592627 0.017129356172474897
10 0.09353664087391898 0.25782634376845837 0.005006827492034593 0.017129356172474897
10 0.8582157487482931 0.2587123449497933 0.004096495220755576 0.010632014176018901
1 0.8522985889849796 0.2590076786769049 0.004096495220755576 0.012404016538688719
10 0.8468365953573054 0.25930301240401654 0.005006827492034593 0.010632014176018901
10 0.812016385980883 0.26018901358535146 0.004551661356395084 0.01594802126402835
1 0.34820209376422395 0.261370348493798 0.004551661356395084 0.012404016538688719
1 0.6121984524351388 0.2622563496751329 0.004551661356395084 0.010632014176018901
10 0.6176604460628129 0.26196101594802124 0.0036413290851160674 0.01004134672179563
1 0.7375967228038234 0.26284701712935615 0.00864815657715066 0.005906674542232723
10 0.7280382339553937 0.2631423508564678 0.00864815657715066 0.006497341996455995
10 0.06417842512517069 0.26520968694624925 0.012744651797906235 0.0070880094506792675
1 0.8038233955393719 0.26520968694624925 0.009103322712790168 0.005906674542232723
1 0.05302685480200273 0.26934435912581217 0.005006827492034593 0.01535735380980508
10 0.590805644060082 0.2722976963969285 0.004551661356395084 0.011813349084465446
10 0.06417842512517069 0.27436503248670996 0.012744651797906235 0.00767867690490254
1 0.5104688211197087 0.27554636739515653 0.009558488848429678 0.005316007088009451
1 0.612881201638598 0.27731836975782637 0.0031861629494765588 0.012404016538688719
10 0.6183431952662722 0.27761370348493797 0.004096495220755576 0.011813349084465446
10 0.5116067364588075 0.2826343768458358 0.009103322712790168 0.005316007088009451
1 0.9196631770596267 0.29119905493207326 0.01775147928994083 0.008269344359125812
1 0.5914883932635412 0.29356172474896636 0.007737824305871643 0.021264028352037802
1 0.6121984524351388 0.2979917306556409 0.0036413290851160674 0.012404016538688719
10 0.6176604460628129 0.2982870643827525 0.004551661356395084 0.011813349084465446
1 0.3445607646791079 0.30330773774365033 0.010013654984069186 0.006497341996455995
1 0.9235320892125626 0.303603071470762 0.009103322712790168 0.005906674542232723
10 0.3443331816112881 0.31098641464855287 0.00864815657715066 0.005316007088009451
1 0.5013654984069186 0.31571175428233905 0.005006827492034593 0.01004134672179563
10 0.5072826581702321 0.31571175428233905 0.004096495220755576 0.011222681630242174
1 0.943559399180701 0.31659775546367397 0.016385980883022302 0.009450679267572357
5 0.9267182521620392 0.31718842291789723 0.016385980883022302 0.01535735380980508
10 0.3256713700500683 0.31718842291789723 0.00864815657715066 0.005906674542232723
10 0.9142011834319527 0.31807442409923214 0.005006827492034593 0.012404016538688719
10 0.6151570323167956 0.32132309509746015 0.005006827492034593 0.011813349084465446
1 0.6224396904870277 0.32722976963969286 0.006827492034592627 0.021264028352037802
1 0.33522985889849793 0.3284111045481394 0.004096495220755576 0.011813349084465446
10 0.929676832043696 0.32870643827525103 0.009558488848429678 0.006497341996455995
10 0.14724624487938098 0.33225044300059065 0.015930814747382796 0.01004134672179563
1 0.3438780154756486 0.33668044890726523 0.009558488848429678 0.005906674542232723
1 0.3229403732362312 0.33697578263437683 0.00864815657715066 0.005316007088009451
1 0.3438780154756486 0.34465445953927937 0.00864815657715066 0.005316007088009451
1 0.06895766954938552 0.35174246898995865 0.004096495220755576 0.012404016538688719
10 0.6131087847064178 0.3523331364441819 0.004551661356395084 0.011222681630242174
10 0.9176149294492489 0.35499113998818665 0.008192990441511151 0.005906674542232723
10 0.9173873463814293 0.36296515062020085 0.009558488848429678 0.006497341996455995
1 0.15020482476103778 0.3635558180744241 0.012744651797906235 0.00767867690490254
1 0.6121984524351388 0.3662138216184288 0.016385980883022302 0.008269344359125812
1 0.8293126991351844 0.3673951565268754 0.016385980883022302 0.008269344359125812
10 0.7553482020937642 0.3673951565268754 0.0031861629494765588 0.009450679267572357
10 0.1390532544378698 0.3691671588895452 0.005917159763313609 0.016538688718251624
10 0.8174783796085571 0.3694624926166568 0.0036413290851160674 0.011222681630242174
10 0.7189349112426036 0.37123449497932665 0.004096495220755576 0.012404016538688719
1 0.7134729176149295 0.370939161252215 0.005006827492034593 0.011813349084465446
10 0.15020482476103778 0.37241582988777316 0.011834319526627219 0.006497341996455995
10 0.7992717341829768 0.37448316597755466 0.009103322712790168 0.005906674542232723
1 0.7897132453345471 0.374187832250443 0.009103322712790168 0.005316007088009451
10 0.7726445152480655 0.37625516834022443 0.00864815657715066 0.005906674542232723
1 0.7624032771961766 0.37625516834022443 0.009103322712790168 0.005906674542232723
1 0.8632225762403277 0.3789131718842292 0.007737824305871643 0.021854695806261076
10 0.9239872553482021 0.3833431777909037 0.011834319526627219 0.0070880094506792675
10 0.07282658170232134 0.38600118133490846 0.009103322712790168 0.006497341996455995
10 0.8529813381884388 0.3865918487891317 0.009103322712790168 0.006497341996455995
10 0.06349567592171143 0.3880685174246899 0.005006827492034593 0.010632014176018901
12 0.054847519344560766 0.39072652096869465 0.010468821119708694 0.017129356172474897
10 0.07305416477014111 0.393679858239811 0.00864815657715066 0.005316007088009451
1 0.09831588529813381 0.4010632014176019 0.015475648611743286 0.008269344359125812
5 0.11515703231679562 0.4010632014176019 0.011834319526627219 0.01299468399291199
10 0.07282658170232134 0.40165386887182514 0.008192990441511151 0.005906674542232723
5 0.15043240782885753 0.406674542232723 0.030496131087847066 0.03484937979917307
1 0.05461993627674101 0.40726520968694624 0.016385980883022302 0.01004134672179563
10 0.0755575785161584 0.41376255168340226 0.008192990441511151 0.005316007088009451
12 0.09308147473827948 0.41878322504430004 0.012289485662266727 0.01535735380980508
10 0.07441966317705963 0.4214412285883048 0.00864815657715066 0.005316007088009451
1 0.055530268548020026 0.4226225634967513 0.016385980883022302 0.00767867690490254
1 0.11811561219845243 0.42291789722386297 0.005006827492034593 0.016538688718251624
1 0.12562585343650431 0.42291789722386297 0.0063723258989531175 0.016538688718251624
10 0.07419208010923987 0.4273479031305375 0.008192990441511151 0.005316007088009451
1 0.15976331360946747 0.43236857649143534 0.015475648611743286 0.009450679267572357
1 0.11060537096040055 0.4329592439456586 0.005461993627674101 0.016538688718251624
10 0.07578516158397815 0.43591258121677495 0.01137915339098771 0.0070880094506792675
12 0.0625853436504324 0.4365032486709982 0.01137915339098771 0.01535735380980508
10 0.0755575785161584 0.44418192557590075 0.008192990441511151 0.005906674542232723
10 0.08693673190714611 0.45215593620791494 0.008192990441511151 0.005316007088009451
10 0.07874374146563495 0.4548139397519197 0.0036413290851160674 0.011813349084465446
12 0.06941283568502503 0.45806261075014765 0.01137915339098771 0.017129356172474897
10 0.08739189804278562 0.4592439456585942 0.008192990441511151 0.005316007088009451
10 0.05780609922621757 0.4595392793857058 0.005461993627674101 0.01535735380980508
10 0.05166135639508421 0.4595392793857058 0.005917159763313609 0.016538688718251624
2 0.8236231224396905 0.04607206142941524 0.06690942193900774 0.03307737743650325
2 0.8766499772416932 0.046367395156526874 0.03823395539371871 0.032486709982279975
1 0.33181611288120166 0.4621972829297106 0.004551661356395084 0.014766686355581808
1 0.09922621756941284 0.46249261665682223 0.007282658170232135 0.021264028352037802
5 0.12494310423304505 0.4633786178381571 0.04050978607191625 0.030124040165386886
10 0.08375056895766955 0.4689899586532782 0.016385980883022302 0.009450679267572357
10 0.9010013654984069 0.47401063201417604 0.00864815657715066 0.005316007088009451
10 0.8755120619025945 0.4769639692852924 0.005006827492034593 0.012404016538688719
10 0.05461993627674101 0.4781453041937389 0.011834319526627219 0.00767867690490254
10 0.0785161583978152 0.4790313053750738 0.012289485662266727 0.0070880094506792675
10 0.9130632680928539 0.4793266391021855 0.008192990441511151 0.005316007088009451
10 0.3243058716431497 0.4819846426461902 0.004096495220755576 0.011813349084465446
10 0.32931269913518435 0.4816893089190786 0.0031861629494765588 0.011222681630242174
10 0.33909877105143377 0.4825753101004135 0.0036413290851160674 0.011813349084465446
10 0.9012289485662267 0.4828706438275251 0.009103322712790168 0.005316007088009451
10 0.06577150659990896 0.48346131128174835 0.005917159763313609 0.01594802126402835
10 0.38142922166590804 0.48582398109864144 0.004551661356395084 0.011222681630242174
10 0.10286754665452891 0.48582398109864144 0.009103322712790168 0.006497341996455995
10 0.9137460172963131 0.48670998227997636 0.006827492034592627 0.004725339633786178
1 0.054847519344560766 0.4873006497341996 0.012289485662266727 0.0070880094506792675
12 0.09126081019572144 0.48907265209686945 0.01137915339098771 0.016538688718251624
10 0.4403732362312244 0.48995865327820437 0.004096495220755576 0.011222681630242174
10 0.4351388256713701 0.490253987005316 0.004551661356395084 0.010632014176018901
10 0.4299044151115157 0.4911399881866509 0.005006827492034593 0.011222681630242174
1 0.3395539371870733 0.4943886591848789 0.0036413290851160674 0.011813349084465446
1 0.324988620846609 0.4949793266391022 0.0036413290851160674 0.010632014176018901
1 0.3295402822030041 0.4949793266391022 0.0036413290851160674 0.010632014176018901
10 0.40373236231224396 0.496751329001772 0.004551661356395084 0.011813349084465446
10 0.867546654528903 0.49704666272888365 0.008192990441511151 0.005316007088009451
10 0.8784706417842513 0.49704666272888365 0.008192990441511151 0.005316007088009451
10 0.3989531178880291 0.4976373301831069 0.005006827492034593 0.011222681630242174
1 0.07032316795630406 0.4988186650915535 0.015930814747382796 0.01004134672179563
12 0.05348202093764224 0.5029533372711164 0.010468821119708694 0.012404016538688719
1 0.43991807009558487 0.503248670998228 0.004096495220755576 0.011813349084465446
1 0.4299044151115157 0.5035440047253397 0.005006827492034593 0.012404016538688719
1 0.4346836595357305 0.503248670998228 0.004551661356395084 0.01299468399291199
1 0.9310423304506145 0.5038393384524513 0.004096495220755576 0.011813349084465446
10 0.37391898042785615 0.5062020082693444 0.004096495220755576 0.01299468399291199
10 0.3684569868001821 0.5062020082693444 0.005006827492034593 0.011813349084465446
10 0.9399180700955849 0.5082693443591259 0.010013654984069186 0.006497341996455995
1 0.38142922166590804 0.5091553455404607 0.0036413290851160674 0.011813349084465446
1 0.40395994538006375 0.5109273479031305 0.004096495220755576 0.011813349084465446
1 0.3991807009558489 0.5106320141760189 0.004551661356395084 0.011222681630242174
10 0.3889394629039599 0.5115180153573539 0.00864815657715066 0.005906674542232723
1 0.09262630860263997 0.5115180153573539 0.007737824305871643 0.021264028352037802
1 0.08329540282203005 0.5121086828115771 0.007282658170232135 0.021264028352037802
10 0.8682294037323623 0.5206733608978146 0.00864815657715066 0.006497341996455995
1 0.3695949021392808 0.5215593620791494 0.004551661356395084 0.011813349084465446
1 0.37414656349567593 0.5215593620791494 0.0036413290851160674 0.011813349084465446
10 0.8771051433773327 0.5233313644418193 0.004551661356395084 0.010632014176018901
10 0.8825671370050068 0.5236266981689309 0.004551661356395084 0.011222681630242174
10 0.41283568502503415 0.5242173656231541 0.004551661356395084 0.011222681630242174
10 0.4078288575329995 0.5245126993502658 0.004551661356395084 0.011813349084465446
10 0.4626763768775603 0.5248080330773774 0.004096495220755576 0.011222681630242174
10 0.4269458352298589 0.5248080330773774 0.004551661356395084 0.011222681630242174
10 0.45698680018206644 0.5253987005316008 0.004551661356395084 0.011222681630242174
10 0.4451524806554392 0.525989367985824 0.005461993627674101 0.011222681630242174
10 0.42216659080564406 0.5256940342587123 0.005006827492034593 0.011813349084465446
10 0.9415111515703232 0.5256940342587123 0.00864815657715066 0.0070880094506792675
10 0.43991807009558487 0.525989367985824 0.004096495220755576 0.012404016538688719
10 0.45152480655439237 0.525989367985824 0.004551661356395084 0.011222681630242174
10 0.919435593991807 0.5265800354400473 0.009103322712790168 0.006497341996455995
10 0.8686845698680018 0.5274660366213821 0.00864815657715066 0.005906674542232723
10 0.9000910332271279 0.5351447135262847 0.00864815657715066 0.005906674542232723
10 0.8900773782430588 0.534849379799173 0.00864815657715066 0.005316007088009451
1 0.6044606281292672 0.5354400472533963 0.011834319526627219 0.005316007088009451
1 0.4274010013654984 0.5354400472533963 0.0036413290851160674 0.00767867690490254
10 0.9119253527537551 0.535735380980508 0.004096495220755576 0.011813349084465446
1 0.42262175694128357 0.5360307147076196 0.004096495220755576 0.00767867690490254
1 0.4622212107419208 0.535735380980508 0.004096495220755576 0.0070880094506792675
1 0.4567592171142467 0.535735380980508 0.004096495220755576 0.0070880094506792675
1 0.5903504779244424 0.5360307147076196 0.008192990441511151 0.005316007088009451
10 0.9176149294492489 0.5363260484347312 0.005461993627674101 0.01299468399291199
1 0.4076012744651798 0.535735380980508 0.004096495220755576 0.0070880094506792675
1 0.4512972234865726 0.5360307147076196 0.004096495220755576 0.006497341996455995
1 0.4403732362312244 0.5363260484347312 0.004096495220755576 0.0070880094506792675
1 0.445380063723259 0.5363260484347312 0.004096495220755576 0.0070880094506792675
1 0.41329085116067366 0.5366213821618429 0.0036413290851160674 0.00767867690490254
1 0.08875739644970414 0.054341405788541054 0.0063723258989531175 0.02008269344359126
10 0.6565771506599909 0.5375073833431778 0.007737824305871643 0.005906674542232723
10 0.6670459717796996 0.538098050797401 0.009558488848429678 0.005906674542232723
1 0.7979062357760582 0.541346721795629 0.01456531634046427 0.008860011813349085
12 0.8771051433773327 0.5478440637920851 0.013654984069185253 0.014766686355581808
12 0.8989531178880291 0.5505020673360898 0.011834319526627219 0.016538688718251624
5 0.7621756941283568 0.5513880685174247 0.044151115157032315 0.03603071470761961
5 0.6449704142011834 0.5540460720614294 0.013654984069185253 0.04134672179562906
1 0.12949476558944015 0.5540460720614294 0.005917159763313609 0.018901358535144713
1 0.6554392353208921 0.5575900767867691 0.005461993627674101 0.01535735380980508
1 0.9269458352298588 0.5578854105138806 0.012289485662266727 0.006497341996455995
1 0.8060992262175695 0.5620200826934436 0.015475648611743286 0.008860011813349085
10 0.8716431497496586 0.5667454223272298 0.004551661356395084 0.011222681630242174
10 0.8780154756486117 0.5667454223272298 0.004551661356395084 0.012404016538688719
10 0.891670459717797 0.5667454223272298 0.004551661356395084 0.011222681630242174
10 0.8973600364132909 0.5667454223272298 0.005006827492034593 0.011222681630242174
10 0.9085116067364588 0.567336089781453 0.004551661356395084 0.01004134672179563
10 0.8832498862084661 0.5667454223272298 0.005006827492034593 0.011222681630242174
10 0.7913063268092854 0.567336089781453 0.005917159763313609 0.017129356172474897
10 0.8654984069185253 0.567336089781453 0.004096495220755576 0.011222681630242174
10 0.9030496131087847 0.567336089781453 0.004551661356395084 0.011222681630242174
1 0.9269458352298588 0.5676314235085647 0.013199817933545745 0.0070880094506792675
1 0.1338188438780155 0.570584760779681 0.015475648611743286 0.008269344359125812
10 0.8045061447428311 0.5744240992321323 0.013199817933545745 0.00767867690490254
1 0.134274010013655 0.5829887773183697 0.015475648611743286 0.0070880094506792675
10 0.6549840691852526 0.583579444772593 0.004551661356395084 0.011813349084465446
10 0.6440600819299044 0.583579444772593 0.004551661356395084 0.011813349084465446
10 0.6381429221665909 0.5844654459539279 0.0036413290851160674 0.011222681630242174
1 0.867546654528903 0.5844654459539279 0.004551661356395084 0.012404016538688719
10 0.6497496586253982 0.5847607796810396 0.004096495220755576 0.011813349084465446
1 0.08921256258534364 0.5886001181334909 0.004551661356395084 0.012404016538688719
10 0.08329540282203005 0.5888954518606024 0.004551661356395084 0.009450679267572357
1 0.04460628129267182 0.5897814530419374 0.02275830678197542 0.01594802126402835
10 0.07168866636322258 0.5903721204961606 0.00864815657715066 0.005316007088009451