10 0.259765625 0.952712100139082 0.0087890625 0.011126564673157162
2 0.026123046875 0.10013908205841446 0.02587890625 0.10570236439499305
10 0.609130859375 0.10570236439499305 0.02392578125 0.03337969401947149
2 0.896240234375 0.1070931849791377 0.10791015625 0.0917941585535466
10 0.659423828125 0.1070931849791377 0.00830078125 0.013908205841446454
10 0.7783203125 0.1105702364394993 0.021484375 0.02920723226703755
2 0.50244140625 0.11543810848400557 0.11328125 0.08623087621696801
10 0.233154296875 0.12308762169680111 0.02392578125 0.031988873435326845
10 0.65966796875 0.12308762169680111 0.0087890625 0.009735744089012517
2 0.108154296875 0.12239221140472879 0.10791015625 0.08344923504867872
10 0.658935546875 0.1376912378303199 0.00830078125 0.013908205841446454
10 0.414794921875 0.13908205841446453 0.00634765625 0.027816411682892908
10 0.431884765625 0.13908205841446453 0.00537109375 0.027816411682892908
10 0.40673828125 0.1411682892906815 0.0048828125 0.02920723226703755
10 0.422607421875 0.1411682892906815 0.00537109375 0.02920723226703755
10 0.714599609375 0.14255910987482615 0.00927734375 0.012517385257301807
10 0.608642578125 0.14464534075104313 0.02294921875 0.03337969401947149
10 0.76513671875 0.14951321279554938 0.0234375 0.03477051460361613
1 0.345458984375 0.15159944367176634 0.03173828125 0.10292072322670376
1 0.382080078125 0.1564673157162726 0.03271484375 0.09874826147426982
10 0.659912109375 0.1571627260083449 0.00927734375 0.011126564673157162
5 0.68798828125 0.15785813630041726 0.0283203125 0.06815020862308763
10 0.714111328125 0.16481223922114047 0.00830078125 0.012517385257301807
10 0.659912109375 0.17385257301808066 0.00927734375 0.011126564673157162
1 0.856689453125 0.17941585535465926 0.00732421875 0.03337969401947149
10 0.609130859375 0.18289290681502085 0.02392578125 0.03477051460361613
10 0.765625 0.18428372739916551 0.0244140625 0.031988873435326845
1 0.83642578125 0.18428372739916551 0.0224609375 0.0737134909596662
1 0.9453125 0.18636995827538247 0.005859375 0.030598052851182198
10 0.66015625 0.18915159944367177 0.0087890625 0.011126564673157162
1 0.462890625 0.18915159944367177 0.0068359375 0.03616133518776078
1 0.55078125 0.19541029207232266 0.0048828125 0.031988873435326845
1 0.570068359375 0.19680111265646733 0.02294921875 0.0737134909596662
1 0.070068359375 0.19819193324061196 0.00634765625 0.031988873435326845
10 0.71728515625 0.20375521557719053 0.0048828125 0.02642559109874826
10 0.7236328125 0.20375521557719053 0.0048828125 0.02364394993045897
1 0.179443359375 0.2051460361613352 0.02197265625 0.07927677329624479
1 0.159912109375 0.20723226703755215 0.00537109375 0.027816411682892908
2 0.983642578125 0.2795549374130737 0.03271484375 0.25869262865090403
2 0.0322265625 0.29902642559109877 0.0263671875 0.25034770514603616
10 0.7109375 0.34214186369958277 0.00390625 0.022253129346314324
5 0.509521484375 0.3609179415855355 0.02294921875 0.06815020862308763
5 0.482177734375 0.36300417246175243 0.02197265625 0.06954102920723226
5 0.616455078125 0.36300417246175243 0.02392578125 0.06954102920723226
5 0.56396484375 0.36300417246175243 0.021484375 0.06397774687065369
5 0.64404296875 0.36300417246175243 0.0244140625 0.07232267037552156
5 0.37451171875 0.36439499304589706 0.0234375 0.06675938803894298
5 0.59033203125 0.36439499304589706 0.0244140625 0.06675938803894298
5 0.4541015625 0.3657858136300417 0.0234375 0.07232267037552156
5 0.5361328125 0.3657858136300417 0.0205078125 0.0584144645340751
5 0.401611328125 0.3650904033379694 0.02294921875 0.06815020862308763
5 0.427978515625 0.3650904033379694 0.02294921875 0.06815020862308763
10 0.31494140625 0.3657858136300417 0.005859375 0.030598052851182198
10 0.25927734375 0.3671766342141864 0.0048828125 0.027816411682892908
5 0.68212890625 0.370653685674548 0.025390625 0.06258692628650904
10 0.1865234375 0.3720445062586926 0.00390625 0.02364394993045897
10 0.1748046875 0.3720445062586926 0.00390625 0.02642559109874826
10 0.19189453125 0.3720445062586926 0.00390625 0.02642559109874826
10 0.1806640625 0.3720445062586926 0.0048828125 0.02642559109874826
5 0.13232421875 0.39290681502086233 0.0224609375 0.06536856745479833
5 0.212646484375 0.4102920723226704 0.02880859375 0.06675938803894298
5 0.740966796875 0.4109874826147427 0.02294921875 0.06815020862308763
10 0.17431640625 0.43602225312934634 0.00390625 0.02920723226703755
10 0.1923828125 0.43602225312934634 0.0048828125 0.02642559109874826
10 0.18603515625 0.4381084840055633 0.00390625 0.025034770514603615
10 0.180908203125 0.437413073713491 0.00439453125 0.02642559109874826
10 0.92236328125 0.43949930458970793 0.005859375 0.025034770514603615
10 0.888916015625 0.44019471488178025 0.00634765625 0.02920723226703755
10 0.811279296875 0.44089012517385257 0.00634765625 0.030598052851182198
10 0.856689453125 0.4422809457579972 0.00537109375 0.027816411682892908
1 0.5341796875 0.49235048678720444 0.00390625 0.019471488178025034
1 0.517333984375 0.4916550764951321 0.00341796875 0.012517385257301807
1 0.50927734375 0.49304589707927676 0.0029296875 0.012517385257301807
1 0.530029296875 0.4937413073713491 0.00439453125 0.016689847009735744
1 0.520751953125 0.49304589707927676 0.00341796875 0.009735744089012517
1 0.505615234375 0.49304589707927676 0.00341796875 0.012517385257301807
1 0.497314453125 0.49304589707927676 0.00341796875 0.015299026425591099
1 0.4931640625 0.4951321279554937 0.0048828125 0.013908205841446454
1 0.8857421875 0.4965229485396384 0.02734375 0.0584144645340751
1 0.94189453125 0.4993045897079277 0.025390625 0.06397774687065369
1 0.98388671875 0.5 0.0234375 0.06258692628650904
1 0.58837890625 0.502086230876217 0.025390625 0.0584144645340751
1 0.805908203125 0.5013908205841446 0.02294921875 0.054242002781641166
1 0.772705078125 0.5034770514603616 0.02783203125 0.061196105702364396
10 0.623291015625 0.5090403337969402 0.00927734375 0.011126564673157162
5 0.13330078125 0.5104311543810849 0.0234375 0.06397774687065369
2 0.393310546875 0.5132127955493742 0.06103515625 0.04450625869262865
10 0.67578125 0.5243393602225312 0.0048828125 0.030598052851182198
5 0.623291015625 0.5521557719054242 0.02392578125 0.061196105702364396
10 0.60009765625 0.5528511821974965 0.009765625 0.01808066759388039
5 0.70849609375 0.5542420027816412 0.0263671875 0.048678720445062586
10 0.688720703125 0.5813630041724618 0.00439453125 0.030598052851182198
1 0.943603515625 0.5848400556328234 0.02197265625 0.05702364394993046
10 0.158203125 0.5924895688456189 0.0068359375 0.027816411682892908
1 0.55908203125 0.5966620305980529 0.0048828125 0.008344923504867872
1 0.98388671875 0.5973574408901252 0.0244140625 0.05702364394993046
10 0.0859375 0.5994436717663422 0.005859375 0.027816411682892908
10 0.043212890625 0.5994436717663422 0.00732421875 0.03337969401947149
10 0.598876953125 0.6022253129346314 0.00927734375 0.013908205841446454
5 0.709228515625 0.6154381084840056 0.02294921875 0.048678720445062586
1 0.559814453125 0.6189151599443672 0.00634765625 0.008344923504867872
5 0.658447265625 0.6203059805285118 0.02197265625 0.04728789986091794
5 0.623291015625 0.6258692628650904 0.02294921875 0.06675938803894298
10 0.405517578125 0.6265646731571627 0.00927734375 0.012517385257301807
5 0.382080078125 0.6279554937413073 0.02294921875 0.06258692628650904
5 0.8818359375 0.6293463143254521 0.037109375 0.16550764951321278
5 0.80126953125 0.6321279554937413 0.037109375 0.16828929068150209
1 0.55908203125 0.6349095966620306 0.005859375 0.009735744089012517
10 0.5986328125 0.6446453407510431 0.0087890625 0.012517385257301807
1 0.559814453125 0.6522948539638387 0.00634765625 0.011126564673157162
5 0.503662109375 0.6620305980528511 0.10302734375 0.29207232267037553
10 0.598876953125 0.6613351877607788 0.00830078125 0.012517385257301807
1 0.446533203125 0.6627260083449235 0.00634765625 0.006954102920723227
1 0.943359375 0.6668984700973575 0.0244140625 0.05702364394993046
10 0.3818359375 0.6696801112656467 0.009765625 0.012517385257301807
1 0.56005859375 0.672461752433936 0.0068359375 0.012517385257301807
1 0.4462890625 0.6738525730180807 0.005859375 0.006954102920723227
1 0.178466796875 0.674547983310153 0.00341796875 0.016689847009735744
1 0.20703125 0.6738525730180807 0.00390625 0.015299026425591099
1 0.18701171875 0.6738525730180807 0.00390625 0.015299026425591099
1 0.16650390625 0.6759388038942976 0.00390625 0.016689847009735744
10 0.16015625 0.6759388038942976 0.0048828125 0.030598052851182198
1 0.69482421875 0.6842837273991655 0.02734375 0.06675938803894298
10 0.6083984375 0.0702364394993046 0.0244140625 0.03477051460361613
5 0.721435546875 0.691933240611961 0.01513671875 0.043115438108484005
5 0.66259765625 0.6954102920723226 0.0166015625 0.04728789986091794
10 0.67529296875 0.6954102920723226 0.00390625 0.027816411682892908
1 0.44677734375 0.7023643949930459 0.005859375 0.008344923504867872
1 0.5693359375 0.7079276773296245 0.0048828125 0.008344923504867872
1 0.446533203125 0.7121001390820584 0.00537109375 0.008344923504867872
1 0.823486328125 0.07162726008344923 0.00830078125 0.031988873435326845
5 0.623291015625 0.7183588317107094 0.02587890625 0.06815020862308763
1 0.14111328125 0.721835883171071 0.02734375 0.03894297635605007
1 0.446533203125 0.7267037552155772 0.00537109375 0.012517385257301807
5 0.187744140625 0.7329624478442281 0.04443359375 0.08344923504867872
10 0.3818359375 0.7343532684283728 0.009765625 0.013908205841446454
10 0.705810546875 0.7336578581363005 0.00537109375 0.031988873435326845
1 0.447021484375 0.7371349095966621 0.00634765625 0.008344923504867872
1 0.684326171875 0.7364394993045897 0.00634765625 0.02642559109874826
1 0.697265625 0.7364394993045897 0.005859375 0.02920723226703755
1 0.691162109375 0.7371349095966621 0.00537109375 0.027816411682892908
5 0.3359375 0.7447844228094576 0.0634765625 0.11265646731571627
10 0.778076171875 0.07510431154381085 0.02294921875 0.03337969401947149
2 0.9794921875 0.07719054242002782 0.0244140625 0.11543810848400557
2 0.981201171875 0.7656467315716272 0.03759765625 0.17941585535465926
1 0.147705078125 0.7774687065368567 0.01123046875 0.016689847009735744
1 0.06591796875 0.782336578581363 0.02734375 0.037552155771905425
1 0.18505859375 0.7837273991655076 0.00390625 0.015299026425591099
1 0.19970703125 0.7851182197496523 0.0029296875 0.015299026425591099
5 0.242919921875 0.8031988873435327 0.02392578125 0.059805285118219746
1 0.528076171875 0.8164116828929068 0.00244140625 0.013908205841446454
1 0.531494140625 0.8164116828929068 0.00244140625 0.013908205841446454
1 0.51953125 0.8171070931849791 0.0029296875 0.012517385257301807
1 0.516357421875 0.8164116828929068 0.00341796875 0.013908205841446454
1 0.540283203125 0.8164116828929068 0.00244140625 0.013908205841446454
1 0.493408203125 0.8171070931849791 0.00341796875 0.015299026425591099
1 0.509521484375 0.8164116828929068 0.00341796875 0.013908205841446454
1 0.50537109375 0.8171070931849791 0.00390625 0.015299026425591099
1 0.497314453125 0.8178025034770514 0.00341796875 0.013908205841446454
1 0.543212890625 0.8178025034770514 0.00244140625 0.013908205841446454
10 0.6435546875 0.8247566063977747 0.009765625 0.013908205841446454
10 0.16943359375 0.827538247566064 0.009765625 0.011126564673157162
10 0.17919921875 0.8282336578581363 0.009765625 0.012517385257301807
10 0.149658203125 0.8282336578581363 0.00927734375 0.015299026425591099
10 0.19921875 0.8282336578581363 0.009765625 0.012517385257301807
10 0.189453125 0.827538247566064 0.009765625 0.011126564673157162
10 0.1591796875 0.8289290681502086 0.0087890625 0.011126564673157162
10 0.703369140625 0.8365785813630042 0.00927734375 0.012517385257301807
10 0.018798828125 0.8372739916550765 0.00537109375 0.027816411682892908
1 0.435791015625 0.8393602225312935 0.02490234375 0.054242002781641166
1 0.5693359375 0.08553546592489569 0.0107421875 0.043115438108484005
10 0.96826171875 0.8518776077885952 0.005859375 0.02642559109874826
10 0.703125 0.8532684283727399 0.0087890625 0.012517385257301807
10 0.70361328125 0.8706536856745479 0.0087890625 0.013908205841446454
5 0.673583984375 0.8741307371349096 0.03564453125 0.12100139082058414
1 0.180419921875 0.08762169680111266 0.01025390625 0.03894297635605007
5 0.24267578125 0.8783031988873435 0.0224609375 0.06536856745479833
10 0.703125 0.8845618915159944 0.009765625 0.013908205841446454
1 0.07373046875 0.8970792767732962 0.0107421875 0.011126564673157162
2 0.81640625 0.9068150208623088 0.064453125 0.055632823365785816
2 0.7490234375 0.911682892906815 0.033203125 0.043115438108484005
2 0.918701171875 0.9269819193324061 0.09033203125 0.07927677329624479
2 0.17236328125 0.9290681502086231 0.0712890625 0.06397774687065369
5 0.07177734375 0.9360222531293463 0.0234375 0.04728789986091794
10 0.259521484375 0.9374130737134909 0.00927734375 0.011126564673157162