10 0.5857763300760044 0.7428 0.016286644951140065 0.0088
10 0.5694896851248643 0.7464 0.01520086862106406 0.0144
10 0.47095548317046687 0.7576 0.017915309446254073 0.016
1 0.4516829533116178 0.7616 0.016286644951140065 0.0144
1 0.2890879478827362 0.7788 0.013572204125950055 0.0216
1 0.07763300760043432 0.8032 0.01520086862106406 0.016
1 0.6948968512486428 0.7424 0.01520086862106406 0.0176
1 0.5857763300760044 0.7552 0.014115092290988056 0.0128
1 0.1984256243213898 0.7956 0.03637350705754615 0.052
10 0.5689467969598263 0.7588 0.01520086862106406 0.0136
1 0.3306188925081433 0.784 0.01737242128121607 0.0176
10 0.4714983713355049 0.7728 0.016829533116178068 0.016
1 0.4533116178067318 0.7768 0.01520086862106406 0.0128
1 0.5879478827361564 0.766 0.01520086862106406 0.012
10 0.3314332247557003 0.796 0.019001085776330078 0.016
1 0.2909880564603692 0.802 0.016286644951140065 0.0232
1 0.4522258414766558 0.7884 0.019543973941368076 0.0168
1 0.09717698154180239 0.8276 0.05646036916395222 0.0536
1 0.5871335504885994 0.7772 0.015743756786102063 0.012
10 0.4717698154180239 0.79 0.016286644951140065 0.0136
10 0.3308903365906623 0.8056 0.02008686210640608 0.0192
1 0.7176981541802389 0.7704 0.02062975027144408 0.0176
10 0.4530401737242128 0.8012 0.014657980456026058 0.012
1 0.7000542888165038 0.776 0.01248642779587405 0.0128
1 0.5879478827361564 0.7884 0.013029315960912053 0.0136
10 0.47122692725298587 0.802 0.014115092290988056 0.0136
1 0.5882193268186754 0.8004 0.013572204125950055 0.0136
10 0.33767643865363733 0.8276 0.013029315960912053 0.02
1 0.43403908794788276 0.8184 0.01031487513572204 0.0192
1 0.3732356134636265 0.8244 0.01031487513572204 0.02
1 0.40770901194353965 0.8216 0.010857763300760043 0.0208
1 0.38246471226927253 0.824 0.011400651465798045 0.0224
1 0.4006514657980456 0.8228 0.011943539630836048 0.0216
10 0.4253528773072747 0.82 0.011400651465798045 0.0208
1 0.36427795874049945 0.826 0.010857763300760043 0.0216
1 0.4172095548317047 0.8208 0.009229098805646038 0.0176
10 0.3555917480998914 0.8268 0.010857763300760043 0.02
1 0.39033659066232357 0.8236 0.011943539630836048 0.02
1 0.28067318132464714 0.84 0.04017372421281216 0.0496
1 0.15228013029315962 0.8592 0.05374592833876222 0.088
1 0.5648751357220413 0.818 0.017915309446254073 0.0184
5 0.5339305103148752 0.8276 0.03311617806731813 0.0488
1 0.3569489685124864 0.85 0.01248642779587405 0.0232
1 0.6164495114006515 0.8248 0.011400651465798045 0.0208
1 0.3737785016286645 0.8504 0.011400651465798045 0.0176
10 0.6672095548317046 0.82 0.011943539630836048 0.024
1 0.6349077090119435 0.8232 0.011400651465798045 0.0224
1 0.38409337676438654 0.8488 0.013572204125950055 0.0208
1 0.4001085776330076 0.8472 0.010857763300760043 0.0208
1 0.6058631921824105 0.8268 0.010857763300760043 0.02
1 0.6414223669923995 0.8232 0.01248642779587405 0.0256
1 0.7033116178067318 0.8172 0.011400651465798045 0.0216
1 0.39060803474484257 0.8488 0.01248642779587405 0.0208
1 0.058903365906623234 0.8832 0.057003257328990226 0.0512
1 0.42888165038002174 0.846 0.009771986970684038 0.0184
1 0.6248642779587406 0.826 0.010857763300760043 0.0216
1 0.3346905537459283 0.856 0.01248642779587405 0.0208
1 0.6509229098805646 0.8232 0.009771986970684038 0.0208
1 0.6590662323561346 0.822 0.010857763300760043 0.02
1 0.4188382193268187 0.8468 0.01248642779587405 0.0216
1 0.6777958740499457 0.8208 0.01248642779587405 0.0224
10 0.40906623235613465 0.8488 0.01031487513572204 0.0208
1 0.6872964169381107 0.8224 0.01737242128121607 0.0256
1 0.11156351791530944 0.886 0.057003257328990226 0.0632
5 0.7204125950054289 0.8296 0.026058631921824105 0.0416
5 0.24429967426710097 0.8788 0.035830618892508145 0.0472
10 0.7052117263843648 0.838 0.011943539630836048 0.0216
10 0.6159066232356135 0.8508 0.011400651465798045 0.0232
1 0.6503800217155266 0.8476 0.009771986970684038 0.02
1 0.6245928338762216 0.8504 0.008143322475570033 0.0192
10 0.6598805646036916 0.8472 0.008143322475570033 0.0192
10 0.6696525515743756 0.8464 0.009229098805646038 0.0176
10 0.6411509229098805 0.85 0.009771986970684038 0.0232
10 0.36672095548317046 0.8836 0.01031487513572204 0.0168
10 0.3938653637350706 0.882 0.01031487513572204 0.02
10 0.3754071661237785 0.8832 0.01031487513572204 0.0192
10 0.40988056460369166 0.8812 0.009771986970684038 0.02
10 0.4020086862106406 0.8828 0.01248642779587405 0.02
10 0.38409337676438654 0.8844 0.008143322475570033 0.0216
10 0.42861020629750274 0.8804 0.011400651465798045 0.02
10 0.4185667752442997 0.8828 0.011943539630836048 0.0248
10 0.5450597176981542 0.8712 0.01737242128121607 0.016
1 0.5306731813246471 0.8804 0.014657980456026058 0.0216
10 0.25760043431053203 0.912 0.02225841476655809 0.0176
10 0.6264929424538545 0.8752 0.013029315960912053 0.0208
10 0.6596091205211726 0.8728 0.013029315960912053 0.0208
10 0.6422366992399565 0.8756 0.01520086862106406 0.0232
10 0.5483170466883822 0.8928 0.016286644951140065 0.0144
10 0.06406080347448426 0.9452 0.014115092290988056 0.0264
10 0.03664495114006515 0.9492 0.015743756786102063 0.0264
10 0.07600434310532031 0.9448 0.011943539630836048 0.0224
10 0.13002171552660152 0.9396 0.013572204125950055 0.028
10 0.04777415852334419 0.9484 0.013029315960912053 0.0312
10 0.09229098805646037 0.944 0.014115092290988056 0.024
10 0.10477741585233442 0.9424 0.01520086862106406 0.0272
10 0.11997828447339848 0.9416 0.013029315960912053 0.0256
5 0.507328990228013 0.9072 0.028773072747014114 0.0656
10 0.21199782844733986 0.94 0.013572204125950055 0.0288
1 0.5323018458197611 0.9064 0.013572204125950055 0.0224
2 0.016286644951140065 0.1244 0.03257328990228013 0.052
10 0.22421281216069489 0.9404 0.013029315960912053 0.0248
1 0.6359934853420195 0.8996 0.009229098805646038 0.0184
10 0.32274701411509227 0.9328 0.008143322475570033 0.0192
10 0.3732356134636265 0.928 0.01031487513572204 0.0208
10 0.6102062975027145 0.9032 0.013029315960912053 0.024
1 0.6438653637350705 0.9004 0.008686210640608035 0.0184
10 0.3471769815418024 0.9316 0.011400651465798045 0.02
10 0.36346362649294245 0.9296 0.009229098805646038 0.0192
1 0.6604234527687296 0.8988 0.01031487513572204 0.0216
10 0.3306188925081433 0.934 0.008686210640608035 0.0248
10 0.3545059717698154 0.9312 0.009771986970684038 0.0192
2 0.08089033659066232 0.1172 0.0998914223669924 0.0616
1 0.248642779587405 0.9444 0.03691639522258415 0.06
1 0.48588490770901194 0.92 0.011943539630836048 0.0256
1 0.06948968512486428 0.9784 0.023887079261672096 0.0288
1 0.1001628664495114 0.9772 0.025515743756786103 0.0264
1 0.04478827361563518 0.9828 0.024429967426710098 0.0248
1 0.1270358306188925 0.9748 0.02714440825190011 0.0296
10 0.1772529858849077 0.9708 0.014657980456026058 0.028
10 0.5325732899022801 0.9336 0.013029315960912053 0.0272
10 0.6088490770901195 0.9268 0.01031487513572204 0.0232
10 0.18756786102062975 0.9708 0.011400651465798045 0.028
10 0.5874049945711184 0.9308 0.010857763300760043 0.0264
10 0.5776330076004343 0.932 0.013029315960912053 0.024
10 0.5971769815418024 0.9308 0.013029315960912053 0.028
10 0.6202497285559175 0.9284 0.011400651465798045 0.028
10 0.7138979370249728 0.9332 0.008686210640608035 0.0264
10 0.7035830618892508 0.9348 0.011943539630836048 0.0232
10 0.6940825190010858 0.9364 0.01248642779587405 0.02
10 0.5450597176981542 0.9736 0.014115092290988056 0.0256
10 0.5567318132464713 0.9728 0.013572204125950055 0.0272
1 0.5317589576547231 0.9764 0.015743756786102063 0.0296
2 0.1995114006514658 0.1412 0.07763300760043432 0.0664
2 0.3121606948968513 0.1328 0.13246471226927253 0.0848
1 0.49348534201954397 0.1148 0.15960912052117263 0.0696
1 0.023072747014115092 0.1736 0.008143322475570033 0.0272
1 0.03284473398479913 0.1732 0.009229098805646038 0.0216
1 0.041530944625407164 0.172 0.01031487513572204 0.0224
1 0.0781758957654723 0.168 0.013029315960912053 0.0224
1 0.11129207383279044 0.1656 0.010857763300760043 0.0192
1 0.059174809989142235 0.1708 0.014115092290988056 0.028
1 0.10233441910966341 0.1664 0.008143322475570033 0.024
1 0.09527687296416938 0.1676 0.01031487513572204 0.0232
1 0.06948968512486428 0.1712 0.013029315960912053 0.0208
1 0.015472312703583062 0.1768 0.015743756786102063 0.0272
1 0.08631921824104234 0.1692 0.011943539630836048 0.02
10 0.035830618892508145 0.2032 0.010857763300760043 0.024
10 0.04478827361563518 0.2032 0.01031487513572204 0.0272
12 0.6604234527687296 0.1436 0.021172638436482084 0.036
5 0.6392508143322475 0.15 0.03203040173724213 0.0568
10 0.13300760043431054 0.2028 0.009771986970684038 0.0216
10 0.12106406080347448 0.2056 0.008686210640608035 0.0176
1 0.1460369163952226 0.2028 0.011943539630836048 0.0216
1 0.6115635179153095 0.1644 0.03854505971769816 0.0584
1 0.46281216069489683 0.1812 0.04288816503800217 0.0472
10 0.6615092290988056 0.1756 0.016829533116178068 0.0312
1 0.42806731813246474 0.2044 0.01248642779587405 0.0296
1 0.44218241042345274 0.2044 0.01248642779587405 0.0232
1 0.008957654723127036 0.2628 0.014657980456026058 0.028
5 0.02714440825190011 0.2724 0.029315960912052116 0.0456
1 0.42996742671009774 0.2516 0.016286644951140065 0.0232
10 0.08197611292073832 0.2908 0.021715526601520086 0.0312
5 0.14006514657980457 0.2964 0.12269272529858849 0.1752
1 0.20548317046688383 0.3 0.015743756786102063 0.0288
10 0.24104234527687296 0.3012 0.014115092290988056 0.0264
1 0.46226927252985883 0.2792 0.013572204125950055 0.0256
10 0.010857763300760043 0.3332 0.010857763300760043 0.028
5 0.031216069489685125 0.3376 0.02985884907709012 0.0432
1 0.4823561346362649 0.3052 0.01248642779587405 0.0296
1 0.24647122692725298 0.3384 0.04777415852334419 0.0448
10 0.024429967426710098 0.3688 0.02280130293159609 0.0192
10 0.5977198697068404 0.3128 0.008686210640608035 0.0224
10 0.6245928338762216 0.3112 0.011400651465798045 0.0256
10 0.6148208469055375 0.3124 0.01031487513572204 0.0216
10 0.6069489685124865 0.3136 0.011943539630836048 0.024
10 0.5901194353963084 0.316 0.010857763300760043 0.0224
1 0.5700325732899023 0.318 0.01520086862106406 0.0248
1 0.6330076004343105 0.312 0.009771986970684038 0.0256
1 0.51085776330076 0.3308 0.02062975027144408 0.028
12 0.04315960912052117 0.3792 0.02985884907709012 0.0336
1 0.42861020629750274 0.342 0.014657980456026058 0.0264
1 0.4378393051031487 0.3428 0.01248642779587405 0.0232
10 0.253257328990228 0.3768 0.02008686210640608 0.0288
10 0.18621064060803474 0.3912 0.019543973941368076 0.016
10 0.0494028230184582 0.406 0.01737242128121607 0.028
10 0.15092290988056462 0.3976 0.018458197611292075 0.016
1 0.7049402823018458 0.3416 0.021172638436482084 0.0272
12 0.16802388707926166 0.4036 0.016829533116178068 0.0424
1 0.1446796959826276 0.0568 0.021172638436482084 0.0192
10 0.18593919652551574 0.4064 0.015743756786102063 0.0112
10 0.15146579804560262 0.4104 0.01737242128121607 0.016
12 0.20521172638436483 0.4052 0.026058631921824105 0.0504
10 0.11427795874049945 0.4264 0.014657980456026058 0.024
1 0.12866449511400652 0.4252 0.018458197611292075 0.0248
1 0.09771986970684039 0.4288 0.021715526601520086 0.0224
10 0.18702497285559175 0.4192 0.016829533116178068 0.0176
10 0.15200868621064062 0.4228 0.01737242128121607 0.0152
1 0.6210640608034745 0.3836 0.02062975027144408 0.0248
1 0.6053203040173725 0.4012 0.01737242128121607 0.0152
1 0.4196525515743757 0.4232 0.019543973941368076 0.0144
1 0.6262214983713354 0.4112 0.019001085776330078 0.0176
1 0.6053203040173725 0.4156 0.018458197611292075 0.0152
1 0.7128121606948968 0.4056 0.023887079261672096 0.024
5 0.6688382193268186 0.4108 0.06948968512486428 0.1576
1 0.2766015200868621 0.4564 0.011400651465798045 0.0248
1 0.33686210640608033 0.4508 0.016829533116178068 0.0168
10 0.26384364820846906 0.4596 0.011943539630836048 0.028
1 0.10667752442996743 0.4796 0.023344191096634093 0.0296
1 0.6256786102062974 0.4416 0.015743756786102063 0.0208
1 0.7160694896851248 0.4364 0.02062975027144408 0.02
5 0.03637350705754615 0.5076 0.0727470141150923 0.092
5 0.5190010857763301 0.4704 0.16069489685124863 0.232
1 0.12947882736156352 0.5108 0.039630836047774155 0.0536
1 0.42888165038002174 0.4828 0.01737242128121607 0.0152
10 0.10993485342019543 0.518 0.02225841476655809 0.0184
5 0.3360477741585233 0.4952 0.04234527687296417 0.0608
10 0.6077633007600435 0.4704 0.016829533116178068 0.0128
1 0.1563517915309446 0.524 0.03474484256243214 0.0528
1 0.42861020629750274 0.496 0.017915309446254073 0.0128
1 0.7147122692725298 0.4688 0.019001085776330078 0.0208
1 0.18621064060803474 0.5248 0.011943539630836048 0.0224
1 0.1767100977198697 0.5272 0.013572204125950055 0.0224
10 0.10803474484256244 0.5348 0.021715526601520086 0.0184
10 0.6088490770901195 0.4832 0.019001085776330078 0.0112
10 0.38735070575461455 0.5068 0.016829533116178068 0.0216
10 0.42969598262757874 0.5096 0.017915309446254073 0.0112
1 0.41178067318132466 0.5136 0.017915309446254073 0.0208
1 0.6096634093376765 0.4988 0.018458197611292075 0.0168
1 0.07736156351791532 0.5708 0.04288816503800217 0.044
1 0.6099348534201955 0.5248 0.019001085776330078 0.016
10 0.25271444082519 0.5672 0.014657980456026058 0.032
10 0.21661237785016288 0.5728 0.01520086862106406 0.0272
1 0.23941368078175895 0.5708 0.014115092290988056 0.0344
1 0.2266558089033659 0.574 0.013572204125950055 0.0312
1 0.43322475570032576 0.5556 0.01520086862106406 0.0264
1 0.03610206297502715 0.5968 0.019001085776330078 0.024
10 0.3479913137893594 0.5704 0.013029315960912053 0.0256
1 0.35912052117263843 0.5708 0.01031487513572204 0.0216
1 0.6867535287730727 0.5368 0.04451682953311618 0.0448
5 0.018458197611292075 0.6188 0.03040173724212812 0.0568
10 0.08387622149837133 0.6144 0.02008686210640608 0.0144
10 0.1479370249728556 0.6096 0.019001085776330078 0.016
10 0.21661237785016288 0.6044 0.014115092290988056 0.0248
10 0.36020629750271443 0.592 0.013572204125950055 0.0224
10 0.03528773072747014 0.626 0.01737242128121607 0.0152
10 0.24131378935939196 0.6072 0.01031487513572204 0.0288
1 0.058903365906623234 0.6256 0.039630836047774155 0.0464
10 0.23181324647122692 0.6088 0.014115092290988056 0.0272
10 0.1479370249728556 0.628 0.017915309446254073 0.016
1 0.41123778501628666 0.602 0.03854505971769816 0.0504
10 0.03718783930510315 0.6408 0.015743756786102063 0.0176
1 0.08224755700325732 0.6392 0.030944625407166124 0.0448
1 0.11644951140065146 0.6372 0.057003257328990226 0.0552
1 0.5249728555917481 0.5952 0.011943539630836048 0.0208
1 0.5127578718783931 0.5972 0.013572204125950055 0.0232
1 0.44842562432138977 0.608 0.03691639522258415 0.0544
10 0.1984256243213898 0.6348 0.017915309446254073 0.0184
1 0.46742671009771986 0.6088 0.011943539630836048 0.0224
1 0.13707926167209555 0.6536 0.03745928338762215 0.0512
1 0.16965255157437567 0.6512 0.015743756786102063 0.0336
1 0.3792073832790445 0.634 0.039630836047774155 0.0504
1 0.25732899022801303 0.652 0.018458197611292075 0.0176
1 0.3946796959826276 0.6476 0.011943539630836048 0.0232
1 0.3534201954397394 0.6516 0.01520086862106406 0.0216
10 0.46688382193268185 0.6408 0.019543973941368076 0.0176
10 0.25922909880564604 0.6644 0.021172638436482084 0.0152
1 0.11617806731813246 0.68 0.035830618892508145 0.0448
10 0.4226384364820847 0.6516 0.01031487513572204 0.0216
10 0.4142236699239957 0.6536 0.010857763300760043 0.0224
10 0.40472312703583063 0.654 0.01031487513572204 0.0216
1 0.43213897937024975 0.6524 0.009771986970684038 0.0248
1 0.08604777415852334 0.6908 0.03203040173724213 0.0392
10 0.44706840390879476 0.6572 0.017915309446254073 0.0168
1 0.1737242128121607 0.6852 0.02062975027144408 0.0184
10 0.46688382193268185 0.6588 0.01737242128121607 0.0152
1 0.255971769815418 0.6808 0.019001085776330078 0.0176
10 0.15119435396308362 0.6916 0.017915309446254073 0.012
10 0.2700868621064061 0.6804 0.011400651465798045 0.0248
1 0.1742671009771987 0.698 0.018458197611292075 0.0104
10 0.46715526601520085 0.6696 0.017915309446254073 0.0128
1 0.25868621064060804 0.694 0.015743756786102063 0.0168
10 0.4495114006514658 0.6764 0.016286644951140065 0.0152
10 0.15200868621064062 0.7088 0.01520086862106406 0.0176
10 0.6935396308360477 0.6556 0.019001085776330078 0.0184
10 0.07084690553745929 0.7204 0.02008686210640608 0.0232
5 0.21579804560260588 0.7068 0.05808903365906623 0.1304
10 0.1742671009771987 0.7108 0.018458197611292075 0.0152
10 0.46742671009771986 0.6852 0.018458197611292075 0.0152
10 0.6932681867535287 0.6672 0.016286644951140065 0.0112
1 0.7111834961997828 0.666 0.019543973941368076 0.02
1 0.44815418023887077 0.6928 0.013572204125950055 0.0144
1 0.1758957654723127 0.7232 0.018458197611292075 0.0128
1 0.1240499457111835 0.7284 0.03637350705754615 0.0408
10 0.46796959826275786 0.6964 0.016286644951140065 0.0136
1 0.09147665580890336 0.7376 0.03311617806731813 0.0448
1 0.26221498371335505 0.7192 0.031487513572204126 0.0224
1 0.5836047774158524 0.6876 0.01737242128121607 0.0152
10 0.30836047774158526 0.7164 0.019543973941368076 0.0168
10 0.3287187839305103 0.7152 0.019001085776330078 0.0176
1 0.1750814332247557 0.7344 0.02008686210640608 0.016
1 0.09201954397394137 0.7436 0.03203040173724213 0.044
1 0.4492399565689468 0.7092 0.019001085776330078 0.0152
10 0.46878393051031486 0.7112 0.016829533116178068 0.0144
1 0.5844191096634094 0.7 0.017915309446254073 0.0112
1 0.25950054288816504 0.734 0.01737242128121607 0.0136
1 0.3281758957654723 0.7292 0.014657980456026058 0.0104
1 0.6932681867535287 0.6924 0.01520086862106406 0.0152
10 0.511943539630836 0.7104 0.014115092290988056 0.024
10 0.1758957654723127 0.7476 0.01737242128121607 0.0184
1 0.5390879478827362 0.7104 0.014115092290988056 0.024
10 0.5222584147665581 0.7128 0.010857763300760043 0.0208
1 0.4492399565689468 0.7228 0.014657980456026058 0.0152
1 0.5849619978284474 0.7112 0.014657980456026058 0.0128
5 0.38599348534201955 0.7324 0.08577633007600434 0.1336
1 0.15146579804560262 0.7588 0.04234527687296417 0.0632
10 0.3265472312703583 0.7416 0.016829533116178068 0.0176
1 0.26221498371335505 0.7484 0.019543973941368076 0.0168
1 0.6932681867535287 0.7056 0.018458197611292075 0.0176
1 0.5855048859934854 0.7228 0.014657980456026058 0.0136
10 0.08441910966340933 0.7772 0.019001085776330078 0.0168
1 0.11889250814332247 0.7776 0.04234527687296417 0.0528
1 0.5868621064060804 0.7324 0.01520086862106406 0.0136
10 0.47068403908794787 0.7448 0.01520086862106406 0.0128
1 0.24484256243213898 0.7696 0.019543973941368076 0.0256
1 0.4505971769815418 0.75 0.016286644951140065 0.0168
1 0.3300760043431053 0.7636 0.016286644951140065 0.0168