10 0.8597058823529412 0.6634097035040432 0.0029411764705882353 0.011455525606469003
1 0.2564705882352941 0.6657681940700808 0.010588235294117647 0.005390835579514825
10 0.4388235294117647 0.6661051212938005 0.0058823529411764705 0.0020215633423180594
12 0.8726470588235294 0.6671159029649596 0.013529411764705882 0.014824797843665768
10 0.45323529411764707 0.6677897574123989 0.007647058823529412 0.0026954177897574125
10 0.475 0.668800539083558 0.007647058823529412 0.0047169811320754715
10 0.8976470588235295 0.6704851752021563 0.004705882352941176 0.013477088948787063
1 0.255 0.6741913746630728 0.01 0.006064690026954178
10 0.45294117647058824 0.6752021563342318 0.009411764705882352 0.005390835579514825
10 0.4379411764705882 0.6762129380053908 0.007647058823529412 0.0033692722371967657
1 0.731764705882353 0.6799191374663073 0.007058823529411765 0.014824797843665768
1 0.055 0.6829514824797843 0.0029411764705882353 0.011455525606469003
1 0.25558823529411767 0.683288409703504 0.011176470588235295 0.005390835579514825
1 0.4555882352941176 0.6856469002695418 0.01 0.006064690026954178
1 0.4379411764705882 0.6859838274932615 0.007647058823529412 0.004043126684636119
12 0.655 0.6896900269541779 0.01588235294117647 0.02223719676549865
12 0.6291176470588236 0.6913746630727763 0.012352941176470587 0.02021563342318059
10 0.6688235294117647 0.6923854447439353 0.002352941176470588 0.010107816711590296
10 0.4388235294117647 0.6944070080862533 0.009411764705882352 0.0047169811320754715
10 0.6397058823529411 0.694743935309973 0.00411764705882353 0.01752021563342318
10 0.45588235294117646 0.694743935309973 0.009411764705882352 0.005390835579514825
1 0.055 0.7008086253369272 0.0029411764705882353 0.012129380053908356
1 0.2541176470588235 0.7011455525606469 0.01411764705882353 0.006064690026954178
10 0.4379411764705882 0.704177897574124 0.01 0.004043126684636119
10 0.45529411764705885 0.7045148247978437 0.009411764705882352 0.0047169811320754715
10 0.4373529411764706 0.7129380053908356 0.008823529411764706 0.004043126684636119
10 0.45441176470588235 0.7142857142857143 0.007647058823529412 0.004043126684636119
10 0.6397058823529411 0.7169811320754716 0.005294117647058823 0.012129380053908356
10 0.6705882352941176 0.7173180592991913 0.002352941176470588 0.01549865229110512
12 0.6264705882352941 0.7193396226415094 0.009411764705882352 0.012803234501347708
10 0.5732352941176471 0.7196765498652291 0.006470588235294118 0.013477088948787063
12 0.6558823529411765 0.7200134770889488 0.010588235294117647 0.01549865229110512
1 0.43823529411764706 0.7237196765498652 0.00823529411764706 0.004043126684636119
10 0.07205882352941176 0.7243935309973046 0.00411764705882353 0.013477088948787063
10 0.0811764705882353 0.7247304582210242 0.0035294117647058825 0.010107816711590296
1 0.06676470588235293 0.7254043126684636 0.0029411764705882353 0.014150943396226415
10 0.0976470588235294 0.7264150943396226 0.0035294117647058825 0.01078167115902965
10 0.105 0.727088948787062 0.00411764705882353 0.01078167115902965
10 0.0888235294117647 0.7267520215633423 0.002352941176470588 0.012803234501347708
5 0.34705882352941175 0.7311320754716981 0.12117647058823529 0.1320754716981132
1 0.4373529411764706 0.735512129380054 0.011176470588235295 0.006064690026954178
1 0.6635294117647059 0.7412398921832885 0.004705882352941176 0.014824797843665768
1 0.6717647058823529 0.741576819407008 0.004705882352941176 0.011455525606469003
10 0.6817647058823529 0.741576819407008 0.0035294117647058825 0.012803234501347708
10 0.6558823529411765 0.7419137466307277 0.0035294117647058825 0.012129380053908356
10 0.6888235294117647 0.7429245283018868 0.0035294117647058825 0.011455525606469003
10 0.6497058823529411 0.7429245283018868 0.00411764705882353 0.012803234501347708
10 0.865 0.7435983827493261 0.011176470588235295 0.006064690026954178
10 0.8458823529411764 0.7446091644204852 0.009411764705882352 0.005390835579514825
1 0.2585294117647059 0.7449460916442049 0.011176470588235295 0.007412398921832884
10 0.09235294117647058 0.746967654986523 0.004705882352941176 0.012803234501347708
12 0.07617647058823529 0.7483153638814016 0.013529411764705882 0.018194070080862535
12 0.8458823529411764 0.7628032345013477 0.009411764705882352 0.02021563342318059
10 0.5602941176470588 0.7638140161725068 0.01 0.0047169811320754715
10 0.09352941176470589 0.7658355795148248 0.004705882352941176 0.010107816711590296
10 0.07705882352941176 0.7675202156334232 0.012941176470588235 0.005390835579514825
10 0.5758823529411765 0.7688679245283019 0.004705882352941176 0.016172506738544475
5 0.7229411764705882 0.7756064690026954 0.01764705882352941 0.02021563342318059
10 0.8447058823529412 0.7803234501347709 0.011764705882352941 0.004043126684636119
10 0.866764705882353 0.7803234501347709 0.008823529411764706 0.004043126684636119
1 0.07029411764705883 0.7833557951482479 0.00411764705882353 0.011455525606469003
12 0.5591176470588235 0.7850404312668463 0.012352941176470587 0.01752021563342318
12 0.54 0.785377358490566 0.010588235294117647 0.01549865229110512
10 0.07823529411764706 0.7850404312668463 0.004705882352941176 0.013477088948787063
10 0.5752941176470588 0.7897574123989218 0.002352941176470588 0.012129380053908356
10 0.5823529411764706 0.7897574123989218 0.004705882352941176 0.012129380053908356
10 0.5902941176470589 0.7894204851752021 0.0029411764705882353 0.012803234501347708
10 0.5979411764705882 0.7900943396226415 0.00411764705882353 0.012803234501347708
10 0.8661764705882353 0.7900943396226415 0.01 0.0047169811320754715
10 0.8655882352941177 0.7988544474393531 0.01 0.006064690026954178
1 0.26029411764705884 0.8059299191374663 0.005294117647058823 0.01078167115902965
1 0.44088235294117645 0.8076145552560647 0.01 0.00876010781671159
10 0.8670588235294118 0.8103099730458221 0.009411764705882352 0.0033692722371967657
10 0.5538235294117647 0.8116576819407008 0.00411764705882353 0.011455525606469003
1 0.5705882352941176 0.8113207547169812 0.004705882352941176 0.012129380053908356
10 0.5614705882352942 0.8130053908355795 0.005294117647058823 0.010107816711590296
1 0.5467647058823529 0.8130053908355795 0.00411764705882353 0.012803234501347708
10 0.2664705882352941 0.8157008086253369 0.004705882352941176 0.007412398921832884
5 0.6008823529411764 0.8190700808625337 0.02411764705882353 0.024932614555256066
10 0.865 0.8194070080862533 0.011176470588235295 0.0026954177897574125
10 0.27147058823529413 0.8214285714285714 0.0017647058823529412 0.01078167115902965
5 0.0811764705882353 0.8278301886792453 0.018823529411764704 0.027628032345013476
1 0.8673529411764705 0.8285040431266847 0.01 0.0047169811320754715
1 0.27794117647058825 0.8305256064690026 0.00411764705882353 0.011455525606469003
10 0.40794117647058825 0.8318733153638814 0.008823529411764706 0.010107816711590296
12 0.8476470588235294 0.8332210242587601 0.010588235294117647 0.01954177897574124
10 0.8652941176470588 0.8372641509433962 0.010588235294117647 0.0033692722371967657
12 0.10323529411764706 0.8413072776280324 0.01 0.01954177897574124
1 0.3982352941176471 0.8436657681940701 0.00823529411764706 0.008086253369272238
1 0.4188235294117647 0.8446765498652291 0.009411764705882352 0.010107816711590296
10 0.8661764705882353 0.8466981132075472 0.01 0.0047169811320754715
10 0.865 0.8557951482479784 0.01 0.005390835579514825
10 0.3002941176470588 0.860512129380054 0.0029411764705882353 0.013477088948787063
10 0.866764705882353 0.8648921832884097 0.008823529411764706 0.0047169811320754715
1 0.08705882352941176 0.8662398921832885 0.0035294117647058825 0.012803234501347708
10 0.07147058823529412 0.866576819407008 0.00411764705882353 0.012129380053908356
10 0.07882352941176471 0.866576819407008 0.0035294117647058825 0.009433962264150943
5 0.721764705882353 0.8679245283018868 0.02 0.0215633423180593
1 0.3514705882352941 0.8733153638814016 0.00411764705882353 0.014824797843665768
12 0.10205882352941177 0.8783692722371967 0.01 0.01549865229110512
1 0.7438235294117647 0.886455525606469 0.005294117647058823 0.014150943396226415
10 0.0861764705882353 0.8861185983827493 0.0029411764705882353 0.014824797843665768
10 0.3176470588235294 0.8904986522911051 0.0035294117647058825 0.014150943396226415
1 0.6982352941176471 0.8915094339622641 0.004705882352941176 0.008086253369272238
1 0.3526470588235294 0.8925202156334232 0.00411764705882353 0.010107816711590296
1 0.6817647058823529 0.894878706199461 0.004705882352941176 0.014824797843665768
10 0.6905882352941176 0.8952156334231806 0.001176470588235294 0.012803234501347708
10 0.6735294117647059 0.8952156334231806 0.0035294117647058825 0.014150943396226415
10 0.10176470588235294 0.89588948787062 0.007058823529411765 0.0047169811320754715
10 0.5370588235294118 0.8972371967654986 0.004705882352941176 0.012803234501347708
10 0.5944117647058823 0.897911051212938 0.0029411764705882353 0.012803234501347708
1 0.6032352941176471 0.897911051212938 0.00411764705882353 0.012803234501347708
10 0.5858823529411765 0.897911051212938 0.0035294117647058825 0.011455525606469003
5 0.4176470588235294 0.898921832884097 0.10941176470588235 0.0646900269541779
10 0.10058823529411764 0.9076819407008087 0.007058823529411765 0.004043126684636119
1 0.7508823529411764 0.9090296495956873 0.00411764705882353 0.016172506738544475
10 0.31558823529411767 0.9100404312668463 0.00411764705882353 0.011455525606469003
1 0.3517647058823529 0.9113881401617251 0.0058823529411764705 0.014150943396226415
10 0.6747058823529412 0.9147574123989218 0.0035294117647058825 0.012803234501347708
10 0.68 0.9150943396226415 0.0035294117647058825 0.012129380053908356
10 0.6894117647058824 0.9164420485175202 0.004705882352941176 0.01078167115902965
10 0.6232352941176471 0.9231805929919138 0.0029411764705882353 0.01078167115902965
10 0.6079411764705882 0.9238544474393531 0.00411764705882353 0.013477088948787063
10 0.63 0.9248652291105122 0.0035294117647058825 0.012803234501347708
10 0.615 0.9255390835579514 0.0029411764705882353 0.011455525606469003
10 0.3176470588235294 0.9282345013477089 0.0035294117647058825 0.010107816711590296
1 0.35294117647058826 0.9285714285714286 0.004705882352941176 0.01078167115902965
1 0.051470588235294115 0.9289083557951483 0.00411764705882353 0.01549865229110512
1 0.4108823529411765 0.9518194070080862 0.012352941176470587 0.0047169811320754715
1 0.05 0.9538409703504043 0.004705882352941176 0.012803234501347708
10 0.7214705882352941 0.08692722371967655 0.00411764705882353 0.01078167115902965
10 0.7311764705882353 0.08692722371967655 0.0035294117647058825 0.01078167115902965
10 0.6544117647058824 0.08861185983827494 0.00411764705882353 0.012803234501347708
10 0.6458823529411765 0.0889487870619946 0.0058823529411764705 0.013477088948787063
10 0.7305882352941176 0.1047843665768194 0.0035294117647058825 0.010107816711590296
10 0.7208823529411764 0.10512129380053908 0.00411764705882353 0.013477088948787063
1 0.9285294117647059 0.10646900269541779 0.008823529411764706 0.005390835579514825
10 0.655 0.10680592991913747 0.00411764705882353 0.011455525606469003
10 0.8961764705882352 0.10680592991913747 0.0029411764705882353 0.011455525606469003
10 0.903235294117647 0.10747978436657682 0.00411764705882353 0.011455525606469003
10 0.645 0.10882749326145552 0.006470588235294118 0.011455525606469003
1 0.2338235294117647 0.11522911051212938 0.01 0.005390835579514825
1 0.5179411764705882 0.11657681940700809 0.00411764705882353 0.01078167115902965
1 0.26176470588235295 0.1179245283018868 0.004705882352941176 0.013477088948787063
10 0.2447058823529412 0.11758760107816711 0.004705882352941176 0.012803234501347708
1 0.28705882352941176 0.11859838274932614 0.004705882352941176 0.012129380053908356
10 0.2782352941176471 0.11826145552560646 0.004705882352941176 0.011455525606469003
10 0.5026470588235294 0.11859838274932614 0.00411764705882353 0.013477088948787063
10 0.30264705882352944 0.11826145552560646 0.0029411764705882353 0.012803234501347708
1 0.45676470588235296 0.11893530997304583 0.0029411764705882353 0.010107816711590296
10 0.2520588235294118 0.11893530997304583 0.00411764705882353 0.014150943396226415
10 0.29411764705882354 0.11893530997304583 0.0035294117647058825 0.014150943396226415
10 0.3391176470588235 0.1192722371967655 0.0029411764705882353 0.013477088948787063
10 0.5264705882352941 0.1192722371967655 0.002352941176470588 0.01078167115902965
1 0.44794117647058823 0.1192722371967655 0.0029411764705882353 0.013477088948787063
1 0.5429411764705883 0.1192722371967655 0.0058823529411764705 0.013477088948787063
10 0.5079411764705882 0.11994609164420485 0.00411764705882353 0.012129380053908356
10 0.26941176470588235 0.11960916442048518 0.0035294117647058825 0.012803234501347708
10 0.34705882352941175 0.11960916442048518 0.004705882352941176 0.014150943396226415
1 0.31029411764705883 0.11994609164420485 0.00411764705882353 0.013477088948787063
1 0.3538235294117647 0.11960916442048518 0.0029411764705882353 0.012803234501347708
1 0.47294117647058825 0.12028301886792453 0.004705882352941176 0.011455525606469003
10 0.5338235294117647 0.12095687331536388 0.00411764705882353 0.012803234501347708
12 0.3679411764705882 0.12095687331536388 0.008823529411764706 0.02223719676549865
12 0.3247058823529412 0.12129380053908356 0.012941176470588235 0.02021563342318059
12 0.39676470588235296 0.12230458221024258 0.01588235294117647 0.020889487870619946
12 0.8505882352941176 0.12264150943396226 0.01764705882352941 0.02021563342318059
1 0.7208823529411764 0.12331536388140162 0.005294117647058823 0.012129380053908356
1 0.73 0.12466307277628032 0.0035294117647058825 0.012129380053908356
10 0.23294117647058823 0.1263477088948787 0.009411764705882352 0.0047169811320754715
10 0.8379411764705882 0.12870619946091644 0.0029411764705882353 0.01078167115902965
12 0.6426470588235295 0.1351078167115903 0.013529411764705882 0.020889487870619946
10 0.2535294117647059 0.136455525606469 0.002352941176470588 0.010107816711590296
10 0.28647058823529414 0.13611859838274934 0.0035294117647058825 0.013477088948787063
1 0.27 0.136455525606469 0.0035294117647058825 0.012803234501347708
10 0.2782352941176471 0.136455525606469 0.0035294117647058825 0.011455525606469003
10 0.26235294117647057 0.13712938005390835 0.002352941176470588 0.011455525606469003
10 0.2938235294117647 0.13679245283018868 0.00411764705882353 0.01078167115902965
1 0.245 0.13712938005390835 0.00411764705882353 0.010107816711590296
10 0.3014705882352941 0.1378032345013477 0.00411764705882353 0.012803234501347708
10 0.4641176470588235 0.13746630727762804 0.0035294117647058825 0.012129380053908356
10 0.23294117647058823 0.13847708894878707 0.010588235294117647 0.006064690026954178
1 0.47294117647058825 0.13948787061994608 0.0035294117647058825 0.013477088948787063
12 0.8552941176470589 0.14757412398921832 0.011764705882352941 0.014824797843665768
10 0.8385294117647059 0.14824797843665768 0.00411764705882353 0.01078167115902965
1 0.8208823529411765 0.14858490566037735 0.00411764705882353 0.011455525606469003
1 0.8305882352941176 0.14925876010781672 0.0035294117647058825 0.011455525606469003
10 0.8120588235294117 0.1495956873315364 0.00411764705882353 0.012129380053908356
1 0.6355882352941177 0.15869272237196766 0.00411764705882353 0.012803234501347708
12 0.6932352941176471 0.1597035040431267 0.014705882352941176 0.02021563342318059
10 0.6447058823529411 0.159366576819407 0.0058823529411764705 0.014150943396226415
10 0.7279411764705882 0.16037735849056603 0.00411764705882353 0.012129380053908356
10 0.6555882352941177 0.16037735849056603 0.00411764705882353 0.013477088948787063
1 0.711764705882353 0.16037735849056603 0.004705882352941176 0.012129380053908356
10 0.736764705882353 0.16037735849056603 0.005294117647058823 0.013477088948787063
10 0.7182352941176471 0.1610512129380054 0.0035294117647058825 0.014824797843665768
10 0.8308823529411765 0.16610512129380053 0.00411764705882353 0.011455525606469003
10 0.8382352941176471 0.1667789757412399 0.0035294117647058825 0.012803234501347708
10 0.82 0.16745283018867924 0.0035294117647058825 0.014150943396226415
10 0.8126470588235294 0.16745283018867924 0.0029411764705882353 0.012803234501347708
12 0.8561764705882353 0.16981132075471697 0.01 0.014824797843665768
10 0.8002941176470588 0.17284366576819407 0.00411764705882353 0.011455525606469003
10 0.7902941176470588 0.1725067385444744 0.0029411764705882353 0.013477088948787063
10 0.7788235294117647 0.17318059299191374 0.0035294117647058825 0.013477088948787063
10 0.7694117647058824 0.17419137466307277 0.004705882352941176 0.012803234501347708
10 0.10911764705882353 0.17587601078167117 0.00411764705882353 0.01078167115902965
1 0.1261764705882353 0.18867924528301888 0.014705882352941176 0.006738544474393531
10 0.7685294117647059 0.19171159029649595 0.0029411764705882353 0.011455525606469003
10 0.7785294117647059 0.19204851752021562 0.00411764705882353 0.01078167115902965
10 0.7885294117647059 0.19305929919137466 0.0029411764705882353 0.010107816711590296
10 0.7976470588235294 0.19339622641509435 0.002352941176470588 0.012129380053908356
5 0.7291176470588235 0.19339622641509435 0.02411764705882353 0.018867924528301886
5 0.6455882352941177 0.19440700808625336 0.031176470588235295 0.01549865229110512
12 0.6952941176470588 0.1957547169811321 0.01647058823529412 0.018194070080862535
10 0.13352941176470587 0.20518867924528303 0.004705882352941176 0.014150943396226415
10 0.11029411764705882 0.20518867924528303 0.0029411764705882353 0.010107816711590296
10 0.125 0.2055256064690027 0.0029411764705882353 0.012129380053908356
1 0.11823529411764706 0.20619946091644206 0.002352941176470588 0.01078167115902965
10 0.825 0.21361185983827494 0.00411764705882353 0.012129380053908356
1 0.68 0.22338274932614555 0.004705882352941176 0.012803234501347708
12 0.6938235294117647 0.22506738544474394 0.014705882352941176 0.018867924528301886
1 0.7094117647058824 0.22473045822102425 0.0058823529411764705 0.01549865229110512
10 0.40058823529411763 0.22742587601078168 0.00823529411764706 0.0047169811320754715
1 0.3688235294117647 0.22809973045822102 0.009411764705882352 0.0033692722371967657
1 0.4561764705882353 0.2284366576819407 0.011176470588235295 0.004043126684636119
1 0.38441176470588234 0.2284366576819407 0.011176470588235295 0.005390835579514825
1 0.43970588235294117 0.2284366576819407 0.01 0.0026954177897574125
10 0.41823529411764704 0.22877358490566038 0.009411764705882352 0.0047169811320754715
10 0.4717647058823529 0.22877358490566038 0.010588235294117647 0.0033692722371967657
10 0.48823529411764705 0.22911051212938005 0.009411764705882352 0.004043126684636119
1 0.7658823529411765 0.23012129380053908 0.004705882352941176 0.018194070080862535
1 0.8126470588235294 0.23349056603773585 0.00411764705882353 0.014150943396226415
10 0.10882352941176471 0.2341644204851752 0.004705882352941176 0.01549865229110512
10 0.8232352941176471 0.23483827493261455 0.0029411764705882353 0.011455525606469003
1 0.9129411764705883 0.23753369272237196 0.004705882352941176 0.016846361185983826
1 0.41794117647058826 0.23820754716981132 0.011176470588235295 0.0047169811320754715
10 0.4379411764705882 0.23820754716981132 0.008823529411764706 0.0033692722371967657
10 0.47058823529411764 0.23820754716981132 0.011764705882352941 0.0047169811320754715
10 0.3847058823529412 0.238544474393531 0.009411764705882352 0.0026954177897574125
10 0.45529411764705885 0.23921832884097036 0.010588235294117647 0.005390835579514825
1 0.48823529411764705 0.23888140161725066 0.00823529411764706 0.0047169811320754715
10 0.3679411764705882 0.23921832884097036 0.011176470588235295 0.004043126684636119
10 0.40294117647058825 0.23921832884097036 0.012941176470588235 0.004043126684636119
5 0.8723529411764706 0.2398921832884097 0.015294117647058824 0.02021563342318059
1 0.7364705882352941 0.25067385444743934 0.0035294117647058825 0.01078167115902965
1 0.7261764705882353 0.25067385444743934 0.005294117647058823 0.013477088948787063
10 0.8244117647058824 0.25202156334231807 0.0029411764705882353 0.012129380053908356
1 0.75 0.2526954177897574 0.0035294117647058825 0.013477088948787063
1 0.8147058823529412 0.2526954177897574 0.002352941176470588 0.013477088948787063
1 0.7585294117647059 0.25336927223719674 0.00411764705882353 0.01078167115902965
1 0.7667647058823529 0.25370619946091644 0.00411764705882353 0.010107816711590296
1 0.9126470588235294 0.26516172506738545 0.00411764705882353 0.011455525606469003
1 0.668235294117647 0.2702156334231806 0.00823529411764706 0.005390835579514825
1 0.8208823529411765 0.27088948787061995 0.00411764705882353 0.01078167115902965
1 0.8358823529411765 0.27088948787061995 0.004705882352941176 0.01078167115902965
1 0.8758823529411764 0.27088948787061995 0.0035294117647058825 0.01078167115902965
10 0.8694117647058823 0.27122641509433965 0.002352941176470588 0.00876010781671159
1 0.8132352941176471 0.2715633423180593 0.005294117647058823 0.01078167115902965
1 0.7361764705882353 0.271900269541779 0.005294117647058823 0.010107816711590296
1 0.8444117647058823 0.2715633423180593 0.0029411764705882353 0.009433962264150943
1 0.7979411764705883 0.271900269541779 0.0029411764705882353 0.011455525606469003
1 0.8514705882352941 0.2722371967654987 0.0017647058823529412 0.012129380053908356
1 0.7673529411764706 0.2722371967654987 0.0017647058823529412 0.008086253369272238
1 0.6876470588235294 0.2725741239892183 0.009411764705882352 0.0033692722371967657
1 0.7052941176470588 0.2725741239892183 0.009411764705882352 0.0047169811320754715
10 0.8608823529411764 0.27324797843665766 0.005294117647058823 0.011455525606469003
1 0.7608823529411765 0.2742587601078167 0.00411764705882353 0.01078167115902965
1 0.2776470588235294 0.2759433962264151 0.004705882352941176 0.016846361185983826
1 0.10823529411764705 0.27897574123989216 0.004705882352941176 0.014824797843665768
10 0.1161764705882353 0.27964959568733155 0.005294117647058823 0.013477088948787063
5 0.3191176470588235 0.28099730458221023 0.05352941176470588 0.03773584905660377
1 0.706764705882353 0.2813342318059299 0.008823529411764706 0.0047169811320754715
10 0.6897058823529412 0.283355795148248 0.008823529411764706 0.0033692722371967657
10 0.46588235294117647 0.28369272237196763 0.011764705882352941 0.005390835579514825
10 0.6723529411764706 0.28402964959568733 0.007058823529411765 0.0033692722371967657
5 0.21529411764705883 0.28470350404312667 0.11294117647058824 0.03840970350404313
10 0.533235294117647 0.2887466307277628 0.00411764705882353 0.012803234501347708
10 0.8676470588235294 0.28975741239892183 0.002352941176470588 0.01078167115902965
1 0.7073529411764706 0.29076819407008087 0.006470588235294118 0.0047169811320754715
1 0.8438235294117648 0.29110512129380056 0.0029411764705882353 0.009433962264150943
10 0.8770588235294118 0.29110512129380056 0.004705882352941176 0.009433962264150943
10 0.6885294117647058 0.2921159029649596 0.008823529411764706 0.0033692722371967657
1 0.8514705882352941 0.2921159029649596 0.005294117647058823 0.012803234501347708
10 0.6705882352941176 0.29245283018867924 0.00823529411764706 0.004043126684636119
10 0.4667647058823529 0.2944743935309973 0.007647058823529412 0.0026954177897574125
10 0.11676470588235294 0.2971698113207547 0.0029411764705882353 0.01078167115902965
1 0.7070588235294117 0.30087601078167114 0.007058823529411765 0.0033692722371967657
10 0.6885294117647058 0.3025606469002695 0.007647058823529412 0.004043126684636119
10 0.6729411764705883 0.3022237196765499 0.007058823529411765 0.0020215633423180594
10 0.46705882352941175 0.3032345013477089 0.007058823529411765 0.0026954177897574125
10 0.706764705882353 0.3109838274932615 0.007647058823529412 0.0020215633423180594
10 0.6735294117647059 0.3109838274932615 0.007058823529411765 0.0033692722371967657
10 0.6547058823529411 0.3116576819407008 0.007058823529411765 0.0033692722371967657
10 0.6894117647058824 0.31233153638814015 0.00823529411764706 0.0020215633423180594
1 0.4667647058823529 0.31266846361185985 0.008823529411764706 0.004043126684636119
1 0.11647058823529412 0.3143530997304582 0.0035294117647058825 0.011455525606469003
5 0.33852941176470586 0.318733153638814 0.01588235294117647 0.009433962264150943
10 0.6552941176470588 0.3204177897574124 0.004705882352941176 0.0033692722371967657
10 0.6720588235294118 0.32142857142857145 0.005294117647058823 0.006738544474393531
1 0.7079411764705882 0.32142857142857145 0.008823529411764706 0.004043126684636119
10 0.46647058823529414 0.32142857142857145 0.011764705882352941 0.004043126684636119
10 0.6888235294117647 0.32142857142857145 0.009411764705882352 0.0026954177897574125
10 0.145 0.3251347708894879 0.0029411764705882353 0.014150943396226415
10 0.17588235294117646 0.3251347708894879 0.0035294117647058825 0.014150943396226415
10 0.2488235294117647 0.32547169811320753 0.0035294117647058825 0.01078167115902965
10 0.1526470588235294 0.32648247978436656 0.00411764705882353 0.012803234501347708
10 0.15970588235294117 0.32648247978436656 0.0029411764705882353 0.012803234501347708
10 0.16647058823529412 0.32648247978436656 0.002352941176470588 0.012803234501347708
10 0.24029411764705882 0.32715633423180596 0.0029411764705882353 0.011455525606469003
1 0.23147058823529412 0.3274932614555256 0.00411764705882353 0.01078167115902965
10 0.20441176470588235 0.3274932614555256 0.0029411764705882353 0.012129380053908356
12 0.18705882352941178 0.330188679245283 0.010588235294117647 0.02021563342318059
1 0.7061764705882353 0.3305256064690027 0.007647058823529412 0.0047169811320754715
12 0.215 0.3308625336927224 0.012352941176470587 0.016172506738544475
10 0.46647058823529414 0.3308625336927224 0.009411764705882352 0.004043126684636119
10 0.6891176470588235 0.3308625336927224 0.011176470588235295 0.0026954177897574125
10 0.655 0.33153638814016173 0.011176470588235295 0.004043126684636119
10 0.6723529411764706 0.3335579514824798 0.007058823529411765 0.005390835579514825
10 0.10411764705882352 0.33490566037735847 0.004705882352941176 0.013477088948787063
10 0.09529411764705882 0.33524258760107817 0.0058823529411764705 0.014150943396226415
10 0.6720588235294118 0.33962264150943394 0.007647058823529412 0.004043126684636119
10 0.6867647058823529 0.34029649595687333 0.013529411764705882 0.004043126684636119
10 0.46705882352941175 0.34029649595687333 0.00823529411764706 0.0026954177897574125
1 0.7082352941176471 0.34130727762803237 0.0058823529411764705 0.0047169811320754715
10 0.46647058823529414 0.34838274932614555 0.00823529411764706 0.004043126684636119
1 0.6902941176470588 0.3490566037735849 0.006470588235294118 0.004043126684636119
1 0.7076470588235294 0.3490566037735849 0.0058823529411764705 0.004043126684636119
1 0.6752941176470588 0.3504043126684636 0.00823529411764706 0.004043126684636119
10 0.6541176470588236 0.3507412398921833 0.009411764705882352 0.007412398921832884
10 0.09558823529411764 0.3534366576819407 0.0029411764705882353 0.011455525606469003
10 0.10323529411764706 0.35411051212938005 0.0029411764705882353 0.011455525606469003
5 0.3561764705882353 0.35680592991913745 0.02176470588235294 0.016846361185983826
1 0.4673529411764706 0.3581536388140162 0.01 0.0047169811320754715
1 0.7061764705882353 0.3605121293800539 0.008823529411764706 0.005390835579514825
10 0.6702941176470588 0.36017520215633425 0.007647058823529412 0.0033692722371967657
12 0.25058823529411767 0.3611859838274933 0.015294117647058824 0.02021563342318059
12 0.2811764705882353 0.3611859838274933 0.010588235294117647 0.018867924528301886
10 0.29470588235294115 0.3618598382749326 0.0035294117647058825 0.012129380053908356
10 0.26588235294117646 0.3618598382749326 0.0058823529411764705 0.013477088948787063
10 0.23823529411764705 0.3615229110512129 0.0035294117647058825 0.012803234501347708
12 0.3085294117647059 0.363544474393531 0.014705882352941176 0.018194070080862535
10 0.46558823529411764 0.36826145552560646 0.007647058823529412 0.0033692722371967657
1 0.7055882352941176 0.3696091644204852 0.006470588235294118 0.0033692722371967657
10 0.6867647058823529 0.3692722371967655 0.008823529411764706 0.005390835579514825
5 0.7929411764705883 0.37432614555256066 0.07294117647058823 0.1179245283018868
10 0.46588235294117647 0.37601078167115903 0.00823529411764706 0.005390835579514825
1 0.706764705882353 0.37634770889487873 0.008823529411764706 0.0047169811320754715
5 0.5108823529411765 0.3776954177897574 0.022941176470588236 0.01549865229110512
10 0.6538235294117647 0.3780323450134771 0.007647058823529412 0.005390835579514825
10 0.6379411764705882 0.3780323450134771 0.007647058823529412 0.004043126684636119
10 0.6891176470588235 0.37836927223719674 0.006470588235294118 0.0033692722371967657
1 0.6720588235294118 0.37870619946091644 0.011176470588235295 0.004043126684636119
1 0.6220588235294118 0.38005390835579517 0.011176470588235295 0.005390835579514825
1 0.8738235294117647 0.38544474393531 0.01 0.006738544474393531
10 0.46705882352941175 0.3861185983827493 0.007058823529411765 0.004043126684636119
1 0.8564705882352941 0.38712938005390835 0.011764705882352941 0.007412398921832884
1 0.6391176470588236 0.38746630727762804 0.01 0.004043126684636119
10 0.6891176470588235 0.3878032345013477 0.007647058823529412 0.0047169811320754715
1 0.6720588235294118 0.3888140161725067 0.012352941176470587 0.004043126684636119
10 0.7079411764705882 0.3894878706199461 0.007647058823529412 0.005390835579514825
10 0.4652941176470588 0.3952156334231806 0.007058823529411765 0.0047169811320754715
1 0.31882352941176473 0.39555256064690025 0.009411764705882352 0.005390835579514825
1 0.6226470588235294 0.3999326145552561 0.008823529411764706 0.0047169811320754715
10 0.6402941176470588 0.4009433962264151 0.006470588235294118 0.004043126684636119
1 0.7052941176470588 0.4009433962264151 0.007058823529411765 0.004043126684636119
1 0.6891176470588235 0.40195417789757415 0.006470588235294118 0.0047169811320754715
10 0.4673529411764706 0.4053234501347709 0.007647058823529412 0.0047169811320754715
1 0.26029411764705884 0.40599730458221023 0.011176470588235295 0.0047169811320754715
10 0.27705882352941175 0.40599730458221023 0.010588235294117647 0.0047169811320754715
10 0.3161764705882353 0.4063342318059299 0.01 0.004043126684636119
10 0.35676470588235293 0.4063342318059299 0.011176470588235295 0.005390835579514825
10 0.30205882352941177 0.4066711590296496 0.01 0.0047169811320754715
12 0.33794117647058824 0.40970350404312667 0.012352941176470587 0.014824797843665768
1 0.638235294117647 0.40970350404312667 0.00823529411764706 0.004043126684636119
10 0.6729411764705883 0.40970350404312667 0.007058823529411765 0.004043126684636119
10 0.6555882352941177 0.41037735849056606 0.008823529411764706 0.005390835579514825
1 0.7061764705882353 0.41172506738544473 0.006470588235294118 0.006738544474393531
10 0.2761764705882353 0.4167789757412399 0.012352941176470587 0.0047169811320754715
1 0.2605882352941176 0.4164420485175202 0.010588235294117647 0.005390835579514825
1 0.30323529411764705 0.4164420485175202 0.011176470588235295 0.005390835579514825
10 0.35705882352941176 0.4167789757412399 0.010588235294117647 0.0047169811320754715
10 0.31882352941176473 0.41778975741239893 0.011764705882352941 0.005390835579514825
1 0.12941176470588237 0.42014824797843664 0.011764705882352941 0.006064690026954178
1 0.14676470588235294 0.42014824797843664 0.011176470588235295 0.006064690026954178
1 0.6888235294117647 0.4299191374663073 0.00823529411764706 0.005390835579514825
1 0.6717647058823529 0.4299191374663073 0.009411764705882352 0.004043126684636119
1 0.655 0.4309299191374663 0.008823529411764706 0.0033692722371967657
1 0.6891176470588235 0.4380053908355795 0.006470588235294118 0.0026954177897574125
1 0.6538235294117647 0.44036388140161725 0.007647058823529412 0.0047169811320754715
10 0.8585294117647059 0.4471024258760108 0.0029411764705882353 0.010107816711590296
10 0.8679411764705882 0.4467654986522911 0.0029411764705882353 0.012129380053908356
10 0.8535294117647059 0.44878706199460916 0.0035294117647058825 0.012129380053908356
1 0.8770588235294118 0.44878706199460916 0.0035294117647058825 0.016172506738544475
1 0.6914705882352942 0.45148247978436656 0.006470588235294118 0.006738544474393531
1 0.6723529411764706 0.45215633423180596 0.00823529411764706 0.004043126684636119
1 0.6720588235294118 0.46057951482479786 0.005294117647058823 0.0020215633423180594
1 0.69 0.4609164420485175 0.00823529411764706 0.004043126684636119
10 0.40852941176470586 0.4636118598382749 0.005294117647058823 0.012129380053908356
10 0.41705882352941176 0.4636118598382749 0.0058823529411764705 0.012129380053908356
10 0.40058823529411763 0.4642857142857143 0.0035294117647058825 0.013477088948787063
10 0.39323529411764707 0.4642857142857143 0.005294117647058823 0.013477088948787063
1 0.711764705882353 0.47035040431266845 0.004705882352941176 0.01078167115902965
1 0.7838235294117647 0.4700134770889488 0.005294117647058823 0.014150943396226415
1 0.7223529411764706 0.47068733153638814 0.0035294117647058825 0.010107816711590296
1 0.7679411764705882 0.47068733153638814 0.005294117647058823 0.011455525606469003
10 0.8347058823529412 0.47068733153638814 0.002352941176470588 0.010107816711590296
1 0.7355882352941177 0.47102425876010784 0.00411764705882353 0.012129380053908356
1 0.7602941176470588 0.4713611859838275 0.0029411764705882353 0.011455525606469003
1 0.7511764705882353 0.47102425876010784 0.002352941176470588 0.01078167115902965
1 0.7929411764705883 0.4713611859838275 0.002352941176470588 0.012803234501347708
1 0.8276470588235294 0.47102425876010784 0.004705882352941176 0.014824797843665768
1 0.7282352941176471 0.47102425876010784 0.0035294117647058825 0.009433962264150943
1 0.7444117647058823 0.4713611859838275 0.0029411764705882353 0.011455525606469003
1 0.8732352941176471 0.4716981132075472 0.008823529411764706 0.005390835579514825
1 0.7770588235294118 0.4720350404312669 0.002352941176470588 0.010107816711590296
1 0.673235294117647 0.4720350404312669 0.006470588235294118 0.0033692722371967657
1 0.6894117647058824 0.4720350404312669 0.00823529411764706 0.0047169811320754715
10 0.8747058823529412 0.4811320754716981 0.00823529411764706 0.004043126684636119
10 0.4011764705882353 0.4828167115902965 0.0035294117647058825 0.011455525606469003
10 0.41823529411764704 0.4838274932614555 0.004705882352941176 0.012129380053908356
10 0.8438235294117648 0.48955525606469 0.0029411764705882353 0.010107816711590296
10 0.8505882352941176 0.48955525606469 0.0035294117647058825 0.010107816711590296
1 0.8170588235294117 0.4898921832884097 0.0058823529411764705 0.01078167115902965
10 0.8288235294117647 0.49022911051212936 0.002352941176470588 0.010107816711590296
10 0.8347058823529412 0.49090296495956875 0.002352941176470588 0.010107816711590296
10 0.875 0.4915768194070081 0.01 0.0047169811320754715
10 0.8588235294117647 0.49326145552560646 0.004705882352941176 0.014824797843665768
10 0.875 0.5013477088948787 0.008823529411764706 0.0026954177897574125
10 0.6023529411764705 0.5033692722371967 0.002352941176470588 0.013477088948787063
10 0.635 0.5033692722371967 0.00411764705882353 0.013477088948787063
1 0.6135294117647059 0.5033692722371967 0.002352941176470588 0.013477088948787063
1 0.6226470588235294 0.5043800539083558 0.00411764705882353 0.014150943396226415
1 0.7664705882352941 0.5070754716981132 0.004705882352941176 0.01549865229110512
1 0.715 0.5074123989218329 0.005294117647058823 0.014824797843665768
1 0.7547058823529412 0.5074123989218329 0.0035294117647058825 0.014824797843665768
1 0.7029411764705882 0.5077493261455526 0.0058823529411764705 0.011455525606469003
1 0.7282352941176471 0.5080862533692723 0.004705882352941176 0.014824797843665768
1 0.7838235294117647 0.508423180592992 0.00411764705882353 0.011455525606469003
1 0.7764705882352941 0.508423180592992 0.0035294117647058825 0.010107816711590296
10 0.8755882352941177 0.5090970350404312 0.01 0.0033692722371967657
1 0.7911764705882353 0.5097708894878706 0.0058823529411764705 0.011455525606469003
1 0.7429411764705882 0.5097708894878706 0.0058823529411764705 0.018194070080862535
12 0.43588235294117644 0.5165094339622641 0.01647058823529412 0.02223719676549865
1 0.4176470588235294 0.5181940700808625 0.007058823529411765 0.018867924528301886
1 0.40588235294117647 0.5242587601078167 0.0035294117647058825 0.012129380053908356
12 0.8732352941176471 0.5279649595687331 0.01588235294117647 0.01954177897574124
5 0.8347058823529412 0.5347035040431267 0.036470588235294116 0.03167115902964959
1 0.7038235294117647 0.5350404312668463 0.005294117647058823 0.012129380053908356
1 0.7155882352941176 0.5357142857142857 0.00411764705882353 0.013477088948787063
5 0.5617647058823529 0.5370619946091644 0.04 0.02021563342318059
5 0.6197058823529412 0.5394204851752021 0.051176470588235295 0.018194070080862535
1 0.4173529411764706 0.5475067385444744 0.00411764705882353 0.012803234501347708
1 0.40558823529411764 0.5481805929919138 0.005294117647058823 0.012803234501347708
10 0.6585294117647059 0.5525606469002695 0.01 0.004043126684636119
1 0.35294117647058826 0.5535714285714286 0.0058823529411764705 0.011455525606469003
1 0.36058823529411765 0.5532345013477089 0.004705882352941176 0.009433962264150943
10 0.38529411764705884 0.5542452830188679 0.004705882352941176 0.014150943396226415
1 0.39588235294117646 0.5542452830188679 0.004705882352941176 0.01549865229110512
10 0.37676470588235295 0.555256064690027 0.006470588235294118 0.012129380053908356
1 0.8717647058823529 0.557277628032345 0.010588235294117647 0.004043126684636119
10 0.7473529411764706 0.5636792452830188 0.008823529411764706 0.0047169811320754715
10 0.8723529411764706 0.5660377358490566 0.009411764705882352 0.004043126684636119
10 0.8726470588235294 0.5751347708894878 0.008823529411764706 0.0020215633423180594
10 0.7470588235294118 0.5751347708894878 0.009411764705882352 0.0033692722371967657
5 0.7779411764705882 0.581199460916442 0.017058823529411765 0.02358490566037736
10 0.8714705882352941 0.5838948787061995 0.007647058823529412 0.0047169811320754715
10 0.3982352941176471 0.5838948787061995 0.0035294117647058825 0.012803234501347708
10 0.3776470588235294 0.5842318059299192 0.0035294117647058825 0.012129380053908356
1 0.36176470588235293 0.5842318059299192 0.0035294117647058825 0.012129380053908356
1 0.3517647058823529 0.5845687331536388 0.0058823529411764705 0.012803234501347708
1 0.7508823529411764 0.5849056603773585 0.017058823529411765 0.004043126684636119
10 0.41147058823529414 0.5852425876010782 0.005294117647058823 0.012803234501347708
10 0.3688235294117647 0.5859164420485176 0.0035294117647058825 0.012803234501347708
10 0.8708823529411764 0.5909703504043127 0.008823529411764706 0.004043126684636119
1 0.7488235294117647 0.5943396226415094 0.009411764705882352 0.004043126684636119
12 0.6285294117647059 0.5983827493261455 0.011176470588235295 0.016172506738544475
10 0.6052941176470589 0.6004043126684636 0.002352941176470588 0.009433962264150943
10 0.6420588235294118 0.6007412398921833 0.00411764705882353 0.010107816711590296
12 0.6555882352941177 0.6007412398921833 0.008823529411764706 0.01549865229110512
10 0.8714705882352941 0.6007412398921833 0.011176470588235295 0.0047169811320754715
1 0.6123529411764705 0.6017520215633423 0.004705882352941176 0.012129380053908356
10 0.3861764705882353 0.6037735849056604 0.005294117647058823 0.012129380053908356
10 0.3952941176470588 0.6044474393530997 0.0035294117647058825 0.013477088948787063
1 0.36 0.6047843665768194 0.0035294117647058825 0.011455525606469003
1 0.35352941176470587 0.6047843665768194 0.0035294117647058825 0.011455525606469003
10 0.3770588235294118 0.605121293800539 0.0035294117647058825 0.014824797843665768
10 0.4126470588235294 0.605121293800539 0.00411764705882353 0.013477088948787063
1 0.36911764705882355 0.6061320754716981 0.005294117647058823 0.010107816711590296
10 0.8738235294117647 0.610512129380054 0.01 0.0026954177897574125
1 0.4776470588235294 0.612533692722372 0.012941176470588235 0.005390835579514825
10 0.8735294117647059 0.6192722371967655 0.00823529411764706 0.0026954177897574125
1 0.1623529411764706 0.6196091644204852 0.010588235294117647 0.006064690026954178
1 0.1426470588235294 0.6196091644204852 0.017058823529411765 0.007412398921832884
1 0.3361764705882353 0.6223045822102425 0.0029411764705882353 0.014150943396226415
1 0.30411764705882355 0.6229784366576819 0.0058823529411764705 0.012803234501347708
10 0.31176470588235294 0.6233153638814016 0.002352941176470588 0.013477088948787063
1 0.35352941176470587 0.623989218328841 0.004705882352941176 0.013477088948787063
1 0.32735294117647057 0.623989218328841 0.0029411764705882353 0.014824797843665768
1 0.3191176470588235 0.6246630727762803 0.005294117647058823 0.013477088948787063
1 0.45 0.6256738544474394 0.010588235294117647 0.007412398921832884
1 0.4808823529411765 0.626010781671159 0.014705882352941176 0.009433962264150943
1 0.6408823529411765 0.6266846361185984 0.0029411764705882353 0.014824797843665768
12 0.5997058823529412 0.6263477088948787 0.013529411764705882 0.012803234501347708
10 0.8735294117647059 0.6266846361185984 0.009411764705882352 0.004043126684636119
10 0.6852941176470588 0.6293800539083558 0.004705882352941176 0.01078167115902965
12 0.6267647058823529 0.6293800539083558 0.007647058823529412 0.014824797843665768
10 0.6476470588235295 0.6293800539083558 0.004705882352941176 0.01078167115902965
12 0.6708823529411765 0.6300539083557951 0.013529411764705882 0.018867924528301886
1 0.1635294117647059 0.6303908355795148 0.007058823529411765 0.0033692722371967657
10 0.6555882352941177 0.6314016172506739 0.0029411764705882353 0.01078167115902965
10 0.43676470588235294 0.6384770889487871 0.007647058823529412 0.006064690026954178
10 0.45323529411764707 0.6411725067385444 0.007647058823529412 0.0047169811320754715
10 0.47352941176470587 0.6415094339622641 0.011764705882352941 0.0026954177897574125
1 0.4888235294117647 0.6418463611859838 0.011764705882352941 0.006064690026954178
10 0.25588235294117645 0.6438679245283019 0.011764705882352941 0.0047169811320754715
1 0.8691176470588236 0.644878706199461 0.005294117647058823 0.012129380053908356
10 0.8588235294117647 0.6452156334231806 0.004705882352941176 0.014150943396226415
10 0.8776470588235294 0.6452156334231806 0.0058823529411764705 0.014150943396226415
10 0.23823529411764705 0.6452156334231806 0.010588235294117647 0.0033692722371967657
10 0.2702941176470588 0.6469002695417789 0.01 0.005390835579514825
1 0.4535294117647059 0.6475741239892183 0.009411764705882352 0.004043126684636119
1 0.44 0.6485849056603774 0.010588235294117647 0.0033692722371967657
10 0.47441176470588237 0.6512803234501348 0.007647058823529412 0.0033692722371967657
10 0.25735294117647056 0.6529649595687331 0.008823529411764706 0.0026954177897574125
12 0.6547058823529411 0.6539757412398922 0.012941176470588235 0.016846361185983826
10 0.2723529411764706 0.6546495956873315 0.011764705882352941 0.0020215633423180594
10 0.6326470588235295 0.6549865229110512 0.00411764705882353 0.009433962264150943
10 0.6391176470588236 0.6549865229110512 0.0029411764705882353 0.013477088948787063
12 0.6126470588235294 0.6556603773584906 0.011176470588235295 0.016172506738544475
10 0.24382352941176472 0.6553234501347709 0.014705882352941176 0.0033692722371967657
10 0.6261764705882353 0.6556603773584906 0.00411764705882353 0.01078167115902965
10 0.5979411764705882 0.6556603773584906 0.00411764705882353 0.013477088948787063
1 0.49058823529411766 0.659366576819407 0.007058823529411765 0.0047169811320754715
10 0.44058823529411767 0.6600404312668463 0.012941176470588235 0.0033692722371967657
10 0.4723529411764706 0.6597035040431267 0.009411764705882352 0.004043126684636119
10 0.455 0.6600404312668463 0.01 0.0047169811320754715