1 0.8744158878504673 0.8789571694599627 0.03154205607476635 0.01303538175046555
1 0.9088785046728972 0.8743016759776536 0.030373831775700934 0.01303538175046555
1 0.035630841121495324 0.15549348230912477 0.038551401869158876 0.0223463687150838
1 0.04088785046728972 0.17411545623836128 0.035046728971962614 0.01303538175046555
1 0.04264018691588785 0.19134078212290503 0.03387850467289719 0.015828677839851025
1 0.5432242990654206 0.13547486033519554 0.035046728971962614 0.019553072625698324
1 0.633177570093458 0.12383612662942271 0.0397196261682243 0.0186219739292365
1 0.6915887850467289 0.11685288640595903 0.037383177570093455 0.019553072625698324
1 0.04789719626168224 0.2085661080074488 0.035046728971962614 0.01675977653631285
10 0.3276869158878505 0.17318435754189945 0.01985981308411215 0.0260707635009311
10 0.29380841121495327 0.17830540037243947 0.01985981308411215 0.023277467411545624
10 0.31133177570093457 0.17644320297951582 0.01985981308411215 0.027001862197392923
1 0.38434579439252337 0.16759776536312848 0.035046728971962614 0.0186219739292365
1 0.4252336448598131 0.16294227188081936 0.0397196261682243 0.020484171322160148
10 0.34579439252336447 0.17364990689013035 0.02102803738317757 0.030726256983240222
1 0.46904205607476634 0.15735567970204842 0.04088785046728972 0.0223463687150838
1 0.7739485981308412 0.14711359404096835 0.038551401869158876 0.0186219739292365
10 0.6676401869158879 0.16759776536312848 0.02219626168224299 0.0260707635009311
10 0.6828271028037384 0.16620111731843576 0.01985981308411215 0.027001862197392923
1 0.5023364485981309 0.19227188081936686 0.02102803738317757 0.027001862197392923
10 0.5373831775700935 0.18761638733705774 0.02102803738317757 0.025139664804469275
10 0.5981308411214953 0.17970204841713222 0.02336448598130841 0.0297951582867784
10 0.5210280373831776 0.18994413407821228 0.02102803738317757 0.024208566108007448
1 0.5735981308411215 0.1829608938547486 0.028037383177570093 0.027001862197392923
1 0.6419392523364486 0.17364990689013035 0.026869158878504672 0.028864059590316574
10 0.7330607476635514 0.16154562383612664 0.02219626168224299 0.028864059590316574
1 0.7126168224299065 0.164804469273743 0.02336448598130841 0.0297951582867784
10 0.6162383177570093 0.17830540037243947 0.02453271028037383 0.030726256983240222
10 0.7482476635514018 0.15921787709497207 0.02219626168224299 0.027932960893854747
10 0.3101635514018692 0.24022346368715083 0.01985981308411215 0.0260707635009311
10 0.3276869158878505 0.2378957169459963 0.02219626168224299 0.028864059590316574
10 0.43866822429906543 0.22346368715083798 0.036214953271028034 0.0223463687150838
10 0.4783878504672897 0.21787709497206703 0.03387850467289719 0.0186219739292365
10 0.3983644859813084 0.22905027932960895 0.037383177570093455 0.0186219739292365
10 0.25 0.2770018621973929 0.02102803738317757 0.025139664804469275
1 0.2161214953271028 0.29981378026070765 0.02102803738317757 0.027932960893854747
10 0.1991822429906542 0.30307262569832405 0.01985981308411215 0.027001862197392923
1 0.23539719626168223 0.2988826815642458 0.02219626168224299 0.027932960893854747
10 0.09287383177570094 0.32122905027932963 0.017523364485981307 0.024208566108007448
10 0.1425233644859813 0.31564245810055863 0.02336448598130841 0.0260707635009311
10 0.12675233644859812 0.31843575418994413 0.01985981308411215 0.027932960893854747
10 0.11039719626168225 0.3202979515828678 0.01985981308411215 0.0260707635009311
1 0.7751168224299065 0.23649906890130354 0.03154205607476635 0.01675977653631285
10 0.6728971962616822 0.2565176908752328 0.02102803738317757 0.027001862197392923
5 0.7237149532710281 0.25232774674115455 0.07126168224299065 0.0446927374301676
5 0.8364485981308412 0.23696461824953446 0.07710280373831775 0.04562383612662942
10 0.21787383177570094 0.3235567970204842 0.036214953271028034 0.017690875232774673
10 0.7797897196261683 0.2504655493482309 0.03387850467289719 0.01675977653631285
10 0.1939252336448598 0.33426443202979517 0.02102803738317757 0.0260707635009311
10 0.06133177570093458 0.3584729981378026 0.01985981308411215 0.024208566108007448
10 0.13259345794392524 0.34962756052141525 0.01985981308411215 0.025139664804469275
10 0.11682242990654206 0.35195530726256985 0.018691588785046728 0.024208566108007448
1 0.782126168224299 0.2635009310986965 0.03387850467289719 0.0186219739292365
10 0.7213785046728972 0.2881750465549348 0.03387850467289719 0.017690875232774673
1 0.2383177570093458 0.36359404096834264 0.037383177570093455 0.019553072625698324
1 0.2797897196261682 0.3580074487895717 0.03387850467289719 0.019553072625698324
1 0.31600467289719625 0.3538175046554935 0.036214953271028034 0.0186219739292365
1 0.7242990654205608 0.3026070763500931 0.03271028037383177 0.01675977653631285
10 0.3644859813084112 0.3542830540037244 0.02102803738317757 0.028864059590316574
10 0.04497663551401869 0.41108007448789574 0.01985981308411215 0.025139664804469275
10 0.0630841121495327 0.4092178770949721 0.02336448598130841 0.027001862197392923
10 0.08294392523364486 0.4068901303538175 0.02336448598130841 0.027932960893854747
10 0.22021028037383178 0.3878026070763501 0.01985981308411215 0.027001862197392923
10 0.2389018691588785 0.38594040968342647 0.01985981308411215 0.025139664804469275
10 0.3125 0.3756983240223464 0.01985981308411215 0.025139664804469275
10 0.7272196261682243 0.3170391061452514 0.03154205607476635 0.015828677839851025
10 0.2570093457943925 0.38314711359404097 0.02102803738317757 0.025139664804469275
10 0.29380841121495327 0.3780260707635009 0.01985981308411215 0.0260707635009311
10 0.2774532710280374 0.3812849162011173 0.01985981308411215 0.025139664804469275
10 0.3300233644859813 0.3743016759776536 0.02219626168224299 0.027932960893854747
1 0.3907710280373832 0.3784916201117318 0.02453271028037383 0.028864059590316574
1 0.4264018691588785 0.3743016759776536 0.02336448598130841 0.027932960893854747
1 0.7301401869158879 0.3324022346368715 0.03271028037383177 0.01675977653631285
1 0.3691588785046729 0.3845437616387337 0.02336448598130841 0.0260707635009311
5 0.18457943925233644 0.4143389199255121 0.05841121495327103 0.0595903165735568
1 0.35455607476635514 0.39432029795158285 0.01985981308411215 0.027001862197392923
1 0.24532710280373832 0.4129422718808194 0.02336448598130841 0.027001862197392923
1 0.22605140186915887 0.4166666666666667 0.02219626168224299 0.027001862197392923
12 0.07827102803738317 0.4376163873370577 0.035046728971962614 0.0335195530726257
1 0.2996495327102804 0.4068901303538175 0.02453271028037383 0.0297951582867784
1 0.26401869158878505 0.41201117318435754 0.02102803738317757 0.027001862197392923
1 0.2797897196261682 0.4101489757914339 0.02219626168224299 0.025139664804469275
12 0.04497663551401869 0.44273743016759776 0.03154205607476635 0.030726256983240222
1 0.3189252336448598 0.40456238361266295 0.02102803738317757 0.027001862197392923
1 0.33703271028037385 0.4027001862197393 0.02219626168224299 0.027001862197392923
1 0.5554906542056075 0.37988826815642457 0.03387850467289719 0.01675977653631285
10 0.07651869158878505 0.4767225325884544 0.01985981308411215 0.0223463687150838
10 0.16647196261682243 0.4655493482309125 0.017523364485981307 0.024208566108007448
10 0.06016355140186916 0.48044692737430167 0.01985981308411215 0.024208566108007448
10 0.1530373831775701 0.46694599627560524 0.02102803738317757 0.027001862197392923
10 0.1822429906542056 0.46322160148975794 0.018691588785046728 0.027001862197392923
10 0.21261682242990654 0.4594972067039106 0.02102803738317757 0.028864059590316574
10 0.19742990654205608 0.4618249534450652 0.018691588785046728 0.0260707635009311
10 0.11507009345794393 0.4729981378026071 0.02219626168224299 0.0260707635009311
10 0.0963785046728972 0.4757914338919926 0.01985981308411215 0.0260707635009311
10 0.13434579439252337 0.47067039106145253 0.018691588785046728 0.025139664804469275
1 0.2517523364485981 0.45670391061452514 0.03387850467289719 0.017690875232774673
1 0.49883177570093457 0.4292364990689013 0.035046728971962614 0.0186219739292365
1 0.2558411214953271 0.4743947858472998 0.03271028037383177 0.017690875232774673
1 0.5029205607476636 0.44646182495344505 0.036214953271028034 0.017690875232774673
10 0.15771028037383178 0.4972067039106145 0.02336448598130841 0.0297951582867784
12 0.03271028037383177 0.5167597765363129 0.03271028037383177 0.03165735567970205
12 0.06542056074766354 0.5139664804469274 0.030373831775700934 0.0297951582867784
1 0.5064252336448598 0.4622905027932961 0.03387850467289719 0.017690875232774673
10 0.25817757009345793 0.49906890130353815 0.035046728971962614 0.0186219739292365
1 0.22371495327102803 0.5041899441340782 0.03154205607476635 0.019553072625698324
1 0.7827102803738317 0.430633147113594 0.035046728971962614 0.019553072625698324
10 0.20327102803738317 0.5256052141527002 0.035046728971962614 0.017690875232774673
10 0.08060747663551401 0.5456238361266295 0.02102803738317757 0.027932960893854747
10 0.06074766355140187 0.5484171322160148 0.02102803738317757 0.0260707635009311
10 0.2622663551401869 0.520949720670391 0.03387850467289719 0.015828677839851025
10 0.9106308411214953 0.43901303538175046 0.03387850467289719 0.017690875232774673
1 0.1536214953271028 0.547486033519553 0.036214953271028034 0.0186219739292365
1 0.5151869158878505 0.4972067039106145 0.030373831775700934 0.0186219739292365
10 0.2044392523364486 0.5409683426443203 0.030373831775700934 0.01675977653631285
1 0.26869158878504673 0.5353817504655494 0.03271028037383177 0.0186219739292365
5 0.38960280373831774 0.521415270018622 0.23014018691588786 0.22346368715083798
10 0.5858644859813084 0.4972067039106145 0.01985981308411215 0.0260707635009311
10 0.19567757009345793 0.5558659217877095 0.03154205607476635 0.0148975791433892
1 0.5192757009345794 0.5121042830540037 0.03387850467289719 0.01675977653631285
1 0.15595794392523366 0.5647113594040968 0.036214953271028034 0.019553072625698324
10 0.06775700934579439 0.5796089385474861 0.02102803738317757 0.025139664804469275
10 0.0852803738317757 0.5772811918063314 0.02102803738317757 0.0260707635009311
1 0.26810747663551404 0.553072625698324 0.03387850467289719 0.01675977653631285
12 0.9112149532710281 0.4622905027932961 0.037383177570093455 0.036312849162011177
1 0.6127336448598131 0.5102420856610801 0.029205607476635514 0.01675977653631285
1 0.19976635514018692 0.5712290502793296 0.035046728971962614 0.019553072625698324
1 0.1588785046728972 0.5810055865921788 0.037383177570093455 0.020484171322160148
10 0.6174065420560748 0.5242085661080075 0.03154205607476635 0.0148975791433892
10 0.20151869158878505 0.5879888268156425 0.03387850467289719 0.015828677839851025
1 0.5192757009345794 0.5460893854748603 0.036214953271028034 0.019553072625698324
1 0.2774532710280374 0.5800744878957169 0.029205607476635514 0.0148975791433892
1 0.7172897196261683 0.5195530726256983 0.035046728971962614 0.0186219739292365
1 0.16355140186915887 0.5977653631284916 0.03271028037383177 0.0186219739292365
1 0.798481308411215 0.5083798882681564 0.03154205607476635 0.0186219739292365
12 0.9030373831775701 0.49767225325884545 0.035046728971962614 0.032588454376163874
1 0.6320093457943925 0.5367783985102421 0.03271028037383177 0.017690875232774673
1 0.9281542056074766 0.49534450651769085 0.02453271028037383 0.027932960893854747
10 0.2044392523364486 0.6024208566108007 0.035046728971962614 0.01675977653631285
1 0.2803738317757009 0.5986964618249534 0.03271028037383177 0.01675977653631285
1 0.20735981308411214 0.6177839851024208 0.03154205607476635 0.015828677839851025
2 0.9655373831775701 0.5111731843575419 0.06658878504672897 0.1266294227188082
10 0.5175233644859814 0.5782122905027933 0.02102803738317757 0.027932960893854747
1 0.9351635514018691 0.5242085661080075 0.01985981308411215 0.0260707635009311
10 0.9012850467289719 0.5297951582867784 0.02219626168224299 0.0260707635009311
10 0.9182242990654206 0.5274674115456238 0.018691588785046728 0.025139664804469275
10 0.5257009345794392 0.6108007448789572 0.02102803738317757 0.027932960893854747
1 0.9252336448598131 0.5554003724394786 0.018691588785046728 0.025139664804469275
10 0.9077102803738317 0.5586592178770949 0.02102803738317757 0.027932960893854747
1 0.9433411214953271 0.5535381750465549 0.01985981308411215 0.025139664804469275
1 0.4947429906542056 0.6229050279329609 0.02219626168224299 0.0297951582867784
1 0.34813084112149534 0.6573556797020484 0.02336448598130841 0.024208566108007448
1 0.4071261682242991 0.6503724394785847 0.02453271028037383 0.028864059590316574
1 0.4264018691588785 0.6485102420856611 0.02570093457943925 0.030726256983240222
1 0.47313084112149534 0.6419925512104283 0.02336448598130841 0.028864059590316574
10 0.8814252336448598 0.6266294227188082 0.03154205607476635 0.01675977653631285
1 0.12032710280373832 0.7383612662942272 0.07242990654205607 0.054003724394785846
10 0.7797897196261683 0.6480446927374302 0.01985981308411215 0.0260707635009311
10 0.7628504672897196 0.6503724394785847 0.02102803738317757 0.025139664804469275
12 0.9188084112149533 0.6298882681564246 0.038551401869158876 0.028864059590316574
1 0.8545560747663551 0.6401303538175046 0.02453271028037383 0.028864059590316574
10 0.8843457943925234 0.6419925512104283 0.03271028037383177 0.017690875232774673
1 0.6769859813084113 0.6736499068901304 0.01985981308411215 0.023277467411545624
1 0.6594626168224299 0.6787709497206704 0.02219626168224299 0.027932960893854747
10 0.1658878504672897 0.7486033519553073 0.02102803738317757 0.027932960893854747
5 0.8212616822429907 0.6578212290502793 0.06074766355140187 0.06610800744878957
2 0.985981308411215 0.6322160148975792 0.02570093457943925 0.12290502793296089
10 0.8872663551401869 0.6564245810055865 0.029205607476635514 0.0148975791433892
10 0.6950934579439252 0.686219739292365 0.02336448598130841 0.027932960893854747
10 0.7879672897196262 0.6741154562383612 0.02453271028037383 0.027932960893854747
10 0.7511682242990654 0.6801675977653632 0.02102803738317757 0.027001862197392923
10 0.7698598130841121 0.6773743016759777 0.02102803738317757 0.027001862197392923
12 0.7260514018691588 0.6848230912476723 0.038551401869158876 0.03445065176908752
12 0.9269859813084113 0.6582867783985102 0.036214953271028034 0.027932960893854747
10 0.6688084112149533 0.6950651769087524 0.03387850467289719 0.015828677839851025
1 0.8615654205607477 0.6694599627560521 0.02219626168224299 0.027932960893854747
10 0.8907710280373832 0.6713221601489758 0.03387850467289719 0.01675977653631285
1 0.10689252336448599 0.7849162011173184 0.054906542056074766 0.04655493482309125
1 0.17757009345794392 0.7788640595903166 0.02570093457943925 0.030726256983240222
10 0.7272196261682243 0.7081005586592178 0.029205607476635514 0.013966480446927373
1 0.7295560747663551 0.7243947858472998 0.03154205607476635 0.01675977653631285
5 0.6880841121495327 0.734171322160149 0.0630841121495327 0.06424581005586592
1 0.11448598130841121 0.8235567970204841 0.02570093457943925 0.032588454376163874
10 0.7330607476635514 0.7374301675977654 0.03154205607476635 0.0148975791433892
10 0.169392523364486 0.8184357541899442 0.02102803738317757 0.0297951582867784
10 0.15245327102803738 0.8202979515828678 0.01985981308411215 0.027932960893854747
10 0.735981308411215 0.750465549348231 0.03271028037383177 0.0186219739292365
10 0.7377336448598131 0.7648975791433892 0.03154205607476635 0.017690875232774673
10 0.12149532710280374 0.8542830540037244 0.02102803738317757 0.027001862197392923
10 0.15654205607476634 0.8491620111731844 0.018691588785046728 0.0260707635009311
10 0.13901869158878505 0.8519553072625698 0.018691588785046728 0.024208566108007448
10 0.6658878504672897 0.7867783985102421 0.018691588785046728 0.024208566108007448
10 0.6810747663551402 0.7853817504655494 0.018691588785046728 0.027001862197392923
12 0.705607476635514 0.7816573556797021 0.035046728971962614 0.032588454376163874
1 0.7412383177570093 0.7802607076350093 0.03387850467289719 0.01675977653631285
10 0.14544392523364486 0.8808193668528864 0.01985981308411215 0.0260707635009311
1 0.1261682242990654 0.8836126629422719 0.02102803738317757 0.027932960893854747
10 0.16238317757009346 0.8789571694599627 0.02102803738317757 0.0260707635009311
5 0.8785046728971962 0.7788640595903166 0.1985981308411215 0.15921787709497207
1 0.7459112149532711 0.8067970204841713 0.03387850467289719 0.017690875232774673
10 0.7476635514018691 0.8235567970204841 0.030373831775700934 0.013966480446927373
10 0.15128504672897197 0.910148975791434 0.01985981308411215 0.025139664804469275
10 0.169392523364486 0.9082867783985102 0.018691588785046728 0.025139664804469275
10 0.13376168224299065 0.9138733705772812 0.02219626168224299 0.027001862197392923
10 0.7248831775700935 0.8524208566108007 0.01985981308411215 0.025139664804469275
10 0.7692757009345794 0.87243947858473 0.017523364485981307 0.0223463687150838
10 0.731892523364486 0.8780260707635009 0.017523364485981307 0.024208566108007448
10 0.7494158878504673 0.8756983240223464 0.017523364485981307 0.023277467411545624