1 0.6772428884026258 0.11125 0.06783369803063458 0.0525
1 0.2286652078774617 0.2225 0.09409190371991247 0.22
1 0.4288840262582057 0.1775 0.09190371991247265 0.18
1 0.49945295404814005 0.16 0.06236323851203501 0.225
1 0.9518599562363238 0.05875 0.019693654266958426 0.1075
1 0.9354485776805251 0.06625 0.02188183807439825 0.1025
10 0.5421225382932167 0.1725 0.03172866520787746 0.035
10 0.6580962800875274 0.1675 0.016411378555798686 0.07
10 0.6039387308533917 0.18125 0.019693654266958426 0.0775
10 0.6198030634573304 0.18 0.018599562363238512 0.08
5 0.3227571115973742 0.26 0.09190371991247265 0.26
10 0.5443107221006565 0.21 0.02954048140043764 0.035
10 0.7456236323851203 0.19125 0.014223194748358862 0.0675
10 0.762582056892779 0.195 0.015317286652078774 0.075
1 0.43927789934354483 0.27375 0.06673960612691467 0.0575
1 0.5661925601750547 0.2925 0.018599562363238512 0.085
1 0.6061269146608315 0.29125 0.0175054704595186 0.0725
10 0.6673960612691466 0.27875 0.015317286652078774 0.0725
10 0.6367614879649891 0.2875 0.015317286652078774 0.075
10 0.650984682713348 0.28375 0.010940919037199124 0.0575
10 0.6208971553610503 0.2925 0.012035010940919038 0.07
10 0.8233041575492341 0.2475 0.02954048140043764 0.05
10 0.7417943107221007 0.2975 0.0175054704595186 0.075
1 0.7587527352297593 0.29625 0.012035010940919038 0.0725
10 0.24945295404814005 0.44125 0.030634573304157548 0.0625
1 0.2833698030634573 0.44625 0.0350109409190372 0.0525
1 0.37910284463894967 0.43875 0.10175054704595186 0.1675
10 0.8276805251641138 0.3475 0.038293216630196934 0.095
1 0.7396061269146609 0.37625 0.04157549234135667 0.0425
10 0.524070021881838 0.4325 0.03938730853391685 0.055
5 0.2685995623632385 0.52 0.10831509846827134 0.125
1 0.7423413566739606 0.41625 0.036105032822757115 0.0475
10 0.526258205689278 0.48 0.04157549234135667 0.055
10 0.8287746170678337 0.455 0.03172866520787746 0.045
5 0.6312910284463895 0.50625 0.15536105032822758 0.3375
1 0.7445295404814004 0.48 0.04266958424507659 0.055
1 0.5317286652078774 0.54375 0.0437636761487965 0.0675
1 0.36323851203501095 0.5975 0.08315098468271334 0.165
1 0.42943107221006566 0.60125 0.05142231947483589 0.0725
10 0.06838074398249452 0.70375 0.03172866520787746 0.0525
10 0.10284463894967177 0.6975 0.03282275711159737 0.06
10 0.8703501094091903 0.5375 0.03391684901531729 0.04
1 0.287199124726477 0.68375 0.09737417943107221 0.2175
1 0.5421225382932167 0.62375 0.020787746170678335 0.0875
1 0.9223194748358862 0.5425 0.037199124726477024 0.05
5 0.16028446389496717 0.74375 0.06673960612691467 0.1975
10 0.3774617067833698 0.6925 0.019693654266958426 0.09
1 0.1925601750547046 0.73875 0.019693654266958426 0.0775
1 0.20842450765864332 0.73625 0.016411378555798686 0.0825
10 0.3966083150984683 0.6925 0.018599562363238512 0.09
1 0.224835886214442 0.735 0.016411378555798686 0.085
5 0.44912472647702406 0.71125 0.07549234135667396 0.1875
1 0.11050328227571116 0.81375 0.030634573304157548 0.0475
10 0.87472647702407 0.6325 0.03172866520787746 0.03
1 0.6608315098468271 0.70625 0.02188183807439825 0.0825
10 0.5902625820568927 0.72625 0.014223194748358862 0.0775
10 0.6367614879649891 0.71625 0.01312910284463895 0.0675
1 0.6230853391684902 0.72125 0.014223194748358862 0.0725
1 0.7571115973741794 0.68875 0.0175054704595186 0.0925
10 0.7166301969365426 0.69875 0.0175054704595186 0.0825
10 0.5317286652078774 0.74625 0.024070021881838075 0.0875
1 0.5574398249452954 0.74125 0.02735229759299781 0.0875
10 0.6061269146608315 0.73 0.019693654266958426 0.075
1 0.6799781181619255 0.71125 0.016411378555798686 0.0825
10 0.5771334792122538 0.73625 0.012035010940919038 0.0625
10 0.7363238512035011 0.69875 0.019693654266958426 0.0925
1 0.6969365426695843 0.71375 0.0175054704595186 0.0825
1 0.1389496717724289 0.87 0.028446389496717725 0.04
1 0.20787746170678337 0.85375 0.0350109409190372 0.0525
1 0.17231947483588622 0.89375 0.03391684901531729 0.0475
10 0.6728665207877462 0.78375 0.03282275711159737 0.0525
1 0.6411378555798687 0.79125 0.030634573304157548 0.0475
1 0.7051422319474836 0.78125 0.03391684901531729 0.0475
10 0.5957330415754923 0.8275 0.016411378555798686 0.075
10 0.17341356673960612 0.93 0.036105032822757115 0.06
1 0.5804157549234136 0.83375 0.016411378555798686 0.0875
10 0.612144420131291 0.82625 0.016411378555798686 0.0725
12 0.6706783369803063 0.0525 0.12035010940919037 0.105
1 0.2724288840262582 0.1025 0.028446389496717725 0.08
10 0.5475929978118161 0.065 0.04266958424507659 0.075
1 0.5946389496717724 0.05625 0.02516411378555799 0.0875
10 0.8894967177242888 0.00875 0.03938730853391685 0.0175