10 0.10915307732772225 0.12530120481927712 0.005786428195686481 0.02891566265060241
10 0.2630194634402946 0.13012048192771083 0.008416622830089426 0.033734939759036145
10 0.28800631246712255 0.13373493975903614 0.006838506049447659 0.02891566265060241
10 0.724092582851131 0.1463855421686747 0.004734350341925302 0.027710843373493974
1 0.7390846922672277 0.14698795180722893 0.00631246712256707 0.02891566265060241
1 0.6843766438716465 0.15 0.0052603892688058915 0.03493975903614458
1 0.6693845344555497 0.15120481927710844 0.004734350341925302 0.03253012048192771
1 0.676749079431878 0.15120481927710844 0.006838506049447659 0.03493975903614458
10 0.7164650184113625 0.15180722891566265 0.007364544976328248 0.033734939759036145
1 0.7556549184639664 0.15481927710843374 0.005786428195686481 0.03253012048192771
1 0.7908995265649658 0.15542168674698795 0.005786428195686481 0.033734939759036145
1 0.7701209889531825 0.15542168674698795 0.0052603892688058915 0.03132530120481928
1 0.7837980010520779 0.15542168674698795 0.00631246712256707 0.03132530120481928
1 0.7632824829037349 0.1566265060240964 0.00631246712256707 0.03614457831325301
1 0.7980010520778538 0.1566265060240964 0.0052603892688058915 0.02891566265060241
1 0.9058390320883746 0.1566265060240964 0.0052603892688058915 0.02650602409638554
1 0.749079431877959 0.1566265060240964 0.0052603892688058915 0.033734939759036145
1 0.7764334560757497 0.1572289156626506 0.00631246712256707 0.030120481927710843
1 0.818779589689637 0.1572289156626506 0.005786428195686481 0.030120481927710843
1 0.8114150447133088 0.15843373493975904 0.005786428195686481 0.030120481927710843
1 0.8327196212519726 0.15843373493975904 0.00631246712256707 0.027710843373493974
1 0.8887427669647554 0.15843373493975904 0.004734350341925302 0.030120481927710843
10 0.9137296159915834 0.15843373493975904 0.00631246712256707 0.027710843373493974
1 0.8048395581273015 0.15903614457831325 0.0052603892688058915 0.02650602409638554
1 0.8256180957390847 0.15963855421686746 0.004734350341925302 0.030120481927710843
1 0.8540241977906365 0.15963855421686746 0.006838506049447659 0.030120481927710843
1 0.8466596528143082 0.1602409638554217 0.005786428195686481 0.02650602409638554
1 0.882167280378748 0.1602409638554217 0.00631246712256707 0.02891566265060241
1 0.8608627038400841 0.1608433734939759 0.004734350341925302 0.030120481927710843
1 0.8398211467648606 0.1614457831325301 0.005786428195686481 0.02650602409638554
1 0.8745397159389795 0.1614457831325301 0.006838506049447659 0.02650602409638554
1 0.8679642293529721 0.1614457831325301 0.0052603892688058915 0.03132530120481928
1 0.8961073119410836 0.16204819277108434 0.006838506049447659 0.027710843373493974
10 0.09126775381378222 0.163855421686747 0.004734350341925302 0.02891566265060241
1 0.08022093634928985 0.1644578313253012 0.007890583903208837 0.030120481927710843
1 0.9258285113098369 0.17951807228915662 0.010520778537611783 0.03855421686746988
10 0.7354024197790636 0.20602409638554217 0.013677012098895318 0.012048192771084338
1 0.9050499736980536 0.22289156626506024 0.004734350341925302 0.02891566265060241
1 0.3669121514992109 0.22409638554216868 0.01209889531825355 0.016867469879518072
10 0.7356654392425039 0.22409638554216868 0.01209889531825355 0.014457831325301205
1 0.7511835875854813 0.22590361445783133 0.01262493424513414 0.018072289156626505
10 0.9153077327722251 0.23433734939759035 0.007364544976328248 0.04939759036144578
10 0.9263545502367175 0.23493975903614459 0.010520778537611783 0.043373493975903614
1 0.36664913203577065 0.24036144578313254 0.013677012098895318 0.01566265060240964
10 0.7351394003156233 0.24457831325301205 0.013150973172014729 0.014457831325301205
10 0.9005786428195687 0.2572289156626506 0.009468700683850605 0.01566265060240964
1 0.7498684902682798 0.2620481927710843 0.01209889531825355 0.01325301204819277
10 0.7348763808521831 0.26265060240963856 0.011572856391372961 0.00963855421686747
10 0.9003156233561284 0.2765060240963855 0.01209889531825355 0.01325301204819277
10 0.7340873224618621 0.27951807228915665 0.01209889531825355 0.014457831325301205
5 0.8435034192530247 0.2921686746987952 0.05207785376117833 0.11204819277108434
10 0.9550236717517097 0.29457831325301204 0.01209889531825355 0.018072289156626505
10 0.939242503945292 0.2957831325301205 0.01209889531825355 0.01566265060240964
1 0.900841662283009 0.2963855421686747 0.013150973172014729 0.016867469879518072
1 0.7501315097317202 0.2987951807228916 0.01262493424513414 0.016867469879518072
10 0.7348763808521831 0.3 0.01262493424513414 0.016867469879518072
1 0.8800631246712257 0.30180722891566264 0.01262493424513414 0.01566265060240964
10 0.9537085744345082 0.3144578313253012 0.015781167806417674 0.016867469879518072
1 0.9387164650184113 0.3156626506024096 0.014203051025775907 0.016867469879518072
10 0.7348763808521831 0.31867469879518073 0.01262493424513414 0.01566265060240964
10 0.6659652814308259 0.32831325301204817 0.013677012098895318 0.018072289156626505
12 0.7059442398737507 0.3313253012048193 0.016833245660178853 0.03855421686746988
10 0.9550236717517097 0.3325301204819277 0.011046817464492372 0.014457831325301205
10 0.7346133613887428 0.33554216867469877 0.011046817464492372 0.010843373493975903
1 0.7506575486586007 0.33674698795180724 0.013677012098895318 0.018072289156626505
10 0.9534455549710679 0.3506024096385542 0.013150973172014729 0.014457831325301205
1 0.9387164650184113 0.35120481927710845 0.011046817464492372 0.018072289156626505
10 0.7348763808521831 0.3536144578313253 0.013677012098895318 0.018072289156626505
10 0.5352446081009995 0.35542168674698793 0.013150973172014729 0.016867469879518072
1 0.5491846396633351 0.35602409638554217 0.011572856391372961 0.01566265060240964
10 0.6728037874802736 0.3572289156626506 0.00631246712256707 0.030120481927710843
1 0.6643871646501841 0.3602409638554217 0.00631246712256707 0.02891566265060241
10 0.9531825355076275 0.3686746987951807 0.016833245660178853 0.014457831325301205
10 0.6930562861651762 0.3819277108433735 0.005786428195686481 0.02891566265060241
10 0.7027880063124671 0.3819277108433735 0.0052603892688058915 0.02891566265060241
1 0.9374013677012099 0.38674698795180723 0.013677012098895318 0.016867469879518072
1 0.7766964755391899 0.3885542168674699 0.007890583903208837 0.030120481927710843
1 0.7611783271962125 0.3891566265060241 0.008416622830089426 0.033734939759036145
10 0.6654392425039453 0.39036144578313253 0.0052603892688058915 0.02891566265060241
1 0.8106259863229879 0.3897590361445783 0.008416622830089426 0.030120481927710843
10 0.9539715938979485 0.3897590361445783 0.013150973172014729 0.01566265060240964
10 0.633087848500789 0.39096385542168677 0.005786428195686481 0.030120481927710843
1 0.649132035770647 0.39156626506024095 0.00631246712256707 0.03132530120481928
1 0.7448711204629143 0.39156626506024095 0.009468700683850605 0.03132530120481928
1 0.8603366649132036 0.39096385542168677 0.006838506049447659 0.030120481927710843
1 0.8755917937927407 0.3933734939759036 0.006838506049447659 0.030120481927710843
1 0.8926880589163598 0.3927710843373494 0.00631246712256707 0.02891566265060241
1 0.8440294581799053 0.3933734939759036 0.005786428195686481 0.027710843373493974
10 0.5334034718569174 0.39397590361445783 0.00631246712256707 0.02650602409638554
1 0.7943187795896897 0.39397590361445783 0.008416622830089426 0.02891566265060241
1 0.9084692267227775 0.39457831325301207 0.008416622830089426 0.030120481927710843
1 0.9253024723829564 0.39457831325301207 0.00631246712256707 0.027710843373493974
10 0.5252498684902683 0.4072289156626506 0.005786428195686481 0.03132530120481928
10 0.5326144134665965 0.422289156626506 0.006838506049447659 0.027710843373493974
10 0.6885849552866912 0.42289156626506025 0.00631246712256707 0.021686746987951807
10 0.8193056286165176 0.42289156626506025 0.006838506049447659 0.02650602409638554
10 0.672277748553393 0.4234939759036145 0.00631246712256707 0.02530120481927711
1 0.681220410310363 0.42289156626506025 0.00631246712256707 0.02891566265060241
10 0.6967385586533403 0.42409638554216866 0.006838506049447659 0.03132530120481928
10 0.742766964755392 0.42530120481927713 0.00631246712256707 0.02650602409638554
10 0.7601262493424513 0.42530120481927713 0.0052603892688058915 0.024096385542168676
10 0.7682798527091005 0.42530120481927713 0.005786428195686481 0.02650602409638554
10 0.7935297211993687 0.4246987951807229 0.006838506049447659 0.027710843373493974
10 0.8114150447133088 0.42530120481927713 0.004734350341925302 0.021686746987951807
10 0.7764334560757497 0.4246987951807229 0.0052603892688058915 0.02530120481927711
10 0.7514466070489216 0.42530120481927713 0.004734350341925302 0.02650602409638554
10 0.8022093634928985 0.4259036144578313 0.00631246712256707 0.027710843373493974
10 0.7859021567596002 0.42650602409638555 0.00631246712256707 0.02650602409638554
10 0.8834823776959495 0.42650602409638555 0.004734350341925302 0.02891566265060241
10 0.8519200420831141 0.42650602409638555 0.006838506049447659 0.02650602409638554
10 0.859810625986323 0.42650602409638555 0.004734350341925302 0.024096385542168676
10 0.9168858495528669 0.42650602409638555 0.007364544976328248 0.02650602409638554
10 0.9247764334560757 0.42650602409638555 0.00631246712256707 0.024096385542168676
10 0.8282482903734877 0.4271084337349398 0.004734350341925302 0.02530120481927711
10 0.8437664387164651 0.42650602409638555 0.0052603892688058915 0.021686746987951807
10 0.8671751709626513 0.4271084337349398 0.006838506049447659 0.02530120481927711
10 0.8353498158863756 0.4271084337349398 0.0052603892688058915 0.027710843373493974
10 0.8761178327196213 0.42771084337349397 0.008942661756970016 0.024096385542168676
10 0.891109942135718 0.42771084337349397 0.00631246712256707 0.024096385542168676
10 0.9337190952130457 0.4271084337349398 0.0052603892688058915 0.027710843373493974
10 0.900052603892688 0.4295180722891566 0.008416622830089426 0.03253012048192771
10 0.908995265649658 0.43132530120481927 0.007364544976328248 0.02650602409638554
2 0.13913729615991582 0.043373493975903614 0.14886901630720673 0.0819277108433735
5 0.4395055234087322 0.43493975903614457 0.12993161493950553 0.2891566265060241
10 0.5244608100999474 0.43734939759036146 0.008416622830089426 0.03132530120481928
10 0.5328774329300369 0.45240963855421684 0.0052603892688058915 0.027710843373493974
1 0.6488690163072067 0.45963855421686745 0.004734350341925302 0.027710843373493974
5 0.2674907943187796 0.46204819277108433 0.08048395581273014 0.19879518072289157
10 0.5252498684902683 0.47409638554216865 0.005786428195686481 0.030120481927710843
10 0.5334034718569174 0.4843373493975904 0.00631246712256707 0.02650602409638554
10 0.8666491320357707 0.4855421686746988 0.006838506049447659 0.02891566265060241
1 0.8834823776959495 0.48493975903614456 0.007890583903208837 0.02530120481927711
10 0.857969489742241 0.4855421686746988 0.009468700683850605 0.03132530120481928
10 0.8763808521830615 0.4867469879518072 0.007364544976328248 0.02650602409638554
1 0.6659652814308259 0.49096385542168675 0.010520778537611783 0.04457831325301205
1 0.6817464492372436 0.49096385542168675 0.008416622830089426 0.046987951807228916
1 0.7327722251446607 0.49819277108433735 0.009468700683850605 0.046987951807228916
1 0.7488164124145187 0.49819277108433735 0.008942661756970016 0.046987951807228916
10 0.5241977906365071 0.5024096385542168 0.006838506049447659 0.02891566265060241
1 0.8342977380326144 0.5102409638554217 0.009468700683850605 0.04939759036144578
10 0.5328774329300369 0.5144578313253012 0.0052603892688058915 0.024096385542168676
1 0.8926880589163598 0.5156626506024097 0.00631246712256707 0.02650602409638554
1 0.9042609153077328 0.5162650602409639 0.008416622830089426 0.04457831325301205
2 0.3332456601788532 0.05301204819277108 0.1509731720147291 0.07228915662650602
1 0.9476591267753813 0.5186746987951807 0.008942661756970016 0.03734939759036145
1 0.8474487112046292 0.5210843373493976 0.00631246712256707 0.03493975903614458
1 0.85718043135192 0.5216867469879518 0.006838506049447659 0.03132530120481928
10 0.9166228300894266 0.5234939759036145 0.007890583903208837 0.027710843373493974
1 0.8740136770120989 0.5240963855421686 0.006838506049447659 0.03132530120481928
1 0.9592319831667543 0.5240963855421686 0.007890583903208837 0.033734939759036145
1 0.8832193582325092 0.5253012048192771 0.008416622830089426 0.03614457831325301
2 0.8608627038400841 0.053614457831325305 0.1604418726985797 0.10240963855421686
10 0.5247238295633877 0.5313253012048192 0.006838506049447659 0.02891566265060241
1 0.8132561809573908 0.5421686746987951 0.011572856391372961 0.014457831325301205
1 0.6822724881641241 0.5451807228915663 0.010520778537611783 0.03493975903614458
1 0.6596528143082588 0.5457831325301205 0.00631246712256707 0.03614457831325301
10 0.9289847448711205 0.5590361445783133 0.00631246712256707 0.02650602409638554
10 0.9371383482377696 0.558433734939759 0.005786428195686481 0.027710843373493974
1 0.9445028932140979 0.5590361445783133 0.006838506049447659 0.02891566265060241
1 0.9200420831141505 0.560843373493976 0.00631246712256707 0.027710843373493974
10 0.7837980010520779 0.5632530120481928 0.008416622830089426 0.03253012048192771
10 0.2085744345081536 0.5686746987951807 0.007890583903208837 0.02891566265060241
10 0.19226722777485533 0.5686746987951807 0.006838506049447659 0.03132530120481928
10 0.20068385060494476 0.5692771084337349 0.007890583903208837 0.027710843373493974
10 0.6467648605996844 0.5789156626506025 0.006838506049447659 0.03493975903614458
1 0.6685954760652288 0.5843373493975904 0.01262493424513414 0.04096385542168675
10 0.6825355076275644 0.5867469879518072 0.008942661756970016 0.033734939759036145
1 0.3506049447659127 0.591566265060241 0.011046817464492372 0.014457831325301205
10 0.3353498158863756 0.5927710843373494 0.014203051025775907 0.01927710843373494
1 0.22225144660704893 0.6036144578313253 0.007890583903208837 0.03132530120481928
1 0.23093108890057865 0.6048192771084338 0.007364544976328248 0.03132530120481928
10 0.2088374539715939 0.6042168674698796 0.00631246712256707 0.03493975903614458
10 0.3356128353498159 0.6090361445783132 0.013677012098895318 0.01566265060240964
1 0.9166228300894266 0.6090361445783132 0.015255128879537085 0.018072289156626505
1 0.5341925302472383 0.6096385542168675 0.007890583903208837 0.033734939759036145
5 0.8611257233035244 0.6108433734939759 0.0631246712256707 0.0963855421686747
1 0.5244608100999474 0.6102409638554217 0.008416622830089426 0.03975903614457831
1 0.3498158863755918 0.6102409638554217 0.011572856391372961 0.008433734939759036
10 0.8051025775907417 0.6180722891566265 0.005786428195686481 0.02891566265060241
10 0.7974750131509731 0.6186746987951808 0.00631246712256707 0.030120481927710843
10 0.9166228300894266 0.6355421686746988 0.014203051025775907 0.02289156626506024
10 0.2283008942661757 0.6355421686746988 0.014729089952656496 0.018072289156626505
10 0.42951078379800106 0.6427710843373494 0.006838506049447659 0.030120481927710843
10 0.46081009994739613 0.6427710843373494 0.004208311415044713 0.02530120481927711
10 0.47317201472908993 0.6439759036144578 0.004734350341925302 0.02289156626506024
10 0.4034718569174119 0.6445783132530121 0.00631246712256707 0.021686746987951807
10 0.41136244082062073 0.6445783132530121 0.0052603892688058915 0.024096385542168676
10 0.4671225670699632 0.6445783132530121 0.003156233561283535 0.024096385542168676
10 0.4431877958968964 0.6445783132530121 0.005786428195686481 0.02650602409638554
10 0.4368753287743293 0.6457831325301204 0.003682272488164124 0.02650602409638554
10 0.48474487112046294 0.6457831325301204 0.004734350341925302 0.024096385542168676
10 0.4168858495528669 0.6463855421686747 0.003682272488164124 0.02289156626506024
10 0.450026301946344 0.6463855421686747 0.003682272488164124 0.02530120481927711
10 0.42346133613887427 0.6457831325301204 0.004208311415044713 0.024096385542168676
10 0.4552866912151499 0.6463855421686747 0.004734350341925302 0.03253012048192771
10 0.4905312993161494 0.6475903614457831 0.005786428195686481 0.027710843373493974
10 0.4792214623882167 0.6481927710843374 0.0052603892688058915 0.02891566265060241
1 0.9647553918990005 0.6481927710843374 0.021041557075223566 0.024096385542168676
10 0.3882167280378748 0.6608433734939759 0.0052603892688058915 0.027710843373493974
1 0.35770647027880065 0.6614457831325301 0.004208311415044713 0.02891566265060241
1 0.9268805891635981 0.6620481927710843 0.013677012098895318 0.018072289156626505
10 0.38058916359810624 0.6626506024096386 0.008942661756970016 0.02891566265060241
1 0.39637033140452393 0.6632530120481928 0.008942661756970016 0.027710843373493974
1 0.3498158863755918 0.6626506024096386 0.00631246712256707 0.02650602409638554
10 0.41057338243029984 0.6753012048192771 0.005786428195686481 0.02289156626506024
10 0.40452393477117304 0.6759036144578313 0.004208311415044713 0.021686746987951807
10 0.4171488690163072 0.6759036144578313 0.0052603892688058915 0.024096385542168676
10 0.42951078379800106 0.6765060240963855 0.004734350341925302 0.02530120481927711
10 0.43608627038400843 0.6759036144578313 0.004208311415044713 0.021686746987951807
10 0.4560757496054708 0.6759036144578313 0.0052603892688058915 0.02650602409638554
10 0.423198316675434 0.6771084337349398 0.005786428195686481 0.021686746987951807
10 0.44292477643345607 0.677710843373494 0.0052603892688058915 0.02530120481927711
10 0.44897422409258286 0.677710843373494 0.005786428195686481 0.02530120481927711
1 0.9271436086270384 0.6867469879518072 0.013150973172014729 0.016867469879518072
10 0.380326144134666 0.6927710843373494 0.007364544976328248 0.02650602409638554
10 0.35718043135192007 0.6933734939759036 0.0052603892688058915 0.027710843373493974
1 0.3721725407680168 0.6927710843373494 0.007890583903208837 0.02891566265060241
1 0.47501315097317204 0.6933734939759036 0.007364544976328248 0.030120481927710843
10 0.3648079957916886 0.694578313253012 0.005786428195686481 0.027710843373493974
1 0.8466596528143082 0.6993975903614458 0.004734350341925302 0.027710843373493974
1 0.8293003682272488 0.7 0.005786428195686481 0.02891566265060241
1 0.8371909521304577 0.7 0.004734350341925302 0.02650602409638554
10 0.8563913729615992 0.7024096385542169 0.0052603892688058915 0.03132530120481928
1 0.39663335086796425 0.7030120481927711 0.01262493424513414 0.04457831325301205
10 0.8734876380852183 0.7030120481927711 0.006838506049447659 0.030120481927710843
1 0.9563387690689111 0.7090361445783132 0.007364544976328248 0.027710843373493974
10 0.9397685428721725 0.7102409638554217 0.005786428195686481 0.027710843373493974
10 0.9042609153077328 0.7102409638554217 0.019989479221462388 0.027710843373493974
1 0.3548132561809574 0.7180722891566265 0.014203051025775907 0.016867469879518072
1 0.4747501315097317 0.7259036144578314 0.006838506049447659 0.02530120481927711
10 0.7469752761704366 0.7271084337349397 0.015781167806417674 0.020481927710843374
1 0.7648605996843767 0.7283132530120482 0.015781167806417674 0.020481927710843374
10 0.9245134139926354 0.733132530120482 0.013150973172014729 0.01566265060240964
1 0.3550762756443977 0.736144578313253 0.01262493424513414 0.014457831325301205
10 0.9042609153077328 0.7379518072289156 0.021041557075223566 0.02530120481927711
1 0.8461336138874277 0.7379518072289156 0.006838506049447659 0.030120481927710843
10 0.875854813256181 0.7385542168674699 0.007364544976328248 0.02891566265060241
10 0.8663861125723303 0.7397590361445783 0.00631246712256707 0.02650602409638554
10 0.8558653340347185 0.7391566265060241 0.007364544976328248 0.027710843373493974
10 0.8287743293003682 0.7403614457831326 0.005786428195686481 0.030120481927710843
10 0.8374539715938979 0.7409638554216867 0.007364544976328248 0.03132530120481928
1 0.5907417148869016 0.7530120481927711 0.010520778537611783 0.033734939759036145
1 0.6012624934245134 0.7524096385542168 0.008416622830089426 0.030120481927710843
1 0.41451867438190426 0.7626506024096386 0.00631246712256707 0.02650602409638554
10 0.423198316675434 0.7626506024096386 0.006838506049447659 0.02650602409638554
10 0.4313519200420831 0.7644578313253012 0.00631246712256707 0.027710843373493974
1 0.6165176223040505 0.7656626506024097 0.019989479221462388 0.02289156626506024
1 0.3558653340347186 0.7951807228915663 0.007890583903208837 0.03132530120481928
1 0.36191478169384533 0.7951807228915663 0.00631246712256707 0.03132530120481928
1 0.3690163072067333 0.7969879518072289 0.007890583903208837 0.030120481927710843
1 0.41451867438190426 0.7963855421686747 0.007364544976328248 0.02891566265060241
1 0.4224092582851131 0.8 0.007364544976328248 0.03132530120481928
1 0.4313519200420831 0.8 0.00631246712256707 0.03132530120481928
1 0.6609679116254603 0.805421686746988 0.008942661756970016 0.046987951807228916
1 0.6938453445554971 0.8066265060240964 0.008416622830089426 0.04457831325301205
1 0.6778011572856392 0.8090361445783133 0.008942661756970016 0.04457831325301205
5 0.2766964755391899 0.8228915662650602 0.04734350341925302 0.10602409638554217
10 0.23855865334034718 0.8283132530120482 0.011046817464492372 0.01325301204819277
1 0.4132035770647028 0.8301204819277108 0.006838506049447659 0.02891566265060241
1 0.891109942135718 0.8319277108433735 0.008416622830089426 0.03253012048192771
10 0.42188321935823253 0.8319277108433735 0.008416622830089426 0.027710843373493974
10 0.43766438716465017 0.8319277108433735 0.008416622830089426 0.030120481927710843
10 0.4313519200420831 0.8313253012048193 0.007364544976328248 0.03132530120481928
10 0.4447659126775381 0.8319277108433735 0.005786428195686481 0.027710843373493974
10 0.23855865334034718 0.841566265060241 0.011046817464492372 0.01325301204819277
1 0.6007364544976328 0.846987951807229 0.009468700683850605 0.033734939759036145
10 0.23855865334034718 0.8554216867469879 0.011046817464492372 0.012048192771084338
1 0.6872698579694897 0.8554216867469879 0.013150973172014729 0.021686746987951807
10 0.7219884271436087 0.8602409638554217 0.009994739610731194 0.03855421686746988
10 0.7864281956864808 0.8614457831325302 0.008416622830089426 0.03614457831325301
10 0.23855865334034718 0.8680722891566265 0.011046817464492372 0.01566265060240964
5 0.3579694897422409 0.8777108433734939 0.02367175170962651 0.0855421686746988
10 0.2653866386112572 0.9042168674698795 0.005786428195686481 0.027710843373493974
10 0.27091004734350344 0.9036144578313253 0.0052603892688058915 0.024096385542168676
10 0.25960021041557074 0.9042168674698795 0.005786428195686481 0.02530120481927711
1 0.7417148869016307 0.9132530120481928 0.008416622830089426 0.033734939759036145
1 0.7532877432930036 0.9138554216867469 0.007364544976328248 0.03253012048192771
1 0.8545502367175171 0.9180722891566265 0.008942661756970016 0.03855421686746988
1 0.8432403997895844 0.9186746987951807 0.008416622830089426 0.03975903614457831
1 0.6870068385060495 0.9614457831325302 0.015781167806417674 0.021686746987951807