12 0.38105046343975285 0.8165024630541872 0.02059732234809475 0.03366174055829228
10 0.17301750772399588 0.8735632183908046 0.016477857878475798 0.0180623973727422
10 0.25077239958805353 0.8633004926108374 0.010298661174047374 0.025451559934318555
12 0.20133882595262617 0.8768472906403941 0.02368692070030896 0.034482758620689655
10 0.26055612770339853 0.8637110016420362 0.008238928939237899 0.026272577996715927
12 0.2350669412976313 0.8694581280788177 0.023171987641606592 0.03776683087027915
10 0.6737899073120495 0.7598522167487685 0.016992790937178166 0.018883415435139574
10 0.17507723995880536 0.8891625615763546 0.016477857878475798 0.016420361247947456
10 0.5957775489186405 0.7873563218390804 0.009268795056642637 0.022988505747126436
10 0.5877960865087538 0.7906403940886699 0.007723995880535531 0.024630541871921183
10 0.6323377960865088 0.7791461412151067 0.008238928939237899 0.022988505747126436
10 0.5792996910401648 0.7935139573070608 0.01132852729145211 0.027093596059113302
10 0.6148300720906282 0.7844827586206896 0.008238928939237899 0.025451559934318555
10 0.6235839340885685 0.7820197044334976 0.010298661174047374 0.028735632183908046
10 0.6416065911431514 0.7779146141215106 0.010298661174047374 0.027093596059113302
10 0.675849639546859 0.7750410509031199 0.02008238928939238 0.0180623973727422
10 0.5468589083419155 0.8095238095238095 0.009268795056642637 0.022988505747126436
10 0.5610195674562307 0.8058292282430214 0.006694129763130793 0.020525451559934318
10 0.5690010298661174 0.8041871921182266 0.007209062821833162 0.023809523809523808
10 0.5383625128733265 0.8123973727422004 0.006694129763130793 0.022167487684729065
10 0.20648815653964986 0.9039408866995073 0.008238928939237899 0.022988505747126436
10 0.17327497425334706 0.9133825944170771 0.009783728115345005 0.023809523809523808
10 0.19747682801235839 0.9072249589490968 0.008753861997940269 0.027914614121510674
10 0.21936148300720906 0.9018883415435139 0.01132852729145211 0.028735632183908046
10 0.18177136972193614 0.9113300492610837 0.009268795056642637 0.026272577996715927
12 0.3038105046343975 0.8875205254515599 0.016477857878475798 0.029556650246305417
12 0.2371266735324408 0.9051724137931034 0.021112255406797117 0.03366174055829228
12 0.2582389289392379 0.8994252873563219 0.01905252317198764 0.03366174055829228
10 0.5914006179196705 0.819376026272578 0.008753861997940269 0.027914614121510674
10 0.5818743563336766 0.8222495894909688 0.010298661174047374 0.027093596059113302
10 0.40396498455200824 0.07183908045977011 0.008753861997940269 0.025451559934318555
10 0.39495365602471677 0.07389162561576355 0.008238928939237899 0.024630541871921183
10 0.3751287332646756 0.0784072249589491 0.007723995880535531 0.022167487684729065
10 0.38439752832131824 0.07758620689655173 0.008753861997940269 0.022167487684729065
10 0.25566426364572603 0.9293924466338259 0.009783728115345005 0.024630541871921183
10 0.2906797116374871 0.9215927750410509 0.006694129763130793 0.023809523809523808
10 0.3025231719876416 0.9183087027914614 0.010813594232749742 0.027093596059113302
10 0.3094747682801236 0.916256157635468 0.008238928939237899 0.022988505747126436
10 0.24407826982492276 0.9343185550082101 0.009268795056642637 0.024630541871921183
10 0.2752317198764161 0.9261083743842364 0.009783728115345005 0.026272577996715927
10 0.26544799176107103 0.9285714285714286 0.008753861997940269 0.024630541871921183
10 0.28372811534500514 0.924055829228243 0.009268795056642637 0.027093596059113302
10 0.23583934088568487 0.937192118226601 0.008238928939237899 0.025451559934318555
10 0.7203913491246138 0.819376026272578 0.009268795056642637 0.024630541871921183
10 0.7015962924819773 0.8243021346469622 0.009783728115345005 0.024630541871921183
10 0.7113800205973223 0.8222495894909688 0.01184346035015448 0.027093596059113302
10 0.7381565396498455 0.8156814449917899 0.007723995880535531 0.023809523809523808
10 0.7296601441812565 0.8185550082101807 0.009268795056642637 0.026272577996715927
10 0.748712667353244 0.8156814449917899 0.01132852729145211 0.028735632183908046
5 0.6428939237899073 0.018883415435139574 0.040679711637487126 0.03776683087027915
10 0.525231719876416 0.8850574712643678 0.008238928939237899 0.022988505747126436
10 0.5342430484037075 0.8842364532019704 0.009783728115345005 0.026272577996715927
10 0.592173017507724 0.882183908045977 0.014418125643666324 0.013957307060755337
10 0.5947476828012358 0.8986042692939245 0.013388259526261586 0.017241379310344827
10 0.48043254376931 0.9462233169129721 0.009268795056642637 0.028735632183908046
10 0.48944387229660147 0.9458128078817734 0.009783728115345005 0.029556650246305417
10 0.47167868177136973 0.9503284072249589 0.010298661174047374 0.027093596059113302
10 0.10504634397528322 0.1568144499178982 0.015447991761071062 0.014778325123152709
10 0.5169927909371782 0.9392446633825944 0.010298661174047374 0.029556650246305417
12 0.4266220391349125 0.9638752052545156 0.02420185375901133 0.034482758620689655
10 0.49974253347064884 0.9462233169129721 0.010813594232749742 0.030377668308702793
10 0.5079814624098867 0.94376026272578 0.008753861997940269 0.027093596059113302
2 0.298918640576725 0.9568965517241379 0.2353244078269825 0.08456486042692939
5 0.20648815653964986 0.1412151067323481 0.06488156539649846 0.13136288998357964
10 0.10787847579814624 0.1720032840722496 0.014933058702368692 0.015599343185550082
10 0.4178681771369722 0.12889983579638753 0.014933058702368692 0.014778325123152709
2 0.14392378990731206 0.19745484400656815 0.04376930998970134 0.10262725779967159
10 0.420442842430484 0.14080459770114942 0.014933058702368692 0.013957307060755337
10 0.035015447991761074 0.2376847290640394 0.015447991761071062 0.013957307060755337
10 0.015447991761071062 0.24343185550082103 0.013388259526261586 0.013957307060755337
10 0.016992790937178166 0.25779967159277506 0.014418125643666324 0.013136288998357963
10 0.42687950566426364 0.15558292282430214 0.016477857878475798 0.015599343185550082
10 0.0020597322348094747 0.26354679802955666 0.004119464469618949 0.011494252873563218
12 0.796086508753862 0.06403940886699508 0.02059732234809475 0.03284072249589491
10 0.45288362512873326 0.1506568144499179 0.014933058702368692 0.013957307060755337
12 0.03810504634397528 0.2614942528735632 0.02368692070030896 0.035303776683087026
10 0.42842430484037075 0.1687192118226601 0.014418125643666324 0.015599343185550082
10 0.0025746652935118436 0.28078817733990147 0.005149330587023687 0.011494252873563218
10 0.018022657054582905 0.2779146141215107 0.016477857878475798 0.013957307060755337
10 0.15911431513903193 0.24917898193760263 0.015447991761071062 0.013957307060755337
1 0.14366632337796087 0.2536945812807882 0.016477857878475798 0.014778325123152709
10 0.42971163748712665 0.18226600985221675 0.013903192584963954 0.013136288998357963
5 0.37049433573635426 0.19950738916256158 0.05303810504634397 0.11330049261083744
10 0.003604531410916581 0.30008210180623973 0.007209062821833162 0.013957307060755337
10 0.019824922760041195 0.2947454844006568 0.014933058702368692 0.014778325123152709
10 0.44876416065911434 0.19088669950738915 0.014933058702368692 0.013957307060755337
10 0.4309989701338826 0.1958128078817734 0.014418125643666324 0.015599343185550082
12 0.0411946446961895 0.2963875205254516 0.02059732234809475 0.03284072249589491
10 0.0213697219361483 0.31157635467980294 0.01184346035015448 0.010673234811165846
10 0.44953656024716787 0.2048440065681445 0.015447991761071062 0.012315270935960592
1 0.004634397528321318 0.31732348111658454 0.009268795056642637 0.015599343185550082
5 0.23223480947476827 0.2602627257799672 0.05458290422245108 0.08374384236453201
5 0.07698249227600412 0.3045977011494253 0.03964984552008239 0.042692939244663386
2 0.959577754891864 0.10344827586206896 0.0345005149330587 0.20689655172413793
10 0.023944387229660143 0.3263546798029557 0.013903192584963954 0.012315270935960592
10 0.04376930998970134 0.3226600985221675 0.013388259526261586 0.011494252873563218
10 0.005664263645726055 0.3333333333333333 0.01132852729145211 0.013136288998357963
12 0.7363542739443872 0.1568144499178982 0.03604531410916581 0.06568144499178982
12 0.6583419155509783 0.1777504105090312 0.0427394438722966 0.05829228243021346
5 0.532183316168898 0.2175697865353038 0.07260556127703399 0.0755336617405583
10 0.44464469618949537 0.2557471264367816 0.009783728115345005 0.023809523809523808
10 0.437178166838311 0.25862068965517243 0.009268795056642637 0.019704433497536946
10 0.3416580844490216 0.30623973727422005 0.013903192584963954 0.013136288998357963
10 0.38439752832131824 0.3021346469622332 0.007723995880535531 0.024630541871921183
10 0.35787847579814624 0.3091133004926108 0.007209062821833162 0.023809523809523808
10 0.3766735324407827 0.3041871921182266 0.007723995880535531 0.022167487684729065
10 0.3668898043254377 0.3070607553366174 0.008753861997940269 0.022988505747126436
10 0.3946961894953656 0.3017241379310345 0.007723995880535531 0.023809523809523808
10 0.4029351184346035 0.29926108374384236 0.009783728115345005 0.023809523809523808
10 0.34320288362512874 0.3197865353037767 0.013903192584963954 0.013957307060755337
10 0.45623069001029865 0.291871921182266 0.010298661174047374 0.027093596059113302
10 0.4127188465499485 0.3054187192118227 0.007723995880535531 0.022988505747126436
10 0.420442842430484 0.3033661740558292 0.009783728115345005 0.023809523809523808
1 0.43614830072090627 0.2996715927750411 0.007209062821833162 0.022988505747126436
10 0.3437178166838311 0.33169129720853857 0.013903192584963954 0.013136288998357963
10 0.32518022657054585 0.33620689655172414 0.01596292481977343 0.013957307060755337
1 0.3452626158599382 0.34564860426929395 0.012873326467559218 0.013136288998357963
10 0.32646755921730175 0.3550903119868637 0.014418125643666324 0.013957307060755337
10 0.34680741503604534 0.35673234811165844 0.013903192584963954 0.013957307060755337
5 0.6920700308959835 0.27216748768472904 0.05046343975283213 0.05829228243021346
10 0.5311534500514933 0.31773399014778325 0.013903192584963954 0.013136288998357963
10 0.5774974253347065 0.33497536945812806 0.013903192584963954 0.011494252873563218
1 0.5311534500514933 0.3493431855500821 0.013903192584963954 0.013957307060755337
2 0.32852729145211124 0.048440065681444995 0.14418125643666324 0.05747126436781609
10 0.5610195674562307 0.3526272577996716 0.012873326467559218 0.013957307060755337
10 0.7312049433573635 0.3111658456486043 0.008238928939237899 0.024630541871921183
10 0.7167868177136972 0.31527093596059114 0.010298661174047374 0.026272577996715927
10 0.708032955715757 0.3181444991789819 0.009268795056642637 0.028735632183908046
10 0.6081359423274975 0.3435960591133005 0.013388259526261586 0.013957307060755337
10 0.7407312049433573 0.30952380952380953 0.010813594232749742 0.024630541871921183
10 0.7494850669412977 0.3078817733990148 0.008753861997940269 0.026272577996715927
12 0.9430998970133883 0.2590311986863711 0.01905252317198764 0.027093596059113302
1 0.5324407826982492 0.3637110016420361 0.016477857878475798 0.014778325123152709
10 0.7623583934088568 0.3070607553366174 0.009783728115345005 0.024630541871921183
10 0.5787847579814624 0.35467980295566504 0.009268795056642637 0.022988505747126436
1 0.35015447991761073 0.41748768472906406 0.013388259526261586 0.012315270935960592
10 0.5623069001029866 0.3669950738916256 0.012358393408856848 0.011494252873563218
10 0.9600926879505665 0.27298850574712646 0.007723995880535531 0.020525451559934318
1 0.5355303810504635 0.38382594417077176 0.014418125643666324 0.013957307060755337
10 0.9459320288362513 0.28160919540229884 0.014418125643666324 0.013136288998357963
10 0.5638516992790937 0.3825944170771757 0.013388259526261586 0.013136288998357963
10 0.5816168898043255 0.3854679802955665 0.007723995880535531 0.023809523809523808
1 0.22657054582904224 0.4757799671592775 0.007209062821833162 0.020525451559934318
10 0.5651390319258497 0.3957307060755337 0.013903192584963954 0.013136288998357963
1 0.53913491246138 0.4027093596059113 0.014418125643666324 0.012315270935960592
10 0.356076210092688 0.45197044334975367 0.010813594232749742 0.010673234811165846
10 0.5671987641606591 0.4100985221674877 0.01184346035015448 0.0090311986863711
5 0.44927909371781666 0.4396551724137931 0.1560247167868177 0.2438423645320197
1 0.540422245108136 0.41707717569786534 0.013903192584963954 0.014778325123152709
5 0.6686405767250257 0.3862889983579639 0.052008238928939236 0.0665024630541872
10 0.7474253347064882 0.37192118226600984 0.01184346035015448 0.031198686371100164
10 0.5847064881565397 0.41379310344827586 0.009783728115345005 0.022988505747126436
10 0.7664778578784758 0.367816091954023 0.010813594232749742 0.027914614121510674
10 0.7381565396498455 0.37561576354679804 0.009783728115345005 0.025451559934318555
10 0.7579814624098867 0.3702791461412151 0.008238928939237899 0.026272577996715927
10 0.7286302780638517 0.3793103448275862 0.01132852729145211 0.03284072249589491
10 0.7191040164778579 0.3830049261083744 0.01184346035015448 0.027093596059113302
1 0.3581359423274974 0.47742200328407225 0.013903192584963954 0.012315270935960592
10 0.5674562306900103 0.42405582922824303 0.012358393408856848 0.010673234811165846
1 0.3601956745623069 0.49220032840722494 0.012873326467559218 0.012315270935960592
5 0.8452626158599382 0.37889983579638753 0.06436663233779609 0.138752052545156
10 0.3619979402677652 0.5082101806239737 0.013388259526261586 0.013136288998357963
1 0.5424819773429455 0.4720853858784893 0.012873326467559218 0.011494252873563218
10 0.36405767250257465 0.5283251231527094 0.014418125643666324 0.012315270935960592
1 0.5450566426364573 0.48440065681444994 0.014933058702368692 0.011494252873563218
10 0.7036560247167868 0.4478653530377668 0.012873326467559218 0.012315270935960592
1 0.36560247167868176 0.5467980295566502 0.012358393408856848 0.011494252873563218
10 0.5466014418125643 0.5016420361247947 0.014933058702368692 0.013136288998357963
10 0.7049433573635427 0.46346469622331693 0.014418125643666324 0.013957307060755337
1 0.5525231719876416 0.5238095238095238 0.007209062821833162 0.022988505747126436
1 0.36637487126673535 0.5899014778325123 0.007723995880535531 0.022167487684729065
1 0.3581359423274974 0.5923645320197044 0.006694129763130793 0.020525451559934318
2 0.10453141091658084 0.659688013136289 0.2090628218331617 0.5541871921182266
1 0.555870236869207 0.5521346469622331 0.008753861997940269 0.022167487684729065
10 0.342173017507724 0.6083743842364532 0.007723995880535531 0.021346469622331693
10 0.3504119464469619 0.6071428571428571 0.007723995880535531 0.022167487684729065
10 0.2662203913491246 0.632183908045977 0.009268795056642637 0.022988505747126436
10 0.2752317198764161 0.6301313628899836 0.007723995880535531 0.023809523809523808
10 0.44129763130793 0.5960591133004927 0.008238928939237899 0.021346469622331693
1 0.431513903192585 0.5981116584564861 0.007209062821833162 0.022167487684729065
1 0.4603501544799176 0.5911330049261084 0.007209062821833162 0.022988505747126436
1 0.46833161688980435 0.5890804597701149 0.007723995880535531 0.022167487684729065
1 0.4237899073120494 0.6013957307060755 0.008238928939237899 0.022167487684729065
10 0.3918640576725026 0.6145320197044335 0.009268795056642637 0.022167487684729065
10 0.3694644696189495 0.6215106732348111 0.009783728115345005 0.021346469622331693
10 0.36148300720906285 0.6239737274220033 0.009268795056642637 0.021346469622331693
10 0.3820803295571576 0.6190476190476191 0.007209062821833162 0.019704433497536946
10 0.5288362512873327 0.5833333333333334 0.016477857878475798 0.017241379310344827
10 0.2368692070030896 0.6642036124794746 0.008238928939237899 0.022988505747126436
10 0.263903192584964 0.6621510673234812 0.008753861997940269 0.025451559934318555
1 0.272399588053553 0.6605090311986864 0.008238928939237899 0.023809523809523808
1 0.4639546858908342 0.6182266009852216 0.008238928939237899 0.024630541871921183
10 0.4552008238928939 0.6215106732348111 0.007209062821833162 0.019704433497536946
10 0.4387229660144181 0.6252052545155994 0.008238928939237899 0.022167487684729065
10 0.430226570545829 0.6272577996715928 0.007723995880535531 0.021346469622331693
10 0.4044799176107106 0.6350574712643678 0.007723995880535531 0.022167487684729065
10 0.4225025746652935 0.6305418719211823 0.008753861997940269 0.021346469622331693
10 0.44670442842430486 0.624384236453202 0.008753861997940269 0.022167487684729065
10 0.41349124613800203 0.6338259441707718 0.009268795056642637 0.021346469622331693
1 0.7265705458290422 0.5587027914614121 0.007209062821833162 0.020525451559934318
1 0.8179711637487127 0.5435139573070608 0.007723995880535531 0.021346469622331693
10 0.9243048403707518 0.5266830870279147 0.015447991761071062 0.012315270935960592
10 0.24407826982492276 0.6990968801313628 0.013388259526261586 0.015599343185550082
5 0.3169412976313079 0.6834975369458128 0.07981462409886715 0.09277504105090312
1 0.8208032955715757 0.5714285714285714 0.008238928939237899 0.024630541871921183
1 0.4642121524201854 0.6711822660098522 0.007723995880535531 0.022167487684729065
1 0.4142636457260556 0.6851395730706076 0.008753861997940269 0.022167487684729065
1 0.43949536560247165 0.6793924466338259 0.007723995880535531 0.020525451559934318
1 0.4227600411946447 0.6839080459770115 0.008238928939237899 0.024630541871921183
1 0.431513903192585 0.6822660098522167 0.009268795056642637 0.026272577996715927
1 0.7288877445932029 0.6087848932676518 0.007723995880535531 0.020525451559934318
5 0.8916065911431514 0.5878489326765188 0.0674562306900103 0.13464696223316913
10 0.833934088568486 0.6182266009852216 0.008753861997940269 0.022988505747126436
10 0.8429454170957775 0.6165845648604269 0.010298661174047374 0.021346469622331693
12 0.17842430484037075 0.7881773399014779 0.022142121524201853 0.0361247947454844
12 0.20262615859938207 0.7828407224958949 0.021112255406797117 0.03694581280788178
1 0.733264675592173 0.6600985221674877 0.007209062821833162 0.019704433497536946
12 0.22991761071060762 0.8316912972085386 0.022142121524201853 0.041050903119868636
12 0.1972193614830072 0.8427750410509032 0.02265705458290422 0.035303776683087026
10 0.25566426364572603 0.8304597701149425 0.009783728115345005 0.023809523809523808
10 0.24433573635427394 0.8345648604269293 0.007723995880535531 0.023809523809523808
12 0.3385684860968074 0.8255336617405583 0.01905252317198764 0.03201970443349754
12 0.3177136972193615 0.8316912972085386 0.01956745623069001 0.031198686371100164
12 0.36071060762100926 0.8210180623973727 0.01905252317198764 0.03284072249589491