1 0.523050159466512 0.5370074547390842 0.01855610321832415 0.026091586794462194
1 0.540446506233691 0.5372736954206603 0.016236590316033632 0.0308839190628328
1 0.5594375181211946 0.5380724174653887 0.020585677007828356 0.036741214057507986
1 0.5046390258045811 0.5396698615548455 0.021745433458973614 0.03141640042598509
1 0.8319802841403305 0.5487220447284346 0.015076833864888374 0.021831735889243878
1 0.6055378370542186 0.5596379126730564 0.018846042331110466 0.025559105431309903
1 0.9108437228182081 0.5620340788072418 0.024064946361264133 0.03141640042598509
5 0.7741374311394608 0.5654952076677316 0.060307335459553496 0.0777422790202343
1 0.285445056538127 0.56975505857295 0.03392287619599884 0.04153354632587859
1 0.534937663090751 0.5721512247071352 0.01855610321832415 0.03461128860489883
1 0.831400405914758 0.5724174653887114 0.016526529428819946 0.019169329073482427
1 0.1304726007538417 0.5729499467518637 0.02261525079733256 0.03727369542066028
1 0.2097709481008988 0.5737486687965921 0.018846042331110466 0.04419595314164004
1 0.15917657291968687 0.5750798722044729 0.01855610321832415 0.04472843450479233
1 0.17657291968686575 0.579073482428115 0.010437808060307335 0.026091586794462194
1 0.18976514931864308 0.5793397231096912 0.016526529428819946 0.03194888178913738
1 0.5578428530008698 0.5812034078807242 0.020005798782255727 0.04206602768903089
1 0.5050739344737605 0.5820021299254526 0.030733545955349377 0.03727369542066028
1 0.6032183241519281 0.615814696485623 0.020005798782255727 0.029286474973375932
1 0.720933603943172 0.6200745473908413 0.026384459263554653 0.03354632587859425
1 0.7590605972745723 0.6384451544195953 0.017396346767178893 0.0362087326943557
1 0.08089301246738186 0.6395101171458999 0.02783415482748623 0.03514376996805112
1 0.8003769208466223 0.6435037273695421 0.021745433458973614 0.027156549520766772
1 0.7605102928385039 0.6592119275825347 0.0272542766019136 0.03194888178913738
5 0.5523340098579298 0.7103301384451545 0.06204697013627138 0.10756123535676251
1 0.08234270803131342 0.7302981895633652 0.02493476369962308 0.025026624068157616
1 0.8077703682226732 0.7433439829605963 0.019715859669469413 0.024494142705005325
1 0.2968976514931864 0.7619808306709265 0.026674398376340967 0.03194888178913738
1 0.8071904899971006 0.7678381256656017 0.016816468541606264 0.023429179978700747
1 0.722818208176283 0.7726304579339723 0.012177442737025224 0.023429179978700747
1 0.7377500724847782 0.7726304579339723 0.014786894752102058 0.029818956336528223
1 0.2548564801391708 0.7854100106496272 0.016236590316033632 0.0362087326943557
1 0.07973325601623658 0.7888711395101171 0.02551464192519571 0.027156549520766772
1 0.15859669469411425 0.7965921192758253 0.028414033053058858 0.03514376996805112
1 0.08161786024934764 0.8378594249201278 0.026384459263554653 0.027156549520766772
1 0.6570020295737895 0.8439829605963791 0.02087561612061467 0.0362087326943557
1 0.5845172513772108 0.8447816826411075 0.03305305885763989 0.04739084132055378
1 0.41591765729196867 0.8450479233226837 0.018266164105537837 0.024494142705005325
1 0.544215714699913 0.849307774227902 0.0371122064366483 0.04153354632587859
1 0.698898231371412 0.8501064962726305 0.0292838503914178 0.039936102236421724
1 0.43345897361554075 0.8548988285410011 0.02087561612061467 0.03141640042598509
1 0.08422731226442447 0.8708732694355698 0.031603363293708324 0.023961661341853034
1 0.41939692664540446 0.8929712460063898 0.019425920556683098 0.022364217252396165
1 0.31791823717019424 0.8951011714589989 0.019425920556683098 0.03514376996805112
1 0.48970716149608584 0.8961661341853036 0.019715859669469413 0.03301384451544196
1 0.45897361554073646 0.900692225772098 0.022035372571759932 0.03567625133120341
1 0.07625398666280081 0.9070820021299254 0.02029573789504204 0.0154419595314164
1 0.08089301246738186 0.9603301384451545 0.02377500724847782 0.039936102236421724
10 0.03435778486517831 0.12646432374866878 0.01130762539866628 0.009052183173588925
10 0.04957958828645984 0.12726304579339723 0.008698173383589447 0.010649627263045794
10 0.026529428819947812 0.13019169329073482 0.007248477819657872 0.019701810436634718
10 0.12626848361844012 0.13045793397231098 0.00956799072194839 0.009584664536741214
10 0.04117135401565671 0.1312566560170394 0.004639025804581038 0.01650692225772098
1 0.0623369092490577 0.13738019169329074 0.012177442737025224 0.027689030883919063
12 0.11148158886633806 0.14616613418530353 0.01188750362423891 0.029286474973375932
1 0.14960858219773848 0.14936102236421725 0.014496955639315743 0.023961661341853034
12 0.12626848361844012 0.14989350372736954 0.01246738184981154 0.028221512247071354
1 0.1375761090171064 0.1501597444089457 0.01246738184981154 0.027689030883919063
5 0.07755871267033923 0.15122470713525027 0.01304726007538417 0.01810436634717785
1 0.0936503334299797 0.15335463258785942 0.017396346767178893 0.0362087326943557
1 0.04769498405334879 0.1554845580404686 0.01304726007538417 0.024494142705005325
1 0.18309654972455786 0.15654952076677317 0.01188750362423891 0.021299254526091587
1 0.19556393157436938 0.1568157614483493 0.01246738184981154 0.027156549520766772
1 0.1630907509423021 0.1584132055378062 0.014786894752102058 0.022896698615548456
1 0.03218324151928095 0.15867944621938232 0.013337199188170484 0.026624068157614485
1 0.2605102928385039 0.15947816826411076 0.01188750362423891 0.025026624068157616
1 0.2850101478689475 0.16320553780617678 0.012757320962597855 0.026091586794462194
1 0.27268773557552917 0.1626730564430245 0.01304726007538417 0.022896698615548456
1 0.29805740794433166 0.16293929712460065 0.013917077413743114 0.024494142705005325
5 0.3972165845172514 0.1650692225772098 0.02029573789504204 0.054313099041533544
1 0.06219193969266454 0.1674653887113951 0.01304726007538417 0.029286474973375932
1 0.3377790663960568 0.17092651757188498 0.011017686285879966 0.025559105431309903
1 0.35024644824586837 0.17145899893503727 0.012177442737025224 0.029818956336528223
1 0.36532328211075676 0.17358892438764642 0.011017686285879966 0.026624068157614485
1 0.37721078573499567 0.17412140575079874 0.011597564511452595 0.023429179978700747
1 0.4179472310814729 0.17438764643237487 0.01304726007538417 0.027156549520766772
1 0.4301246738184981 0.17545260915867944 0.01246738184981154 0.022896698615548456
1 0.8158886633806901 0.1757188498402556 0.011597564511452595 0.021299254526091587
1 0.03479269353435779 0.17758253461128862 0.011017686285879966 0.010117145899893504
1 0.04957958828645984 0.17758253461128862 0.011017686285879966 0.010117145899893504
1 0.8154537547115106 0.20021299254526093 0.015366772977674688 0.023429179978700747
1 0.7100608872136851 0.20287539936102236 0.016236590316033632 0.02875399361022364
5 0.7345607422441287 0.20340788072417465 0.029863728616990434 0.0362087326943557
1 0.03725717599304146 0.2137912673056443 0.01304726007538417 0.022896698615548456
12 0.6632357204986953 0.2137912673056443 0.0136271383009568 0.029286474973375932
12 0.6229341838213975 0.2137912673056443 0.01246738184981154 0.03035143769968051
1 0.09350536387358654 0.22044728434504793 0.019425920556683098 0.02875399361022364
2 0.9834734705711801 0.22284345047923323 0.03305305885763989 0.11448349307774228
5 0.1678747463032763 0.2364217252396166 0.0742244128732966 0.08306709265175719
5 0.5774137431139461 0.23908413205537807 0.03218324151928095 0.05005324813631523
1 0.604088141490287 0.24041533546325877 0.015946651203247317 0.029286474973375932
5 0.6810669759350536 0.2422790202342918 0.01913598144389678 0.03514376996805112
5 0.6401855610321833 0.24281150159744408 0.015076833864888374 0.029818956336528223
1 0.6238040011597564 0.24813631522896698 0.014786894752102058 0.03407880724174654
1 0.6609162075964048 0.24920127795527156 0.018846042331110466 0.0308839190628328
1 0.9508553203827196 0.25133120340788073 0.017686285879965208 0.02875399361022364
1 0.0946651203247318 0.2731629392971246 0.025224702812409395 0.026624068157614485
5 0.8182081762829806 0.284877529286475 0.030733545955349377 0.04153354632587859
1 0.4467961728037112 0.288604898828541 0.02319512902290519 0.04153354632587859
1 0.09249057697883445 0.2976570820021299 0.022035372571759932 0.03301384451544196
1 0.6085821977384749 0.3170926517571885 0.022035372571759932 0.04845580404685836
1 0.7932734125833575 0.32161874334398294 0.017976224992751522 0.03514376996805112
1 0.35430559582487675 0.32215122470713525 0.02377500724847782 0.0308839190628328
1 0.8142939982603653 0.3266773162939297 0.014207016526529429 0.022896698615548456
1 0.13003769208466223 0.34930777422790205 0.024644824586836766 0.03727369542066028
1 0.8148738764859379 0.35010649627263046 0.014786894752102058 0.025026624068157616
1 0.9550594375181212 0.36900958466453676 0.019715859669469413 0.024494142705005325
1 0.09394027254276602 0.37912673056443025 0.036532328211075674 0.0362087326943557
1 0.6066975935053639 0.3812566560170394 0.020005798782255727 0.02875399361022364
5 0.5260945201507683 0.38498402555910544 0.048419831835314585 0.07987220447284345
5 0.42708031313424183 0.3908413205537806 0.04465062336909249 0.07028753993610223
1 0.1393157436938243 0.4049520766773163 0.025804581037982024 0.039936102236421724
1 0.6052478979414323 0.43849840255591055 0.022325311684546247 0.029286474973375932
1 0.9520150768338649 0.48242811501597443 0.014207016526529429 0.029818956336528223
1 0.7557262974775297 0.48322683706070285 0.01246738184981154 0.022896698615548456
1 0.8208176282980574 0.4845580404685836 0.014496955639315743 0.027689030883919063
1 0.7821107567410843 0.4845580404685836 0.014207016526529429 0.023429179978700747
1 0.7947231081472891 0.4850905218317359 0.012757320962597855 0.025559105431309903
1 0.7420991591765729 0.4850905218317359 0.01304726007538417 0.023429179978700747
1 0.7276022035372571 0.48562300319488816 0.0136271383009568 0.023429179978700747
1 0.8079153377790664 0.4858892438764643 0.0136271383009568 0.023961661341853034
1 0.83516961438098 0.48722044728434505 0.014207016526529429 0.024494142705005325
2 0.9799942012177443 0.4898828541001065 0.040011597564511454 0.21192758253461128
1 0.6066975935053639 0.4965388711395101 0.017686285879965208 0.029286474973375932
5 0.04479559292548565 0.5063897763578274 0.04552044070745143 0.042598509052183174
1 0.14018556103218324 0.5095846645367412 0.023485068135691504 0.0308839190628328
1 0.8303856190200058 0.5223642172523961 0.015656712090461003 0.024494142705005325