10 0.3829225352112676 0.1403607666290868 0.01584507042253521 0.03494926719278467
1 0.45026408450704225 0.12795941375422773 0.023767605633802816 0.019165727170236752
10 0.09066901408450705 0.23449830890642615 0.022887323943661973 0.018038331454340473
2 0.0721830985915493 0.12908680947012402 0.1443661971830986 0.07102593010146561
1 0.414612676056338 0.14092446448703494 0.03345070422535211 0.02254791431792559
1 0.5585387323943662 0.10315670800450959 0.023767605633802816 0.05073280721533258
1 0.5374119718309859 0.10935738444193913 0.023767605633802816 0.05186020293122886
5 0.125 0.23618940248027057 0.04225352112676056 0.043968432919954906
10 0.09286971830985916 0.24577226606538896 0.025528169014084508 0.018038331454340473
10 0.4533450704225352 0.13979706877113868 0.02112676056338028 0.015783540022547914
1 0.4837147887323944 0.011273957158962795 0.04137323943661972 0.02254791431792559
10 0.007922535211267605 0.2773393461104848 0.014084507042253521 0.03156708004509583
10 0.09507042253521127 0.2593010146561443 0.02464788732394366 0.018038331454340473
1 0.18970070422535212 0.23393461104847801 0.023767605633802816 0.016910935738444193
1 0.6553697183098591 0.09751972942502818 0.032570422535211266 0.02593010146561443
10 0.684419014084507 0.08906426155580609 0.023767605633802816 0.020293122886133032
1 0.25044014084507044 0.21758737316798196 0.023767605633802816 0.020293122886133032
1 0.05545774647887324 0.2779030439684329 0.014084507042253521 0.030439684329199548
1 0.6113556338028169 0.11443066516347238 0.029049295774647887 0.0552423900789177
1 0.4845950704225352 0.1527621195039459 0.023767605633802816 0.019165727170236752
10 0.09727112676056338 0.2711386696730552 0.023767605633802816 0.019165727170236752
1 0.1932218309859155 0.24689966178128522 0.04137323943661972 0.02480270574971815
2 0.3701584507042254 0.043968432919954906 0.11883802816901408 0.06764374295377677
10 0.14656690140845072 0.266065388951522 0.014964788732394365 0.03156708004509583
10 0.09991197183098592 0.2846674182638106 0.023767605633802816 0.019165727170236752
1 0.48811619718309857 0.16967305524239007 0.022007042253521125 0.016910935738444193
10 0.7548415492957746 0.09244644870349493 0.011443661971830986 0.029312288613303268
1 0.7438380281690141 0.0963923337091319 0.014084507042253521 0.030439684329199548
10 0.6888204225352113 0.1133032694475761 0.025528169014084508 0.019165727170236752
1 0.6606514084507042 0.12232243517474634 0.03433098591549296 0.02818489289740699
10 0.13160211267605634 0.27959413754227735 0.025528169014084508 0.018038331454340473
1 0.10255281690140845 0.29819616685456596 0.022007042253521125 0.016910935738444193
10 0.491637323943662 0.18771138669673054 0.025528169014084508 0.02142051860202931
1 0.5136443661971831 0.18207440811724915 0.014964788732394365 0.03269447576099211
1 0.7147887323943662 0.12570462232243518 0.014084507042253521 0.030439684329199548
10 0.6399647887323944 0.14825253664036075 0.01584507042253521 0.03269447576099211
1 0.6654929577464789 0.14543404735062007 0.035211267605633804 0.029312288613303268
10 0.6936619718309859 0.13697857948139797 0.02464788732394366 0.019165727170236752
2 0.8961267605633803 0.10315670800450959 0.0880281690140845 0.20631341600901917
12 0.2632042253521127 0.27001127395715896 0.03169014084507042 0.048478015783540024
1 0.49471830985915494 0.20856820744081173 0.022887323943661973 0.018038331454340473
1 0.5704225352112676 0.19616685456595265 0.02640845070422535 0.018038331454340473
10 0.5466549295774648 0.20349492671927846 0.02112676056338028 0.016910935738444193
10 0.5933098591549296 0.18996617812852312 0.02464788732394366 0.019165727170236752
1 0.5237676056338029 0.21082299887260428 0.022887323943661973 0.018038331454340473
10 0.5726232394366197 0.20913190529875986 0.025528169014084508 0.02142051860202931
10 0.5475352112676056 0.21758737316798196 0.02464788732394366 0.018038331454340473
1 0.6615316901408451 0.18489289740698986 0.023767605633802816 0.02254791431792559
10 0.6650528169014085 0.20293122886133033 0.025528169014084508 0.020293122886133032
10 0.4762323943661972 0.26719278466741825 0.014084507042253521 0.03156708004509583
10 0.48547535211267606 0.26550169109357385 0.013204225352112676 0.03269447576099211
10 0.49383802816901406 0.2638105975197294 0.014084507042253521 0.03156708004509583
10 0.7860915492957746 0.18602029312288612 0.01584507042253521 0.033821871476888386
1 0.7742077464788732 0.19729425028184894 0.020246478873239437 0.04509582863585118
10 0.34991197183098594 0.3314543404735062 0.013204225352112676 0.029312288613303268
10 0.3314260563380282 0.3370913190529876 0.013204225352112676 0.03156708004509583
10 0.34066901408450706 0.3342728297632469 0.01232394366197183 0.030439684329199548
1 0.795774647887324 0.20631341600901917 0.022887323943661973 0.018038331454340473
1 0.8116197183098591 0.21702367531003383 0.02640845070422535 0.02142051860202931
1 0.7931338028169014 0.23337091319052988 0.014084507042253521 0.03156708004509583
10 0.7816901408450704 0.237880496054115 0.01584507042253521 0.03156708004509583
1 0.5338908450704225 0.014656144306651634 0.014964788732394365 0.029312288613303268
5 0.7275528169014085 0.27282976324689967 0.09419014084507042 0.0834272829763247
1 0.5237676056338029 0.016347237880496055 0.01232394366197183 0.02818489289740699
1 0.514524647887324 0.019165727170236752 0.013204225352112676 0.03156708004509583
1 0.903169014084507 0.22829763246899662 0.035211267605633804 0.02367531003382187
1 0.6786971830985915 0.3043968432919955 0.01232394366197183 0.029312288613303268
5 0.17165492957746478 0.45659526493799324 0.09330985915492958 0.08793686583990981
10 0.304137323943662 0.41995490417136416 0.020246478873239437 0.016910935738444193
10 0.9018485915492958 0.24408117249154454 0.023767605633802816 0.019165727170236752
10 0.30721830985915494 0.4317925591882751 0.02112676056338028 0.015783540022547914
5 0.8481514084507042 0.27677564825253664 0.08362676056338028 0.12063134160090191
1 0.3085387323943662 0.443630214205186 0.022007042253521125 0.016910935738444193
1 0.061619718309859156 0.5225479143179256 0.01232394366197183 0.030439684329199548
5 0.10255281690140845 0.5146561443066516 0.06778169014084508 0.1161217587373168
1 0.929137323943662 0.2750845546786922 0.03961267605633803 0.04284103720405862
1 0.45422535211267606 0.043968432919954906 0.028169014084507043 0.05411499436302142
12 0.6857394366197183 0.36076662908680945 0.035211267605633804 0.038331454340473504
10 0.28036971830985913 0.4819616685456595 0.023767605633802816 0.016910935738444193
10 0.2438380281690141 0.5124013528748591 0.022887323943661973 0.019165727170236752
10 0.2834507042253521 0.5022547914317925 0.022887323943661973 0.019165727170236752
10 0.3191021126760563 0.496054114994363 0.023767605633802816 0.018038331454340473
1 0.2262323943661972 0.5253664036076663 0.014084507042253521 0.03156708004509583
10 0.24647887323943662 0.5264937993235626 0.022887323943661973 0.018038331454340473
10 0.2860915492957746 0.5146561443066516 0.022887323943661973 0.016910935738444193
10 0.3217429577464789 0.5090191657271702 0.023767605633802816 0.019165727170236752
1 0.7649647887323944 0.3878241262683202 0.01584507042253521 0.033821871476888386
1 0.7948943661971831 0.3895152198421646 0.03345070422535211 0.02142051860202931
10 0.32526408450704225 0.5287485907553551 0.023767605633802816 0.020293122886133032
1 0.05677816901408451 0.6121758737316798 0.025528169014084508 0.020293122886133032
2 0.6980633802816901 0.4250281848928974 0.04401408450704225 0.038331454340473504
10 0.04005281690140845 0.6262683201803834 0.014964788732394365 0.03269447576099211
1 0.06866197183098592 0.629086809470124 0.04401408450704225 0.036076662908680945
10 0.3296654929577465 0.5552423900789177 0.023767605633802816 0.016910935738444193
10 0.2953345070422535 0.5659526493799324 0.023767605633802816 0.018038331454340473
10 0.25 0.5817361894024803 0.02464788732394366 0.020293122886133032
5 0.5180457746478874 0.5067643742953777 0.37059859154929575 0.38669673055242393
10 0.29797535211267606 0.5783540022547914 0.025528169014084508 0.020293122886133032
10 0.2522007042253521 0.5935738444193912 0.023767605633802816 0.016910935738444193
10 0.7086267605633803 0.4599774520856821 0.01584507042253521 0.033821871476888386
10 0.6980633802816901 0.46392333709131905 0.01584507042253521 0.03494926719278467
5 0.15536971830985916 0.625140924464487 0.06602112676056338 0.10259301014656144
10 0.3340669014084507 0.5783540022547914 0.022007042253521125 0.018038331454340473
1 0.25528169014084506 0.6071025930101466 0.02464788732394366 0.019165727170236752
10 0.30149647887323944 0.5997745208568207 0.023767605633802816 0.018038331454340473
10 0.4920774647887324 0.04565952649379933 0.017605633802816902 0.03945885005636979
10 0.5044014084507042 0.04171364148816235 0.01584507042253521 0.038331454340473504
10 0.33758802816901406 0.5958286358511837 0.023767605633802816 0.019165727170236752
10 0.3045774647887324 0.6116121758737317 0.022887323943661973 0.016910935738444193
10 0.3397887323943662 0.608793686583991 0.02464788732394366 0.018038331454340473
1 0.6971830985915493 0.5033821871476888 0.01584507042253521 0.03269447576099211
10 0.3415492957746479 0.6195039458850057 0.02464788732394366 0.016910935738444193
1 0.1329225352112676 0.15614430665163473 0.022887323943661973 0.019165727170236752
1 0.7407570422535211 0.5084554678692221 0.014964788732394365 0.03156708004509583
10 0.34375 0.6307779030439684 0.023767605633802816 0.019165727170236752
10 0.05149647887323944 0.7266065388951521 0.025528169014084508 0.05298759864712514
10 0.644806338028169 0.007891770011273957 0.025528169014084508 0.015783540022547914
10 0.6201584507042254 0.012965050732807215 0.022007042253521125 0.016910935738444193
10 0.670774647887324 0.004509582863585118 0.02464788732394366 0.009019165727170236
5 0.2579225352112676 0.6826381059751973 0.061619718309859156 0.10259301014656144
10 0.3899647887323944 0.08286358511837655 0.022887323943661973 0.016910935738444193
10 0.7345950704225352 0.5428410372040586 0.013204225352112676 0.030439684329199548
10 0.7455985915492958 0.5405862457722661 0.01584507042253521 0.03269447576099211
10 0.41329225352112675 0.07722660653889515 0.025528169014084508 0.019165727170236752
5 0.19102112676056338 0.7175873731679819 0.09154929577464789 0.08229988726042842
5 0.09330985915492958 0.7502818489289741 0.02640845070422535 0.04171364148816235
10 0.03169014084507042 0.19165727170236754 0.014084507042253521 0.03156708004509583
10 0.040492957746478875 0.18883878241262683 0.01232394366197183 0.02818489289740699
10 0.05985915492957746 0.18320180383314544 0.014084507042253521 0.030439684329199548
10 0.05017605633802817 0.1871476888387824 0.014084507042253521 0.029312288613303268
10 0.08890845070422536 0.17531003382187146 0.01232394366197183 0.02818489289740699
10 0.1073943661971831 0.17023675310033823 0.01232394366197183 0.02705749718151071
10 0.7112676056338029 0.5851183765501691 0.02464788732394366 0.020293122886133032
5 0.8956866197183099 0.5338218714768884 0.0625 0.11386696730552424
10 0.11663732394366197 0.16798196166854565 0.011443661971830986 0.02705749718151071
10 0.07922535211267606 0.17925591882750846 0.01232394366197183 0.02705749718151071
10 0.7143485915492958 0.6037204058624577 0.023767605633802816 0.016910935738444193
10 0.35255281690140844 0.0992108229988726 0.025528169014084508 0.018038331454340473
10 0.0977112676056338 0.17531003382187146 0.01232394366197183 0.02593010146561443
10 0.05985915492957746 0.8015783540022547 0.014084507042253521 0.03156708004509583
5 0.10211267605633803 0.790304396843292 0.02640845070422535 0.040586245772266064
10 0.7165492957746479 0.6155580608793687 0.02464788732394366 0.018038331454340473
10 0.3204225352112676 0.7604284103720406 0.014084507042253521 0.030439684329199548
10 0.3107394366197183 0.7638105975197295 0.014084507042253521 0.03269447576099211
2 0.06910211267605634 0.8489289740698985 0.037852112676056336 0.06313416009019165
5 0.8014964788732394 0.6335963923337091 0.1505281690140845 0.18940248027057496
10 0.24075704225352113 0.13810597519729426 0.016725352112676055 0.03269447576099211
10 0.2834507042253521 0.1262683201803833 0.01584507042253521 0.033821871476888386
2 0.9757922535211268 0.5896279594137542 0.04665492957746479 0.18940248027057496
5 0.29005281690140844 0.8010146561443067 0.05193661971830986 0.08229988726042842
10 0.2535211267605634 0.13528748590755355 0.01584507042253521 0.033821871476888386
10 0.22887323943661972 0.14261555806087936 0.01584507042253521 0.03269447576099211
10 0.21214788732394366 0.14768883878241262 0.01584507042253521 0.03156708004509583
10 0.2706866197183099 0.13077790304396844 0.016725352112676055 0.036076662908680945
10 0.3261443661971831 0.8173618940248027 0.014964788732394365 0.033821871476888386
5 0.9168133802816901 0.6459977452085682 0.06426056338028169 0.12175873731679819
1 0.6298415492957746 0.7384441939120632 0.013204225352112676 0.029312288613303268
10 0.6205985915492958 0.741826381059752 0.014084507042253521 0.03156708004509583
10 0.610475352112676 0.7457722660653889 0.014964788732394365 0.03269447576099211
10 0.4335387323943662 0.8004509582863585 0.023767605633802816 0.018038331454340473
10 0.3970070422535211 0.8117249154453213 0.022887323943661973 0.018038331454340473
10 0.1443661971830986 0.17361894024802707 0.03873239436619718 0.029312288613303268
10 0.3032570422535211 0.850620067643743 0.030809859154929578 0.02142051860202931
5 0.2367957746478873 0.8703494926719278 0.03873239436619718 0.038331454340473504
10 0.4269366197183099 0.8489289740698985 0.022887323943661973 0.015783540022547914
1 0.46434859154929575 0.8387824126268321 0.025528169014084508 0.018038331454340473
1 0.394806338028169 0.859075535512965 0.022007042253521125 0.015783540022547914
1 0.12367957746478873 0.9413754227733935 0.023767605633802816 0.018038331454340473
1 0.8912852112676056 0.7181510710259301 0.014964788732394365 0.03156708004509583
1 0.875 0.7254791431792559 0.02464788732394366 0.019165727170236752
2 0.09419014084507042 0.9408117249154453 0.06866197183098592 0.11837655016910936
1 0.8472711267605634 0.7367531003382187 0.013204225352112676 0.02818489289740699
10 0.827024647887324 0.7435174746335964 0.013204225352112676 0.02818489289740699
1 0.8375880281690141 0.7406989853438557 0.014964788732394365 0.029312288613303268
10 0.7904929577464789 0.7559188275084555 0.014084507042253521 0.030439684329199548
1 0.8182218309859155 0.7474633596392334 0.013204225352112676 0.029312288613303268
1 0.7803697183098591 0.7598647125140925 0.013204225352112676 0.03156708004509583
1 0.8089788732394366 0.7514092446448704 0.014084507042253521 0.030439684329199548
1 0.7715669014084507 0.762119503945885 0.014964788732394365 0.03156708004509583
1 0.7997359154929577 0.7547914317925591 0.013204225352112676 0.030439684329199548
1 0.12720070422535212 0.9611048478015783 0.022007042253521125 0.016910935738444193
1 0.7447183098591549 0.7829763246899661 0.04225352112676056 0.03269447576099211
5 0.9352992957746479 0.7322435174746336 0.06778169014084508 0.0777903043968433
10 0.8393485915492958 0.7649379932356257 0.023767605633802816 0.016910935738444193
10 0.47403169014084506 0.8731679819616686 0.022007042253521125 0.014656144306651634
1 0.9867957746478874 0.7232243517474634 0.02464788732394366 0.03494926719278467
1 0.4960387323943662 0.8917700112739572 0.013204225352112676 0.03156708004509583
10 0.8639964788732394 0.7835400225479143 0.05017605633802817 0.036076662908680945
1 0.577024647887324 0.05636978579481398 0.013204225352112676 0.029312288613303268
1 0.46786971830985913 0.9137542277339347 0.023767605633802816 0.019165727170236752
1 0.44058098591549294 0.9227733934611049 0.023767605633802816 0.019165727170236752
10 0.45202464788732394 0.011837655016910935 0.023767605633802816 0.019165727170236752
10 0.3283450704225352 0.1319052987598647 0.01584507042253521 0.03156708004509583
1 0.7874119718309859 0.8291995490417137 0.025528169014084508 0.02142051860202931
10 0.8287852112676056 0.826381059751973 0.014964788732394365 0.03156708004509583
10 0.8129401408450704 0.8325817361894025 0.014964788732394365 0.03269447576099211
12 0.352112676056338 0.12570462232243518 0.03873239436619718 0.043968432919954906
1 0.5950704225352113 0.05467869222096956 0.02640845070422535 0.0552423900789177
1 0.6509683098591549 0.03945885005636979 0.029049295774647887 0.05636978579481398
2 0.727112676056338 0.8917700112739572 0.125 0.12852311161217586
2 0.9300176056338029 0.8325817361894025 0.1382042253521127 0.13641488162344984
1 0.6998239436619719 0.02705749718151071 0.02992957746478873 0.05411499436302142
1 0.6795774647887324 0.032130777903043965 0.028169014084507043 0.0552423900789177
1 0.6258802816901409 0.047914317925591886 0.028169014084507043 0.0552423900789177
5 0.8305457746478874 0.8664036076662909 0.032570422535211266 0.046223224351747465
2 0.4392605633802817 0.9673055242390078 0.22359154929577466 0.06538895152198422
1 0.7988556338028169 0.012965050732807215 0.04665492957746479 0.02593010146561443
12 0.007042253521126761 0.24689966178128522 0.014084507042253521 0.04284103720405862
10 0.11047535211267606 0.21307779030439683 0.025528169014084508 0.018038331454340473