1 0.6843544857768052 0.16125 0.06673960612691467 0.0425
1 0.23413566739606126 0.20375 0.087527352297593 0.2075
1 0.43544857768052514 0.18875 0.087527352297593 0.1675
1 0.5049234135667396 0.18375 0.05579868708971553 0.2175
1 0.9606126914660832 0.15375 0.0175054704595186 0.1075
1 0.9431072210065645 0.16 0.019693654266958426 0.1
10 0.5481400437636762 0.205 0.030634573304157548 0.03
10 0.6646608315098468 0.21625 0.014223194748358862 0.0675
10 0.6094091903719913 0.2225 0.0175054704595186 0.075
10 0.62527352297593 0.22375 0.016411378555798686 0.0775
5 0.3265864332603939 0.25375 0.08424507658643327 0.2475
10 0.5492341356673961 0.24125 0.028446389496717725 0.0325
10 0.75054704595186 0.25375 0.01312910284463895 0.0675
10 0.7669584245076586 0.26 0.01312910284463895 0.075
1 0.4420131291028446 0.2875 0.06564551422319474 0.045
1 0.5678336980306345 0.32625 0.015317286652078774 0.0825
1 0.6083150984682714 0.3325 0.015317286652078774 0.07
10 0.6695842450765864 0.32875 0.01312910284463895 0.0725
10 0.6389496717724289 0.3325 0.01312910284463895 0.075
10 0.6531728665207878 0.33125 0.0087527352297593 0.0575
10 0.6230853391684902 0.335 0.009846827133479213 0.07
10 0.8260393873085339 0.32 0.028446389496717725 0.045
10 0.7434354485776805 0.36125 0.016411378555798686 0.0725
1 0.7598468271334792 0.36125 0.009846827133479213 0.0725
10 0.24781181619256018 0.42375 0.02954048140043764 0.0575
1 0.2817286652078775 0.43375 0.03391684901531729 0.0475
1 0.3769146608315099 0.44125 0.09737417943107221 0.1525
10 0.8271334792122538 0.4225 0.0350109409190372 0.09
1 0.7390590809628009 0.43625 0.04048140043763676 0.0375
10 0.5224288840262582 0.45875 0.038293216630196934 0.0475
5 0.26422319474835887 0.50625 0.1061269146608315 0.1075
1 0.7407002188183808 0.48 0.0350109409190372 0.04
10 0.5235229759299781 0.50625 0.04048140043763676 0.0475
10 0.824945295404814 0.53 0.030634573304157548 0.04
5 0.6269146608315098 0.54875 0.14660831509846828 0.3175
1 0.7407002188183808 0.54125 0.04157549234135667 0.0475
1 0.526258205689278 0.5725 0.04157549234135667 0.06
1 0.3561269146608315 0.5975 0.07986870897155361 0.155
1 0.4223194748358862 0.6125 0.05032822757111598 0.065
10 0.05908096280087528 0.6575 0.030634573304157548 0.05
10 0.09354485776805252 0.6575 0.03172866520787746 0.055
10 0.8643326039387309 0.62 0.03282275711159737 0.035
1 0.2778993435448578 0.67125 0.09190371991247265 0.2025
1 0.5344638949671773 0.6525 0.018599562363238512 0.085
1 0.9163019693654267 0.6325 0.036105032822757115 0.045
5 0.14989059080962802 0.7125 0.061269146608315096 0.19
10 0.3676148796498906 0.69625 0.0175054704595186 0.0875
1 0.18161925601750548 0.71125 0.0175054704595186 0.0775
1 0.19803063457330417 0.7125 0.01312910284463895 0.08
10 0.38676148796498905 0.69625 0.016411378555798686 0.0875
1 0.21444201312910285 0.71375 0.01312910284463895 0.0825
5 0.43927789934354483 0.72625 0.0711159737417943 0.1775
1 0.09792122538293217 0.7725 0.02954048140043764 0.045
10 0.8654266958424508 0.715 0.030634573304157548 0.025
1 0.6504376367614879 0.755 0.018599562363238512 0.08
10 0.5793216630196937 0.7625 0.012035010940919038 0.075
10 0.6258205689277899 0.76125 0.010940919037199124 0.0675
1 0.612144420131291 0.76375 0.012035010940919038 0.0725
1 0.7472647702407003 0.7525 0.015317286652078774 0.09
10 0.7056892778993435 0.75625 0.015317286652078774 0.0825
10 0.9031728665207878 0.00625 0.03172866520787746 0.0125
10 0.5207877461706784 0.77375 0.02188183807439825 0.0825
1 0.5464989059080962 0.7725 0.02516411378555799 0.085
10 0.5951859956236324 0.76875 0.0175054704595186 0.0725
1 0.6690371991247265 0.76375 0.014223194748358862 0.0825
10 0.5650984682713348 0.7725 0.009846827133479213 0.06
10 0.725929978118162 0.76 0.016411378555798686 0.09
1 0.6859956236323851 0.7675 0.015317286652078774 0.08
1 0.12417943107221006 0.8325 0.02735229759299781 0.035
1 0.19310722100656455 0.82875 0.03391684901531729 0.0475
1 0.15645514223194748 0.86125 0.03282275711159737 0.0425
10 0.6602844638949672 0.8325 0.03172866520787746 0.05
1 0.6274617067833698 0.83625 0.02954048140043764 0.0425
1 0.6925601750547046 0.83625 0.03282275711159737 0.0425
10 0.5815098468271335 0.865 0.014223194748358862 0.075
10 0.15645514223194748 0.9 0.0350109409190372 0.055
1 0.5661925601750547 0.8675 0.014223194748358862 0.085
10 0.5984682713347921 0.8675 0.015317286652078774 0.07
12 0.6810722100656456 0.07375 0.11706783369803063 0.1475
1 0.2811816192560175 0.09125 0.0262582056892779 0.0775
10 0.5563457330415755 0.095 0.04048140043763676 0.07
1 0.6033916849015317 0.09625 0.022975929978118162 0.0825
10 0.899343544857768 0.07625 0.037199124726477024 0.0475