2 0.9526127049180327 0.09414414414414414 0.04456967213114754 0.062162162162162166
1 0.6905737704918032 0.8522522522522522 0.0471311475409836 0.08108108108108109
1 0.37269467213114754 0.8445945945945946 0.03227459016393443 0.08018018018018018
1 0.5486680327868853 0.8653153153153154 0.01331967213114754 0.06036036036036036
1 0.6721311475409836 0.08153153153153153 0.017418032786885244 0.07477477477477477
1 0.6590676229508197 0.9 0.022028688524590164 0.06486486486486487
10 0.5893954918032787 0.9076576576576577 0.04764344262295082 0.026126126126126126
1 0.37371926229508196 0.8945945945945946 0.052766393442622954 0.043243243243243246
10 0.8603995901639344 0.936036036036036 0.0507172131147541 0.03063063063063063
1 0.8066086065573771 0.9333333333333333 0.03637295081967213 0.03063063063063063
1 0.6408811475409836 0.931981981981982 0.02971311475409836 0.04954954954954955
1 0.7866290983606558 0.9612612612612612 0.017930327868852458 0.06666666666666667
1 0.7085040983606558 0.0945945945945946 0.025614754098360656 0.07207207207207207
2 0.9510758196721312 0.18153153153153154 0.04456967213114754 0.05855855855855856
1 0.11424180327868852 0.15135135135135136 0.03790983606557377 0.06306306306306306
5 0.0622438524590164 0.15 0.03944672131147541 0.16306306306306306
2 0.020491803278688523 0.16171171171171173 0.02971311475409836 0.08198198198198198
10 0.8993340163934426 0.21981981981981982 0.01485655737704918 0.055855855855855854
12 0.48104508196721313 0.19864864864864865 0.08709016393442623 0.2891891891891892
5 0.2832991803278688 0.3441441441441441 0.2305327868852459 0.13513513513513514
10 0.5343237704918032 0.4220720720720721 0.03790983606557377 0.03333333333333333
1 0.6055327868852459 0.43783783783783786 0.04815573770491803 0.05405405405405406
1 0.7822745901639344 0.4594594594594595 0.04610655737704918 0.07207207207207207
1 0.7284836065573771 0.4608108108108108 0.05327868852459016 0.06936936936936937
1 0.8309426229508197 0.4914414414414414 0.0471311475409836 0.07117117117117117
1 0.8278688524590164 0.051351351351351354 0.03381147540983607 0.03423423423423423
1 0.1600922131147541 0.468018018018018 0.0507172131147541 0.06036036036036036
2 0.27126024590163933 0.48693693693693696 0.15625 0.07477477477477477
1 0.38396516393442626 0.5216216216216216 0.038422131147540985 0.0972972972972973
5 0.8734631147540983 0.5891891891891892 0.0430327868852459 0.06126126126126126
5 0.8148053278688525 0.5851351351351352 0.04252049180327869 0.05855855855855856
1 0.8931864754098361 0.07477477477477477 0.021004098360655737 0.05765765765765766
10 0.36885245901639346 0.7076576576576576 0.022540983606557378 0.08738738738738738
1 0.7302766393442623 0.7387387387387387 0.04456967213114754 0.07567567567567568
1 0.5655737704918032 0.7527027027027027 0.05225409836065574 0.044144144144144144
1 0.5064036885245902 0.7527027027027027 0.025102459016393443 0.04954954954954955
5 0.18878073770491804 0.754054054054054 0.22592213114754098 0.13513513513513514
1 0.49871926229508196 0.827027027027027 0.030225409836065573 0.05405405405405406