1 0.4275956284153005 0.7538167938931297 0.07377049180327869 0.16221374045801526
12 0.8644808743169399 0.9036259541984732 0.09508196721311475 0.19083969465648856
1 0.6390710382513661 0.8315839694656488 0.012568306010928962 0.05057251908396947
5 0.26256830601092895 0.7185114503816794 0.11202185792349727 0.17748091603053434
1 0.10081967213114754 0.6631679389312977 0.1633879781420765 0.2919847328244275
1 0.5538251366120218 0.8182251908396947 0.173224043715847 0.30438931297709926
5 0.7131147540983607 0.875 0.11147540983606558 0.16793893129770993
10 0.6538251366120219 0.8630725190839694 0.009289617486338797 0.029580152671755726
5 0.6306010928961748 0.9112595419847328 0.034972677595628415 0.04961832061068702
5 0.18387978142076503 0.7614503816793893 0.02896174863387978 0.04389312977099236
1 0.21420765027322405 0.7805343511450382 0.04262295081967213 0.07251908396946564
1 0.6374316939890711 0.9499045801526718 0.011475409836065573 0.03148854961832061
1 0.6639344262295082 0.9604007633587787 0.041530054644808745 0.06965648854961833
1 0.1923497267759563 0.8015267175572519 0.009836065573770493 0.030534351145038167
1 0.6218579234972678 0.9470419847328244 0.01092896174863388 0.03148854961832061
1 0.17704918032786884 0.7967557251908397 0.01092896174863388 0.030534351145038167
2 0.33989071038251367 0.9165076335877863 0.08087431693989071 0.06583969465648855
2 0.6087431693989072 0.9866412213740458 0.08196721311475409 0.02480916030534351
2 0.16748633879781422 0.8640267175572519 0.0814207650273224 0.07538167938931298
2 0.018579234972677595 0.8072519083969466 0.03715846994535519 0.07824427480916031
1 0.7084699453551913 0.0868320610687023 0.06393442622950819 0.06870229007633588
10 0.9937158469945355 0.16316793893129772 0.011475409836065573 0.013358778625954198
10 0.807103825136612 0.10162213740458015 0.019672131147540985 0.01812977099236641
5 0.928415300546448 0.16412213740458015 0.048087431693989074 0.06870229007633588
2 0.8327868852459016 0.15982824427480916 0.03934426229508197 0.11736641221374046
5 0.7603825136612021 0.11736641221374046 0.048633879781420766 0.08778625954198473
10 0.8049180327868852 0.12452290076335878 0.017486338797814208 0.01812977099236641
10 0.9926229508196721 0.18845419847328243 0.01366120218579235 0.016221374045801526
10 0.8800546448087432 0.15219465648854963 0.015846994535519125 0.016221374045801526
10 0.4174863387978142 0.0033396946564885495 0.018579234972677595 0.006679389312977099
10 0.5169398907103825 0.0357824427480916 0.008743169398907104 0.029580152671755726
1 0.5032786885245901 0.032919847328244274 0.009836065573770493 0.02767175572519084
10 0.4557377049180328 0.020038167938931296 0.01639344262295082 0.015267175572519083
10 0.9898907103825136 0.21564885496183206 0.01366120218579235 0.013358778625954198
10 0.8767759562841531 0.17986641221374045 0.015846994535519125 0.016221374045801526
1 0.37923497267759565 0.01812977099236641 0.01092896174863388 0.030534351145038167
1 0.7314207650273225 0.13979007633587787 0.010382513661202186 0.029580152671755726
1 0.9144808743169399 0.21374045801526717 0.015846994535519125 0.015267175572519083
10 0.9871584699453552 0.24141221374045801 0.014754098360655738 0.015267175572519083
10 0.8743169398907104 0.20515267175572519 0.01639344262295082 0.01717557251908397
10 0.446448087431694 0.06297709923664122 0.009836065573770493 0.030534351145038167
10 0.4551912568306011 0.06727099236641221 0.008743169398907104 0.02767175572519084
10 0.8901639344262295 0.22471374045801526 0.009836065573770493 0.02767175572519084
10 0.4237704918032787 0.07538167938931298 0.010382513661202186 0.030534351145038167
10 0.18961748633879782 0.003816793893129771 0.018579234972677595 0.007633587786259542
10 0.9841530054644809 0.26860687022900764 0.014207650273224045 0.01431297709923664
1 0.12650273224043715 0.016698473282442748 0.060655737704918035 0.033396946564885496
1 0.2278688524590164 0.02862595419847328 0.009836065573770493 0.030534351145038167
10 0.21830601092896174 0.026240458015267174 0.010382513661202186 0.029580152671755726
1 0.25437158469945353 0.04580152671755725 0.016939890710382512 0.01717557251908397
10 0.18688524590163935 0.02385496183206107 0.017486338797814208 0.019083969465648856
10 0.9816939890710382 0.2948473282442748 0.014754098360655738 0.013358778625954198
10 0.43005464480874317 0.11307251908396947 0.017486338797814208 0.01812977099236641
10 0.46967213114754097 0.12643129770992367 0.018032786885245903 0.01812977099236641
10 0.44972677595628413 0.12070610687022901 0.017486338797814208 0.01812977099236641
1 0.27377049180327867 0.061545801526717556 0.01639344262295082 0.01812977099236641
10 0.4685792349726776 0.14456106870229007 0.018032786885245903 0.020038167938931296
10 0.44808743169398907 0.1388358778625954 0.01639344262295082 0.01812977099236641
10 0.5166666666666667 0.17700381679389313 0.016939890710382512 0.016221374045801526
10 0.5355191256830601 0.183206106870229 0.01639344262295082 0.01717557251908397
10 0.7278688524590164 0.25763358778625955 0.015300546448087432 0.01717557251908397
10 0.49863387978142076 0.18225190839694658 0.018032786885245903 0.02099236641221374
1 0.4808743169398907 0.17700381679389313 0.017486338797814208 0.01812977099236641
12 0.17950819672131146 0.07681297709923664 0.05628415300546448 0.09064885496183206
1 0.6303278688524591 0.2433206106870229 0.04972677595628415 0.08969465648854962
1 0.5920765027322404 0.23568702290076335 0.018032786885245903 0.019083969465648856
10 0.5592896174863388 0.22519083969465647 0.016939890710382512 0.01717557251908397
10 0.725136612021858 0.28530534351145037 0.01639344262295082 0.01717557251908397
5 0.9486338797814208 0.36211832061068705 0.048087431693989074 0.09064885496183206
5 0.8882513661202186 0.3411259541984733 0.04972677595628415 0.08874045801526717
5 0.7658469945355191 0.30104961832061067 0.04644808743169399 0.08110687022900763
5 0.826775956284153 0.32156488549618323 0.04918032786885246 0.08969465648854962
1 0.24262295081967214 0.12643129770992367 0.05136612021857923 0.08110687022900763
10 0.4953551912568306 0.21421755725190839 0.009289617486338797 0.02767175572519084
10 0.5046448087431694 0.21755725190839695 0.010382513661202186 0.02862595419847328
10 0.1273224043715847 0.09208015267175572 0.034972677595628415 0.10782442748091603
1 0.557103825136612 0.2476145038167939 0.018032786885245903 0.01812977099236641
5 0.4756830601092896 0.21994274809160305 0.02459016393442623 0.04484732824427481
10 0.7226775956284153 0.31154580152671757 0.014754098360655738 0.01431297709923664
10 0.3795081967213115 0.20658396946564886 0.011475409836065573 0.03148854961832061
10 0.7193989071038251 0.3368320610687023 0.014754098360655738 0.013358778625954198
2 0.9948087431693989 0.4360687022900763 0.009289617486338797 0.05534351145038168
10 0.9625683060109289 0.4265267175572519 0.015846994535519125 0.01717557251908397
1 0.9368852459016394 0.4179389312977099 0.016939890710382512 0.015267175572519083
10 0.9013661202185792 0.4060114503816794 0.016939890710382512 0.016221374045801526
1 0.8759562841530054 0.3988549618320611 0.017486338797814208 0.01717557251908397
1 0.8153005464480875 0.37833969465648853 0.017486338797814208 0.01812977099236641
1 0.7549180327868853 0.3592557251908397 0.015846994535519125 0.016221374045801526
10 0.8396174863387978 0.3945610687022901 0.016939890710382512 0.016221374045801526
10 0.7784153005464481 0.375 0.014754098360655738 0.013358778625954198
5 0.3418032786885246 0.26479007633587787 0.03114754098360656 0.033396946564885496
1 0.05683060109289618 0.17270992366412213 0.06885245901639345 0.12404580152671756
1 0.9907103825136612 0.5047709923664122 0.017486338797814208 0.0648854961832061
1 0.9319672131147541 0.48950381679389315 0.03442622950819672 0.08587786259541985
1 0.8707650273224044 0.4723282442748092 0.04207650273224044 0.09732824427480916
1 0.8112021857923497 0.4594465648854962 0.03551912568306011 0.09446564885496184
2 0.22704918032786886 0.26049618320610685 0.03442622950819672 0.09351145038167939
1 0.7480874316939891 0.44179389312977096 0.03934426229508197 0.09923664122137404
1 0.323224043715847 0.30009541984732824 0.060655737704918035 0.07919847328244274
2 0.26584699453551913 0.28291984732824427 0.03333333333333333 0.07919847328244274
5 0.9155737704918033 0.5109732824427481 0.023497267759562842 0.039122137404580155
10 0.7871584699453552 0.4866412213740458 0.010382513661202186 0.02862595419847328
10 0.14344262295081966 0.27337786259541985 0.026775956284153007 0.10019083969465649
10 0.1273224043715847 0.2676526717557252 0.025136612021857924 0.0982824427480916
10 0.3521857923497268 0.3554389312977099 0.018032786885245903 0.01812977099236641
10 0.330327868852459 0.3530534351145038 0.018032786885245903 0.019083969465648856
10 0.18333333333333332 0.31536259541984735 0.016939890710382512 0.01812977099236641
10 0.10792349726775956 0.28912213740458015 0.011475409836065573 0.03244274809160305
12 0.08633879781420765 0.29961832061068705 0.025136612021857924 0.04770992366412214
1 0.27650273224043714 0.3726145038167939 0.03278688524590164 0.05629770992366412
1 0.9781420765027322 0.6154580152671756 0.04262295081967213 0.1717557251908397
2 0.2453551912568306 0.37547709923664124 0.03169398907103825 0.07919847328244274
1 0.7795081967213114 0.5596374045801527 0.05191256830601093 0.09255725190839695
1 0.8292349726775956 0.5782442748091603 0.03879781420765027 0.05725190839694656
10 0.3122950819672131 0.4050572519083969 0.05191256830601093 0.03721374045801527
5 0.1669398907103825 0.3592557251908397 0.0453551912568306 0.08301526717557252
10 0.056010928961748634 0.3268129770992366 0.05737704918032787 0.04103053435114504
1 0.8713114754098361 0.607824427480916 0.04972677595628415 0.08396946564885496
1 0.46311475409836067 0.4713740458015267 0.03442622950819672 0.07251908396946564
1 0.36366120218579234 0.43940839694656486 0.055191256830601096 0.09446564885496184
10 0.10136612021857923 0.35162213740458015 0.016939890710382512 0.016221374045801526
1 0.41475409836065574 0.46708015267175573 0.03934426229508197 0.07538167938931298
2 0.9191256830601093 0.6412213740458015 0.04262295081967213 0.05916030534351145
10 0.03333333333333333 0.3473282442748092 0.018579234972677595 0.02099236641221374
10 0.17841530054644808 0.4122137404580153 0.018032786885245903 0.02099236641221374
1 0.15273224043715847 0.4060114503816794 0.018032786885245903 0.020038167938931296
1 0.14754098360655737 0.44513358778625955 0.034972677595628415 0.05629770992366412
10 0.10901639344262296 0.43416030534351147 0.0366120218579235 0.1316793893129771
5 0.12595628415300547 0.504293893129771 0.025683060109289616 0.042938931297709926
10 0.05819672131147541 0.4976145038167939 0.025683060109289616 0.09637404580152671
10 0.7081967213114754 0.7194656488549618 0.017486338797814208 0.01717557251908397
10 0.7043715846994536 0.7571564885496184 0.017486338797814208 0.01812977099236641