1 0.6486146095717884 0.9964859437751004 0.03526448362720403 0.0050200803212851405
1 0.19836272040302266 0.007028112449799197 0.04408060453400504 0.014056224899598393
1 0.19269521410579346 0.02208835341365462 0.037783375314861464 0.01606425702811245
1 0.1857682619647355 0.040160642570281124 0.036523929471032744 0.018072289156626505
1 0.7122166246851386 0.15160642570281124 0.03904282115869018 0.02208835341365462
1 0.8073047858942065 0.17118473895582328 0.042821158690176324 0.02108433734939759
1 0.8702770780856424 0.18373493975903615 0.04030226700251889 0.02208835341365462
1 0.18198992443324938 0.05773092369477912 0.03904282115869018 0.019076305220883535
10 0.47984886649874053 0.11696787148594377 0.022670025188916875 0.029116465863453816
10 0.4420654911838791 0.11094377510040161 0.022670025188916875 0.025100401606425703
10 0.46032745591939545 0.11495983935742972 0.02392947103274559 0.029116465863453816
1 0.5384130982367759 0.13052208835341367 0.03904282115869018 0.02208835341365462
1 0.5806045340050378 0.1395582329317269 0.042821158690176324 0.024096385542168676
10 0.49622166246851385 0.12449799196787148 0.02518891687657431 0.03413654618473896
1 0.6272040302267002 0.14909638554216867 0.04534005037783375 0.025100401606425703
1 0.9351385390428212 0.24146586345381527 0.041561712846347604 0.02108433734939759
10 0.818639798488665 0.22640562248995985 0.02518891687657431 0.029116465863453816
10 0.8356423173803527 0.22991967871485944 0.02392947103274559 0.030120481927710843
1 0.6423173803526449 0.19578313253012047 0.02518891687657431 0.030120481927710843
10 0.679471032745592 0.20281124497991967 0.02392947103274559 0.028112449799196786
10 0.7443324937027708 0.2143574297188755 0.027707808564231738 0.03313253012048193
10 0.6618387909319899 0.1992971887550201 0.02392947103274559 0.02710843373493976
1 0.7172544080604534 0.20983935742971888 0.031486146095717885 0.030120481927710843
1 0.7909319899244333 0.22389558232931728 0.030226700251889168 0.0321285140562249
10 0.8879093198992444 0.24246987951807228 0.02518891687657431 0.03112449799196787
1 0.8658690176322418 0.23845381526104417 0.02644836272040302 0.03313253012048193
10 0.7619647355163728 0.21937751004016065 0.027707808564231738 0.03313253012048193
10 0.9030226700251889 0.24548192771084337 0.02518891687657431 0.03112449799196787
10 0.4256926952141058 0.17821285140562249 0.022670025188916875 0.029116465863453816
10 0.4445843828715365 0.18122489959839358 0.02518891687657431 0.03112449799196787
10 0.5617128463476071 0.2043172690763052 0.04030226700251889 0.025100401606425703
10 0.603904282115869 0.21285140562248997 0.036523929471032744 0.02208835341365462
10 0.5201511335012594 0.19728915662650603 0.04030226700251889 0.02108433734939759
10 0.34697732997481107 0.19377510040160642 0.02392947103274559 0.028112449799196786
1 0.30037783375314864 0.20582329317269077 0.02392947103274559 0.030120481927710843
10 0.2827455919395466 0.2033132530120482 0.02392947103274559 0.029116465863453816
1 0.3198992443324937 0.21084337349397592 0.02518891687657431 0.030120481927710843
10 0.16750629722921914 0.1857429718875502 0.020151133501259445 0.02610441767068273
10 0.21977329974811083 0.196285140562249 0.02644836272040302 0.029116465863453816
10 0.20214105793450882 0.19377510040160642 0.02392947103274559 0.030120481927710843
10 0.18513853904282115 0.19026104417670683 0.022670025188916875 0.029116465863453816
1 0.889168765743073 0.33082329317269077 0.03526448362720403 0.019076305220883535
10 0.7777078085642317 0.3157630522088353 0.02392947103274559 0.029116465863453816
5 0.8299748110831234 0.3293172690763052 0.07808564231738035 0.050200803212851405
5 0.9496221662468514 0.3514056224899598 0.08564231738035265 0.05220883534136546
10 0.2903022670025189 0.22991967871485944 0.03904282115869018 0.020080321285140562
10 0.8860201511335013 0.3458835341365462 0.036523929471032744 0.019076305220883535
10 0.2607052896725441 0.23293172690763053 0.02518891687657431 0.028112449799196786
10 0.11712846347607053 0.21184738955823293 0.022670025188916875 0.02610441767068273
10 0.19143576826196473 0.22690763052208834 0.022670025188916875 0.028112449799196786
10 0.1756926952141058 0.22339357429718876 0.021410579345088162 0.02710843373493976
1 0.8816120906801007 0.3604417670682731 0.037783375314861464 0.02208835341365462
10 0.8079345088161209 0.3634538152610442 0.036523929471032744 0.020080321285140562
1 0.2884130982367758 0.27660642570281124 0.04030226700251889 0.023092369477911646
1 0.3331234256926952 0.285140562248996 0.036523929471032744 0.02208835341365462
1 0.3709068010075567 0.29267068273092367 0.03904282115869018 0.02108433734939759
1 0.8035264483627204 0.3790160642570281 0.03526448362720403 0.019076305220883535
10 0.4193954659949622 0.3092369477911647 0.02518891687657431 0.0321285140562249
10 0.07304785894206549 0.25903614457831325 0.022670025188916875 0.028112449799196786
10 0.09130982367758186 0.26305220883534136 0.02644836272040302 0.030120481927710843
10 0.11146095717884132 0.26706827309236947 0.02644836272040302 0.030120481927710843
10 0.258816120906801 0.29467871485943775 0.02392947103274559 0.029116465863453816
10 0.2783375314861461 0.29869477911646586 0.022670025188916875 0.02710843373493976
10 0.35579345088161207 0.31275100401606426 0.02392947103274559 0.02710843373493976
10 0.7991183879093199 0.39457831325301207 0.03400503778337532 0.018072289156626505
10 0.29848866498740556 0.30220883534136544 0.02518891687657431 0.028112449799196786
10 0.336272040302267 0.3092369477911647 0.022670025188916875 0.028112449799196786
10 0.31863979848866497 0.3072289156626506 0.022670025188916875 0.028112449799196786
10 0.37468513853904284 0.31827309236947793 0.02644836272040302 0.030120481927710843
1 0.43198992443324935 0.34186746987951805 0.027707808564231738 0.03112449799196787
1 0.4704030226700252 0.35040160642570284 0.02644836272040302 0.030120481927710843
1 0.7940806045340051 0.411144578313253 0.036523929471032744 0.019076305220883535
1 0.4080604534005038 0.34186746987951805 0.027707808564231738 0.029116465863453816
5 0.20906801007556675 0.30873493975903615 0.0654911838790932 0.06526104417670683
1 0.3885390428211587 0.3458835341365462 0.02392947103274559 0.029116465863453816
1 0.2688916876574307 0.32831325301204817 0.02644836272040302 0.030120481927710843
1 0.24937027707808565 0.3247991967871486 0.02518891687657431 0.029116465863453816
12 0.0906801007556675 0.29668674698795183 0.04030226700251889 0.03714859437751004
1 0.327455919395466 0.34036144578313254 0.027707808564231738 0.0321285140562249
1 0.28967254408060455 0.3333333333333333 0.02518891687657431 0.030120481927710843
1 0.3060453400503778 0.33634538152610444 0.02518891687657431 0.028112449799196786
12 0.05919395465994962 0.2916666666666667 0.030226700251889168 0.03313253012048193
1 0.34697732997481107 0.34487951807228917 0.02392947103274559 0.029116465863453816
1 0.36649874055415615 0.3488955823293173 0.02518891687657431 0.029116465863453816
1 0.5957178841309824 0.3990963855421687 0.037783375314861464 0.019076305220883535
10 0.06926952141057935 0.3348393574297189 0.022670025188916875 0.025100401606425703
10 0.16498740554156172 0.3534136546184739 0.020151133501259445 0.02610441767068273
10 0.05037783375314862 0.33232931726907633 0.022670025188916875 0.02610441767068273
10 0.14987405541561713 0.3509036144578313 0.02518891687657431 0.029116465863453816
10 0.181360201511335 0.3569277108433735 0.022670025188916875 0.029116465863453816
10 0.21347607052896725 0.3629518072289157 0.02392947103274559 0.03112449799196787
10 0.19710327455919396 0.35993975903614456 0.021410579345088162 0.029116465863453816
10 0.10957178841309824 0.34387550200803213 0.02518891687657431 0.029116465863453816
10 0.08879093198992444 0.34036144578313254 0.02392947103274559 0.028112449799196786
10 0.12909319899244331 0.34789156626506024 0.021410579345088162 0.02710843373493976
1 0.2531486146095718 0.37349397590361444 0.037783375314861464 0.020080321285140562
1 0.5132241813602015 0.42971887550200805 0.03904282115869018 0.02208835341365462
1 0.24811083123425692 0.392570281124498 0.03526448362720403 0.020080321285140562
1 0.5088161209068011 0.44779116465863456 0.04030226700251889 0.020080321285140562
10 0.13790931989924432 0.3815261044176707 0.02644836272040302 0.0321285140562249
12 0.039672544080604534 0.3669678714859438 0.03400503778337532 0.03313253012048193
1 0.5037783375314862 0.4643574297188755 0.037783375314861464 0.02108433734939759
10 0.2367758186397985 0.4171686746987952 0.037783375314861464 0.02108433734939759
1 0.20025188916876574 0.4106425702811245 0.03526448362720403 0.02208835341365462
1 0.7940806045340051 0.5261044176706827 0.03904282115869018 0.02208835341365462
10 0.16876574307304787 0.4246987951807229 0.037783375314861464 0.020080321285140562
10 0.03589420654911839 0.4041164658634538 0.02392947103274559 0.03112449799196787
10 0.020780856423173802 0.4011044176706827 0.0163727959697733 0.029116465863453816
10 0.2304785894206549 0.44126506024096385 0.037783375314861464 0.019076305220883535
10 0.9162468513853904 0.5778112449799196 0.036523929471032744 0.02108433734939759
1 0.1070528967254408 0.43022088353413657 0.04030226700251889 0.02108433734939759
1 0.49307304785894207 0.5025100401606426 0.03400503778337532 0.02108433734939759
10 0.1618387909319899 0.44126506024096385 0.03400503778337532 0.019076305220883535
1 0.22795969773299748 0.45732931726907633 0.03526448362720403 0.02108433734939759
5 0.35642317380352645 0.4839357429718876 0.2594458438287154 0.2469879518072289
10 0.5642317380352645 0.5266064257028112 0.022670025188916875 0.029116465863453816
10 0.14609571788413098 0.4538152610441767 0.03526448362720403 0.018072289156626505
1 0.4892947103274559 0.518574297188755 0.036523929471032744 0.019076305220883535
1 0.10138539042821158 0.44779116465863456 0.03904282115869018 0.02208835341365462
10 0.010705289672544081 0.4352409638554217 0.0163727959697733 0.02710843373493976
10 0.02455919395465995 0.43724899598393574 0.02392947103274559 0.029116465863453816
1 0.21914357682619648 0.4743975903614458 0.037783375314861464 0.019076305220883535
12 0.904911838790932 0.6004016064257028 0.041561712846347604 0.040160642570281124
1 0.5831234256926953 0.5476907630522089 0.0327455919395466 0.019076305220883535
1 0.14042821158690177 0.46987951807228917 0.03904282115869018 0.02208835341365462
1 0.09634760705289673 0.46536144578313254 0.041561712846347604 0.023092369477911646
10 0.5799748110831234 0.5627510040160643 0.03400503778337532 0.01706827309236948
10 0.1341309823677582 0.48694779116465864 0.036523929471032744 0.018072289156626505
1 0.4716624685138539 0.5522088353413654 0.03904282115869018 0.02208835341365462
1 0.21347607052896725 0.5045180722891566 0.031486146095717885 0.01706827309236948
1 0.6819899244332494 0.5918674698795181 0.03904282115869018 0.02108433734939759
1 0.09193954659949623 0.48343373493975905 0.03526448362720403 0.02108433734939759
1 0.7695214105793451 0.6079317269076305 0.03526448362720403 0.02108433734939759
12 0.8772040302267002 0.6325301204819277 0.03904282115869018 0.03614457831325301
1 0.5887909319899244 0.5803212851405622 0.036523929471032744 0.020080321285140562
1 0.9042821158690176 0.6385542168674698 0.027707808564231738 0.030120481927710843
10 0.1297229219143577 0.5025100401606426 0.037783375314861464 0.019076305220883535
1 0.20654911838790932 0.5240963855421686 0.03526448362720403 0.020080321285140562
1 0.12468513853904283 0.518574297188755 0.03526448362720403 0.019076305220883535
2 0.9363979848866498 0.6691767068273092 0.08690176322418136 0.13353413654618473
10 0.4534005037783375 0.5833333333333334 0.02518891687657431 0.030120481927710843
1 0.8967254408060453 0.6691767068273092 0.022670025188916875 0.029116465863453816
10 0.8589420654911839 0.6636546184738956 0.02518891687657431 0.028112449799196786
10 0.8772040302267002 0.6671686746987951 0.021410579345088162 0.02710843373493976
10 0.4433249370277078 0.6184738955823293 0.02518891687657431 0.030120481927710843
1 0.8702770780856424 0.697289156626506 0.022670025188916875 0.02710843373493976
10 0.8501259445843828 0.6942771084337349 0.02518891687657431 0.03112449799196787
1 0.8885390428211587 0.7018072289156626 0.02392947103274559 0.028112449799196786
1 0.4061712846347607 0.6194779116465864 0.02644836272040302 0.0321285140562249
1 0.24244332493702772 0.6049196787148594 0.02644836272040302 0.02710843373493976
1 0.3047858942065491 0.6184738955823293 0.027707808564231738 0.0321285140562249
1 0.3255667506297229 0.6219879518072289 0.028967254408060455 0.03313253012048193
1 0.37531486146095716 0.6310240963855421 0.027707808564231738 0.03112449799196787
10 0.7884130982367759 0.7530120481927711 0.03526448362720403 0.020080321285140562
1 0.00818639798488665 0.6099397590361446 0.0163727959697733 0.05923694779116466
10 0.6769521410579346 0.7409638554216867 0.02392947103274559 0.028112449799196786
10 0.6580604534005038 0.7374497991967871 0.02392947103274559 0.02710843373493976
12 0.8236775818639799 0.7695783132530121 0.042821158690176324 0.03313253012048193
1 0.7544080604534005 0.7580321285140562 0.027707808564231738 0.0321285140562249
10 0.783375314861461 0.7700803212851406 0.03526448362720403 0.020080321285140562
1 0.5604534005037783 0.7319277108433735 0.022670025188916875 0.02610441767068273
1 0.5403022670025189 0.7304216867469879 0.02518891687657431 0.03112449799196787
10 0.01322418136020151 0.6345381526104418 0.02392947103274559 0.030120481927710843
5 0.7122166246851386 0.7640562248995983 0.06926952141057935 0.07228915662650602
2 0.9061712846347607 0.8007028112449799 0.07178841309823678 0.12951807228915663
10 0.7783375314861462 0.7846385542168675 0.0327455919395466 0.01706827309236948
10 0.5724181360201511 0.7494979919678715 0.02644836272040302 0.03112449799196787
10 0.6700251889168766 0.7695783132530121 0.027707808564231738 0.03112449799196787
10 0.6303526448362721 0.7625502008032129 0.02392947103274559 0.029116465863453816
10 0.6505037783375315 0.766566265060241 0.02392947103274559 0.029116465863453816
12 0.6045340050377834 0.7590361445783133 0.042821158690176324 0.03815261044176707
12 0.8173803526448362 0.7996987951807228 0.04030226700251889 0.03112449799196787
10 0.5409319899244333 0.751004016064257 0.036523929471032744 0.018072289156626505
1 0.7455919395465995 0.7891566265060241 0.02518891687657431 0.030120481927710843
10 0.7751889168765743 0.8007028112449799 0.036523929471032744 0.019076305220883535
1 0.012594458438287154 0.6681726907630522 0.02518891687657431 0.035140562248995984
10 0.5925692695214105 0.7831325301204819 0.031486146095717885 0.01606425702811245
1 0.586272040302267 0.7996987951807228 0.03400503778337532 0.019076305220883535
5 0.5396725440806045 0.7951807228915663 0.07178841309823678 0.07028112449799197
10 0.5824937027707808 0.8137550200803213 0.03400503778337532 0.01706827309236948
10 0.5780856423173804 0.8278112449799196 0.03526448362720403 0.02108433734939759
10 0.5736775818639799 0.8423694779116466 0.03400503778337532 0.020080321285140562
10 0.4899244332493703 0.839859437751004 0.022670025188916875 0.02710843373493976
10 0.5056675062972292 0.8438755020080321 0.021410579345088162 0.029116465863453816
12 0.5321158690176322 0.8483935742971888 0.03904282115869018 0.03614457831325301
1 0.5680100755667506 0.858433734939759 0.037783375314861464 0.020080321285140562
5 0.7052896725440806 0.9041164658634538 0.2216624685138539 0.17771084337349397
1 0.5579345088161209 0.8875502008032129 0.037783375314861464 0.020080321285140562
10 0.5516372795969773 0.9046184738955824 0.0327455919395466 0.01606425702811245
10 0.5138539042821159 0.9252008032128514 0.022670025188916875 0.02710843373493976
10 0.5478589420654912 0.9603413654618473 0.020151133501259445 0.025100401606425703
10 0.5062972292191436 0.9528112449799196 0.020151133501259445 0.02610441767068273
10 0.5264483627204031 0.9563253012048193 0.020151133501259445 0.025100401606425703