10 0.38278210116731515 0.07481296758104738 0.016536964980544747 0.03740648379052369
1 0.4576848249027237 0.06608478802992519 0.026264591439688716 0.0199501246882793
10 0.05544747081712062 0.15773067331670823 0.02529182879377432 0.018703241895261846
1 0.4182879377431907 0.07793017456359103 0.03696498054474708 0.02369077306733167
1 0.578307392996109 0.046758104738154616 0.024319066147859923 0.05610972568578554
1 0.5539883268482491 0.05236907730673317 0.024319066147859923 0.057356608478802994
5 0.0933852140077821 0.1614713216957606 0.04474708171206226 0.046134663341645885
10 0.057392996108949414 0.1708229426433915 0.027237354085603113 0.017456359102244388
10 0.4596303501945525 0.08042394014962594 0.02237354085603113 0.016209476309226933
10 0.05982490272373541 0.18391521197007482 0.026264591439688716 0.018703241895261846
1 0.16536964980544747 0.16458852867830423 0.02529182879377432 0.017456359102244388
1 0.6857976653696498 0.048628428927680795 0.03501945525291829 0.02743142144638404
10 0.7183852140077821 0.040523690773067333 0.026264591439688716 0.02119700748129676
1 0.23297665369649806 0.15087281795511223 0.026264591439688716 0.0199501246882793
1 0.014591439688715954 0.20261845386533667 0.013618677042801557 0.03366583541147132
1 0.6357003891050583 0.06359102244389027 0.030155642023346304 0.059850374064837904
1 0.49416342412451364 0.09725685785536159 0.02529182879377432 0.0199501246882793
10 0.061770428015564205 0.19825436408977556 0.026264591439688716 0.0199501246882793
1 0.16877431906614787 0.17955112219451372 0.04571984435797665 0.02493765586034913
10 0.11673151750972763 0.1970074812967581 0.01556420233463035 0.034912718204488775
10 0.06420233463035019 0.2144638403990025 0.02529182879377432 0.0199501246882793
1 0.497568093385214 0.11596009975062344 0.024319066147859923 0.017456359102244388
10 0.7947470817120622 0.05112219451371571 0.011673151750972763 0.032418952618453865
1 0.7830739299610895 0.0529925187032419 0.013618677042801557 0.03366583541147132
10 0.7213035019455253 0.06920199501246883 0.02821011673151751 0.018703241895261846
1 0.6896887159533074 0.07668329177057356 0.03696498054474708 0.028678304239401497
10 0.09873540856031128 0.21009975062344138 0.02821011673151751 0.018703241895261846
1 0.06566147859922179 0.2281795511221945 0.024319066147859923 0.017456359102244388
10 0.5 0.13591022443890274 0.027237354085603113 0.022443890274314215
1 0.5252918287937743 0.13154613466334164 0.01556420233463035 0.03615960099750624
1 0.75 0.08416458852867831 0.013618677042801557 0.03366583541147132
10 0.6658560311284046 0.10286783042394015 0.016536964980544747 0.03615960099750624
1 0.6940661478599222 0.10224438902743142 0.037937743190661476 0.029925187032418952
10 0.72568093385214 0.09476309226932668 0.027237354085603113 0.0199501246882793
2 0.9357976653696498 0.09351620947630923 0.05642023346303502 0.18703241895261846
12 0.245136186770428 0.20947630922693267 0.033073929961089495 0.05236907730673317
1 0.5029182879377432 0.1589775561097257 0.02529182879377432 0.018703241895261846
1 0.5865758754863813 0.1502493765586035 0.029182879377431907 0.018703241895261846
10 0.5603112840466926 0.1571072319201995 0.023346303501945526 0.017456359102244388
10 0.6133268482490273 0.14588528678304238 0.026264591439688716 0.0199501246882793
1 0.5340466926070039 0.1639650872817955 0.02529182879377432 0.018703241895261846
10 0.5880350194552529 0.16521197007481297 0.02821011673151751 0.02119700748129676
10 0.561284046692607 0.17269326683291772 0.027237354085603113 0.018703241895261846
1 0.6882295719844358 0.14588528678304238 0.026264591439688716 0.022443890274314215
10 0.6916342412451362 0.16521197007481297 0.027237354085603113 0.02119700748129676
10 0.4790856031128405 0.22194513715710723 0.014591439688715954 0.034912718204488775
10 0.4892996108949416 0.22069825436408977 0.013618677042801557 0.034912718204488775
10 0.4990272373540856 0.2194513715710723 0.013618677042801557 0.034912718204488775
10 0.8258754863813229 0.15586034912718205 0.01556420233463035 0.03740648379052369
1 0.8117704280155642 0.16708229426433915 0.020428015564202335 0.04987531172069826
10 0.33754863813229574 0.28366583541147133 0.013618677042801557 0.03117206982543641
10 0.31712062256809337 0.2880299251870324 0.013618677042801557 0.034912718204488775
10 0.32733463035019456 0.28615960099750626 0.01264591439688716 0.03366583541147132
1 0.835603112840467 0.178927680798005 0.02529182879377432 0.018703241895261846
1 0.8526264591439688 0.19201995012468828 0.02821011673151751 0.022443890274314215
1 0.8302529182879378 0.2082294264339152 0.014591439688715954 0.034912718204488775
10 0.8180933852140078 0.2119700748129676 0.01556420233463035 0.034912718204488775
5 0.757295719844358 0.24688279301745636 0.10214007782101167 0.08728179551122195
1 0.9503891050583657 0.2119700748129676 0.03501945525291829 0.02493765586034913
1 0.7018482490272373 0.27743142144638405 0.01264591439688716 0.03117206982543641
5 0.13521400778210116 0.4077306733167082 0.10116731517509728 0.09226932668329177
10 0.2835603112840467 0.3778054862842893 0.02237354085603113 0.017456359102244388
10 0.9499027237354085 0.2281795511221945 0.026264591439688716 0.0199501246882793
10 0.28599221789883267 0.39089775561097256 0.023346303501945526 0.016209476309226933
5 0.8895914396887159 0.2593516209476309 0.08852140077821012 0.12967581047381546
1 0.28745136186770426 0.40399002493765584 0.024319066147859923 0.017456359102244388
1 0.010214007782101167 0.47319201995012466 0.01264591439688716 0.03366583541147132
5 0.055933852140077824 0.46758104738154616 0.07101167315175097 0.12718204488778054
1 0.9674124513618677 0.2674563591022444 0.020428015564202335 0.04114713216957606
12 0.7067120622568094 0.3410224438902743 0.037937743190661476 0.04114713216957606
10 0.2534046692607004 0.44389027431421446 0.026264591439688716 0.017456359102244388
10 0.21206225680933852 0.47506234413965087 0.02529182879377432 0.0199501246882793
10 0.25680933852140075 0.46758104738154616 0.02529182879377432 0.0199501246882793
10 0.29620622568093385 0.463216957605985 0.026264591439688716 0.018703241895261846
1 0.1921206225680934 0.48877805486284287 0.014591439688715954 0.034912718204488775
10 0.2140077821011673 0.4906483790523691 0.02529182879377432 0.018703241895261846
10 0.2592412451361868 0.48129675810473815 0.024319066147859923 0.017456359102244388
10 0.29815175097276264 0.4775561097256858 0.026264591439688716 0.0199501246882793
1 0.7928015564202334 0.3765586034912718 0.01556420233463035 0.03740648379052369
1 0.8258754863813229 0.37967581047381543 0.03696498054474708 0.02119700748129676
10 0.3010700389105058 0.5006234413965087 0.026264591439688716 0.02119700748129676
1 0.008268482490272374 0.5704488778054863 0.014591439688715954 0.018703241895261846
2 0.7174124513618677 0.41271820448877805 0.047665369649805445 0.0399002493765586
1 0.020428015564202335 0.5897755610972568 0.03501945525291829 0.034912718204488775
10 0.30593385214007784 0.5286783042394015 0.026264591439688716 0.017456359102244388
10 0.26702334630350194 0.5380299251870324 0.026264591439688716 0.018703241895261846
10 0.21595330739299612 0.5529925187032418 0.027237354085603113 0.02119700748129676
5 0.5150778210116731 0.48940149625935164 0.39980544747081714 0.4077306733167082
10 0.2694552529182879 0.5529925187032418 0.027237354085603113 0.02119700748129676
10 0.2183852140077821 0.5660847880299252 0.026264591439688716 0.017456359102244388
10 0.728112840466926 0.45261845386533667 0.016536964980544747 0.03740648379052369
10 0.7154669260700389 0.4557356608478803 0.016536964980544747 0.03865336658354115
5 0.10943579766536965 0.594139650872818 0.06906614785992218 0.11097256857855362
10 0.308852140077821 0.5554862842892768 0.024319066147859923 0.018703241895261846
1 0.22081712062256809 0.5816708229426434 0.027237354085603113 0.018703241895261846
10 0.2718871595330739 0.5766832917705735 0.026264591439688716 0.018703241895261846
10 0.3117704280155642 0.5748129675810474 0.026264591439688716 0.0199501246882793
10 0.27431906614785995 0.5897755610972568 0.02529182879377432 0.017456359102244388
10 0.3132295719844358 0.5879052369077307 0.027237354085603113 0.018703241895261846
1 0.7130350194552529 0.49875311720698257 0.01556420233463035 0.034912718204488775
10 0.3151750972762646 0.600997506234414 0.027237354085603113 0.017456359102244388
1 0.7607003891050583 0.5074812967581047 0.01556420233463035 0.034912718204488775
10 0.31760700389105057 0.6134663341645885 0.026264591439688716 0.0199501246882793
5 0.2203307392996109 0.6639650872817955 0.0651750972762646 0.11097256857855362
10 0.39348249027237353 0.017456359102244388 0.024319066147859923 0.007481296758104738
10 0.7529182879377432 0.5461346633416458 0.013618677042801557 0.032418952618453865
10 0.7650778210116731 0.5430174563591023 0.016536964980544747 0.03615960099750624
10 0.41974708171206226 0.013092269326683292 0.02821011673151751 0.011221945137157107
5 0.14396887159533073 0.6970074812967582 0.09922178988326848 0.08478802992518704
5 0.03599221789883268 0.726932668329177 0.027237354085603113 0.04488778054862843
10 0.0048638132295719845 0.11159600997506235 0.009727626459143969 0.016209476309226933
10 0.02529182879377432 0.10723192019950124 0.013618677042801557 0.017456359102244388
10 0.013618677042801557 0.10972568578553615 0.013618677042801557 0.017456359102244388
10 0.057392996108949414 0.09975062344139651 0.011673151750972763 0.017456359102244388
10 0.07782101167315175 0.09600997506234414 0.011673151750972763 0.017456359102244388
10 0.7247081712062257 0.5910224438902744 0.027237354085603113 0.0199501246882793
5 0.9304474708171206 0.5480049875311721 0.0651750972762646 0.12344139650872818
10 0.08900778210116732 0.0928927680798005 0.010700389105058366 0.016209476309226933
10 0.04669260700389105 0.10224438902743142 0.011673151750972763 0.017456359102244388
10 0.7271400778210116 0.6109725685785536 0.026264591439688716 0.017456359102244388
10 0.3516536964980545 0.03117206982543641 0.02821011673151751 0.014962593516209476
10 0.06712062256809338 0.09912718204488778 0.011673151750972763 0.018703241895261846
5 0.04328793774319066 0.7711970074812967 0.02821011673151751 0.043640897755610975
10 0.7290856031128404 0.6240648379052369 0.026264591439688716 0.018703241895261846
10 0.28550583657587547 0.7537406483790524 0.014591439688715954 0.03366583541147132
10 0.27480544747081714 0.7574812967581047 0.014591439688715954 0.03615960099750624
5 0.8224708171206225 0.6496259351620948 0.1605058365758755 0.20199501246882792
10 0.22616731517509728 0.06795511221945137 0.016536964980544747 0.028678304239401497
10 0.2733463035019455 0.05673316708229426 0.01556420233463035 0.028678304239401497
5 0.25 0.7961346633416458 0.054474708171206226 0.0885286783042394
10 0.24027237354085604 0.064214463840399 0.01556420233463035 0.028678304239401497
10 0.21254863813229571 0.07044887780548628 0.016536964980544747 0.028678304239401497
10 0.19455252918287938 0.07543640897755612 0.01556420233463035 0.028678304239401497
10 0.259727626459144 0.06172069825436409 0.017509727626459144 0.03117206982543641
10 0.2898832684824903 0.8173316708229427 0.01556420233463035 0.03615960099750624
5 0.9484435797665369 0.6733167082294265 0.06614785992217899 0.13216957605985039
1 0.627431906614786 0.7543640897755611 0.013618677042801557 0.032418952618453865
10 0.6181906614785992 0.756857855361596 0.014591439688715954 0.034912718204488775
10 0.6065175097276264 0.7599750623441397 0.014591439688715954 0.03615960099750624
10 0.4080739299610895 0.807356608478803 0.026264591439688716 0.018703241895261846
10 0.36770428015564205 0.8173316708229427 0.02529182879377432 0.018703241895261846
10 0.11770428015564202 0.09476309226932668 0.042801556420233464 0.029925187032418952
10 0.26313229571984437 0.8528678304239401 0.03404669260700389 0.022443890274314215
5 0.1877431906614786 0.8690773067331671 0.042801556420233464 0.0399002493765586
10 0.39980544747081714 0.8609725685785536 0.02529182879377432 0.016209476309226933
1 0.4401750972762646 0.850997506234414 0.02821011673151751 0.018703241895261846
1 0.3633268482490272 0.8684538653366584 0.024319066147859923 0.016209476309226933
1 0.0632295719844358 0.9395261845386533 0.021400778210116732 0.018703241895261846
1 0.9173151750972762 0.7506234413965087 0.01556420233463035 0.034912718204488775
1 0.8983463035019456 0.7587281795511222 0.026264591439688716 0.018703241895261846
1 0.867704280155642 0.7687032418952618 0.013618677042801557 0.03117206982543641
10 0.8463035019455253 0.7736907730673317 0.013618677042801557 0.03117206982543641
1 0.8570038910505836 0.7718204488778054 0.01556420233463035 0.032418952618453865
10 0.8039883268482491 0.7836658354114713 0.014591439688715954 0.03366583541147132
1 0.835603112840467 0.7780548628428927 0.013618677042801557 0.032418952618453865
1 0.7937743190661478 0.7874064837905237 0.013618677042801557 0.03366583541147132
1 0.8253891050583657 0.779925187032419 0.014591439688715954 0.03366583541147132
1 0.7835603112840467 0.7905236907730673 0.014591439688715954 0.034912718204488775
1 0.8151750972762646 0.7836658354114713 0.013618677042801557 0.03366583541147132
1 0.06566147859922179 0.9613466334164589 0.020428015564202335 0.017456359102244388
1 0.752431906614786 0.8110972568578554 0.04571984435797665 0.03366583541147132
5 0.9635214007782101 0.7687032418952618 0.07101167315175097 0.08354114713216958
10 0.857976653696498 0.7980049875311721 0.02529182879377432 0.017456359102244388
10 0.45087548638132297 0.8902743142144638 0.024319066147859923 0.014962593516209476
1 0.47373540856031127 0.9133416458852868 0.013618677042801557 0.03366583541147132
10 0.8837548638132295 0.821072319201995 0.05544747081712062 0.03615960099750624
1 0.60068093385214 0.00685785536159601 0.014591439688715954 0.01371571072319202
1 0.441147859922179 0.9339152119700748 0.026264591439688716 0.0199501246882793
1 0.41147859922178986 0.942643391521197 0.02529182879377432 0.0199501246882793
10 0.3229571984435798 0.06172069825436409 0.01556420233463035 0.03366583541147132
1 0.7981517509727627 0.8659600997506235 0.02821011673151751 0.02119700748129676
10 0.8433852140077821 0.8659600997506235 0.01556420233463035 0.03366583541147132
10 0.8258754863813229 0.8703241895261845 0.01556420233463035 0.034912718204488775
12 0.34970817120622566 0.057356608478802994 0.04182879377431906 0.04738154613466334
1 0.620136186770428 0.01371571072319202 0.02821011673151751 0.02743142144638404
1 0.6828793774319066 0.008104738154613466 0.0311284046692607 0.016209476309226933
2 0.7266536964980544 0.9145885286783042 0.1303501945525292 0.1059850374064838
2 0.9396887159533074 0.8628428927680798 0.11867704280155641 0.11221945137157108
1 0.6551556420233463 0.01059850374064838 0.030155642023346304 0.02119700748129676
5 0.8433852140077821 0.9077306733167082 0.03501945525291829 0.04738154613466334
2 0.4051556420233463 0.9800498753117207 0.24610894941634243 0.03740648379052369
10 0.07928015564202334 0.13528678304239403 0.02821011673151751 0.018703241895261846