5 0.6387416048073524 0.556698165647582 0.0975609756097561 0.06948304613674264
1 0.3167196889360198 0.5578098943857699 0.028278543655001768 0.0405780989438577
10 0.8612583951926476 0.5617009449694275 0.0272180982679392 0.022790439132851583
10 0.06539413220219159 0.5705947748749305 0.012018381053375752 0.02612562534741523
1 0.2955107811947685 0.575319622012229 0.024743725698126547 0.04780433574207893
10 0.07458465889006716 0.5867148415786548 0.012018381053375752 0.028349082823790995
1 0.20060091905266877 0.5878265703168427 0.027925061859314246 0.048360200111172875
1 0.15800636267232238 0.5933852140077821 0.028985507246376812 0.039466370205669815
1 0.4605867797808413 0.6108949416342413 0.029692470837751856 0.038910505836575876
1 0.7092612230470131 0.6150639244024458 0.03216684340756451 0.055030572540300166
1 0.48939554612937436 0.6156197887715398 0.030752916224814422 0.05614230127848805
1 0.4508660303994344 0.6481378543635353 0.031459879816189466 0.04113396331295164
1 0.4768469423824673 0.6539744302390217 0.02686461647225168 0.04391328515842134
10 0.500706963591375 0.7056698165647582 0.015906680805938492 0.027237354085603113
1 0.7348886532343585 0.7059477487493052 0.0303994344291269 0.07003891050583658
10 0.5090137857900318 0.7128960533629795 0.009190526687875575 0.027237354085603113
1 0.5484270060091905 0.7470817120622568 0.02863202545068929 0.07226236798221233
5 0.4247083775185578 0.7584769316286826 0.06680805938494168 0.039466370205669815
10 0.36903499469777307 0.7745969983324069 0.015553199010250972 0.02056698165647582
1 0.8328031106398021 0.7754307948860478 0.031813361611876985 0.05892162312395775
1 0.5920820077765995 0.7790439132851584 0.03464121597737717 0.06392440244580322
1 0.5056557087310004 0.7996108949416343 0.031459879816189466 0.05169538632573652
10 0.3806998939554613 0.8087826570316843 0.016967126193001062 0.020011117287381877
1 0.4777306468716861 0.8096164535853252 0.02368328031106398 0.027237354085603113
10 0.7454931071049841 0.8187882156753752 0.014846235418875928 0.013340744858254585
1 0.44167550371155884 0.8324068927181768 0.025804171085189113 0.04502501389660923
1 0.41958289148108874 0.8346303501945526 0.028985507246376812 0.04724847137298499
10 0.375751148815836 0.8385214007782101 0.016260162601626018 0.01500833796553641
1 0.4711912336514669 0.8443579766536965 0.03322728879462708 0.04113396331295164
1 0.21067515022976316 0.8496386881600889 0.019088016967126194 0.030572540300166758
5 0.43637327677624604 0.9002223457476376 0.09225874867444327 0.03835464146748194
10 0.7264050901378579 0.9155086158977209 0.016260162601626018 0.017787659811006114
1 0.30505478967833155 0.9241245136186771 0.027571580063626724 0.02501389660922735
10 0.7260516083421704 0.9277376320177877 0.016967126193001062 0.01556420233463035
5 0.8041710851891127 0.9277376320177877 0.07988688582537999 0.04780433574207893
10 0.8594909862142099 0.9330183435241801 0.008837044892188053 0.03168426903835464
1 0.40950866030399435 0.9382990550305725 0.026511134676564158 0.054474708171206226
1 0.5989749027925062 0.9402445803224013 0.029338989042064334 0.04391328515842134
1 0.3586072817249912 0.9421901056142301 0.044892188052315304 0.03668704836020011
1 0.55920820077766 0.9499722067815453 0.02545068928950159 0.04113396331295164
1 0.4287734181689643 0.953307392996109 0.022622834924001415 0.028904947192884937
1 0.5395899611170025 0.9538632573652029 0.02509720749381407 0.048916064480266815
1 0.5834217037822552 0.9588660366870484 0.03499469777306469 0.042245692051139525
1 0.5104277129727819 0.9638688160088938 0.044538706256627786 0.033351862145636464
10 0.36426299045599153 0.1659255141745414 0.012371862849063274 0.029460811561978877
1 0.7163308589607635 0.17204002223457476 0.04630611523506539 0.0528071150639244
10 0.45669848002827856 0.17954419121734297 0.009190526687875575 0.02556976097832129
10 0.448214916931778 0.18037798777098388 0.009190526687875575 0.023902167871039465
10 0.4851537645811241 0.19816564758198998 0.017320607988688584 0.023902167871039465
10 0.5123718628490632 0.19872151195108392 0.010250972074938141 0.02501389660922735
10 0.5014139271827501 0.20122290161200668 0.014492753623188406 0.02668148971650917
10 0.5203252032520326 0.20872707059477488 0.012018381053375752 0.022790439132851583
12 0.24213503004595263 0.20983879933296276 0.05160834217037823 0.10617009449694274
1 0.5744079179922233 0.22568093385214008 0.03464121597737717 0.05225125069483046
1 0.71898197242842 0.22984991662034462 0.03958996111700248 0.06281267370761534
1 0.5339342523860021 0.2312395775430795 0.027925061859314246 0.054474708171206226
1 0.6558854718981972 0.2340188993885492 0.04772004241781548 0.048916064480266815
1 0.395722870272181 0.23902167871039467 0.0272180982679392 0.045580878265703166
10 0.4411452810180276 0.2423568649249583 0.01838105337575115 0.017787659811006114
1 0.5947331212442559 0.24874930516953864 0.032873806998939555 0.042801556420233464
1 0.6769176387416048 0.2612562534741523 0.031106398020501944 0.05336297943301834
10 0.5051254860374691 0.2615341856586993 0.012018381053375752 0.02056698165647582
10 0.4777306468716861 0.2648693718732629 0.009544008483563097 0.023902167871039465
1 0.3094733121244256 0.30016675931072817 0.022976316719688937 0.0622568093385214
1 0.11594202898550725 0.3026681489716509 0.026157652880876636 0.06170094496942746
1 0.2857900318133616 0.3057254030016676 0.026511134676564158 0.05336297943301834
1 0.23294450335807707 0.32323513062812675 0.0607988688582538 0.09727626459143969
10 0.18504772004241782 0.32518065591995554 0.013785790031813362 0.024458032240133407
10 0.172322375397667 0.3496386881600889 0.008837044892188053 0.02668148971650917
10 0.16454577589254155 0.35130628126737073 0.009544008483563097 0.023346303501945526
1 0.11894662424885119 0.3546414674819344 0.03782255213856486 0.048916064480266815
1 0.516260162601626 0.3568649249583102 0.024390243902439025 0.038910505836575876
1 0.1320254506892895 0.38715953307393 0.04418522446094026 0.0528071150639244
1 0.2857900318133616 0.39577543079488603 0.026511134676564158 0.033351862145636464
1 0.5065394132202191 0.39744302390216785 0.029692470837751856 0.040022234574763754
1 0.18681512902085542 0.40689271817676487 0.019441498762813716 0.038910505836575876
1 0.5012371862849063 0.4680377987770984 0.026157652880876636 0.038910505836575876
1 0.2785436550017674 0.48443579766536965 0.022622834924001415 0.06392440244580322
1 0.5166136443973135 0.48916064480266813 0.02156238953693885 0.03446359088382435
10 0.8533050547896783 0.4894385769872151 0.026157652880876636 0.017231795441912175
1 0.25486037469070344 0.5105614230127848 0.024743725698126547 0.04391328515842134
10 0.8559561682573348 0.5152862701500833 0.026511134676564158 0.018899388549193995
10 0.20024743725698127 0.5275152862701501 0.008130081300813009 0.0311284046692607
10 0.12407211028632026 0.5319622012229016 0.011311417462000707 0.023346303501945526
10 0.8596677271120537 0.5380767092829349 0.028278543655001768 0.020011117287381877
1 0.20007069635913752 0.5441912173429683 0.031813361611876985 0.04446914952751529