1 0.20136730888750776 0.24157303370786518 0.013673088875077687 0.051685393258426963
1 0.18303293971410814 0.24269662921348314 0.013673088875077687 0.058426966292134834
1 0.603480422622747 0.2449438202247191 0.013673088875077687 0.04943820224719101
1 0.9058421379738968 0.2550561797752809 0.006215040397762586 0.09662921348314607
1 0.810130515848353 0.2550561797752809 0.006836544437538844 0.10112359550561797
1 0.38906152889993784 0.26741573033707866 0.0074580484773151025 0.09887640449438202
1 0.18303293971410814 0.298876404494382 0.013673088875077687 0.04943820224719101
10 0.19235550031075202 0.298876404494382 0.00435052827843381 0.058426966292134834
1 0.9550963331261654 0.30112359550561796 0.005904288377874456 0.02247191011235955
1 0.8649782473586078 0.3044943820224719 0.006525792417650715 0.024719101123595506
1 0.7566811684275948 0.30674157303370786 0.006836544437538844 0.024719101123595506
1 0.6619018023617154 0.30674157303370786 0.006215040397762586 0.024719101123595506
1 0.5532939714108142 0.3089887640449438 0.006525792417650715 0.024719101123595506
1 0.46115599751398384 0.3112359550561798 0.006836544437538844 0.024719101123595506
1 0.3474207582349285 0.3146067415730337 0.006836544437538844 0.02247191011235955
1 0.4443753884400249 0.31685393258426964 0.0074580484773151025 0.02696629213483146
1 0.25683654443753884 0.31797752808988766 0.007147296457426973 0.024719101123595506
1 0.1485394655065258 0.31797752808988766 0.005593536357986327 0.015730337078651686
1 0.9479490366687383 0.32134831460674157 0.0046612802983219395 0.058426966292134834
10 0.046768178993163455 0.32247191011235954 0.006525792417650715 0.02696629213483146
1 0.7442510876320696 0.3235955056179775 0.004972032318210068 0.058426966292134834
1 0.6494717215661902 0.3235955056179775 0.004972032318210068 0.06292134831460675
1 0.036047234307022995 0.3235955056179775 0.008079552517091361 0.03146067415730337
1 0.5862336855189558 0.3235955056179775 0.004039776258545681 0.05393258426966292
1 0.5717837165941578 0.32471910112359553 0.003107520198881293 0.04719101123595506
10 0.7274704785581106 0.32471910112359553 0.0074580484773151025 0.029213483146067417
1 0.5811062771908018 0.32696629213483147 0.003107520198881293 0.04719101123595506
1 0.540708514605345 0.32696629213483147 0.004972032318210068 0.060674157303370786
1 0.9550963331261654 0.3303370786516854 0.006525792417650715 0.02696629213483146
1 0.86544437538844 0.3325842696629214 0.006836544437538844 0.02696629213483146
1 0.3377874456183965 0.3325842696629214 0.00435052827843381 0.05393258426966292
1 0.24238657551274084 0.3325842696629214 0.00435052827843381 0.058426966292134834
10 0.9950279676817899 0.3325842696629214 0.0037290242386575512 0.058426966292134834
1 0.7568365444375389 0.33370786516853934 0.007768800497203232 0.024719101123595506
1 0.6620571783716594 0.3359550561797753 0.007147296457426973 0.029213483146067417
1 0.13346799254195152 0.3359550561797753 0.004039776258545681 0.051685393258426963
1 0.5537600994406464 0.33707865168539325 0.006836544437538844 0.02696629213483146
10 0.02346177750155376 0.33707865168539325 0.004039776258545681 0.058426966292134834
1 0.3475761342448726 0.3382022471910112 0.007147296457426973 0.024719101123595506
1 0.46115599751398384 0.3415730337078652 0.006836544437538844 0.02696629213483146
10 0.9339651957737726 0.3438202247191011 0.0046612802983219395 0.058426966292134834
1 0.25668116842759475 0.3449438202247191 0.006836544437538844 0.024719101123595506
1 0.14885021752641392 0.3449438202247191 0.005593536357986327 0.015730337078651686
10 0.9658172778123058 0.3449438202247191 0.004972032318210068 0.056179775280898875
10 0.9608452454940957 0.34606741573033706 0.0037290242386575512 0.05393258426966292
5 0.973741454319453 0.349438202247191 0.009011808576755749 0.056179775280898875
10 0.046768178993163455 0.350561797752809 0.006525792417650715 0.02247191011235955
1 0.848663766314481 0.35168539325842696 0.01305158483530143 0.051685393258426963
5 0.9252641392169049 0.35280898876404493 0.010254816656308266 0.06292134831460675
10 0.9818210068365444 0.35280898876404493 0.003418272218769422 0.06292134831460675
1 0.44188937228091985 0.36067415730337077 0.013673088875077687 0.051685393258426963
10 0.052517091361093844 0.36629213483146067 0.00435052827843381 0.058426966292134834
10 0.05795525170913611 0.36741573033707864 0.0052827843380981974 0.056179775280898875
10 0.5579552517091361 0.3685393258426966 0.007768800497203232 0.02696629213483146
1 0.9937849596022374 0.3752808988764045 0.006836544437538844 0.02247191011235955
10 0.5910503418272218 0.37865168539325844 0.00435052827843381 0.056179775280898875
10 0.5767557489123679 0.3797752808988764 0.00435052827843381 0.05393258426966292
10 0.5859229334990678 0.37865168539325844 0.004039776258545681 0.051685393258426963
10 0.5722498446239901 0.3797752808988764 0.004039776258545681 0.04943820224719101
10 0.5969546302050963 0.3808988764044944 0.00435052827843381 0.056179775280898875
10 0.5815724052206339 0.37865168539325844 0.004039776258545681 0.051685393258426963
1 0.036047234307022995 0.3943820224719101 0.0074580484773151025 0.09662921348314607
10 0.5577998756991921 0.4 0.0074580484773151025 0.02696629213483146
10 0.8803604723430702 0.41460674157303373 0.0074580484773151025 0.029213483146067417
10 0.8896830329397141 0.41685393258426967 0.006836544437538844 0.024719101123595506
1 0.13999378495960224 0.42359550561797754 0.0046612802983219395 0.060674157303370786
1 0.11668738346799254 0.4247191011235955 0.004039776258545681 0.058426966292134834
1 0.15459912989434432 0.42359550561797754 0.004039776258545681 0.056179775280898875
1 0.1120261031696706 0.42359550561797754 0.004039776258545681 0.056179775280898875
1 0.1353325046612803 0.4258426966292135 0.004039776258545681 0.060674157303370786
10 0.9106587942821628 0.4258426966292135 0.004039776258545681 0.056179775280898875
1 0.12134866376631448 0.4247191011235955 0.004039776258545681 0.058426966292134834
1 0.13082660037290242 0.4247191011235955 0.00435052827843381 0.058426966292134834
1 0.14962709757613424 0.4247191011235955 0.0052827843380981974 0.058426966292134834
1 0.09322560596643878 0.4247191011235955 0.00435052827843381 0.058426966292134834
1 0.10270354257302672 0.4258426966292135 0.004039776258545681 0.056179775280898875
1 0.10736482287134866 0.4258426966292135 0.004039776258545681 0.060674157303370786
1 0.12616532007458048 0.4258426966292135 0.00435052827843381 0.060674157303370786
1 0.14481044126786824 0.4258426966292135 0.0037290242386575512 0.056179775280898875
1 0.09804226227470479 0.4247191011235955 0.004039776258545681 0.058426966292134834
1 0.9940957116221255 0.42696629213483145 0.005593536357986327 0.06741573033707865
10 0.042106898694841514 0.43258426966292135 0.0046612802983219395 0.056179775280898875
1 0.05220633934120572 0.4348314606741573 0.013673088875077687 0.051685393258426963
10 0.6171535114978247 0.4370786516853933 0.008079552517091361 0.029213483146067417
1 0.2096022374145432 0.44269662921348313 0.003418272218769422 0.05393258426966292
1 0.6073648228713486 0.4438202247191011 0.0027967681789931634 0.051685393258426963
1 0.21317588564325668 0.4460674157303371 0.002486016159105034 0.051685393258426963
1 0.6110938471100062 0.44831460674157303 0.003418272218769422 0.051685393258426963
5 0.18924798011187072 0.449438202247191 0.027967681789931635 0.19775280898876405
1 0.16811684275947794 0.45056179775280897 0.006215040397762586 0.020224719101123594
1 0.624922311995028 0.45056179775280897 0.00435052827843381 0.056179775280898875
10 0.6295835922933499 0.45056179775280897 0.0037290242386575512 0.060674157303370786
10 0.21908017402113114 0.451685393258427 0.008079552517091361 0.03146067415730337
1 0.7995649471721566 0.45730337078651684 0.01305158483530143 0.04719101123595506
10 0.8119950279676817 0.4584269662921348 0.008079552517091361 0.03146067415730337
10 0.8898384089496582 0.4584269662921348 0.007768800497203232 0.02696629213483146
10 0.6171535114978247 0.4696629213483146 0.008079552517091361 0.03146067415730337
10 0.281230577998757 0.4696629213483146 0.0037290242386575512 0.058426966292134834
10 0.2531075201988813 0.4696629213483146 0.004039776258545681 0.058426966292134834
10 0.26258545680546924 0.4707865168539326 0.00435052827843381 0.056179775280898875
10 0.24829086389061528 0.47191011235955055 0.00435052827843381 0.058426966292134834
10 0.2762585456805469 0.4707865168539326 0.004972032318210068 0.051685393258426963
10 0.2858918582970789 0.4707865168539326 0.00435052827843381 0.060674157303370786
10 0.3141702921068987 0.47191011235955055 0.004972032318210068 0.05393258426966292
12 0.23088875077688004 0.47191011235955055 0.00435052827843381 0.058426966292134834
10 0.9798011187072716 0.4707865168539326 0.0074580484773151025 0.029213483146067417
10 0.3001864512119329 0.4730337078651685 0.00435052827843381 0.060674157303370786
10 0.3048477315102548 0.47191011235955055 0.00435052827843381 0.058426966292134834
10 0.30950901180857676 0.4707865168539326 0.0037290242386575512 0.056179775280898875
10 0.25761342448725916 0.47191011235955055 0.0037290242386575512 0.05393258426966292
10 0.26740211311373524 0.4730337078651685 0.003418272218769422 0.056179775280898875
10 0.2714418893722809 0.47191011235955055 0.004039776258545681 0.058426966292134834
10 0.2952144188937228 0.47191011235955055 0.00435052827843381 0.058426966292134834
10 0.2905531385954009 0.4730337078651685 0.00435052827843381 0.056179775280898875
1 0.1687383467992542 0.4764044943820225 0.006836544437538844 0.02696629213483146
1 0.9937849596022374 0.4764044943820225 0.006215040397762586 0.02247191011235955
10 0.13983840894965818 0.48314606741573035 0.003107520198881293 0.05393258426966292
10 0.13082660037290242 0.4842696629213483 0.0037290242386575512 0.051685393258426963
10 0.11218147917961467 0.4853932584269663 0.0037290242386575512 0.05393258426966292
10 0.14962709757613424 0.4842696629213483 0.004039776258545681 0.04943820224719101
10 0.12632069608452454 0.4842696629213483 0.003418272218769422 0.056179775280898875
10 0.14481044126786824 0.4853932584269663 0.0037290242386575512 0.04943820224719101
10 0.10767557489123679 0.4853932584269663 0.0046612802983219395 0.05393258426966292
10 0.11668738346799254 0.4842696629213483 0.003418272218769422 0.051685393258426963
10 0.13517712865133624 0.4853932584269663 0.003107520198881293 0.04943820224719101
1 0.9571162212554382 0.48651685393258426 0.011187072715972654 0.17303370786516853
10 0.15413300186451212 0.4853932584269663 0.0037290242386575512 0.04943820224719101
10 0.12150403977625855 0.4853932584269663 0.0037290242386575512 0.05393258426966292
10 0.10285891858297079 0.48651685393258426 0.00435052827843381 0.056179775280898875
10 0.09804226227470479 0.48651685393258426 0.004039776258545681 0.056179775280898875
1 0.7206339341205718 0.48764044943820223 0.006836544437538844 0.02247191011235955
1 0.06836544437538844 0.48651685393258426 0.004972032318210068 0.056179775280898875
1 0.733064014916097 0.4887640449438202 0.006836544437538844 0.024719101123595506
1 0.8600062150403978 0.48764044943820223 0.006525792417650715 0.09438202247191012
1 0.867930391547545 0.4887640449438202 0.006836544437538844 0.09213483146067415
10 0.09338098197638285 0.4898876404494382 0.0046612802983219395 0.05393258426966292
10 0.9675264139216905 0.49325842696629213 0.0052827843380981974 0.0651685393258427
10 0.0843691733996271 0.49775280898876406 0.00839030453697949 0.038202247191011236
10 0.21737103791174642 0.5 0.0046612802983219395 0.056179775280898875
10 0.2223430702299565 0.5 0.003418272218769422 0.056179775280898875
1 0.24409571162212554 0.5056179775280899 0.0027967681789931634 0.04943820224719101
10 0.853325046612803 0.5056179775280899 0.00435052827843381 0.05393258426966292
10 0.6230577998756992 0.5123595505617977 0.00870105655686762 0.03146067415730337
10 0.05671224362958359 0.5168539325842697 0.0046612802983219395 0.06292134831460675
1 0.8001864512119329 0.5179775280898876 0.01305158483530143 0.056179775280898875
10 0.8121504039776258 0.5179775280898876 0.00839030453697949 0.029213483146067417
1 0.061218147917961464 0.5213483146067416 0.0037290242386575512 0.04943820224719101
10 0.9950279676817899 0.5235955056179775 0.00435052827843381 0.058426966292134834
10 0.8410503418272218 0.5247191011235955 0.007768800497203232 0.029213483146067417
10 0.23057799875699192 0.5280898876404494 0.008079552517091361 0.035955056179775284
1 0.944841516469857 0.5292134831460674 0.00839030453697949 0.09213483146067415
10 0.30919825978868865 0.5292134831460674 0.00435052827843381 0.056179775280898875
10 0.2953697949036669 0.5303370786516854 0.004039776258545681 0.05393258426966292
10 0.2995649471721566 0.5314606741573034 0.00435052827843381 0.056179775280898875
1 0.9345866998135488 0.5314606741573034 0.006525792417650715 0.08764044943820225
10 0.26258545680546924 0.5314606741573034 0.0037290242386575512 0.060674157303370786
10 0.2907085146053449 0.5303370786516854 0.0046612802983219395 0.05393258426966292
10 0.3045369794903667 0.5303370786516854 0.00435052827843381 0.05393258426966292
10 0.25326289620882536 0.5314606741573034 0.00435052827843381 0.056179775280898875
10 0.2857364822871349 0.5314606741573034 0.0046612802983219395 0.056179775280898875
10 0.25776880049720324 0.5325842696629214 0.004039776258545681 0.058426966292134834
10 0.26740211311373524 0.5303370786516854 0.0046612802983219395 0.058426966292134834
10 0.28138595400870103 0.5314606741573034 0.004039776258545681 0.060674157303370786
10 0.31432566811684276 0.5314606741573034 0.0046612802983219395 0.056179775280898875
10 0.24844623990055936 0.5314606741573034 0.004039776258545681 0.056179775280898875
10 0.27221876942200124 0.5325842696629214 0.0037290242386575512 0.05393258426966292
10 0.27656929770043504 0.5325842696629214 0.00435052827843381 0.05393258426966292
10 0.9791796146674954 0.5370786516853933 0.006836544437538844 0.02696629213483146
10 0.6229024238657551 0.5460674157303371 0.00839030453697949 0.02696629213483146
10 0.8853325046612803 0.549438202247191 0.0037290242386575512 0.060674157303370786
10 0.9067743940335612 0.5528089887640449 0.009322560596643879 0.035955056179775284
10 0.8325046612802983 0.5629213483146067 0.0037290242386575512 0.056179775280898875
10 0.879894344313238 0.5606741573033708 0.004039776258545681 0.07865168539325842
10 0.8747669359850839 0.5651685393258427 0.00435052827843381 0.08314606741573034
1 0.8402734617775015 0.5662921348314607 0.008079552517091361 0.03146067415730337
1 0.7175264139216905 0.5696629213483146 0.006215040397762586 0.024719101123595506
1 0.9794903666873834 0.5685393258426966 0.005593536357986327 0.02247191011235955
10 0.8481976382846489 0.5719101123595506 0.0046612802983219395 0.056179775280898875
10 0.622436295835923 0.5797752808988764 0.008079552517091361 0.03146067415730337
1 0.858297078931013 0.5808988764044943 0.011187072715972654 0.04269662921348315
10 0.9950279676817899 0.5831460674157304 0.00435052827843381 0.060674157303370786
1 0.8001864512119329 0.5943820224719101 0.01305158483530143 0.04719101123595506
1 0.8224052206339342 0.596629213483146 0.012119328775637041 0.04269662921348315
10 0.9790242386575513 0.601123595505618 0.007147296457426973 0.024719101123595506
1 0.7333747669359851 0.6078651685393258 0.005593536357986327 0.08314606741573034
10 0.622591671845867 0.6146067415730337 0.00839030453697949 0.029213483146067417
1 0.9137663144810442 0.6146067415730337 0.005904288377874456 0.07415730337078652
5 0.5778433809819764 0.6168539325842697 0.05065257924176507 0.36629213483146067
10 0.9075512740832815 0.6191011235955056 0.004039776258545681 0.060674157303370786
10 0.9216904909881914 0.6202247191011236 0.00435052827843381 0.058426966292134834
10 0.541019266625233 0.6224719101123596 0.00870105655686762 0.04044943820224719
10 0.7399005593536357 0.6213483146067416 0.0037290242386575512 0.056179775280898875
10 0.9277501553760099 0.6235955056179775 0.0046612802983219395 0.051685393258426963
1 0.6075201988812927 0.6303370786516854 0.003107520198881293 0.051685393258426963
1 0.6112492231199502 0.6337078651685393 0.0037290242386575512 0.05393258426966292
10 0.8850217526413922 0.6494382022471911 0.0037290242386575512 0.05393258426966292
10 0.9905220633934121 0.6494382022471911 0.004039776258545681 0.058426966292134834
10 0.6229024238657551 0.651685393258427 0.00839030453697949 0.03146067415730337
1 0.9432877563704164 0.651685393258427 0.005904288377874456 0.0898876404494382
1 0.8000310752019888 0.6550561797752809 0.013983840894965818 0.051685393258426963
1 0.9532318210068366 0.6550561797752809 0.005904288377874456 0.09213483146067415
10 0.9123679303915475 0.6707865168539325 0.0074580484773151025 0.029213483146067417
1 0.9202921068986949 0.6752808988764045 0.005904288377874456 0.024719101123595506
1 0.8107520198881293 0.6820224719101123 0.006836544437538844 0.033707865168539325
10 0.8691733996270976 0.6820224719101123 0.0074580484773151025 0.024719101123595506
10 0.622747047855811 0.6842696629213483 0.008079552517091361 0.029213483146067417
1 0.826911124922312 0.6910112359550562 0.006215040397762586 0.09213483146067415
1 0.8188315724052206 0.6910112359550562 0.006836544437538844 0.09662921348314607
1 0.8351460534493474 0.6898876404494382 0.0052827843380981974 0.0853932584269663
5 0.7521752641392169 0.6910112359550562 0.010876320696084525 0.09662921348314607
1 0.766780609073959 0.6921348314606741 0.007147296457426973 0.09438202247191012
1 0.8429148539465506 0.6921348314606741 0.005904288377874456 0.0853932584269663
1 0.927905531385954 0.6910112359550562 0.00435052827843381 0.060674157303370786
10 0.8614045991298943 0.7044943820224719 0.00435052827843381 0.056179775280898875
10 0.9125233064014916 0.7067415730337079 0.007768800497203232 0.033707865168539325
1 0.920758234928527 0.7089887640449438 0.006836544437538844 0.024719101123595506
10 0.8756991920447483 0.7101123595505618 0.00435052827843381 0.06292134831460675
1 0.8572094468614045 0.7101123595505618 0.002175264139216905 0.04943820224719101
1 0.7729956494717216 0.7168539325842697 0.0027967681789931634 0.04943820224719101
10 0.622591671845867 0.7179775280898877 0.00839030453697949 0.033707865168539325
1 0.8687072715972654 0.7179775280898877 0.007147296457426973 0.029213483146067417
10 0.8104412678682411 0.7202247191011236 0.0074580484773151025 0.033707865168539325
1 0.5449036668738346 0.7258426966292135 0.003418272218769422 0.04943820224719101
1 0.541019266625233 0.7269662921348314 0.003107520198881293 0.051685393258426963
10 0.730733374766936 0.7337078651685394 0.003418272218769422 0.060674157303370786
10 0.6229024238657551 0.749438202247191 0.00839030453697949 0.033707865168539325
10 0.9122125543816035 0.7539325842696629 0.007147296457426973 0.024719101123595506
10 0.9260410192666252 0.7561797752808989 0.0074580484773151025 0.029213483146067417
1 0.7821628340584214 0.7606741573033707 0.006836544437538844 0.09662921348314607
1 0.7899316345556247 0.7595505617977528 0.006836544437538844 0.09438202247191012
5 0.8937228091982597 0.7595505617977528 0.02113113735239279 0.10786516853932585
10 0.9195152268489745 0.7696629213483146 0.0037290242386575512 0.056179775280898875
10 0.8567433188315724 0.7741573033707865 0.003107520198881293 0.051685393258426963
10 0.8612492231199502 0.7764044943820225 0.004039776258545681 0.056179775280898875
10 0.8753884400248602 0.7764044943820225 0.00435052827843381 0.056179775280898875
10 0.8705717837165942 0.7786516853932585 0.003418272218769422 0.056179775280898875
10 0.9119018023617154 0.7831460674157303 0.006525792417650715 0.024719101123595506
1 0.7611870727159726 0.7853932584269663 0.003418272218769422 0.051685393258426963
10 0.6229024238657551 0.7842696629213484 0.007768800497203232 0.03146067415730337
10 0.7526413921690491 0.7853932584269663 0.008079552517091361 0.033707865168539325
10 0.9366065879428216 0.7932584269662921 0.0037290242386575512 0.05393258426966292
1 0.9324114356743319 0.802247191011236 0.002175264139216905 0.04943820224719101
10 0.622747047855811 0.8191011235955056 0.0074580484773151025 0.033707865168539325
10 0.6090739589807334 0.8191011235955056 0.004972032318210068 0.060674157303370786
10 0.6132691112492231 0.8213483146067416 0.004039776258545681 0.056179775280898875
10 0.8697949036668738 0.8359550561797753 0.00435052827843381 0.0449438202247191
10 0.8649782473586078 0.8382022471910112 0.004039776258545681 0.05393258426966292
1 0.8747669359850839 0.8438202247191011 0.004972032318210068 0.060674157303370786
1 0.9058421379738968 0.8471910112359551 0.002486016159105034 0.0449438202247191
10 0.9196706028589186 0.8539325842696629 0.004039776258545681 0.05393258426966292
10 0.9370727159726538 0.8539325842696629 0.0046612802983219395 0.05393258426966292
10 0.9153200745804848 0.8561797752808988 0.0046612802983219395 0.06292134831460675
10 0.9101926662523306 0.8561797752808988 0.00435052827843381 0.058426966292134834
1 0.9324114356743319 0.8584269662921349 0.0027967681789931634 0.0449438202247191
10 0.6264760720944687 0.8662921348314607 0.0074580484773151025 0.024719101123595506
1 0.5719390926041019 0.8741573033707866 0.0027967681789931634 0.04044943820224719
1 0.5755127408328155 0.8764044943820225 0.003107520198881293 0.04044943820224719
10 0.5995960223741454 0.8808988764044944 0.004039776258545681 0.04943820224719101
10 0.6331572405220633 0.8831460674157303 0.0046612802983219395 0.05393258426966292
10 0.5619950279676817 0.8820224719101124 0.004039776258545681 0.056179775280898875
10 0.5577998756991921 0.8842696629213483 0.0037290242386575512 0.056179775280898875
10 0.6061218147917962 0.8887640449438202 0.003418272218769422 0.056179775280898875
10 0.620105655686762 0.8876404494382022 0.003418272218769422 0.05393258426966292
10 0.6109384711000622 0.8910112359550562 0.0037290242386575512 0.056179775280898875
10 0.8853325046612803 0.8966292134831461 0.0037290242386575512 0.06741573033707865
10 0.6263206960845246 0.898876404494382 0.007768800497203232 0.03146067415730337
10 0.90863890615289 0.903370786516854 0.0074580484773151025 0.02696629213483146
1 0.5730267246737104 0.9224719101123595 0.008079552517091361 0.029213483146067417
1 0.19779366065879428 0.2 0.005904288377874456 0.02247191011235955
1 0.6003729024238658 0.20561797752808988 0.006836544437538844 0.029213483146067417