1 0.5765472312703583 0.28937007874015747 0.016286644951140065 0.07480314960629922
1 0.9028230184581976 0.8877952755905512 0.009771986970684038 0.1141732283464567
1 0.7985884907709012 0.702755905511811 0.010857763300760043 0.1220472440944882
1 0.8566775244299675 0.860236220472441 0.00760043431053203 0.03543307086614173
1 0.73914223669924 0.655511811023622 0.008143322475570033 0.03543307086614173
1 0.6370792616720955 0.47244094488188976 0.007057546145494028 0.03937007874015748
1 0.5200868621064061 0.2618110236220472 0.00760043431053203 0.03543307086614173
1 0.4207383279044517 0.08267716535433071 0.00760043431053203 0.03937007874015748
1 0.4022801302931596 0.05511811023622047 0.008686210640608035 0.03937007874015748
1 0.7255700325732899 0.6496062992125984 0.007057546145494028 0.07086614173228346
1 0.6229641693811075 0.4625984251968504 0.007057546145494028 0.07480314960629922
1 0.5551031487513572 0.33858267716535434 0.005971769815418024 0.06299212598425197
1 0.5393593919652552 0.3110236220472441 0.004885993485342019 0.05511811023622047
10 0.7073832790445168 0.6161417322834646 0.008686210640608035 0.04330708661417323
1 0.5496742671009772 0.3346456692913386 0.004885993485342019 0.05511811023622047
1 0.505971769815418 0.25393700787401574 0.00760043431053203 0.07480314960629922
1 0.8558631921824105 0.8937007874015748 0.008143322475570033 0.03937007874015748
1 0.738870792616721 0.687007874015748 0.008686210640608035 0.03543307086614173
1 0.6362649294245385 0.49803149606299213 0.008686210640608035 0.04330708661417323
1 0.5195439739413681 0.29133858267716534 0.00760043431053203 0.03937007874015748
1 0.4193811074918567 0.1141732283464567 0.008143322475570033 0.03937007874015748
1 0.8368621064060804 0.8818897637795275 0.015743756786102063 0.07874015748031496
1 0.3979370249728556 0.10236220472440945 0.016286644951140065 0.07874015748031496
10 0.5228013029315961 0.3346456692913386 0.008686210640608035 0.03937007874015748
10 0.5578175895765473 0.4094488188976378 0.005971769815418024 0.06299212598425197
10 0.5426167209554832 0.38188976377952755 0.005971769815418024 0.06299212598425197
10 0.5523887079261672 0.4015748031496063 0.005971769815418024 0.06299212598425197
10 0.5377307274701412 0.3720472440944882 0.005971769815418024 0.05905511811023622
10 0.5646036916395223 0.42322834645669294 0.006514657980456026 0.06692913385826772
10 0.5475027144408252 0.3937007874015748 0.005971769815418024 0.06299212598425197
10 0.5217155266015201 0.3700787401574803 0.008686210640608035 0.03937007874015748
10 0.5838762214983714 0.5236220472440944 0.009229098805646038 0.047244094488188976
1 0.5730184581976113 0.5098425196850394 0.004885993485342019 0.05905511811023622
1 0.5773615635179153 0.5216535433070866 0.004885993485342019 0.05905511811023622
1 0.5920195439739414 0.5511811023622047 0.005971769815418024 0.06299212598425197
10 0.5969055374592834 0.562992125984252 0.005971769815418024 0.07086614173228346
1 0.7798588490770901 0.9035433070866141 0.015743756786102063 0.07480314960629922
10 0.7931596091205212 0.9271653543307087 0.009771986970684038 0.051181102362204724
10 0.5833333333333334 0.5590551181102362 0.009229098805646038 0.047244094488188976
1 0.6938110749185668 0.7775590551181102 0.00760043431053203 0.03543307086614173
1 0.7071118349619978 0.8051181102362205 0.008143322475570033 0.03543307086614173
10 0.5871335504885994 0.6161417322834646 0.01031487513572204 0.051181102362204724
1 0.7785016286644951 0.9606299212598425 0.016286644951140065 0.07086614173228346
10 0.7918023887079262 0.9803149606299213 0.01031487513572204 0.031496062992125984
10 0.248642779587405 0.031496062992125984 0.00760043431053203 0.06299212598425197
10 0.23344191096634093 0.015748031496062992 0.006514657980456026 0.031496062992125984
10 0.23778501628664495 0.01968503937007874 0.006514657980456026 0.03937007874015748
10 0.2282844733984799 0.011811023622047244 0.007057546145494028 0.023622047244094488
10 0.24294245385450597 0.025590551181102362 0.007057546145494028 0.051181102362204724
10 0.22339847991313788 0.007874015748031496 0.007057546145494028 0.015748031496062992
10 0.253528773072747 0.03543307086614173 0.00760043431053203 0.07086614173228346
10 0.5860477741585234 0.6515748031496063 0.009229098805646038 0.04330708661417323
1 0.6872964169381107 0.8641732283464567 0.00760043431053203 0.03543307086614173
10 0.5849619978284474 0.6889763779527559 0.009229098805646038 0.047244094488188976
1 0.7035830618892508 0.9389763779527559 0.008686210640608035 0.0984251968503937
10 0.5836047774158524 0.7283464566929134 0.009771986970684038 0.047244094488188976
5 0.5350162866449512 0.6437007874015748 0.06786102062975027 0.4921259842519685
10 0.495385450597177 0.5728346456692913 0.01031487513572204 0.05905511811023622
10 0.7098262757871878 0.9625984251968503 0.005971769815418024 0.06692913385826772
1 0.5665038002171553 0.7145669291338582 0.004885993485342019 0.05905511811023622
1 0.5700325732899023 0.7244094488188977 0.0054288816503800215 0.06299212598425197
10 0.5819761129207384 0.7677165354330708 0.009771986970684038 0.047244094488188976
10 0.5811617806731814 0.8031496062992126 0.009229098805646038 0.047244094488188976
10 0.5789902280130294 0.8405511811023622 0.01031487513572204 0.051181102362204724
1 0.495385450597177 0.6948818897637795 0.004885993485342019 0.05905511811023622
1 0.49158523344191096 0.687007874015748 0.004885993485342019 0.05905511811023622
10 0.5787187839305103 0.8720472440944882 0.009771986970684038 0.051181102362204724
10 0.5773615635179153 0.9133858267716536 0.009229098805646038 0.047244094488188976
10 0.5762757871878393 0.9448818897637795 0.009229098805646038 0.047244094488188976
10 0.5613463626492943 0.9212598425196851 0.00760043431053203 0.07086614173228346
10 0.5654180238870793 0.9330708661417323 0.005971769815418024 0.06299212598425197
10 0.5779044516829533 0.9921259842519685 0.009229098805646038 0.007874015748031496
1 0.5190010857763301 0.9094488188976378 0.004343105320304018 0.047244094488188976
1 0.5228013029315961 0.9173228346456693 0.004343105320304018 0.047244094488188976
10 0.5488599348534202 0.9665354330708661 0.006514657980456026 0.05905511811023622
10 0.507600434310532 0.8996062992125984 0.006514657980456026 0.06692913385826772
10 0.50271444082519 0.889763779527559 0.0054288816503800215 0.06299212598425197
10 0.5553745928338762 0.9763779527559056 0.006514657980456026 0.03937007874015748
10 0.5700325732899023 0.9901574803149606 0.0054288816503800215 0.011811023622047244
10 0.5605320304017373 0.9822834645669292 0.005971769815418024 0.027559055118110236
1 0.5181867535287731 0.9645669291338582 0.009229098805646038 0.047244094488188976
1 0.5746471226927253 0.2421259842519685 0.008143322475570033 0.04330708661417323