1 0.7732793522267206 0.23536299765807964 0.0033738191632928477 0.0585480093676815
1 0.694331983805668 0.24121779859484777 0.0033738191632928477 0.05620608899297424
1 0.8787112010796221 0.24121779859484777 0.003036437246963563 0.0468384074941452
1 0.5323886639676113 0.24121779859484777 0.0033738191632928477 0.05152224824355972
1 0.7614709851551957 0.24355971896955503 0.0033738191632928477 0.05620608899297424
10 0.8743252361673415 0.24121779859484777 0.003036437246963563 0.05152224824355972
10 0.87027665317139 0.2423887587822014 0.003036437246963563 0.053864168618266976
10 0.8832658569500674 0.24355971896955503 0.0033738191632928477 0.05152224824355972
1 0.5851889338731444 0.24355971896955503 0.0023616734143049934 0.05620608899297424
1 0.7461201079622132 0.24473067915690866 0.003036437246963563 0.053864168618266976
1 0.101889338731444 0.2459016393442623 0.0033738191632928477 0.05620608899297424
1 0.7548920377867746 0.2459016393442623 0.003036437246963563 0.05620608899297424
1 0.09615384615384616 0.2459016393442623 0.002699055330634278 0.05152224824355972
1 0.36403508771929827 0.24707259953161592 0.0033738191632928477 0.04918032786885246
1 0.5450404858299596 0.24824355971896955 0.003036437246963563 0.05152224824355972
1 0.7106950067476383 0.2459016393442623 0.003036437246963563 0.0468384074941452
10 0.20529689608636978 0.24707259953161592 0.0023616734143049934 0.04918032786885246
10 0.20934547908232118 0.24824355971896955 0.003036437246963563 0.05152224824355972
10 0.20175438596491227 0.24824355971896955 0.002699055330634278 0.05152224824355972
1 0.4256072874493927 0.24941451990632318 0.003036437246963563 0.0585480093676815
1 0.1978744939271255 0.24941451990632318 0.003036437246963563 0.053864168618266976
1 0.7980769230769231 0.2505854800936768 0.003036437246963563 0.0468384074941452
1 0.25860323886639675 0.2505854800936768 0.003036437246963563 0.05152224824355972
1 0.2444331983805668 0.2505854800936768 0.003036437246963563 0.05620608899297424
1 0.2532051282051282 0.25175644028103045 0.0023616734143049934 0.053864168618266976
1 0.7862685560053981 0.25175644028103045 0.003036437246963563 0.053864168618266976
10 0.8021255060728745 0.25175644028103045 0.003036437246963563 0.04918032786885246
1 0.7940283400809717 0.2505854800936768 0.003036437246963563 0.0468384074941452
1 0.3802294197031039 0.2529274004683841 0.0033738191632928477 0.05152224824355972
10 0.21845479082321187 0.2529274004683841 0.003036437246963563 0.05152224824355972
1 0.21390013495276652 0.2540983606557377 0.002699055330634278 0.04918032786885246
1 0.48701079622132254 0.27985948477751754 0.003036437246963563 0.053864168618266976
1 0.4812753036437247 0.2822014051522248 0.003036437246963563 0.0585480093676815
1 0.4991565452091768 0.2997658079625293 0.00775978407557355 0.0234192037470726
1 0.03070175438596491 0.3114754098360656 0.008097165991902834 0.0234192037470726
10 0.24814439946018893 0.3957845433255269 0.008434547908232119 0.02810304449648712
10 0.21406882591093118 0.3957845433255269 0.003711201079622132 0.05152224824355972
1 0.7952091767881242 0.43676814988290397 0.006747638326585695 0.02576112412177986
10 0.8022941970310391 0.43676814988290397 0.002699055330634278 0.0585480093676815
1 0.703778677462888 0.44379391100702575 0.0033738191632928477 0.0585480093676815
1 0.6958502024291497 0.44379391100702575 0.003036437246963563 0.053864168618266976
1 0.6997300944669366 0.44379391100702575 0.002699055330634278 0.0585480093676815
10 0.7756410256410257 0.446135831381733 0.006747638326585695 0.02107728337236534
10 0.7850877192982456 0.4484777517564403 0.007422402159244264 0.02107728337236534
1 0.7764844804318488 0.4718969555035129 0.00641025641025641 0.02107728337236534
10 0.9866734143049932 0.48360655737704916 0.003036437246963563 0.053864168618266976
10 0.45124831309041835 0.48360655737704916 0.00775978407557355 0.01639344262295082
1 0.4411268556005398 0.48360655737704916 0.00708502024291498 0.02107728337236534
10 0.7913292847503374 0.48360655737704916 0.003036437246963563 0.053864168618266976
1 0.7955465587044535 0.48243559718969553 0.0033738191632928477 0.05152224824355972
10 0.8943994601889339 0.48711943793911006 0.0033738191632928477 0.05152224824355972
10 0.898110661268556 0.48711943793911006 0.002699055330634278 0.05152224824355972
10 0.9019905533063428 0.4894613583138173 0.0023616734143049934 0.0468384074941452
1 0.5276653171390013 0.4953161592505855 0.008097165991902834 0.02107728337236534
10 0.8011133603238867 0.5 0.0023616734143049934 0.04449648711943794
5 0.49308367071524967 0.5117096018735363 0.04824561403508772 0.3442622950819672
1 0.9924089068825911 0.5152224824355972 0.005735492577597841 0.08899297423887588
10 0.7693994601889339 0.5163934426229508 0.003036437246963563 0.04918032786885246
1 0.7653508771929824 0.5175644028103045 0.003036437246963563 0.05152224824355972
10 0.7812078272604588 0.5175644028103045 0.003036437246963563 0.05152224824355972
1 0.7768218623481782 0.5187353629976581 0.003036437246963563 0.053864168618266976
10 0.773110661268556 0.5187353629976581 0.0023616734143049934 0.04918032786885246
1 0.761302294197031 0.522248243559719 0.003036437246963563 0.05152224824355972
10 0.7864372469635628 0.522248243559719 0.002699055330634278 0.05152224824355972
1 0.527834008097166 0.522248243559719 0.00775978407557355 0.0234192037470726
10 0.8301282051282052 0.5234192037470726 0.0023616734143049934 0.04918032786885246
10 0.9055330634278003 0.5234192037470726 0.002699055330634278 0.04918032786885246
10 0.4347165991902834 0.5245901639344263 0.003036437246963563 0.05620608899297424
1 0.4600202429149798 0.5245901639344263 0.003036437246963563 0.05620608899297424
10 0.4382591093117409 0.5257611241217799 0.0020242914979757085 0.053864168618266976
10 0.44601889338731443 0.5269320843091335 0.002699055330634278 0.05620608899297424
10 0.45377867746288797 0.5269320843091335 0.0020242914979757085 0.05620608899297424
10 0.4426450742240216 0.5304449648711944 0.0033738191632928477 0.053864168618266976
10 0.6747638326585695 0.5409836065573771 0.0033738191632928477 0.05152224824355972
1 0.9829622132253711 0.5409836065573771 0.003036437246963563 0.05152224824355972
10 0.9870107962213225 0.544496487119438 0.003036437246963563 0.053864168618266976
10 0.8215249662618084 0.5491803278688525 0.0033738191632928477 0.053864168618266976
10 0.8254048582995951 0.5550351288056206 0.003036437246963563 0.05152224824355972
10 0.7734480431848852 0.5772833723653396 0.00708502024291498 0.01639344262295082
10 0.8942307692307693 0.5889929742388759 0.003036437246963563 0.053864168618266976
10 0.898110661268556 0.5913348946135831 0.0033738191632928477 0.0585480093676815
1 0.5244601889338731 0.6007025761124122 0.00775978407557355 0.02107728337236534
1 0.5472334682860999 0.6088992974238876 0.005398110661268556 0.08899297423887588
5 0.7968960863697706 0.6100702576112412 0.01417004048582996 0.09601873536299765
1 0.8248987854251012 0.6135831381733021 0.012145748987854251 0.03747072599531616
1 0.835357624831309 0.6147540983606558 0.006072874493927126 0.08196721311475409
1 0.8161268556005398 0.617096018735363 0.0033738191632928477 0.053864168618266976
1 0.8419365721997301 0.6147540983606558 0.005735492577597841 0.08196721311475409
1 0.8483468286099866 0.6147540983606558 0.005735492577597841 0.08196721311475409
10 0.7798582995951417 0.6252927400468384 0.003036437246963563 0.0468384074941452
10 0.7759784075573549 0.629976580796253 0.002699055330634278 0.05152224824355972
1 0.5244601889338731 0.6288056206088993 0.00775978407557355 0.02107728337236534
1 0.7648448043184886 0.6381733021077284 0.005398110661268556 0.08196721311475409
1 0.7710863697705803 0.6381733021077284 0.005735492577597841 0.08196721311475409
1 0.5244601889338731 0.65807962529274 0.00775978407557355 0.0234192037470726
10 0.8168016194331984 0.65807962529274 0.007422402159244264 0.01405152224824356
1 0.4593454790823212 0.6662763466042154 0.00708502024291498 0.02107728337236534
1 0.8643724696356275 0.6756440281030445 0.006072874493927126 0.08665105386416862
1 0.8712887989203779 0.6756440281030445 0.00641025641025641 0.08665105386416862
10 0.44635627530364375 0.6885245901639344 0.0033738191632928477 0.05152224824355972
10 0.442476383265857 0.6885245901639344 0.003036437246963563 0.05620608899297424
10 0.9512483130904184 0.7037470725995316 0.003036437246963563 0.053864168618266976
10 0.9547908232118758 0.7049180327868853 0.002699055330634278 0.05152224824355972
1 0.8502024291497976 0.7084309133489461 0.006072874493927126 0.08196721311475409
1 0.8250674763832658 0.7295081967213115 0.00708502024291498 0.02107728337236534
1 0.8164642375168691 0.7318501170960188 0.007422402159244264 0.02107728337236534
10 0.47047908232118757 0.7330210772833724 0.00708502024291498 0.01873536299765808
10 0.4908906882591093 0.7330210772833724 0.007422402159244264 0.01873536299765808
10 0.5016869095816464 0.734192037470726 0.007422402159244264 0.01639344262295082
10 0.7815452091767882 0.7423887587822015 0.003036437246963563 0.05620608899297424
1 0.7678812415654521 0.747072599531616 0.0033738191632928477 0.05152224824355972
10 0.7768218623481782 0.747072599531616 0.003036437246963563 0.05152224824355972
1 0.7726045883940621 0.7482435597189696 0.0033738191632928477 0.053864168618266976
10 0.4765519568151147 0.7576112412177985 0.00708502024291498 0.01639344262295082
10 0.4957827260458839 0.7576112412177985 0.00708502024291498 0.01639344262295082
10 0.5111336032388664 0.7576112412177985 0.007422402159244264 0.01639344262295082
10 0.8164642375168691 0.7587822014051522 0.007422402159244264 0.01873536299765808
10 0.8250674763832658 0.7599531615925058 0.00708502024291498 0.01639344262295082
10 0.4649122807017544 0.7611241217798594 0.006747638326585695 0.0234192037470726
10 0.4856612685560054 0.7611241217798594 0.00708502024291498 0.01405152224824356
1 0.5710188933873145 0.7611241217798594 0.005735492577597841 0.08899297423887588
1 0.8166329284750338 0.7857142857142857 0.00708502024291498 0.01639344262295082
10 0.8620107962213225 0.7927400468384075 0.0033738191632928477 0.053864168618266976
10 0.8699392712550608 0.7927400468384075 0.003036437246963563 0.053864168618266976
10 0.8662280701754386 0.7939110070257611 0.003036437246963563 0.05152224824355972
1 0.8227058029689609 0.8056206088992974 0.003036437246963563 0.05152224824355972
1 0.7844129554655871 0.8220140515222483 0.006072874493927126 0.08899297423887588
1 0.7774966261808367 0.8243559718969555 0.005060728744939271 0.08899297423887588
10 0.8065114709851552 0.8676814988290398 0.003036437246963563 0.04449648711943794
10 0.8112348178137652 0.8676814988290398 0.003036437246963563 0.053864168618266976
10 0.8788798920377868 0.8711943793911007 0.0033738191632928477 0.05620608899297424
10 0.875 0.8723653395784543 0.003036437246963563 0.053864168618266976
1 0.8830971659919028 0.8735362997658079 0.003711201079622132 0.05620608899297424
10 0.6725708502024291 0.8758782201405152 0.003036437246963563 0.05620608899297424
10 0.6769568151147098 0.8758782201405152 0.003036437246963563 0.05152224824355972
10 0.8394062078272605 0.8782201405152225 0.0033738191632928477 0.05152224824355972
10 0.847165991902834 0.8793911007025761 0.002699055330634278 0.053864168618266976
1 0.8355263157894737 0.8817330210772834 0.0023616734143049934 0.04918032786885246
10 0.8432860998650472 0.8817330210772834 0.003036437246963563 0.0585480093676815
1 0.8694331983805668 0.8887587822014051 0.005398110661268556 0.09133489461358314
2 0.5064102564102564 0.9344262295081968 0.11740890688259109 0.10772833723653395
1 0.793353576248313 0.18032786885245902 0.008434547908232119 0.02810304449648712
1 0.9126180836707153 0.1873536299765808 0.007422402159244264 0.01873536299765808
1 0.8001012145748988 0.19320843091334894 0.003036437246963563 0.04918032786885246
1 0.7864372469635628 0.19320843091334894 0.0033738191632928477 0.04918032786885246
1 0.8437921727395412 0.1955503512880562 0.0033738191632928477 0.053864168618266976
1 0.872638326585695 0.19672131147540983 0.00708502024291498 0.0234192037470726
1 0.20327260458839405 0.202576112412178 0.00775978407557355 0.02107728337236534
1 0.793353576248313 0.20608899297423888 0.009109311740890687 0.0234192037470726
10 0.8279352226720648 0.21311475409836064 0.0033738191632928477 0.05152224824355972
1 0.9110998650472335 0.21779859484777517 0.00708502024291498 0.01873536299765808
10 0.6258434547908233 0.2224824355971897 0.0033738191632928477 0.05620608899297424
10 0.6212887989203779 0.22365339578454332 0.0043859649122807015 0.0585480093676815
1 0.03120782726045884 0.22716627634660422 0.00775978407557355 0.0234192037470726
1 0.9222334682860999 0.23185011709601874 0.0023616734143049934 0.05152224824355972