10 0.7982283464566929 0.11946386946386946 0.013779527559055118 0.0034965034965034965
10 0.7234251968503937 0.12354312354312354 0.013779527559055118 0.006993006993006993
1 0.828248031496063 0.1346153846153846 0.01673228346456693 0.01048951048951049
10 0.6875 0.1386946386946387 0.012795275590551181 0.006993006993006993
10 0.7952755905511811 0.13986013986013987 0.01968503937007874 0.009324009324009324
10 0.7229330708661418 0.14160839160839161 0.010826771653543307 0.008158508158508158
10 0.6633858267716536 0.14219114219114218 0.005905511811023622 0.018648018648018648
10 0.6505905511811023 0.1451048951048951 0.005905511811023622 0.024475524475524476
1 0.6363188976377953 0.14685314685314685 0.006889763779527559 0.02097902097902098
1 0.6062992125984252 0.1555944055944056 0.015748031496062992 0.01048951048951049
1 0.8287401574803149 0.1585081585081585 0.021653543307086614 0.013986013986013986
1 0.7952755905511811 0.1590909090909091 0.013779527559055118 0.008158508158508158
10 0.6889763779527559 0.15967365967365968 0.017716535433070866 0.006993006993006993
1 0.7559055118110236 0.16200466200466201 0.017716535433070866 0.009324009324009324
1 0.7229330708661418 0.16258741258741258 0.02066929133858268 0.01048951048951049
10 0.7962598425196851 0.1789044289044289 0.015748031496062992 0.008158508158508158
1 0.827263779527559 0.1789044289044289 0.02066929133858268 0.017482517482517484
1 0.687992125984252 0.18356643356643357 0.01968503937007874 0.01048951048951049
10 0.6663385826771654 0.19172494172494173 0.005905511811023622 0.019813519813519812
10 0.7952755905511811 0.19289044289044288 0.011811023622047244 0.005827505827505828
1 0.6087598425196851 0.19230769230769232 0.018700787401574805 0.011655011655011656
10 0.687007874015748 0.20046620046620048 0.01968503937007874 0.006993006993006993
1 0.8267716535433071 0.2062937062937063 0.021653543307086614 0.011655011655011656
10 0.7942913385826772 0.21212121212121213 0.013779527559055118 0.004662004662004662
1 0.6382874015748031 0.21503496503496503 0.024606299212598427 0.017482517482517484
10 0.6875 0.21736596736596736 0.022637795275590553 0.01048951048951049
10 0.7559055118110236 0.2196969696969697 0.017716535433070866 0.008158508158508158
1 0.719488188976378 0.22086247086247085 0.017716535433070866 0.01048951048951049
1 0.827755905511811 0.22552447552447552 0.017716535433070866 0.01048951048951049
10 0.7947834645669292 0.2266899766899767 0.012795275590551181 0.005827505827505828
10 0.6653543307086615 0.229020979020979 0.003937007874015748 0.024475524475524476
10 0.7160433070866141 0.23543123543123542 0.018700787401574805 0.009324009324009324
10 0.687992125984252 0.23543123543123542 0.015748031496062992 0.009324009324009324
10 0.7559055118110236 0.23601398601398602 0.021653543307086614 0.008158508158508158
10 0.7982283464566929 0.24533799533799533 0.011811023622047244 0.005827505827505828
1 0.8262795275590551 0.24825174825174826 0.018700787401574805 0.011655011655011656
1 0.687007874015748 0.25466200466200467 0.017716535433070866 0.008158508158508158
2 0.9005905511811023 0.2634032634032634 0.0610236220472441 0.2564102564102564
10 0.827755905511811 0.2680652680652681 0.015748031496062992 0.004662004662004662
1 0.7165354330708661 0.270979020979021 0.017716535433070866 0.008158508158508158
5 0.7608267716535433 0.2715617715617716 0.025590551181102362 0.02097902097902098
1 0.8021653543307087 0.2727272727272727 0.005905511811023622 0.018648018648018648
10 0.6855314960629921 0.2733100233100233 0.014763779527559055 0.008158508158508158
1 0.6082677165354331 0.2803030303030303 0.023622047244094488 0.019813519813519812
1 0.6505905511811023 0.28321678321678323 0.025590551181102362 0.018648018648018648
10 0.8336614173228346 0.2872960372960373 0.011811023622047244 0.008158508158508158
10 0.7140748031496063 0.28846153846153844 0.02066929133858268 0.008158508158508158
10 0.6855314960629921 0.2913752913752914 0.012795275590551181 0.006993006993006993
10 0.7637795275590551 0.30186480186480186 0.015748031496062992 0.009324009324009324
10 0.8302165354330708 0.30361305361305363 0.012795275590551181 0.005827505827505828
2 0.3001968503937008 0.3041958041958042 0.2677165354330709 0.08857808857808858
1 0.7288385826771654 0.30536130536130535 0.01673228346456693 0.009324009324009324
10 0.6801181102362205 0.31876456876456877 0.005905511811023622 0.017482517482517484
1 0.6077755905511811 0.31876456876456877 0.02066929133858268 0.019813519813519812
1 0.6500984251968503 0.31993006993006995 0.02066929133858268 0.015151515151515152
1 0.8041338582677166 0.32867132867132864 0.007874015748031496 0.023310023310023312
10 0.8351377952755905 0.32925407925407923 0.008858267716535433 0.024475524475524476
1 0.7859251968503937 0.3315850815850816 0.006889763779527559 0.024475524475524476
10 0.8188976377952756 0.3327505827505827 0.005905511811023622 0.024475524475524476
1 0.7150590551181102 0.3350815850815851 0.03051181102362205 0.026806526806526808
1 0.6077755905511811 0.3537296037296037 0.018700787401574805 0.017482517482517484
1 0.6510826771653543 0.3543123543123543 0.018700787401574805 0.016317016317016316
1 0.8228346456692913 0.39044289044289043 0.021653543307086614 0.009324009324009324
1 0.7947834645669292 0.3939393939393939 0.018700787401574805 0.009324009324009324
10 0.8262795275590551 0.4131701631701632 0.018700787401574805 0.01282051282051282
1 0.8016732283464567 0.42132867132867136 0.006889763779527559 0.019813519813519812
1 0.8248031496062992 0.42715617715617715 0.017716535433070866 0.008158508158508158
10 0.6432086614173228 0.0472027972027972 0.01673228346456693 0.005827505827505828
10 0.7947834645669292 0.04836829836829837 0.014763779527559055 0.008158508158508158
1 0.8243110236220472 0.047785547785547784 0.022637795275590553 0.013986013986013986
10 0.7667322834645669 0.04895104895104895 0.011811023622047244 0.006993006993006993
1 0.6993110236220472 0.05011655011655012 0.02066929133858268 0.011655011655011656
10 0.734744094488189 0.05011655011655012 0.014763779527559055 0.006993006993006993
10 0.4301181102362205 0.5337995337995338 0.015748031496062992 0.011655011655011656
10 0.3705708661417323 0.5407925407925408 0.014763779527559055 0.011655011655011656
10 0.0531496062992126 0.541958041958042 0.017716535433070866 0.009324009324009324
1 0.15108267716535434 0.5448717948717948 0.03248031496062992 0.015151515151515152
10 0.39320866141732286 0.5524475524475524 0.012795275590551181 0.013986013986013986
10 0.08809055118110236 0.5658508158508159 0.006889763779527559 0.026806526806526808
10 0.15354330708661418 0.5687645687645687 0.017716535433070866 0.006993006993006993
10 0.4808070866141732 0.5710955710955711 0.006889763779527559 0.023310023310023312
10 0.49753937007874016 0.5710955710955711 0.006889763779527559 0.018648018648018648
10 0.5118110236220472 0.5710955710955711 0.003937007874015748 0.018648018648018648
1 0.5329724409448819 0.5710955710955711 0.018700787401574805 0.016317016317016316
5 0.05610236220472441 0.5716783216783217 0.021653543307086614 0.0337995337995338
10 0.46653543307086615 0.5734265734265734 0.007874015748031496 0.02564102564102564
10 0.44881889763779526 0.5874125874125874 0.005905511811023622 0.018648018648018648
10 0.43553149606299213 0.5885780885780886 0.006889763779527559 0.02097902097902098
10 0.8307086614173228 0.5926573426573427 0.007874015748031496 0.019813519813519812
10 0.8159448818897638 0.5932400932400932 0.005905511811023622 0.023310023310023312
10 0.41732283464566927 0.5961538461538461 0.00984251968503937 0.01048951048951049
1 0.3956692913385827 0.5967365967365967 0.007874015748031496 0.02097902097902098
10 0.3380905511811024 0.5979020979020979 0.012795275590551181 0.016317016317016316
10 0.3617125984251969 0.5984848484848485 0.010826771653543307 0.01282051282051282
1 0.3809055118110236 0.5979020979020979 0.007874015748031496 0.018648018648018648
1 0.6323818897637795 0.6025641025641025 0.018700787401574805 0.009324009324009324
1 0.5127952755905512 0.6136363636363636 0.005905511811023622 0.019813519813519812
1 0.5285433070866141 0.6148018648018648 0.005905511811023622 0.019813519813519812
10 0.5674212598425197 0.6171328671328671 0.01673228346456693 0.024475524475524476
1 0.29822834645669294 0.6177156177156177 0.007874015748031496 0.023310023310023312
1 0.3159448818897638 0.6182983682983683 0.00984251968503937 0.024475524475524476
5 0.054133858267716536 0.6235431235431236 0.01968503937007874 0.037296037296037296
10 0.7883858267716536 0.6258741258741258 0.005905511811023622 0.02097902097902098
10 0.8021653543307087 0.6252913752913752 0.005905511811023622 0.022144522144522144
1 0.8174212598425197 0.6276223776223776 0.006889763779527559 0.017482517482517484
1 0.8326771653543307 0.6282051282051282 0.005905511811023622 0.018648018648018648
1 0.6653543307086615 0.06351981351981352 0.013779527559055118 0.03613053613053613
1 0.7047244094488189 0.6305361305361306 0.007874015748031496 0.02097902097902098
10 0.640255905511811 0.06526806526806526 0.018700787401574805 0.006993006993006993
1 0.10187007874015748 0.6439393939393939 0.028543307086614175 0.01282051282051282
1 0.5861220472440944 0.6509324009324009 0.004921259842519685 0.019813519813519812
1 0.7962598425196851 0.6520979020979021 0.011811023622047244 0.005827505827505828
10 0.765748031496063 0.06526806526806526 0.013779527559055118 0.006993006993006993
1 0.5728346456692913 0.6538461538461539 0.005905511811023622 0.023310023310023312
1 0.15551181102362205 0.6561771561771562 0.017716535433070866 0.006993006993006993
1 0.5447834645669292 0.6561771561771562 0.006889763779527559 0.018648018648018648
1 0.5295275590551181 0.6585081585081585 0.003937007874015748 0.018648018648018648
10 0.8184055118110236 0.6596736596736597 0.006889763779527559 0.023310023310023312
10 0.7952755905511811 0.06643356643356643 0.013779527559055118 0.006993006993006993
5 0.7455708661417323 0.664918414918415 0.04232283464566929 0.05011655011655012
10 0.09940944881889764 0.664918414918415 0.01968503937007874 0.008158508158508158
1 0.6973425196850394 0.666083916083916 0.01673228346456693 0.01048951048951049
10 0.29576771653543305 0.6655011655011654 0.010826771653543307 0.016317016317016316
10 0.7962598425196851 0.6701631701631702 0.011811023622047244 0.006993006993006993
10 0.7381889763779528 0.06818181818181818 0.015748031496062992 0.008158508158508158
10 0.15649606299212598 0.6765734265734266 0.013779527559055118 0.008158508158508158
10 0.59498031496063 0.675990675990676 0.018700787401574805 0.009324009324009324
10 0.5659448818897638 0.6777389277389277 0.011811023622047244 0.005827505827505828
10 0.7952755905511811 0.6853146853146853 0.013779527559055118 0.009324009324009324
10 0.5383858267716536 0.6847319347319347 0.017716535433070866 0.008158508158508158
10 0.6978346456692913 0.6847319347319347 0.017716535433070866 0.005827505827505828
1 0.8262795275590551 0.06934731934731934 0.02066929133858268 0.01282051282051282
10 0.29576771653543305 0.6888111888111889 0.010826771653543307 0.016317016317016316
10 0.8184055118110236 0.6958041958041958 0.006889763779527559 0.023310023310023312
10 0.028051181102362203 0.7022144522144522 0.006889763779527559 0.022144522144522144
10 0.6998031496062992 0.7022144522144522 0.013779527559055118 0.005827505827505828
1 0.797736220472441 0.7027972027972028 0.014763779527559055 0.006993006993006993
10 0.5885826771653543 0.708041958041958 0.015748031496062992 0.024475524475524476
5 0.1579724409448819 0.710955710955711 0.022637795275590553 0.039627039627039624
10 0.29576771653543305 0.7156177156177156 0.010826771653543307 0.016317016317016316
10 0.8164370078740157 0.7261072261072261 0.018700787401574805 0.009324009324009324
1 0.781988188976378 0.7284382284382285 0.014763779527559055 0.009324009324009324
10 0.7603346456692913 0.7319347319347319 0.006889763779527559 0.02097902097902098
10 0.7455708661417323 0.7313519813519813 0.006889763779527559 0.024475524475524476
10 0.7322834645669292 0.7336829836829837 0.007874015748031496 0.022144522144522144
1 0.7160433070866141 0.7342657342657343 0.006889763779527559 0.02564102564102564
1 0.6914370078740157 0.7342657342657343 0.006889763779527559 0.02097902097902098
5 0.42322834645669294 0.7365967365967366 0.1732283464566929 0.20279720279720279
2 0.905511811023622 0.7395104895104895 0.05708661417322835 0.26223776223776224
1 0.5428149606299213 0.7418414918414918 0.006889763779527559 0.022144522144522144
1 0.5585629921259843 0.7412587412587412 0.004921259842519685 0.02097902097902098
10 0.296751968503937 0.7424242424242424 0.010826771653543307 0.016317016317016316
10 0.027559055118110236 0.7424242424242424 0.005905511811023622 0.023310023310023312
10 0.5895669291338582 0.7447552447552448 0.015748031496062992 0.02564102564102564
10 0.780511811023622 0.7476689976689976 0.013779527559055118 0.008158508158508158
1 0.15501968503937008 0.752913752913753 0.024606299212598427 0.013986013986013986
5 0.08956692913385826 0.7558275058275058 0.021653543307086614 0.0641025641025641
1 0.7785433070866141 0.7674825174825175 0.017716535433070866 0.01048951048951049
10 0.296751968503937 0.7692307692307693 0.008858267716535433 0.016317016317016316
10 0.2047244094488189 0.7750582750582751 0.013779527559055118 0.006993006993006993
10 0.23523622047244094 0.7773892773892774 0.015748031496062992 0.004662004662004662
1 0.11663385826771654 0.7808857808857809 0.004921259842519685 0.02097902097902098
10 0.5861220472440944 0.7861305361305362 0.01673228346456693 0.024475524475524476
10 0.20374015748031496 0.7902097902097902 0.015748031496062992 0.006993006993006993
10 0.23228346456692914 0.791958041958042 0.015748031496062992 0.008158508158508158
10 0.7150590551181102 0.07925407925407925 0.006889763779527559 0.02097902097902098
2 0.3228346456692913 0.07983682983682984 0.10433070866141732 0.05244755244755245
10 0.29576771653543305 0.7931235431235432 0.006889763779527559 0.01282051282051282
10 0.6938976377952756 0.08041958041958042 0.015748031496062992 0.009324009324009324
10 0.2327755905511811 0.8082750582750583 0.012795275590551181 0.008158508158508158
10 0.203248031496063 0.8088578088578089 0.01673228346456693 0.009324009324009324
1 0.640748031496063 0.08100233100233101 0.015748031496062992 0.008158508158508158
10 0.16141732283464566 0.8181818181818182 0.01968503937007874 0.006993006993006993
10 0.11614173228346457 0.8187645687645687 0.01968503937007874 0.008158508158508158
10 0.5875984251968503 0.8257575757575758 0.017716535433070866 0.029137529137529136
10 0.23523622047244094 0.8263403263403264 0.013779527559055118 0.004662004662004662
10 0.2047244094488189 0.8269230769230769 0.023622047244094488 0.008158508158508158
10 0.08169291338582677 0.8263403263403264 0.005905511811023622 0.02097902097902098
10 0.031496062992125984 0.828088578088578 0.005905511811023622 0.024475524475524476
10 0.28198818897637795 0.8292540792540792 0.014763779527559055 0.01282051282051282
10 0.04625984251968504 0.8292540792540792 0.005905511811023622 0.026806526806526808
10 0.30856299212598426 0.8374125874125874 0.018700787401574805 0.008158508158508158
10 0.7952755905511811 0.08391608391608392 0.011811023622047244 0.006993006993006993
10 0.7642716535433071 0.08508158508158509 0.014763779527559055 0.009324009324009324
10 0.23326771653543307 0.8426573426573427 0.017716535433070866 0.006993006993006993
10 0.20374015748031496 0.8461538461538461 0.015748031496062992 0.006993006993006993
10 0.28051181102362205 0.8473193473193473 0.011811023622047244 0.006993006993006993
10 0.31151574803149606 0.8554778554778555 0.02066929133858268 0.009324009324009324
10 0.7391732283464567 0.08741258741258741 0.017716535433070866 0.006993006993006993
10 0.5895669291338582 0.8636363636363636 0.017716535433070866 0.02564102564102564
1 0.5374015748031497 0.8653846153846154 0.007874015748031496 0.022144522144522144
10 0.27903543307086615 0.8648018648018648 0.014763779527559055 0.011655011655011656
1 0.5260826771653543 0.865967365967366 0.004921259842519685 0.02097902097902098
1 0.3090551181102362 0.8717948717948718 0.017716535433070866 0.006993006993006993
1 0.28051181102362205 0.8846153846153846 0.01968503937007874 0.011655011655011656
1 0.4237204724409449 0.8857808857808858 0.01673228346456693 0.006993006993006993
10 0.4596456692913386 0.8956876456876457 0.023622047244094488 0.022144522144522144
10 0.4891732283464567 0.8991841491841492 0.023622047244094488 0.026806526806526808
1 0.42913385826771655 0.9020979020979021 0.015748031496062992 0.006993006993006993
10 0.5890748031496063 0.9038461538461539 0.01673228346456693 0.017482517482517484
10 0.5280511811023622 0.905011655011655 0.008858267716535433 0.024475524475524476
10 0.515255905511811 0.9055944055944056 0.008858267716535433 0.023310023310023312
1 0.8287401574803149 0.09207459207459208 0.021653543307086614 0.013986013986013986
10 0.36368110236220474 0.914918414918415 0.022637795275590553 0.02564102564102564
10 0.3956692913385827 0.914918414918415 0.023622047244094488 0.02097902097902098
10 0.296751968503937 0.9184149184149184 0.022637795275590553 0.02564102564102564
10 0.32726377952755903 0.9184149184149184 0.022637795275590553 0.023310023310023312
10 0.7962598425196851 0.10256410256410256 0.013779527559055118 0.006993006993006993
1 0.7234251968503937 0.10664335664335664 0.015748031496062992 0.008158508158508158
5 0.672244094488189 0.10780885780885781 0.045275590551181105 0.022144522144522144
10 0.6117125984251969 0.10780885780885781 0.01673228346456693 0.005827505827505828
10 0.6348425196850394 0.11072261072261072 0.00984251968503937 0.023310023310023312
1 0.7588582677165354 0.11188811188811189 0.031496062992125984 0.023310023310023312
1 0.8257874015748031 0.11363636363636363 0.017716535433070866 0.01048951048951049