10 0.000546448087431694 0.486013986013986 0.001092896174863388 0.03496503496503497
1 0.4726775956284153 0.3688811188811189 0.009836065573770493 0.03146853146853147
10 0.9199453551912569 0.07517482517482517 0.004918032786885246 0.06643356643356643
10 0.002459016393442623 0.7482517482517482 0.00273224043715847 0.027972027972027972
10 0.4226775956284153 0.46678321678321677 0.00273224043715847 0.045454545454545456
10 0.40765027322404374 0.4737762237762238 0.003278688524590164 0.045454545454545456
10 0.412568306010929 0.4737762237762238 0.003278688524590164 0.045454545454545456
10 0.4180327868852459 0.47027972027972026 0.003278688524590164 0.045454545454545456
10 0.42868852459016393 0.4632867132867133 0.004918032786885246 0.06643356643356643
10 0.4382513661202186 0.4562937062937063 0.004371584699453552 0.05944055944055944
10 0.4486338797814208 0.4493006993006993 0.004371584699453552 0.05944055944055944
10 0.3633879781420765 0.5087412587412588 0.003278688524590164 0.045454545454545456
10 0.44398907103825136 0.4527972027972028 0.004918032786885246 0.05944055944055944
10 0.43333333333333335 0.46153846153846156 0.004371584699453552 0.06293706293706294
10 0.376775956284153 0.4982517482517482 0.003825136612021858 0.045454545454545456
10 0.45437158469945355 0.44755244755244755 0.003825136612021858 0.055944055944055944
10 0.3953551912568306 0.5017482517482518 0.010382513661202186 0.03146853146853147
10 0.2653005464480874 0.5926573426573427 0.009289617486338797 0.03146853146853147
1 0.2527322404371585 0.6013986013986014 0.011475409836065573 0.04195804195804196
10 0.29918032786885246 0.5699300699300699 0.009289617486338797 0.027972027972027972
10 0.3180327868852459 0.5611888111888111 0.009836065573770493 0.03146853146853147
10 0.2762295081967213 0.5891608391608392 0.009289617486338797 0.03146853146853147
1 0.01912568306010929 0.7622377622377622 0.009836065573770493 0.027972027972027972
10 0.39562841530054643 0.5384615384615384 0.009836065573770493 0.03496503496503497
5 0.5144808743169399 0.46153846153846156 0.06612021857923497 0.4125874125874126
10 0.3092896174863388 0.6136363636363636 0.004371584699453552 0.05944055944055944
1 0.31612021857923495 0.6118881118881119 0.004918032786885246 0.06993006993006994
1 0.3224043715846995 0.6066433566433567 0.004371584699453552 0.05944055944055944
10 0.2972677595628415 0.6241258741258742 0.004371584699453552 0.05944055944055944
1 0.30300546448087434 0.6188811188811189 0.004918032786885246 0.06293706293706294
10 0.29180327868852457 0.6258741258741258 0.004371584699453552 0.06293706293706294
1 0.3418032786885246 0.5979020979020979 0.004918032786885246 0.06293706293706294
1 0.33579234972677596 0.6013986013986014 0.004918032786885246 0.06293706293706294
10 0.27650273224043714 0.6398601398601399 0.009836065573770493 0.03496503496503497
10 0.3292349726775956 0.6048951048951049 0.004918032786885246 0.06293706293706294
1 0.2538251366120219 0.6573426573426573 0.012568306010928962 0.04195804195804196
1 0.47650273224043715 0.506993006993007 0.008743169398907104 0.027972027972027972
10 0.26584699453551913 0.6486013986013986 0.009289617486338797 0.03146853146853147
10 0.03989071038251366 0.8024475524475524 0.004371584699453552 0.05944055944055944
10 0.01612021857923497 0.8199300699300699 0.00273224043715847 0.045454545454545456
10 0.022404371584699455 0.8234265734265734 0.003278688524590164 0.045454545454545456
1 0.05819672131147541 0.8024475524475524 0.003825136612021858 0.05244755244755245
1 0.07622950819672131 0.7884615384615384 0.004918032786885246 0.06643356643356643
1 0.06420765027322405 0.7972027972027972 0.004918032786885246 0.06293706293706294
1 0.07049180327868852 0.791958041958042 0.004371584699453552 0.06643356643356643
1 0.1005464480874317 0.7744755244755245 0.004371584699453552 0.06643356643356643
1 0.09453551912568306 0.7762237762237763 0.004371584699453552 0.06293706293706294
1 0.051639344262295085 0.8041958041958042 0.004918032786885246 0.06293706293706294
1 0.08224043715846995 0.7867132867132867 0.004918032786885246 0.06293706293706294
1 0.11284153005464481 0.7657342657342657 0.004918032786885246 0.06293706293706294
1 0.1251366120218579 0.756993006993007 0.004371584699453552 0.05944055944055944
1 0.08907103825136611 0.7814685314685315 0.004371584699453552 0.05944055944055944
1 0.11885245901639344 0.763986013986014 0.003825136612021858 0.05944055944055944
10 0.4355191256830601 0.5506993006993007 0.003278688524590164 0.045454545454545456
1 0.10655737704918032 0.7727272727272727 0.004371584699453552 0.06293706293706294
10 0.4459016393442623 0.5437062937062938 0.003278688524590164 0.045454545454545456
1 0.13114754098360656 0.7552447552447552 0.004371584699453552 0.06293706293706294
10 0.4565573770491803 0.5402097902097902 0.003825136612021858 0.05244755244755245
10 0.031420765027322405 0.8269230769230769 0.007103825136612022 0.017482517482517484
10 0.45081967213114754 0.5437062937062938 0.003278688524590164 0.045454545454545456
10 0.46174863387978143 0.5384615384615384 0.003278688524590164 0.04195804195804196
10 0.44098360655737706 0.5506993006993007 0.003278688524590164 0.045454545454545456
1 0.46912568306010927 0.5367132867132867 0.003825136612021858 0.05244755244755245
10 0.39672131147540984 0.583916083916084 0.009836065573770493 0.027972027972027972
1 0.19098360655737706 0.7237762237762237 0.004918032786885246 0.06293706293706294
1 0.42349726775956287 0.5664335664335665 0.004371584699453552 0.06293706293706294
10 0.19754098360655736 0.7202797202797203 0.004918032786885246 0.06293706293706294
10 0.18579234972677597 0.7290209790209791 0.00546448087431694 0.06643356643356643
10 0.23387978142076501 0.715034965034965 0.00546448087431694 0.05944055944055944
10 0.3005464480874317 0.6695804195804196 0.009836065573770493 0.03146853146853147
1 0.037978142076502734 0.8583916083916084 0.009289617486338797 0.03146853146853147
1 0.38688524590163936 0.6258741258741258 0.006557377049180328 0.07692307692307693
1 0.3983606557377049 0.6276223776223776 0.012021857923497269 0.045454545454545456
1 0.4778688524590164 0.5786713286713286 0.009289617486338797 0.03146853146853147
1 0.35273224043715845 0.6678321678321678 0.004918032786885246 0.06293706293706294
10 0.053005464480874315 0.8828671328671329 0.004371584699453552 0.05944055944055944
10 0.05901639344262295 0.8793706293706294 0.004371584699453552 0.05944055944055944
10 0.047540983606557376 0.8863636363636364 0.004371584699453552 0.06643356643356643
10 0.08934426229508197 0.8583916083916084 0.004918032786885246 0.05944055944055944
10 0.12568306010928962 0.833916083916084 0.004371584699453552 0.06643356643356643
10 0.10136612021857923 0.8496503496503497 0.004918032786885246 0.06293706293706294
10 0.07759562841530054 0.8653846153846154 0.004371584699453552 0.05944055944055944
10 0.0715846994535519 0.8706293706293706 0.004371584699453552 0.055944055944055944
10 0.08360655737704918 0.8636363636363636 0.004371584699453552 0.06293706293706294
10 0.09562841530054644 0.8531468531468531 0.004371584699453552 0.06293706293706294
10 0.11420765027322405 0.8409090909090909 0.004371584699453552 0.05944055944055944
10 0.11994535519125683 0.8391608391608392 0.004918032786885246 0.06293706293706294
10 0.1319672131147541 0.833916083916084 0.004918032786885246 0.06643356643356643
10 0.10819672131147541 0.8479020979020979 0.004371584699453552 0.06643356643356643
1 0.2860655737704918 0.7325174825174825 0.011475409836065573 0.045454545454545456
1 0.30628415300546447 0.7185314685314685 0.011475409836065573 0.045454545454545456
1 0.03551912568306011 0.9038461538461539 0.01639344262295082 0.05244755244755245
10 0.4202185792349727 0.6451048951048951 0.009836065573770493 0.03146853146853147
10 0.2133879781420765 0.7954545454545454 0.004918032786885246 0.05944055944055944
1 0.23442622950819672 0.7867132867132867 0.00546448087431694 0.06293706293706294
10 0.1882513661202186 0.8181818181818182 0.004918032786885246 0.06293706293706294
1 0.1762295081967213 0.8391608391608392 0.015846994535519125 0.055944055944055944
10 0.4633879781420765 0.6433566433566433 0.003278688524590164 0.04895104895104895
10 0.4426229508196721 0.6625874125874126 0.003278688524590164 0.045454545454545456
10 0.4524590163934426 0.6555944055944056 0.003278688524590164 0.045454545454545456
10 0.4377049180327869 0.6643356643356644 0.003278688524590164 0.04895104895104895
10 0.45792349726775955 0.6520979020979021 0.003278688524590164 0.045454545454545456
10 0.430327868852459 0.6730769230769231 0.004918032786885246 0.06643356643356643
10 0.44808743169398907 0.6643356643356644 0.003278688524590164 0.04895104895104895
10 0.4210382513661202 0.6870629370629371 0.00819672131147541 0.024475524475524476
1 0.2866120218579235 0.8006993006993007 0.011475409836065573 0.04195804195804196
1 0.3073770491803279 0.784965034965035 0.011475409836065573 0.045454545454545456
1 0.27240437158469943 0.8094405594405595 0.004918032786885246 0.05944055944055944
1 0.36830601092896176 0.7587412587412588 0.006557377049180328 0.07692307692307693
1 0.37513661202185794 0.7552447552447552 0.004918032786885246 0.06293706293706294
1 0.3592896174863388 0.7657342657342657 0.007103825136612022 0.07692307692307693
10 0.42131147540983604 0.7272727272727273 0.008743169398907104 0.027972027972027972
10 0.26366120218579236 0.8321678321678322 0.009289617486338797 0.027972027972027972
10 0.25163934426229506 0.8409090909090909 0.010382513661202186 0.03146853146853147
10 0.21420765027322405 0.8688811188811189 0.004371584699453552 0.06643356643356643
1 0.47978142076502733 0.6923076923076923 0.009836065573770493 0.03496503496503497
10 0.17131147540983607 0.9090909090909091 0.004918032786885246 0.06293706293706294
10 0.18961748633879782 0.9003496503496503 0.00546448087431694 0.06643356643356643
1 0.1959016393442623 0.8951048951048951 0.004918032786885246 0.06293706293706294
10 0.4226775956284153 0.756993006993007 0.010382513661202186 0.03146853146853147
10 0.5614754098360656 0.6625874125874126 0.009289617486338797 0.03146853146853147
1 0.5983606557377049 0.6433566433566433 0.009836065573770493 0.03496503496503497
10 0.5770491803278689 0.6748251748251748 0.004371584699453552 0.06293706293706294
1 0.5218579234972678 0.7185314685314685 0.00546448087431694 0.05944055944055944
1 0.2715846994535519 0.8933566433566433 0.009836065573770493 0.03146853146853147
1 0.5614754098360656 0.7045454545454546 0.009289617486338797 0.03146853146853147
1 0.5991803278688524 0.6818181818181818 0.007103825136612022 0.02097902097902098
1 0.24781420765027323 0.9230769230769231 0.009289617486338797 0.03496503496503497
1 0.18961748633879782 0.9807692307692307 0.00546448087431694 0.03146853146853147
10 0.19562841530054645 0.9790209790209791 0.00546448087431694 0.03496503496503497
10 0.20163934426229507 0.9772727272727273 0.00546448087431694 0.038461538461538464
10 0.20737704918032787 0.9737762237762237 0.004918032786885246 0.045454545454545456
1 0.27240437158469943 0.958041958041958 0.009289617486338797 0.03496503496503497
1 0.285792349726776 0.9527972027972028 0.009836065573770493 0.03146853146853147
1 0.4051912568306011 0.8723776223776224 0.00819672131147541 0.10839160839160839
1 0.39617486338797814 0.8986013986013986 0.006557377049180328 0.07692307692307693
1 0.38907103825136613 0.9108391608391608 0.004371584699453552 0.05944055944055944
1 0.3814207650273224 0.9143356643356644 0.006557377049180328 0.07342657342657342
1 0.05218579234972678 0.3409090909090909 0.011475409836065573 0.045454545454545456
1 0.012568306010928962 0.3723776223776224 0.009836065573770493 0.03146853146853147
1 0.0366120218579235 0.35664335664335667 0.009836065573770493 0.03496503496503497
1 0.1849726775956284 0.26048951048951047 0.010382513661202186 0.03146853146853147
1 0.2448087431693989 0.22377622377622378 0.012021857923497269 0.04195804195804196
1 0.22950819672131148 0.23776223776223776 0.009836065573770493 0.03496503496503497
1 0.20546448087431693 0.2534965034965035 0.009836065573770493 0.038461538461538464
1 0.3762295081967213 0.13636363636363635 0.009289617486338797 0.03496503496503497
1 0.43633879781420765 0.10314685314685315 0.011475409836065573 0.045454545454545456
1 0.3975409836065574 0.12937062937062938 0.009289617486338797 0.03496503496503497
1 0.4199453551912568 0.11538461538461539 0.010382513661202186 0.03496503496503497
1 0.5674863387978142 0.019230769230769232 0.009289617486338797 0.03146853146853147
1 0.6281420765027322 0.005244755244755245 0.01366120218579235 0.01048951048951049
1 0.5882513661202186 0.017482517482517484 0.010382513661202186 0.03496503496503497
1 0.6120218579234973 0.01048951048951049 0.01092896174863388 0.02097902097902098
1 0.006557377049180328 0.4458041958041958 0.009836065573770493 0.03146853146853147