1 0.223388671875 0.192722371967655 0.00341796875 0.05121293800539083
10 0.216796875 0.192722371967655 0.0029296875 0.04582210242587601
1 0.522705078125 0.192722371967655 0.00927734375 0.02425876010781671
1 0.5322265625 0.1940700808625337 0.0087890625 0.0215633423180593
1 0.54248046875 0.1940700808625337 0.0087890625 0.0215633423180593
10 0.40771484375 0.19946091644204852 0.0029296875 0.04851752021563342
10 0.400146484375 0.20350404312668463 0.00341796875 0.05121293800539083
10 0.915283203125 0.21024258760107817 0.00927734375 0.0215633423180593
1 0.677734375 0.21428571428571427 0.00390625 0.05121293800539083
1 0.688232421875 0.21428571428571427 0.00341796875 0.05121293800539083
1 0.682861328125 0.21293800539083557 0.00341796875 0.04851752021563342
10 0.573974609375 0.215633423180593 0.00341796875 0.0431266846361186
10 0.579345703125 0.2183288409703504 0.00341796875 0.04851752021563342
1 0.8056640625 0.2210242587601078 0.0087890625 0.0215633423180593
1 0.86376953125 0.22776280323450135 0.00390625 0.04582210242587601
1 0.8583984375 0.22776280323450135 0.00390625 0.04582210242587601
1 0.86865234375 0.22641509433962265 0.0029296875 0.04851752021563342
1 0.958740234375 0.22776280323450135 0.00341796875 0.04582210242587601
1 0.9638671875 0.23045822102425875 0.00390625 0.05121293800539083
10 0.806396484375 0.25067385444743934 0.00927734375 0.0215633423180593
10 0.222900390625 0.25336927223719674 0.00341796875 0.04851752021563342
10 0.218017578125 0.25202156334231807 0.00341796875 0.05121293800539083
1 0.554931640625 0.26549865229110514 0.00927734375 0.018867924528301886
5 0.8203125 0.2668463611859838 0.0126953125 0.12398921832884097
10 0.943603515625 0.2695417789757412 0.00927734375 0.0215633423180593
10 0.95458984375 0.2695417789757412 0.0087890625 0.0215633423180593
10 0.64990234375 0.27088948787061995 0.0087890625 0.018867924528301886
1 0.407470703125 0.2749326145552561 0.00439453125 0.04851752021563342
10 0.80615234375 0.27358490566037735 0.0087890625 0.018867924528301886
10 0.74169921875 0.284366576819407 0.0029296875 0.04582210242587601
10 0.879638671875 0.2857142857142857 0.00830078125 0.0215633423180593
1 0.747314453125 0.2857142857142857 0.00341796875 0.04851752021563342
10 0.903076171875 0.284366576819407 0.00830078125 0.018867924528301886
10 0.75341796875 0.2884097035040431 0.00390625 0.04851752021563342
10 0.89111328125 0.2884097035040431 0.0087890625 0.0215633423180593
1 0.7373046875 0.2884097035040431 0.0029296875 0.04851752021563342
1 0.5546875 0.29380053908355797 0.0107421875 0.016172506738544475
10 0.64990234375 0.29514824797843664 0.0087890625 0.018867924528301886
5 0.68212890625 0.29649595687331537 0.021484375 0.0862533692722372
1 0.697509765625 0.2991913746630728 0.00341796875 0.05390835579514825
10 0.660888671875 0.3045822102425876 0.00830078125 0.016172506738544475
1 0.573974609375 0.3045822102425876 0.00341796875 0.04851752021563342
1 0.3994140625 0.3113207547169811 0.0087890625 0.02425876010781671
1 0.91259765625 0.31805929919137466 0.00390625 0.04851752021563342
10 0.9541015625 0.31805929919137466 0.0087890625 0.0215633423180593
1 0.55517578125 0.316711590296496 0.009765625 0.018867924528301886
10 0.70849609375 0.31805929919137466 0.0029296875 0.0431266846361186
10 0.943603515625 0.316711590296496 0.00927734375 0.018867924528301886
10 0.704345703125 0.3194070080862534 0.00341796875 0.04582210242587601
10 0.64990234375 0.3194070080862534 0.0087890625 0.018867924528301886
10 0.713623046875 0.32075471698113206 0.00341796875 0.04851752021563342
1 0.3662109375 0.3221024258760108 0.00390625 0.05121293800539083
1 0.382080078125 0.3221024258760108 0.00341796875 0.05121293800539083
1 0.376953125 0.3221024258760108 0.0029296875 0.04582210242587601
1 0.32666015625 0.3221024258760108 0.0029296875 0.05121293800539083
1 0.3330078125 0.32345013477088946 0.0029296875 0.04851752021563342
1 0.338623046875 0.3261455525606469 0.00439453125 0.04851752021563342
10 0.734619140625 0.3261455525606469 0.00830078125 0.016172506738544475
10 0.660888671875 0.3247978436657682 0.00927734375 0.018867924528301886
10 0.8798828125 0.33692722371967654 0.0087890625 0.016172506738544475
10 0.432861328125 0.33557951482479786 0.00830078125 0.018867924528301886
10 0.89111328125 0.33557951482479786 0.0087890625 0.018867924528301886
10 0.90234375 0.33557951482479786 0.0087890625 0.018867924528301886
1 0.399658203125 0.33827493261455527 0.00927734375 0.018867924528301886
10 0.6494140625 0.3423180592991914 0.0087890625 0.016172506738544475
1 0.555419921875 0.3436657681940701 0.01025390625 0.018867924528301886
10 0.734375 0.3504043126684636 0.0087890625 0.016172506738544475
10 0.660888671875 0.3490566037735849 0.00927734375 0.018867924528301886
1 0.722412109375 0.3490566037735849 0.00439453125 0.05121293800539083
10 0.26904296875 0.353099730458221 0.0078125 0.0215633423180593
10 0.92724609375 0.3611859838274933 0.0087890625 0.016172506738544475
10 0.43212890625 0.3638814016172507 0.0087890625 0.016172506738544475
1 0.247802734375 0.36253369272237196 0.00830078125 0.018867924528301886
1 0.55517578125 0.36522911051212936 0.009765625 0.018867924528301886
10 0.122802734375 0.3692722371967655 0.00927734375 0.0215633423180593
10 0.748291015625 0.36792452830188677 0.00927734375 0.018867924528301886
10 0.698486328125 0.3746630727762803 0.00341796875 0.04851752021563342
10 0.26904296875 0.37870619946091644 0.009765625 0.018867924528301886
1 0.29296875 0.37870619946091644 0.0087890625 0.018867924528301886
1 0.95166015625 0.37870619946091644 0.009765625 0.02425876010781671
10 0.280517578125 0.37870619946091644 0.00830078125 0.018867924528301886
10 0.408203125 0.38274932614555257 0.0087890625 0.0215633423180593
10 0.106201171875 0.38140161725067384 0.01025390625 0.02425876010781671
10 0.927734375 0.38409703504043125 0.0087890625 0.018867924528301886
10 0.703857421875 0.38544474393531 0.00341796875 0.0431266846361186
10 0.712890625 0.3867924528301887 0.0029296875 0.05121293800539083
10 0.7080078125 0.3908355795148248 0.0029296875 0.04851752021563342
10 0.71728515625 0.3894878706199461 0.0029296875 0.04582210242587601
1 0.73046875 0.3908355795148248 0.00390625 0.04851752021563342
1 0.736083984375 0.3935309973045822 0.00341796875 0.04851752021563342
10 0.494140625 0.3935309973045822 0.0087890625 0.016172506738544475
1 0.555419921875 0.3921832884097035 0.00927734375 0.018867924528301886
10 0.231201171875 0.3921832884097035 0.00830078125 0.018867924528301886
10 0.462158203125 0.3948787061994609 0.00927734375 0.018867924528301886
10 0.241943359375 0.3948787061994609 0.00830078125 0.018867924528301886
10 0.47314453125 0.40431266846361186 0.0029296875 0.04851752021563342
1 0.582275390625 0.40431266846361186 0.00341796875 0.05390835579514825
1 0.591552734375 0.40431266846361186 0.00341796875 0.04851752021563342
1 0.57763671875 0.40431266846361186 0.0029296875 0.04851752021563342
1 0.596435546875 0.4056603773584906 0.00341796875 0.05121293800539083
1 0.587158203125 0.4056603773584906 0.00341796875 0.05121293800539083
12 0.48193359375 0.40700808625336926 0.0107421875 0.05929919137466307
12 0.44970703125 0.4056603773584906 0.0107421875 0.05660377358490566
1 0.57275390625 0.4056603773584906 0.0029296875 0.05121293800539083
1 0.911376953125 0.4056603773584906 0.00634765625 0.07816711590296496
10 0.40869140625 0.408355795148248 0.0087890625 0.018867924528301886
10 0.2802734375 0.40970350404312667 0.0087890625 0.0215633423180593
10 0.749267578125 0.40970350404312667 0.00341796875 0.04851752021563342
1 0.67236328125 0.408355795148248 0.0087890625 0.02425876010781671
1 0.292724609375 0.408355795148248 0.00927734375 0.018867924528301886
10 0.1162109375 0.4110512129380054 0.009765625 0.02425876010781671
10 0.74462890625 0.4110512129380054 0.00390625 0.04582210242587601
1 0.66162109375 0.4110512129380054 0.0087890625 0.018867924528301886
10 0.753662109375 0.4123989218328841 0.00341796875 0.04851752021563342
10 0.1279296875 0.41778975741239893 0.009765625 0.026954177897574125
1 0.5556640625 0.42048517520215634 0.009765625 0.016172506738544475
1 0.231689453125 0.4191374663072776 0.00927734375 0.018867924528301886
1 0.24169921875 0.42318059299191374 0.0087890625 0.0215633423180593
10 0.49365234375 0.42587601078167114 0.0087890625 0.0215633423180593
10 0.462158203125 0.42587601078167114 0.00927734375 0.026954177897574125
12 0.8779296875 0.4299191374663073 0.0107421875 0.05660377358490566
10 0.256103515625 0.4353099730458221 0.00927734375 0.018867924528301886
2 0.3515625 0.4353099730458221 0.1044921875 0.16981132075471697
10 0.280029296875 0.4366576819407008 0.00927734375 0.0215633423180593
1 0.29248046875 0.4393530997304582 0.0087890625 0.016172506738544475
1 0.801513671875 0.44609164420485176 0.00439453125 0.04582210242587601
10 0.806884765625 0.44878706199460916 0.00341796875 0.04582210242587601
1 0.4052734375 0.44878706199460916 0.00390625 0.05121293800539083
10 0.493896484375 0.45148247978436656 0.00830078125 0.018867924528301886
10 0.4619140625 0.45148247978436656 0.0087890625 0.018867924528301886
5 0.7861328125 0.46630727762803237 0.0205078125 0.09164420485175202
12 0.4501953125 0.46630727762803237 0.01171875 0.05390835579514825
10 0.473388671875 0.46495956873315364 0.00341796875 0.04582210242587601
12 0.481689453125 0.46900269541778977 0.01220703125 0.05390835579514825
10 0.462646484375 0.4811320754716981 0.00927734375 0.018867924528301886
10 0.494384765625 0.4838274932614555 0.00927734375 0.018867924528301886
10 0.658203125 0.48787061994609165 0.0029296875 0.04851752021563342
1 0.66259765625 0.49056603773584906 0.0029296875 0.0431266846361186
1 0.887451171875 0.48921832884097033 0.00439453125 0.05121293800539083
10 0.809326171875 0.49056603773584906 0.00927734375 0.016172506738544475
12 0.879150390625 0.48921832884097033 0.01123046875 0.05121293800539083
10 0.938232421875 0.5 0.00927734375 0.018867924528301886
1 0.75390625 0.5 0.0087890625 0.018867924528301886
10 0.653076171875 0.5080862533692723 0.00341796875 0.05121293800539083
10 0.6484375 0.5080862533692723 0.0029296875 0.04582210242587601
10 0.80908203125 0.5175202156334232 0.009765625 0.016172506738544475
1 0.771240234375 0.5215633423180593 0.00830078125 0.018867924528301886
1 0.988525390625 0.5283018867924528 0.00341796875 0.04851752021563342
1 0.984130859375 0.5283018867924528 0.00341796875 0.04851752021563342
10 0.900634765625 0.5296495956873315 0.00927734375 0.018867924528301886
10 0.660400390625 0.5296495956873315 0.00830078125 0.018867924528301886
1 0.75390625 0.5309973045822103 0.0087890625 0.0215633423180593
10 0.79443359375 0.5350404312668463 0.0029296875 0.04582210242587601
1 0.7900390625 0.5363881401617251 0.0029296875 0.05390835579514825
1 0.94189453125 0.5363881401617251 0.01171875 0.03234501347708895
10 0.80908203125 0.5404312668463612 0.0087890625 0.018867924528301886
12 0.82177734375 0.545822102425876 0.01171875 0.05121293800539083
1 0.77099609375 0.5485175202156334 0.0087890625 0.018867924528301886
1 0.77099609375 0.5741239892183289 0.0087890625 0.016172506738544475
1 0.925537109375 0.5876010781671159 0.00439453125 0.04851752021563342
1 0.65673828125 0.5916442048517521 0.0087890625 0.018867924528301886
1 0.771240234375 0.5970350404312669 0.00830078125 0.018867924528301886
1 0.790771484375 0.5997304582210242 0.00341796875 0.05121293800539083
10 0.794677734375 0.5997304582210242 0.00341796875 0.05121293800539083
10 0.8330078125 0.605121293800539 0.0029296875 0.04582210242587601
1 0.54296875 0.6145552560646901 0.009765625 0.026954177897574125
5 0.7060546875 0.6172506738544474 0.07421875 0.29110512129380056
1 0.6572265625 0.6199460916442049 0.009765625 0.016172506738544475
1 0.77099609375 0.6212938005390836 0.0087890625 0.018867924528301886
12 0.842041015625 0.623989218328841 0.00830078125 0.06199460916442048
1 0.597412109375 0.628032345013477 0.01416015625 0.03234501347708895
1 0.949462890625 0.628032345013477 0.00341796875 0.05390835579514825
1 0.96484375 0.628032345013477 0.00390625 0.05390835579514825
1 0.95947265625 0.628032345013477 0.00390625 0.04851752021563342
1 0.970458984375 0.6307277628032345 0.00341796875 0.04851752021563342
10 0.870849609375 0.6307277628032345 0.00341796875 0.05390835579514825
10 0.87646484375 0.6293800539083558 0.00390625 0.05121293800539083
1 0.88232421875 0.6307277628032345 0.0029296875 0.04851752021563342
1 0.851806640625 0.6307277628032345 0.00341796875 0.04851752021563342
1 0.7568359375 0.6320754716981132 0.009765625 0.02425876010781671
1 0.857177734375 0.6361185983827493 0.00341796875 0.04851752021563342
1 0.976806640625 0.6455525606469003 0.00439453125 0.05121293800539083
1 0.771240234375 0.6482479784366577 0.00830078125 0.013477088948787063
1 0.90478515625 0.6482479784366577 0.009765625 0.018867924528301886
1 0.74658203125 0.6563342318059299 0.00390625 0.04582210242587601
1 0.790283203125 0.6630727762803235 0.00341796875 0.05390835579514825
10 0.794921875 0.6657681940700808 0.0029296875 0.04851752021563342
1 0.771728515625 0.6725067385444744 0.00927734375 0.018867924528301886
1 0.849609375 0.6981132075471698 0.0029296875 0.0431266846361186
1 0.844482421875 0.6981132075471698 0.00341796875 0.04851752021563342
5 0.565185546875 0.6994609164420486 0.03466796875 0.12129380053908356
1 0.91552734375 0.7035040431266847 0.005859375 0.07547169811320754
1 0.9775390625 0.706199460916442 0.0029296875 0.0431266846361186
1 0.62353515625 0.7142857142857143 0.013671875 0.03234501347708895
1 0.74658203125 0.7169811320754716 0.00390625 0.04851752021563342
12 0.834228515625 0.7466307277628033 0.00830078125 0.05390835579514825
12 0.802490234375 0.7493261455525606 0.01123046875 0.04851752021563342
1 0.810302734375 0.7520215633423181 0.00341796875 0.04851752021563342
1 0.82666015625 0.7533692722371967 0.00390625 0.05660377358490566
12 0.818603515625 0.7533692722371967 0.01123046875 0.04582210242587601
1 0.951904296875 0.7560646900269542 0.00927734375 0.018867924528301886
1 0.586181640625 0.7547169811320755 0.00341796875 0.04851752021563342
1 0.757080078125 0.7668463611859838 0.00927734375 0.018867924528301886
1 0.973388671875 0.7695417789757413 0.00439453125 0.05121293800539083
1 0.87890625 0.7722371967654986 0.0087890625 0.018867924528301886
1 0.927734375 0.7776280323450134 0.00390625 0.04582210242587601
1 0.542724609375 0.7991913746630728 0.00341796875 0.05121293800539083
10 0.741943359375 0.7978436657681941 0.00830078125 0.016172506738544475
10 0.752685546875 0.8005390835579514 0.00830078125 0.0215633423180593
1 0.67529296875 0.8140161725067385 0.0078125 0.0215633423180593
1 0.7607421875 0.8153638814016172 0.00390625 0.04582210242587601
1 0.586181640625 0.8153638814016172 0.00439453125 0.05121293800539083
5 0.565185546875 0.8207547169811321 0.03564453125 0.12129380053908356
1 0.742431640625 0.8261455525606469 0.00927734375 0.018867924528301886
10 0.75244140625 0.8261455525606469 0.0087890625 0.018867924528301886
1 0.687744140625 0.8288409703504043 0.00341796875 0.04582210242587601
1 0.903076171875 0.8288409703504043 0.00439453125 0.05121293800539083
1 0.692626953125 0.8274932614555256 0.00341796875 0.04851752021563342
10 0.71337890625 0.8369272237196765 0.00390625 0.04582210242587601
1 0.95458984375 0.8369272237196765 0.0029296875 0.04582210242587601
10 0.703857421875 0.8355795148247979 0.00341796875 0.04851752021563342
10 0.70849609375 0.8355795148247979 0.0029296875 0.04851752021563342
5 0.87744140625 0.839622641509434 0.0126953125 0.08355795148247978
1 0.93994140625 0.8504043126684636 0.0029296875 0.04582210242587601
10 0.621337890625 0.8504043126684636 0.00341796875 0.04582210242587601
10 0.542236328125 0.8638814016172507 0.00341796875 0.04582210242587601
1 0.628662109375 0.8692722371967655 0.00927734375 0.018867924528301886
10 0.672607421875 0.898921832884097 0.00927734375 0.018867924528301886
10 0.954345703125 0.9002695417789758 0.00341796875 0.04851752021563342
1 0.648681640625 0.9043126684636119 0.00341796875 0.05121293800539083
10 0.653564453125 0.9043126684636119 0.00341796875 0.05121293800539083
1 0.625 0.9110512129380054 0.013671875 0.03234501347708895
2 0.815185546875 0.9110512129380054 0.10693359375 0.16711590296495957
1 0.87255859375 0.9231805929919138 0.00390625 0.04582210242587601
10 0.702392578125 0.921832884097035 0.00341796875 0.04851752021563342
1 0.695068359375 0.9231805929919138 0.00341796875 0.05121293800539083
10 0.706787109375 0.9231805929919138 0.00341796875 0.04582210242587601
1 0.878662109375 0.9245283018867925 0.00341796875 0.04851752021563342
10 0.67236328125 0.9245283018867925 0.009765625 0.0215633423180593
10 0.711181640625 0.9285714285714286 0.00439453125 0.05121293800539083
10 0.1240234375 0.16576819407008087 0.0087890625 0.02425876010781671
1 0.016845703125 0.16576819407008087 0.00927734375 0.02425876010781671
1 0.027099609375 0.16711590296495957 0.00927734375 0.0215633423180593
10 0.1044921875 0.18059299191374664 0.00390625 0.04851752021563342
10 0.110595703125 0.18059299191374664 0.00341796875 0.04851752021563342
1 0.352783203125 0.18194070080862534 0.00830078125 0.018867924528301886
1 0.3623046875 0.18059299191374664 0.0087890625 0.0215633423180593
1 0.34130859375 0.18328840970350405 0.0087890625 0.0215633423180593
1 0.18603515625 0.18733153638814015 0.00390625 0.05121293800539083
1 0.191650390625 0.18598382749326145 0.00341796875 0.0431266846361186
1 0.197021484375 0.18598382749326145 0.00341796875 0.04851752021563342