10 0.23807080554130322 0.5914454277286135 0.01026167265264238 0.07374631268436578
5 0.27783478707029247 0.6693215339233038 0.04258594150846588 0.10442477876106195
10 0.23807080554130322 0.6828908554572272 0.01026167265264238 0.07728613569321534
10 0.34658799384299643 0.7265486725663717 0.06413545407901487 0.012389380530973451
10 0.4145715751667522 0.7268436578171091 0.06054386865059005 0.00943952802359882
5 0.612365315546434 0.7905604719764012 0.17085684966649564 0.09321533923303835
5 0.15187275525910723 0.8014749262536873 0.044125192406362236 0.10678466076696165
5 0.08645459209851206 0.8017699115044248 0.044638276038994354 0.10619469026548672
10 0.45587480759363774 0.8115044247787611 0.008722421754746024 0.07610619469026549
10 0.27398665982555154 0.8162241887905605 0.01026167265264238 0.07846607669616519
5 0.34658799384299643 0.8262536873156342 0.04155977424320164 0.10088495575221239
5 0.41534120061570035 0.8265486725663717 0.04155977424320164 0.10147492625368731
5 0.22088250384812724 0.827433628318584 0.04155977424320164 0.10206489675516224
10 0.5751667521806054 0.8684365781710914 0.06054386865059005 0.008259587020648967
10 0.7149820420728579 0.8817109144542773 0.05900461775269369 0.008849557522123894
10 0.36582863006670086 0.11179941002949853 0.06157003591585428 0.011209439528023599
10 0.2988712160082093 0.12536873156342182 0.06413545407901487 0.012389380530973451
10 0.29810159055926116 0.13952802359882005 0.06259620318111853 0.012389380530973451
10 0.14622883530015393 0.1448377581120944 0.011287839917906618 0.06548672566371681
10 0.13160595177013854 0.14837758112094396 0.014879425346331451 0.06548672566371681
10 0.17983581323755773 0.1495575221238938 0.009748589020010261 0.07256637168141593
10 0.16829143150333503 0.15014749262536872 0.011287839917906618 0.07492625368731563
10 0.15751667521806054 0.15103244837758112 0.0061570035915854285 0.07315634218289085
10 0.36275012827090813 0.15162241887905606 0.050282195997947664 0.008259587020648967
10 0.2996408414571575 0.15221238938053097 0.064648537711647 0.011799410029498525
10 0.3630066700872242 0.16460176991150444 0.049769112365315546 0.012979351032448377
5 0.7575679835813237 0.17876106194690267 0.05079527963057978 0.10501474926253687
10 0.5787583376090303 0.18230088495575222 0.011287839917906618 0.07905604719764012
5 0.5030785017957927 0.18525073746312684 0.040533606977937404 0.10619469026548672
5 0.8332478193945613 0.1855457227138643 0.05849153412006157 0.1256637168141593
5 0.44766546947152386 0.1958702064896755 0.04669061056952283 0.09911504424778761
10 0.20959466393022064 0.2176991150442478 0.06310928681375064 0.01415929203539823
10 0.3391482811698307 0.22271386430678466 0.01026167265264238 0.07256637168141593
10 0.38506926629040533 0.22359882005899706 0.011800923550538737 0.07669616519174041
10 0.396613648024628 0.22359882005899706 0.009235505387378143 0.07787610619469026
10 0.37249871729091844 0.2247787610619469 0.011287839917906618 0.07551622418879056
10 0.3506926629040534 0.22507374631268437 0.008722421754746024 0.07728613569321534
10 0.36146741918932784 0.22625368731563422 0.008722421754746024 0.07492625368731563
10 0.20882503848127246 0.23008849557522124 0.06157003591585428 0.010619469026548672
10 0.2116469984607491 0.243952802359882 0.06516162134427912 0.011209439528023599
10 0.20831195484864032 0.2563421828908555 0.05849153412006157 0.012389380530973451
10 0.07106208311954848 0.2575221238938053 0.06618778860954336 0.01592920353982301
10 0.14058491534120063 0.2584070796460177 0.06259620318111853 0.01415929203539823
5 0.659569009748589 0.26312684365781713 0.08671113391482811 0.2713864306784661
10 0.20933812211390457 0.2705014749262537 0.06362237044638276 0.013569321533923304
10 0.1400718317085685 0.2710914454277286 0.064648537711647 0.011209439528023599
2 0.9258594150846589 0.271976401179941 0.038481272447408926 0.1168141592920354
10 0.8335043612108773 0.2784660766961652 0.0620831195484864 0.011799410029498525
1 0.0659312467932273 0.2831858407079646 0.055926115956900974 0.01415929203539823
10 0.13853258081067213 0.28348082595870205 0.06875320677270395 0.011209439528023599
10 0.8337609030271934 0.29174041297935105 0.06157003591585428 0.014749262536873156
1 0.14366341713699332 0.29705014749262537 0.06054386865059005 0.012389380530973451
10 0.8350436121087738 0.30619469026548674 0.06516162134427912 0.010619469026548672
10 0.1393022062596203 0.3088495575221239 0.06618778860954336 0.011209439528023599
10 0.07337095946639302 0.31091445427728615 0.06362237044638276 0.011799410029498525
10 0.8353001539250898 0.3182890855457227 0.06362237044638276 0.013569321533923304
10 0.35556695741405847 0.32035398230088497 0.064648537711647 0.012979351032448377
10 0.2596203181118522 0.32271386430678467 0.009235505387378143 0.06017699115044248
10 0.24910210364289379 0.3230088495575221 0.009748589020010261 0.05958702064896755
10 0.8358132375577219 0.33244837758112095 0.06670087224217547 0.010029498525073746
10 0.9132888660851719 0.343952802359882 0.06362237044638276 0.01415929203539823
10 0.8350436121087738 0.3448377581120944 0.06310928681375064 0.011209439528023599
2 0.7439712673165726 0.35398230088495575 0.044125192406362236 0.12035398230088495
5 0.43996921498204206 0.35457227138643066 0.07850179579271421 0.1687315634218289
10 0.8342739866598256 0.35811209439528024 0.06259620318111853 0.00943952802359882
10 0.9148281169830682 0.35811209439528024 0.06567470497691123 0.010619469026548672
10 0.5274499743458184 0.35929203539823007 0.06875320677270395 0.015339233038348082
10 0.8345305284761416 0.37138643067846605 0.06618778860954336 0.012389380530973451
10 0.9143150333504361 0.37138643067846605 0.06567470497691123 0.013569321533923304
10 0.5266803488968702 0.37256637168141593 0.0672139558748076 0.014749262536873156
10 0.29810159055926116 0.3752212389380531 0.059517701385325805 0.010619469026548672
10 0.8342739866598256 0.3846607669616519 0.06567470497691123 0.010619469026548672
10 0.5253976398152899 0.3864306784660767 0.06670087224217547 0.012979351032448377
10 0.30143663417136995 0.3870206489675516 0.0672139558748076 0.00943952802359882
10 0.8340174448435095 0.3979351032448378 0.06310928681375064 0.012389380530973451
10 0.2998973832734736 0.39882005899705014 0.061056952283222166 0.008259587020648967
10 0.8342739866598256 0.41061946902654867 0.06157003591585428 0.00943952802359882
5 0.1629040533606978 0.41297935103244837 0.056952283222165216 0.10029498525073746
5 0.05823499230374551 0.4168141592920354 0.04669061056952283 0.1079646017699115
10 0.35710620831195483 0.45545722713864306 0.06567470497691123 0.015339233038348082
5 0.2742432016418676 0.45870206489675514 0.045664443304258596 0.05132743362831858
10 0.16367367880964598 0.47876106194690266 0.06567470497691123 0.018289085545722714
10 0.07106208311954848 0.4814159292035398 0.06413545407901487 0.012979351032448377
10 0.07234479220112879 0.4935103244837758 0.06567470497691123 0.010029498525073746
10 0.2211390456644433 0.5053097345132743 0.064648537711647 0.012389380530973451
10 0.0728578758337609 0.5061946902654867 0.064648537711647 0.011799410029498525