1 0.5901287553648069 0.330078125 0.016094420600858368 0.07421875
1 0.9149678111587983 0.837890625 0.009120171673819743 0.11328125
1 0.8111587982832618 0.68359375 0.01072961373390558 0.1171875
1 0.358637339055794 0.02734375 0.011266094420600859 0.0546875
1 0.9656652360515021 0.97265625 0.006437768240343348 0.03125
1 0.869098712446352 0.826171875 0.0075107296137339056 0.03515625
1 0.7524141630901288 0.646484375 0.008047210300429184 0.03515625
1 0.6504828326180258 0.494140625 0.006974248927038627 0.03515625
1 0.5343347639484979 0.314453125 0.0075107296137339056 0.03515625
1 0.43508583690987124 0.16015625 0.0075107296137339056 0.0390625
1 0.4168454935622318 0.140625 0.008583690987124463 0.0390625
1 0.9578862660944206 0.970703125 0.006974248927038627 0.05078125
1 0.7387339055793991 0.6484375 0.006437768240343348 0.0703125
1 0.6362660944206009 0.48828125 0.006437768240343348 0.0703125
1 0.5689377682403434 0.3828125 0.005901287553648069 0.0625
1 0.5533798283261803 0.359375 0.004828326180257511 0.0546875
10 0.7204935622317596 0.619140625 0.008583690987124463 0.04296875
1 0.5635729613733905 0.37890625 0.004828326180257511 0.0546875
1 0.5201180257510729 0.310546875 0.006974248927038627 0.07421875
1 0.9653969957081545 0.990234375 0.008047210300429184 0.01171875
1 0.8688304721030042 0.85546875 0.008047210300429184 0.0390625
1 0.30150214592274677 0.0078125 0.006437768240343348 0.015625
1 0.7521459227467812 0.677734375 0.008583690987124463 0.03515625
1 0.6499463519313304 0.521484375 0.008047210300429184 0.04296875
1 0.5337982832618026 0.34375 0.0075107296137339056 0.0390625
1 0.3116952789699571 0.009765625 0.008583690987124463 0.01953125
1 0.43374463519313305 0.1953125 0.008047210300429184 0.0390625
10 0.9417918454935622 0.97265625 0.006974248927038627 0.046875
1 0.8497854077253219 0.849609375 0.015021459227467811 0.07421875
5 0.9324034334763949 0.966796875 0.012875536480686695 0.05859375
1 0.41282188841201717 0.185546875 0.01555793991416309 0.07421875
10 0.5370171673819742 0.38671875 0.008583690987124463 0.0390625
10 0.572156652360515 0.453125 0.005901287553648069 0.0625
10 0.5571351931330472 0.4296875 0.005901287553648069 0.0625
10 0.566255364806867 0.443359375 0.005901287553648069 0.05859375
10 0.5517703862660944 0.421875 0.005901287553648069 0.0546875
10 0.5783261802575107 0.462890625 0.006437768240343348 0.06640625
10 0.5619635193133047 0.435546875 0.005901287553648069 0.05859375
10 0.5359442060085837 0.421875 0.008583690987124463 0.0390625
10 0.8825107296137339 0.974609375 0.008583690987124463 0.04296875
10 0.8921673819742489 0.98046875 0.008583690987124463 0.03125
10 0.5984442060085837 0.556640625 0.009120171673819743 0.04296875
1 0.5877145922746781 0.548828125 0.004828326180257511 0.05859375
1 0.591469957081545 0.560546875 0.004828326180257511 0.05859375
1 0.6064914163090128 0.5859375 0.005901287553648069 0.0625
10 0.6115879828326181 0.59375 0.00536480686695279 0.0703125
1 0.7937231759656652 0.8828125 0.01555793991416309 0.0703125
10 0.8068669527896996 0.90234375 0.009656652360515022 0.046875
10 0.5979077253218884 0.591796875 0.009120171673819743 0.04296875
10 0.23631974248927037 0.033203125 0.005901287553648069 0.06640625
10 0.20600858369098712 0.013671875 0.006437768240343348 0.02734375
10 0.21646995708154507 0.01953125 0.006974248927038627 0.0390625
10 0.20118025751072963 0.0078125 0.006437768240343348 0.015625
10 0.23122317596566525 0.03125 0.0075107296137339056 0.0625
10 0.2411480686695279 0.044921875 0.005901287553648069 0.06640625
10 0.2717274678111588 0.091796875 0.006974248927038627 0.06640625
10 0.25643776824034337 0.06640625 0.006437768240343348 0.0703125
10 0.26207081545064376 0.076171875 0.005901287553648069 0.06640625
10 0.2666309012875536 0.083984375 0.00536480686695279 0.06640625
10 0.21110515021459228 0.015625 0.005901287553648069 0.03125
10 0.22156652360515022 0.0234375 0.00536480686695279 0.046875
10 0.22639484978540772 0.02734375 0.006437768240343348 0.0546875
10 0.2513412017167382 0.060546875 0.005901287553648069 0.06640625
10 0.2459763948497854 0.052734375 0.005901287553648069 0.06640625
1 0.7081545064377682 0.783203125 0.0075107296137339056 0.03515625
1 0.7212982832618026 0.806640625 0.008047210300429184 0.03515625
1 0.8581008583690987 0.978515625 0.0101931330472103 0.03515625
1 0.19501072961373392 0.021484375 0.004828326180257511 0.04296875
10 0.601931330472103 0.65234375 0.009656652360515022 0.046875
1 0.7926502145922747 0.94921875 0.01555793991416309 0.078125
10 0.805793991416309 0.970703125 0.009656652360515022 0.04296875
10 0.18052575107296137 0.021484375 0.0101931330472103 0.04296875
10 0.2644849785407725 0.1484375 0.006437768240343348 0.0703125
10 0.24973175965665237 0.125 0.005901287553648069 0.0625
10 0.2540236051502146 0.1328125 0.005901287553648069 0.0625
10 0.2145922746781116 0.0703125 0.00536480686695279 0.0703125
10 0.2446351931330472 0.119140625 0.006437768240343348 0.06640625
10 0.259656652360515 0.138671875 0.006437768240343348 0.06640625
10 0.20413090128755365 0.056640625 0.005901287553648069 0.06640625
10 0.23927038626609443 0.111328125 0.006437768240343348 0.06640625
10 0.20949570815450644 0.064453125 0.005901287553648069 0.06640625
10 0.2194206008583691 0.078125 0.006437768240343348 0.0703125
10 0.2349785407725322 0.1015625 0.00536480686695279 0.0703125
10 0.2698497854077253 0.15625 0.006437768240343348 0.0703125
10 0.19930257510729613 0.048828125 0.005901287553648069 0.06640625
10 0.22478540772532188 0.0859375 0.00536480686695279 0.0625
10 0.22934549356223177 0.09375 0.005901287553648069 0.0625
10 0.6011266094420601 0.68359375 0.009120171673819743 0.0390625
1 0.7022532188841202 0.869140625 0.0075107296137339056 0.03515625
10 0.6000536480686696 0.724609375 0.009120171673819743 0.04296875
1 0.7183476394849786 0.939453125 0.008583690987124463 0.09765625
10 0.5987124463519313 0.759765625 0.009656652360515022 0.04296875
5 0.5504291845493562 0.69140625 0.06545064377682404 0.4765625
10 0.5109978540772532 0.62890625 0.0101931330472103 0.0546875
10 0.7247854077253219 0.958984375 0.00536480686695279 0.06640625
1 0.5823497854077253 0.751953125 0.004828326180257511 0.05859375
1 0.5858369098712446 0.76171875 0.00536480686695279 0.0625
10 0.5976394849785408 0.798828125 0.009656652360515022 0.04296875
10 0.5968347639484979 0.833984375 0.009120171673819743 0.04296875
10 0.5949570815450643 0.87109375 0.009656652360515022 0.046875
1 0.5115343347639485 0.751953125 0.004828326180257511 0.05859375
1 0.5077789699570815 0.744140625 0.004828326180257511 0.05859375
10 0.5944206008583691 0.90625 0.009656652360515022 0.046875
10 0.5936158798283262 0.943359375 0.009120171673819743 0.04296875
10 0.5928111587982833 0.974609375 0.009656652360515022 0.04296875
10 0.5780579399141631 0.95703125 0.006974248927038627 0.0703125
10 0.58181330472103 0.96875 0.005901287553648069 0.0625
1 0.5362124463519313 0.95703125 0.0037553648068669528 0.046875
1 0.5396995708154506 0.96484375 0.004291845493562232 0.046875
10 0.5659871244635193 0.98828125 0.006437768240343348 0.015625
10 0.5249463519313304 0.951171875 0.005901287553648069 0.06640625
10 0.5203862660944206 0.94140625 0.00536480686695279 0.0625
1 0.5879828326180258 0.279296875 0.0075107296137339056 0.04296875