10 0.033169533169533166 0.2371364653243848 0.008775008775008775 0.02237136465324385
1 0.4591084591084591 0.4161073825503356 0.008424008424008424 0.02237136465324385
10 0.8604773604773605 0.4217002237136465 0.003861003861003861 0.05592841163310962
10 0.029133029133029134 0.43847874720357943 0.006318006318006318 0.017897091722595078
10 0.032116532116532114 0.4697986577181208 0.008775008775008775 0.02237136465324385
10 0.41295191295191297 0.470917225950783 0.002457002457002457 0.042505592841163314
10 0.3990873990873991 0.470917225950783 0.002808002808002808 0.042505592841163314
10 0.40365040365040367 0.470917225950783 0.002808002808002808 0.042505592841163314
10 0.40821340821340824 0.47315436241610737 0.002808002808002808 0.042505592841163314
10 0.41804141804141803 0.4742729306487696 0.00351000351000351 0.058165548098434
10 0.426991926991927 0.47315436241610737 0.003159003159003159 0.05145413870246085
10 0.4364689364689365 0.47315436241610737 0.003159003159003159 0.05145413870246085
10 0.3597753597753598 0.4753914988814318 0.002808002808002808 0.042505592841163314
10 0.43173043173043174 0.47315436241610737 0.00351000351000351 0.05145413870246085
10 0.4226044226044226 0.4742729306487696 0.00351000351000351 0.053691275167785234
10 0.3717093717093717 0.4742729306487696 0.002808002808002808 0.040268456375838924
10 0.44103194103194104 0.4742729306487696 0.002457002457002457 0.049217002237136466
10 0.38803088803088803 0.4888143176733781 0.008775008775008775 0.024608501118568233
10 0.27114777114777117 0.4899328859060403 0.008073008073008073 0.02237136465324385
1 0.25991575991575994 0.49105145413870244 0.010179010179010179 0.03355704697986577
10 0.30133380133380133 0.49105145413870244 0.008073008073008073 0.020134228187919462
10 0.31835731835731834 0.49217002237136465 0.008424008424008424 0.02237136465324385
10 0.28097578097578096 0.49328859060402686 0.008073008073008073 0.024608501118568233
1 0.05019305019305019 0.4955257270693512 0.008424008424008424 0.020134228187919462
10 0.3882063882063882 0.5223713646532439 0.008424008424008424 0.024608501118568233
5 0.4943839943839944 0.5257270693512305 0.053703053703053706 0.33557046979865773
10 0.30975780975780975 0.5357941834451901 0.003159003159003159 0.05145413870246085
1 0.3160758160758161 0.5380313199105146 0.003861003861003861 0.06040268456375839
1 0.3216918216918217 0.5380313199105146 0.003159003159003159 0.05145413870246085
10 0.29887679887679885 0.5380313199105146 0.003159003159003159 0.05145413870246085
1 0.3043173043173043 0.5369127516778524 0.00351000351000351 0.053691275167785234
10 0.29396279396279396 0.5391498881431768 0.003159003159003159 0.053691275167785234
1 0.3394173394173394 0.5391498881431768 0.00351000351000351 0.053691275167785234
1 0.3338013338013338 0.5391498881431768 0.00351000351000351 0.053691275167785234
10 0.28044928044928047 0.5391498881431768 0.008424008424008424 0.026845637583892617
10 0.32800982800982803 0.5391498881431768 0.003861003861003861 0.053691275167785234
1 0.25991575991575994 0.5391498881431768 0.01088101088101088 0.03131991051454139
1 0.46051246051246053 0.540268456375839 0.007722007722007722 0.020134228187919462
10 0.2707967707967708 0.5413870246085011 0.008073008073008073 0.02237136465324385
10 0.06774306774306774 0.5425055928411633 0.00351000351000351 0.05145413870246085
10 0.04685854685854686 0.5425055928411633 0.002457002457002457 0.042505592841163314
10 0.052123552123552123 0.5469798657718121 0.002457002457002457 0.042505592841163314
1 0.08388908388908389 0.5503355704697986 0.002808002808002808 0.049217002237136466
1 0.10038610038610038 0.5514541387024608 0.00351000351000351 0.05592841163310962
1 0.08932958932958933 0.5514541387024608 0.003861003861003861 0.05592841163310962
1 0.09494559494559494 0.5525727069351231 0.003159003159003159 0.058165548098434
1 0.12232362232362233 0.5514541387024608 0.003159003159003159 0.05592841163310962
1 0.1167076167076167 0.5525727069351231 0.003159003159003159 0.053691275167785234
1 0.07862407862407862 0.5525727069351231 0.00351000351000351 0.053691275167785234
1 0.10565110565110565 0.5525727069351231 0.00351000351000351 0.053691275167785234
1 0.13338013338013338 0.5536912751677853 0.00351000351000351 0.05592841163310962
1 0.1440856440856441 0.5536912751677853 0.003159003159003159 0.05145413870246085
1 0.11144261144261144 0.5536912751677853 0.003159003159003159 0.05145413870246085
1 0.1382941382941383 0.5548098434004475 0.002808002808002808 0.053691275167785234
10 0.4233064233064233 0.5536912751677853 0.002808002808002808 0.042505592841163314
1 0.1275886275886276 0.5559284116331096 0.003159003159003159 0.05592841163310962
10 0.43243243243243246 0.5559284116331096 0.002808002808002808 0.042505592841163314
1 0.14952614952614954 0.5559284116331096 0.00351000351000351 0.05592841163310962
10 0.44173394173394176 0.5570469798657718 0.003159003159003159 0.0447427293064877
10 0.05967005967005967 0.5604026845637584 0.006318006318006318 0.015659955257270694
10 0.4368199368199368 0.5604026845637584 0.002457002457002457 0.042505592841163314
10 0.4462969462969463 0.5592841163310962 0.002457002457002457 0.040268456375838924
10 0.42804492804492805 0.5604026845637584 0.002457002457002457 0.042505592841163314
1 0.4534924534924535 0.5615212527964206 0.002808002808002808 0.049217002237136466
10 0.38803088803088803 0.5604026845637584 0.008775008775008775 0.020134228187919462
1 0.20358020358020357 0.5626398210290827 0.00351000351000351 0.05592841163310962
1 0.4124254124254124 0.5637583892617449 0.00351000351000351 0.053691275167785234
10 0.20902070902070902 0.5648769574944071 0.003861003861003861 0.05592841163310962
10 0.1983151983151983 0.5637583892617449 0.004212004212004212 0.058165548098434
10 0.2413127413127413 0.5794183445190156 0.003861003861003861 0.053691275167785234
10 0.3015093015093015 0.5816554809843401 0.008424008424008424 0.02237136465324385
10 0.032116532116532114 0.587248322147651 0.006669006669006669 0.015659955257270694
1 0.06511056511056511 0.5906040268456376 0.008073008073008073 0.02237136465324385
1 0.3789048789048789 0.5906040268456376 0.005265005265005265 0.06711409395973154
1 0.3890838890838891 0.6017897091722595 0.010179010179010179 0.035794183445190156
1 0.4603369603369603 0.6051454138702461 0.008073008073008073 0.024608501118568233
1 0.34784134784134785 0.6085011185682326 0.00351000351000351 0.053691275167785234
10 0.03159003159003159 0.6174496644295302 0.006318006318006318 0.017897091722595078
10 0.07844857844857844 0.6208053691275168 0.003159003159003159 0.05145413870246085
10 0.08406458406458406 0.6208053691275168 0.003159003159003159 0.05145413870246085
10 0.07318357318357319 0.6208053691275168 0.003159003159003159 0.05592841163310962
10 0.11091611091611092 0.6208053691275168 0.00351000351000351 0.05145413870246085
10 0.14373464373464373 0.6208053691275168 0.003159003159003159 0.05592841163310962
10 0.1217971217971218 0.6219239373601789 0.00351000351000351 0.053691275167785234
10 0.10038610038610038 0.6208053691275168 0.00351000351000351 0.05145413870246085
10 0.09512109512109512 0.6219239373601789 0.00351000351000351 0.049217002237136466
10 0.10547560547560547 0.6230425055928411 0.003159003159003159 0.05592841163310962
10 0.1167076167076167 0.6219239373601789 0.003159003159003159 0.053691275167785234
10 0.13285363285363286 0.6230425055928411 0.003159003159003159 0.05145413870246085
10 0.13864513864513864 0.6219239373601789 0.00351000351000351 0.053691275167785234
10 0.14917514917514918 0.6219239373601789 0.00351000351000351 0.058165548098434
10 0.1275886275886276 0.6230425055928411 0.003159003159003159 0.05592841163310962
1 0.2872937872937873 0.6286353467561522 0.010179010179010179 0.035794183445190156
1 0.3058968058968059 0.6286353467561522 0.010179010179010179 0.035794183445190156
1 0.06195156195156195 0.6319910514541387 0.014391014391014392 0.03803131991051454
10 0.408037908037908 0.6319910514541387 0.008775008775008775 0.024608501118568233
10 0.222007722007722 0.6387024608501118 0.003861003861003861 0.05145413870246085
1 0.2413127413127413 0.6442953020134228 0.003861003861003861 0.053691275167785234
10 0.1997191997191997 0.6442953020134228 0.00351000351000351 0.053691275167785234
1 0.18848718848718848 0.6543624161073825 0.01404001404001404 0.042505592841163314
10 0.4464724464724465 0.6554809843400448 0.002808002808002808 0.0447427293064877
10 0.42769392769392767 0.656599552572707 0.002457002457002457 0.042505592841163314
10 0.43699543699543697 0.6588366890380313 0.002808002808002808 0.042505592841163314
10 0.42295542295542293 0.6577181208053692 0.002808002808002808 0.0447427293064877
10 0.44155844155844154 0.6588366890380313 0.002808002808002808 0.042505592841163314
10 0.416988416988417 0.6588366890380313 0.00351000351000351 0.05592841163310962
10 0.43208143208143207 0.6610738255033557 0.002808002808002808 0.04697986577181208
10 0.408037908037908 0.6666666666666666 0.007371007371007371 0.017897091722595078
1 0.28694278694278696 0.685682326621924 0.010179010179010179 0.03355704697986577
1 0.3058968058968059 0.6845637583892618 0.010179010179010179 0.035794183445190156
1 0.27413127413127414 0.685682326621924 0.00351000351000351 0.05145413870246085
1 0.3601263601263601 0.697986577181208 0.004914004914004914 0.06711409395973154
1 0.36644436644436645 0.6991051454138703 0.00351000351000351 0.05592841163310962
1 0.3524043524043524 0.697986577181208 0.005616005616005616 0.06711409395973154
10 0.408037908037908 0.7013422818791947 0.007371007371007371 0.020134228187919462
10 0.2665847665847666 0.7013422818791947 0.008073008073008073 0.020134228187919462
10 0.25535275535275537 0.703579418344519 0.008775008775008775 0.024608501118568233
10 0.222007722007722 0.7058165548098434 0.003159003159003159 0.05592841163310962
1 0.46051246051246053 0.7080536912751678 0.008424008424008424 0.024608501118568233
10 0.18287118287118287 0.7158836689038032 0.00351000351000351 0.053691275167785234
10 0.1991926991926992 0.7170022371364653 0.003861003861003861 0.05592841163310962
1 0.20551070551070552 0.7170022371364653 0.003861003861003861 0.05592841163310962
10 0.4083889083889084 0.7304250559284117 0.008775008775008775 0.024608501118568233
10 0.5333450333450334 0.7315436241610739 0.008073008073008073 0.02237136465324385
1 0.5666900666900667 0.7337807606263982 0.008775008775008775 0.026845637583892617
10 0.5472095472095472 0.7494407158836689 0.00351000351000351 0.053691275167785234
1 0.4975429975429975 0.7550335570469798 0.003861003861003861 0.05145413870246085
1 0.2723762723762724 0.7595078299776287 0.008424008424008424 0.024608501118568233
1 0.5331695331695332 0.7662192393736018 0.008424008424008424 0.024608501118568233
1 0.5666900666900667 0.767337807606264 0.006669006669006669 0.017897091722595078
1 0.2507897507897508 0.7740492170022372 0.008073008073008073 0.026845637583892617
1 0.19796419796419795 0.8053691275167785 0.00351000351000351 0.053691275167785234
10 0.20358020358020357 0.8042505592841164 0.00351000351000351 0.05592841163310962
10 0.20866970866970866 0.8064876957494407 0.003861003861003861 0.05145413870246085
10 0.21393471393471394 0.8053691275167785 0.003159003159003159 0.058165548098434
1 0.2718497718497718 0.8176733780760627 0.008073008073008073 0.024608501118568233
1 0.28378378378378377 0.8187919463087249 0.008775008775008775 0.02237136465324385
1 0.39154089154089156 0.8210290827740492 0.005967005967005967 0.09395973154362416
1 0.38294138294138297 0.8389261744966443 0.004914004914004914 0.06711409395973154
1 0.37697437697437697 0.8456375838926175 0.00351000351000351 0.053691275167785234
1 0.3696033696033696 0.8445190156599552 0.004914004914004914 0.06487695749440715
10 0.18146718146718147 0.8456375838926175 0.009126009126009126 0.026845637583892617
1 0.08564408564408564 0.14093959731543623 0.009828009828009828 0.035794183445190156
1 0.05036855036855037 0.14317673378076062 0.008775008775008775 0.02237136465324385
1 0.07125307125307126 0.14541387024608501 0.008424008424008424 0.026845637583892617
1 0.2048087048087048 0.1465324384787472 0.008775008775008775 0.024608501118568233
1 0.25868725868725867 0.15100671140939598 0.01053001053001053 0.03355704697986577
1 0.24447174447174447 0.15212527964205816 0.008775008775008775 0.026845637583892617
1 0.03141453141453141 0.15212527964205816 0.008073008073008073 0.02237136465324385
1 0.22306072306072305 0.15324384787472037 0.008775008775008775 0.029082774049217
1 0.37627237627237625 0.15324384787472037 0.007722007722007722 0.024608501118568233
1 0.4305019305019305 0.15883668903803133 0.010179010179010179 0.035794183445190156
1 0.39522639522639524 0.1610738255033557 0.008424008424008424 0.026845637583892617
1 0.4161109161109161 0.1621923937360179 0.008775008775008775 0.024608501118568233
1 0.5482625482625483 0.1621923937360179 0.008424008424008424 0.024608501118568233
1 0.6023166023166023 0.16890380313199105 0.011232011232011231 0.03803131991051454
1 0.7207792207792207 0.17114093959731544 0.008775008775008775 0.024608501118568233
1 0.5666900666900667 0.17114093959731544 0.008775008775008775 0.029082774049217
1 0.5882765882765882 0.17002237136465326 0.009126009126009126 0.026845637583892617
1 0.7746577746577746 0.1767337807606264 0.01053001053001053 0.035794183445190156
1 0.7388557388557389 0.17785234899328858 0.008424008424008424 0.029082774049217
1 0.8917163917163917 0.18008948545861297 0.008775008775008775 0.029082774049217
1 0.7613197613197613 0.17785234899328858 0.008424008424008424 0.024608501118568233
1 0.9466479466479466 0.18120805369127516 0.01053001053001053 0.035794183445190156
1 0.9104949104949105 0.18344519015659955 0.008424008424008424 0.026845637583892617
1 0.9320814320814321 0.18456375838926176 0.008073008073008073 0.024608501118568233
1 0.032994032994032994 0.20469798657718122 0.008424008424008424 0.020134228187919462
1 0.04317304317304317 0.20693512304250558 0.008424008424008424 0.024608501118568233