10 0.829 0.14336492890995262 0.014 0.004739336492890996
10 0.7525 0.14040284360189573 0.015 0.008293838862559242
1 0.859 0.16113744075829384 0.018 0.011848341232227487
10 0.716 0.1528436018957346 0.014 0.0071090047393364926
10 0.8245 0.16291469194312796 0.021 0.01066350710900474
10 0.7515 0.15995260663507108 0.011 0.009478672985781991
10 0.6905 0.15580568720379148 0.007 0.02014218009478673
10 0.678 0.15639810426540285 0.008 0.026066350710900472
1 0.6635 0.15699052132701422 0.009 0.022511848341232227
1 0.6325 0.1640995260663507 0.017 0.013033175355450236
1 0.858 0.18424170616113744 0.022 0.015402843601895734
1 0.824 0.18246445497630331 0.014 0.009478672985781991
10 0.716 0.17476303317535544 0.018 0.008293838862559242
1 0.783 0.18246445497630331 0.018 0.011848341232227487
1 0.7505 0.18009478672985782 0.021 0.011848341232227487
10 0.8235 0.20260663507109006 0.017 0.009478672985781991
1 0.855 0.20616113744075829 0.022 0.018957345971563982
1 0.7135 0.19845971563981044 0.021 0.013033175355450236
10 0.691 0.20556872037914692 0.008 0.02014218009478673
10 0.822 0.21741706161137442 0.012 0.005924170616113744
1 0.633 0.2014218009478673 0.02 0.014218009478672985
10 0.7115 0.2156398104265403 0.021 0.009478672985781991
1 0.8525 0.2334123222748815 0.023 0.014218009478672985
10 0.82 0.2363744075829384 0.014 0.005924170616113744
1 0.661 0.22748815165876776 0.026 0.018957345971563982
10 0.7105 0.2334123222748815 0.023 0.011848341232227487
10 0.7805 0.24052132701421802 0.019 0.009478672985781991
1 0.743 0.23933649289099526 0.018 0.011848341232227487
1 0.852 0.25355450236966826 0.018 0.011848341232227487
10 0.82 0.2523696682464455 0.014 0.0071090047393364926
10 0.688 0.24289099526066352 0.006 0.026066350710900472
10 0.7395 0.25355450236966826 0.019 0.011848341232227487
10 0.7105 0.2517772511848341 0.017 0.01066350710900474
10 0.7785 0.25770142180094785 0.023 0.01066350710900474
10 0.821 0.2707345971563981 0.012 0.005924170616113744
1 0.8495 0.2754739336492891 0.019 0.013033175355450236
1 0.7085 0.2713270142180095 0.019 0.009478672985781991
2 0.924 0.2985781990521327 0.078 0.26540284360189575
10 0.85 0.2968009478672986 0.016 0.005924170616113744
1 0.7375 0.2902843601895735 0.019 0.009478672985781991
5 0.7815 0.2938388625592417 0.027 0.023696682464454975
1 0.8245 0.29917061611374407 0.007 0.02014218009478673
10 0.706 0.2902843601895735 0.016 0.009478672985781991
1 0.6275 0.2908767772511848 0.025 0.022511848341232227
1 0.6695 0.29739336492890994 0.027 0.02132701421800948
10 0.855 0.31575829383886256 0.012 0.008293838862559242
10 0.7335 0.3068720379146919 0.021 0.009478672985781991
10 0.705 0.30864928909952605 0.014 0.008293838862559242
10 0.7835 0.32582938388625593 0.017 0.011848341232227487
10 0.8505 0.33293838862559244 0.013 0.0071090047393364926
2 0.3135 0.28850710900473936 0.277 0.11255924170616113
1 0.7475 0.3264218009478673 0.017 0.01066350710900474
10 0.6975 0.3347156398104265 0.007 0.017772511848341232
1 0.624 0.3293838862559242 0.022 0.02132701421800948
1 0.667 0.3347156398104265 0.022 0.017772511848341232
1 0.8225 0.3566350710900474 0.009 0.023696682464454975
10 0.854 0.35959715639810425 0.01 0.024881516587677725
1 0.804 0.3566350710900474 0.008 0.026066350710900472
10 0.8365 0.36078199052132703 0.007 0.024881516587677725
1 0.732 0.35485781990521326 0.032 0.02962085308056872
1 0.622 0.365521327014218 0.02 0.02014218009478673
1 0.6655 0.3690758293838863 0.019 0.017772511848341232
1 0.838 0.4206161137440758 0.022 0.011848341232227487
1 0.8095 0.4212085308056872 0.019 0.01066350710900474
10 0.8395 0.4443127962085308 0.019 0.014218009478672985
1 0.814 0.4496445497630332 0.008 0.02014218009478673
1 0.8375 0.45793838862559244 0.019 0.01066350710900474
10 0.6755 0.057464454976303314 0.017 0.008293838862559242
10 0.83 0.06990521327014218 0.016 0.009478672985781991
1 0.86 0.07345971563981042 0.024 0.016587677725118485
10 0.8015 0.0693127962085308 0.013 0.008293838862559242
1 0.733 0.06457345971563981 0.022 0.013033175355450236
10 0.769 0.0669431279620853 0.016 0.008293838862559242
10 0.431 0.5325829383886256 0.016 0.013033175355450236
10 0.371 0.534952606635071 0.016 0.013033175355450236
10 0.0495 0.5088862559241706 0.019 0.01066350710900474
1 0.148 0.5201421800947867 0.034 0.018957345971563982
10 0.393 0.5485781990521327 0.014 0.014218009478672985
10 0.0835 0.5361374407582938 0.009 0.027251184834123223
10 0.1485 0.544431279620853 0.019 0.008293838862559242
10 0.48 0.5746445497630331 0.008 0.023696682464454975
10 0.497 0.5764218009478673 0.008 0.02014218009478673
10 0.5125 0.57760663507109 0.005 0.02014218009478673
1 0.5325 0.5799763033175356 0.019 0.017772511848341232
5 0.05 0.5402843601895735 0.024 0.035545023696682464
10 0.4655 0.5758293838862559 0.009 0.026066350710900472
10 0.4475 0.5876777251184834 0.007 0.018957345971563982
10 0.434 0.5888625592417062 0.008 0.02132701421800948
10 0.8325 0.6261848341232228 0.009 0.02014218009478673
10 0.819 0.625 0.008 0.024881516587677725
10 0.4145 0.5947867298578199 0.011 0.011848341232227487
1 0.3925 0.5936018957345972 0.009 0.02132701421800948
10 0.334 0.5894549763033176 0.014 0.017772511848341232
10 0.359 0.5924170616113744 0.012 0.014218009478672985
1 0.3775 0.5941943127962085 0.009 0.02014218009478673
1 0.6315 0.620260663507109 0.019 0.01066350710900474
1 0.5105 0.6208530805687204 0.007 0.02132701421800948
1 0.5255 0.6226303317535545 0.007 0.02014218009478673
10 0.566 0.6279620853080569 0.018 0.026066350710900472
1 0.2925 0.6066350710900474 0.009 0.023696682464454975
1 0.3105 0.6090047393364929 0.011 0.026066350710900472
5 0.045 0.591824644549763 0.022 0.03909952606635071
10 0.789 0.6552132701421801 0.008 0.02132701421800948
10 0.8025 0.6575829383886256 0.007 0.023696682464454975
1 0.818 0.6611374407582938 0.008 0.018957345971563982
1 0.8335 0.6623222748815166 0.007 0.018957345971563982
1 0.698 0.07582938388625593 0.016 0.037914691943127965
1 0.7045 0.6534360189573459 0.009 0.022511848341232227
10 0.6725 0.07523696682464455 0.019 0.008293838862559242
1 0.0915 0.6167061611374408 0.029 0.015402843601895734
1 0.582 0.6640995260663507 0.006 0.02014218009478673
1 0.7955 0.683649289099526 0.013 0.0071090047393364926
10 0.8 0.08590047393364929 0.014 0.008293838862559242
1 0.5685 0.6658767772511849 0.007 0.023696682464454975
1 0.145 0.6327014218009479 0.018 0.009478672985781991
1 0.54 0.6670616113744076 0.008 0.018957345971563982
1 0.5245 0.6670616113744076 0.005 0.018957345971563982
10 0.8165 0.6925355450236966 0.009 0.024881516587677725
10 0.8295 0.08945497630331753 0.015 0.008293838862559242
5 0.743 0.6919431279620853 0.046 0.054502369668246446
10 0.0875 0.6380331753554502 0.021 0.01066350710900474
1 0.694 0.6883886255924171 0.018 0.011848341232227487
10 0.288 0.6546208530805687 0.012 0.017772511848341232
10 0.7945 0.7020142180094787 0.013 0.008293838862559242
10 0.772 0.08649289099526067 0.016 0.009478672985781991
10 0.145 0.6540284360189573 0.014 0.009478672985781991
10 0.589 0.6907582938388626 0.02 0.011848341232227487
10 0.56 0.6895734597156398 0.012 0.0071090047393364926
10 0.7925 0.7162322274881516 0.015 0.01066350710900474
10 0.5315 0.6949052132701422 0.019 0.01066350710900474
10 0.693 0.7091232227488151 0.018 0.008293838862559242
1 0.8605 0.09537914691943128 0.021 0.015402843601895734
10 0.286 0.6783175355450237 0.012 0.017772511848341232
10 0.815 0.7298578199052133 0.008 0.023696682464454975
10 0.013 0.6688388625592417 0.008 0.022511848341232227
10 0.694 0.7251184834123223 0.014 0.0071090047393364926
1 0.794 0.7351895734597157 0.016 0.008293838862559242
10 0.581 0.7227488151658767 0.018 0.026066350710900472
5 0.1445 0.6889810426540285 0.025 0.041469194312796206
10 0.284 0.705568720379147 0.012 0.017772511848341232
10 0.8105 0.7600710900473934 0.019 0.01066350710900474
1 0.7765 0.7600710900473934 0.015 0.01066350710900474
10 0.7545 0.7606635071090048 0.009 0.02132701421800948
10 0.739 0.7600710900473934 0.008 0.024881516587677725
10 0.726 0.7606635071090048 0.01 0.023696682464454975
1 0.7095 0.7606635071090048 0.009 0.026066350710900472
1 0.6845 0.7588862559241706 0.009 0.022511848341232227
5 0.4125 0.7375592417061612 0.187 0.21919431279620852
2 0.9005 0.7808056872037915 0.073 0.27014218009478674
1 0.533 0.7529620853080569 0.008 0.022511848341232227
1 0.549 0.7535545023696683 0.006 0.02132701421800948
10 0.284 0.7328199052132701 0.012 0.017772511848341232
10 0.011 0.7103080568720379 0.008 0.024881516587677725
10 0.58 0.7600710900473934 0.018 0.027251184834123223
10 0.7735 0.7796208530805687 0.015 0.009478672985781991
1 0.139 0.731042654028436 0.026 0.016587677725118485
5 0.073 0.7292654028436019 0.026 0.06753554502369669
1 0.7705 0.7985781990521327 0.019 0.011848341232227487
10 0.282 0.7600710900473934 0.01 0.017772511848341232
10 0.188 0.7577014218009479 0.014 0.008293838862559242
10 0.219 0.7624407582938388 0.016 0.005924170616113744
1 0.0985 0.7565165876777251 0.007 0.022511848341232227
10 0.575 0.8009478672985783 0.018 0.026066350710900472
10 0.187 0.7731042654028436 0.016 0.008293838862559242
10 0.2155 0.7784360189573459 0.017 0.009478672985781991
10 0.747 0.09656398104265403 0.008 0.022511848341232227
2 0.3495 0.06338862559241706 0.109 0.06279620853080568
10 0.28 0.7843601895734598 0.008 0.014218009478672985
10 0.725 0.09537914691943128 0.016 0.01066350710900474
10 0.2155 0.794431279620853 0.013 0.008293838862559242
10 0.1845 0.7932464454976303 0.017 0.01066350710900474
1 0.6715 0.09182464454976304 0.017 0.01066350710900474
10 0.142 0.7985781990521327 0.02 0.009478672985781991
10 0.0965 0.7962085308056872 0.021 0.009478672985781991
10 0.573 0.8412322274881516 0.02 0.030805687203791468
10 0.2165 0.8122037914691943 0.015 0.005924170616113744
10 0.1855 0.8110189573459715 0.025 0.01066350710900474
10 0.0605 0.8003554502369669 0.007 0.022511848341232227
10 0.0095 0.7985781990521327 0.007 0.026066350710900472
10 0.264 0.8199052132701422 0.016 0.014218009478672985
10 0.0245 0.8009478672985783 0.007 0.02843601895734597
10 0.2895 0.8293838862559242 0.019 0.009478672985781991
10 0.828 0.10722748815165876 0.012 0.008293838862559242
10 0.7975 0.10485781990521327 0.015 0.01066350710900474
10 0.213 0.8293838862559242 0.018 0.009478672985781991
10 0.183 0.8299763033175356 0.016 0.008293838862559242
10 0.261 0.8382701421800948 0.012 0.008293838862559242
10 0.2915 0.8495260663507109 0.021 0.011848341232227487
10 0.771 0.10545023696682465 0.018 0.009478672985781991
10 0.573 0.8809241706161137 0.02 0.027251184834123223
1 0.5195 0.8773696682464455 0.009 0.022511848341232227
10 0.2585 0.856042654028436 0.015 0.013033175355450236
1 0.5085 0.8779620853080569 0.007 0.02132701421800948
1 0.289 0.865521327014218 0.018 0.008293838862559242
1 0.2585 0.875 0.021 0.013033175355450236
1 0.4045 0.889218009478673 0.017 0.008293838862559242
10 0.4395 0.9022511848341233 0.025 0.024881516587677725
10 0.4695 0.908175355450237 0.025 0.02962085308056872
1 0.408 0.9069905213270142 0.016 0.008293838862559242
10 0.57 0.9218009478672986 0.018 0.018957345971563982
10 0.5085 0.917654028436019 0.011 0.024881516587677725
10 0.4955 0.9164691943127962 0.011 0.024881516587677725
1 0.862 0.11848341232227488 0.022 0.016587677725118485
10 0.3405 0.9140995260663507 0.025 0.027251184834123223
10 0.3735 0.9170616113744076 0.025 0.023696682464454975
10 0.2735 0.9111374407582938 0.025 0.02843601895734597
10 0.304 0.9140995260663507 0.024 0.024881516587677725
10 0.828 0.12618483412322276 0.014 0.008293838862559242
1 0.754 0.12322274881516587 0.016 0.009478672985781991
5 0.7025 0.11966824644549763 0.047 0.026066350710900472
10 0.6405 0.11552132701421801 0.017 0.008293838862559242
10 0.6635 0.12144549763033176 0.011 0.024881516587677725
1 0.7895 0.13270142180094788 0.033 0.026066350710900472
1 0.8575 0.13981042654028436 0.019 0.011848341232227487