10 0.11204188481675392 0.9081196581196581 0.005235602094240838 0.07264957264957266
10 0.39214659685863873 0.42735042735042733 0.008376963350785341 0.03418803418803419
10 0.16413612565445027 0.8226495726495726 0.008900523560209424 0.08974358974358974
1 0.10575916230366492 0.9273504273504274 0.008376963350785341 0.09401709401709402
1 0.09083769633507853 0.9487179487179487 0.009947643979057591 0.09401709401709402
1 0.09764397905759162 0.9401709401709402 0.008900523560209424 0.09401709401709402
1 0.06387434554973823 0.9786324786324786 0.005235602094240838 0.03418803418803419
1 0.06884816753926702 0.9764957264957265 0.005759162303664921 0.038461538461538464
1 0.07565445026178011 0.9615384615384616 0.009947643979057591 0.06837606837606838
1 0.08298429319371728 0.9551282051282052 0.008900523560209424 0.0811965811965812
10 0.3306282722513089 0.5576923076923077 0.007853403141361256 0.038461538461538464
10 0.393717277486911 0.4551282051282051 0.007329842931937173 0.04700854700854701
10 0.39424083769633506 0.48504273504273504 0.007329842931937173 0.038461538461538464
10 0.26465968586387434 0.7094017094017094 0.007853403141361256 0.042735042735042736
1 0.5400523560209424 0.23931623931623933 0.004712041884816754 0.05982905982905983
1 0.5358638743455497 0.24786324786324787 0.004712041884816754 0.05982905982905983
1 0.5227748691099476 0.29273504273504275 0.008900523560209424 0.09829059829059829
10 0.39528795811518325 0.5192307692307693 0.007329842931937173 0.038461538461538464
10 0.2916230366492147 0.7051282051282052 0.009424083769633508 0.05128205128205128
1 0.5570680628272251 0.24358974358974358 0.011518324607329843 0.06837606837606838
10 0.24842931937172774 0.782051282051282 0.008900523560209424 0.05128205128205128
10 0.23979057591623038 0.7948717948717948 0.008376963350785341 0.05128205128205128
10 0.2651832460732984 0.7521367521367521 0.008900523560209424 0.05128205128205128
10 0.27460732984293196 0.7371794871794872 0.008900523560209424 0.04700854700854701
10 0.2832460732984293 0.7200854700854701 0.008376963350785341 0.04700854700854701
10 0.23115183246073298 0.8141025641025641 0.008900523560209424 0.04700854700854701
10 0.25654450261780104 0.7692307692307693 0.008376963350785341 0.05128205128205128
10 0.22172774869109949 0.8290598290598291 0.008900523560209424 0.05128205128205128
10 0.17853403141361257 0.9081196581196581 0.008376963350785341 0.04700854700854701
10 0.1955497382198953 0.8760683760683761 0.008900523560209424 0.05128205128205128
10 0.20445026178010473 0.8611111111111112 0.008900523560209424 0.04700854700854701
10 0.2130890052356021 0.844017094017094 0.008376963350785341 0.04700854700854701
10 0.1869109947643979 0.8910256410256411 0.009424083769633508 0.05555555555555555
10 0.16910994764397905 0.9252136752136753 0.008376963350785341 0.04700854700854701
10 0.15235602094240838 0.9551282051282052 0.008376963350785341 0.04700854700854701
10 0.14293193717277486 0.9700854700854701 0.009424083769633508 0.05128205128205128
10 0.16047120418848168 0.9401709401709402 0.008900523560209424 0.05128205128205128
10 0.3 0.7136752136752137 0.007329842931937173 0.08547008547008547
1 0.40523560209424087 0.5427350427350427 0.007329842931937173 0.042735042735042736
10 0.2837696335078534 0.7628205128205128 0.008376963350785341 0.04700854700854701
10 0.26649214659685866 0.7948717948717948 0.008376963350785341 0.042735042735042736
10 0.275130890052356 0.7799145299145299 0.008900523560209424 0.04700854700854701
10 0.16989528795811518 0.9594017094017094 0.008900523560209424 0.04700854700854701
10 0.17853403141361257 0.9465811965811965 0.008376963350785341 0.04700854700854701
10 0.29240837696335076 0.7478632478632479 0.008900523560209424 0.042735042735042736
10 0.23167539267015708 0.8547008547008547 0.008900523560209424 0.042735042735042736
10 0.24895287958115184 0.8226495726495726 0.007853403141361256 0.04700854700854701
10 0.25785340314136124 0.8141025641025641 0.008900523560209424 0.04700854700854701
10 0.1968586387434555 0.9188034188034188 0.008376963350785341 0.042735042735042736
10 0.24031413612565444 0.844017094017094 0.008376963350785341 0.04700854700854701
10 0.2049738219895288 0.9038461538461539 0.007853403141361256 0.04700854700854701
10 0.22303664921465968 0.8739316239316239 0.008376963350785341 0.04700854700854701
10 0.21413612565445025 0.8867521367521367 0.008376963350785341 0.04700854700854701
10 0.16178010471204188 0.9786324786324786 0.008376963350785341 0.042735042735042736
10 0.18821989528795813 0.9316239316239316 0.008900523560209424 0.042735042735042736
10 0.15287958115183245 0.9850427350427351 0.009424083769633508 0.021367521367521368
10 0.39293193717277486 0.5961538461538461 0.007853403141361256 0.038461538461538464
1 0.14947643979057593 0.6047008547008547 0.007853403141361256 0.021367521367521368
10 0.33717277486910996 0.7029914529914529 0.0062827225130890054 0.07264957264957266
1 0.293979057591623 0.7841880341880342 0.008900523560209424 0.04700854700854701
1 0.2672774869109948 0.8311965811965812 0.008900523560209424 0.04700854700854701
1 0.25052356020942407 0.8589743589743589 0.007853403141361256 0.042735042735042736
1 0.2856020942408377 0.8055555555555556 0.007853403141361256 0.04700854700854701
1 0.30261780104712044 0.7756410256410257 0.008376963350785341 0.04700854700854701
1 0.2418848167539267 0.8803418803418803 0.008376963350785341 0.042735042735042736
1 0.2767015706806283 0.8183760683760684 0.008900523560209424 0.04700854700854701
1 0.3460732984293194 0.6987179487179487 0.005235602094240838 0.0641025641025641
10 0.18900523560209423 0.9722222222222222 0.009424083769633508 0.04700854700854701
1 0.25863874345549737 0.8482905982905983 0.008376963350785341 0.04700854700854701
1 0.34214659685863874 0.7072649572649573 0.004712041884816754 0.0641025641025641
1 0.2238219895287958 0.9123931623931624 0.008900523560209424 0.04700854700854701
1 0.23298429319371727 0.8931623931623932 0.009424083769633508 0.05128205128205128
1 0.18010471204188483 0.9786324786324786 0.008376963350785341 0.03418803418803419
1 0.1712041884816754 0.9850427350427351 0.009424083769633508 0.021367521367521368
1 0.21518324607329842 0.9294871794871795 0.008376963350785341 0.04700854700854701
1 0.20654450261780105 0.9444444444444444 0.008900523560209424 0.05128205128205128
1 0.13848167539267014 0.6217948717948718 0.007853403141361256 0.021367521367521368
12 0.0662303664921466 0.7649572649572649 0.01099476439790576 0.05982905982905983
10 0.393717277486911 0.6303418803418803 0.007329842931937173 0.038461538461538464
1 0.053141361256544506 0.7841880341880342 0.005759162303664921 0.04700854700854701
1 0.793979057591623 0.10683760683760683 0.012041884816753926 0.06837606837606838
10 0.27356020942408377 0.3974358974358974 0.009947643979057591 0.042735042735042736
1 0.5007853403141361 0.6239316239316239 0.012041884816753926 0.06837606837606838
1 0.5861256544502618 0.47649572649572647 0.012041884816753926 0.07264957264957266
1 0.2942408376963351 0.9764957264957265 0.012565445026178011 0.038461538461538464
1 0.1193717277486911 0.6709401709401709 0.012565445026178011 0.05982905982905983
1 0.3824607329842932 0.21367521367521367 0.006806282722513089 0.042735042735042736
12 0.10785340314136126 0.7029914529914529 0.012565445026178011 0.0811965811965812
10 0.3020942408376963 0.3504273504273504 0.007329842931937173 0.03418803418803419
1 0.09712041884816754 0.7222222222222222 0.008900523560209424 0.07692307692307693
1 0.7827225130890052 0.21794871794871795 0.007329842931937173 0.042735042735042736
1 0.8363874345549738 0.1346153846153846 0.007853403141361256 0.08974358974358974
1 0.669109947643979 0.44017094017094016 0.008376963350785341 0.09401709401709402
1 0.6293193717277487 0.5064102564102564 0.008376963350785341 0.09829059829059829
1 0.9096858638743456 0.03205128205128205 0.008900523560209424 0.04700854700854701
1 0.8808900523560209 0.0811965811965812 0.012041884816753926 0.06837606837606838
1 0.7850785340314136 0.25 0.008900523560209424 0.04700854700854701
10 0.5212041884816754 0.7072649572649573 0.006806282722513089 0.0811965811965812
1 0.4617801047120419 0.8205128205128205 0.011518324607329843 0.06837606837606838
1 0.7041884816753927 0.4017094017094017 0.009424083769633508 0.05128205128205128
1 0.5942408376963351 0.5961538461538461 0.008376963350785341 0.04700854700854701
1 0.5821989528795811 0.6217948717948718 0.007329842931937173 0.04700854700854701
1 0.4968586387434555 0.7692307692307693 0.009424083769633508 0.05128205128205128
10 0.0887434554973822 0.75 0.009947643979057591 0.10683760683760683
1 0.08036649214659686 0.7585470085470085 0.008900523560209424 0.08974358974358974
10 0.14947643979057593 0.6324786324786325 0.009947643979057591 0.05128205128205128
10 0.13979057591623037 0.655982905982906 0.008376963350785341 0.04700854700854701
10 0.30287958115183244 0.3803418803418803 0.007853403141361256 0.042735042735042736
10 0.27486910994764396 0.43162393162393164 0.009424083769633508 0.05128205128205128
10 0.387434554973822 0.24358974358974358 0.0062827225130890054 0.03418803418803419
10 0.187434554973822 0.5897435897435898 0.009424083769633508 0.05128205128205128
1 0.04712041884816754 0.8504273504273504 0.011518324607329843 0.06837606837606838
1 0.1405759162303665 0.6944444444444444 0.007853403141361256 0.04700854700854701
10 0.15 0.6773504273504274 0.008900523560209424 0.038461538461538464
10 0.38848167539267014 0.27564102564102566 0.007329842931937173 0.038461538461538464
1 0.12094240837696335 0.7457264957264957 0.012565445026178011 0.07264957264957266
1 0.2350785340314136 0.5448717948717948 0.008376963350785341 0.08974358974358974
1 0.45890052356020944 0.1581196581196581 0.008900523560209424 0.09401709401709402
10 0.2756544502617801 0.47649572649572647 0.008900523560209424 0.04700854700854701
5 0.17172774869109947 0.6581196581196581 0.02198952879581152 0.1794871794871795
1 0.18848167539267016 0.6346153846153846 0.008376963350785341 0.04700854700854701
10 0.474869109947644 0.14102564102564102 0.0062827225130890054 0.07692307692307693
1 0.3285340314136126 0.3952991452991453 0.007853403141361256 0.04700854700854701
10 0.38952879581151834 0.3034188034188034 0.007329842931937173 0.03418803418803419
10 0.14136125654450263 0.7329059829059829 0.008376963350785341 0.04700854700854701
10 0.15130890052356022 0.717948717948718 0.009424083769633508 0.05128205128205128
1 0.04869109947643979 0.9102564102564102 0.012565445026178011 0.06837606837606838
10 0.2767015706806283 0.5192307692307693 0.007853403141361256 0.04700854700854701
1 0.09973821989528796 0.8269230769230769 0.007853403141361256 0.09829059829059829
1 0.3057591623036649 0.4700854700854701 0.007329842931937173 0.042735042735042736
12 0.0856020942408377 0.8568376068376068 0.012041884816753926 0.0811965811965812
12 0.11099476439790576 0.8141025641025641 0.013612565445026177 0.09829059829059829
10 0.09345549738219895 0.844017094017094 0.005759162303664921 0.07264957264957266
10 0.38979057591623034 0.33547008547008544 0.007853403141361256 0.038461538461538464
10 0.15287958115183245 0.7564102564102564 0.009424083769633508 0.042735042735042736
10 0.2895287958115183 0.5256410256410257 0.011518324607329843 0.06837606837606838
10 0.4214659685863874 0.29914529914529914 0.009424083769633508 0.05128205128205128
1 0.4319371727748691 0.28205128205128205 0.012565445026178011 0.06837606837606838
10 0.2780104712041885 0.5534188034188035 0.008376963350785341 0.04700854700854701
10 0.3910994764397906 0.3611111111111111 0.007329842931937173 0.038461538461538464
1 0.049738219895287955 0.967948717948718 0.011518324607329843 0.0641025641025641
10 0.15392670157068064 0.7948717948717948 0.008376963350785341 0.042735042735042736
5 0.3599476439790576 0.4423076923076923 0.05602094240837696 0.44871794871794873
1 0.5465968586387434 0.1282051282051282 0.008376963350785341 0.09401709401709402
1 0.537696335078534 0.14102564102564102 0.008376963350785341 0.09401709401709402
10 0.3918848167539267 0.3952991452991453 0.007853403141361256 0.038461538461538464
10 0.1468586387434555 0.8269230769230769 0.006806282722513089 0.0811965811965812
1 0.22408376963350785 0.6901709401709402 0.008376963350785341 0.08974358974358974
1 0.24267015706806283 0.6602564102564102 0.007853403141361256 0.09829059829059829
1 0.21675392670157068 0.7051282051282052 0.008376963350785341 0.09401709401709402
1 0.21020942408376964 0.717948717948718 0.007853403141361256 0.09401709401709402
1 0.2356020942408377 0.6752136752136753 0.008376963350785341 0.09401709401709402
10 0.27958115183246074 0.6004273504273504 0.009424083769633508 0.038461538461538464
10 0.3287958115183246 0.5235042735042735 0.007329842931937173 0.038461538461538464
10 0.17041884816753927 0.7970085470085471 0.004712041884816754 0.0641025641025641
10 0.1356020942408377 0.8589743589743589 0.009424083769633508 0.05128205128205128
1 0.15471204188481674 0.8311965811965812 0.008900523560209424 0.038461538461538464