10 0.3585776330076004 0.4707547169811321 0.025515743756786103 0.016981132075471698
10 0.2774158523344191 0.4550314465408805 0.02280130293159609 0.014465408805031447
5 0.8463626492942454 0.5767295597484277 0.13137893593919653 0.1459119496855346
5 0.7114549402823018 0.5525157232704403 0.1264929424538545 0.1440251572327044
5 0.31514657980456023 0.4720125786163522 0.05374592833876222 0.0660377358490566
5 0.5743756786102063 0.5254716981132076 0.1248642779587405 0.1440251572327044
5 0.44109663409337674 0.5022012578616353 0.1254071661237785 0.14779874213836477
10 0.2744299674267101 0.4710691823899371 0.02225841476655809 0.01509433962264151
5 0.20901194353963085 0.4638364779874214 0.08143322475570032 0.06855345911949685
5 0.13382193268186754 0.44937106918238995 0.07980456026058631 0.0710691823899371
5 0.3520629750271444 0.5122641509433963 0.028773072747014114 0.035849056603773584
5 0.04723127035830619 0.46226415094339623 0.09446254071661238 0.13333333333333333
5 0.2782301845819761 0.519182389937107 0.03528773072747014 0.048427672955974846
5 0.31731813246471224 0.5314465408805031 0.03637350705754615 0.04654088050314465
5 0.2003257328990228 0.5232704402515723 0.08034744842562432 0.07044025157232704
5 0.1259500542888165 0.5084905660377359 0.08143322475570032 0.06981132075471698
5 0.6248642779587406 0.6147798742138365 0.03691639522258415 0.04716981132075472
5 0.3553203040173724 0.5641509433962264 0.03203040173724213 0.0440251572327044
5 0.8292616720955484 0.6858490566037736 0.05374592833876222 0.06477987421383648
5 0.30944625407166126 0.5836477987421383 0.03691639522258415 0.05157232704402516
5 0.6938110749185668 0.6632075471698113 0.05428881650380022 0.06352201257861635
5 0.4239956568946797 0.6094339622641509 0.053203040173724216 0.06666666666666667
5 0.5597176981541803 0.6367924528301887 0.053203040173724216 0.06477987421383648
5 0.2692725298588491 0.5792452830188679 0.03908794788273615 0.04779874213836478
5 0.6186210640608035 0.6606918238993711 0.03745928338762215 0.04339622641509434
5 0.4834419109663409 0.6342767295597485 0.03311617806731813 0.04213836477987421
5 0.3490770901194354 0.6094339622641509 0.03691639522258415 0.0440251572327044
5 0.04723127035830619 0.5783018867924529 0.09446254071661238 0.11006289308176101
5 0.15689467969598261 0.6264150943396226 0.1487513572204126 0.16729559748427672
5 0.6810532030401737 0.759748427672956 0.1254071661237785 0.13962264150943396
5 0.2785016286644951 0.6786163522012578 0.1259500542888165 0.13962264150943396
5 0.8162323561346363 0.789622641509434 0.1254071661237785 0.1440251572327044
5 0.5466883821932682 0.7361635220125786 0.1281216069489685 0.14276729559748427
5 0.41015200868621066 0.710691823899371 0.12323561346362649 0.14465408805031446
5 0.04343105320304017 0.6660377358490566 0.08686210640608034 0.10440251572327044
5 0.8650922909880565 0.8754716981132076 0.03311617806731813 0.04779874213836478
5 0.7296416938110749 0.849685534591195 0.03474484256243214 0.045283018867924525
5 0.17969598262757872 0.7371069182389937 0.03908794788273615 0.05157232704402516
5 0.5941910966340934 0.8232704402515724 0.03420195439739414 0.04779874213836478
5 0.09500542888165038 0.7229559748427673 0.035830618892508145 0.048427672955974846
5 0.4598262757871878 0.7977987421383648 0.03257328990228013 0.04591194968553459
5 0.13735070575461455 0.7327044025157232 0.03691639522258415 0.04779874213836478
1 0.20928338762214985 0.7531446540880503 0.023344191096634093 0.03962264150943396
5 0.7994028230184582 0.8977987421383647 0.05374592833876222 0.06729559748427673
5 0.6644951140065146 0.870754716981132 0.05211726384364821 0.062264150943396226
5 0.5298588490770901 0.8455974842767295 0.05646036916395222 0.06729559748427673
5 0.3952225841476656 0.8182389937106919 0.05211726384364821 0.06540880503144654
5 0.26031487513572205 0.7937106918238994 0.046145494028230184 0.06289308176100629
5 0.031487513572204126 0.7474842767295597 0.05646036916395222 0.062264150943396226
5 0.8593919652551575 0.920125786163522 0.03474484256243214 0.042767295597484274
5 0.5890336590662324 0.8663522012578616 0.03474484256243214 0.03962264150943396
5 0.7247557003257329 0.8955974842767296 0.03908794788273615 0.0440251572327044
5 0.4543973941368078 0.8430817610062893 0.031487513572204126 0.04213836477987421
5 0.32084690553745926 0.8179245283018868 0.035830618892508145 0.04465408805031446
1 0.20494028230184583 0.012578616352201259 0.03745928338762215 0.025157232704402517
5 0.16422366992399565 0.8116352201257861 0.07763300760043432 0.09874213836477988
5 0.08821932681867535 0.7984276729559748 0.08306188925081433 0.09622641509433963
10 0.03637350705754615 0.8110062893081761 0.03691639522258415 0.06855345911949685
5 0.7858306188925082 0.960691823899371 0.12975027144408252 0.07735849056603773
5 0.6520086862106406 0.9477987421383648 0.12920738327904452 0.10314465408805032
5 0.5165580890336591 0.9349056603773584 0.1264929424538545 0.1289308176100629
5 0.9047231270358306 0.16132075471698112 0.12866449511400652 0.14654088050314465
5 0.3802931596091205 0.9172955974842767 0.13083604777415853 0.1490566037735849
5 0.247014115092291 0.8911949685534591 0.1281216069489685 0.1471698113207547
5 0.16476655808903365 0.8896226415094339 0.03311617806731813 0.048427672955974846
5 0.7714440825190011 0.1361635220125786 0.1237785016286645 0.14150943396226415
1 0.023887079261672096 0.8694968553459119 0.02714440825190011 0.0559748427672956
1 0.004343105320304018 0.8811320754716981 0.008686210640608035 0.025157232704402517
5 0.6351791530944625 0.11037735849056604 0.1259500542888165 0.1440251572327044
5 0.500542888165038 0.0830188679245283 0.1259500542888165 0.1471698113207547
5 0.15988056460369163 0.9283018867924528 0.02768729641693811 0.02389937106918239
5 0.36590662323561346 0.0660377358490566 0.12920738327904452 0.1320754716981132
1 0.018729641693811076 0.9028301886792452 0.023344191096634093 0.016981132075471698
5 0.07790445168295332 0.024528301886792454 0.030944625407166124 0.0389937106918239
5 0.13979370249728557 0.04339622641509434 0.08957654723127036 0.07924528301886792
5 0.07193268186753529 0.06792452830188679 0.030944625407166124 0.03647798742138365
5 0.9533116178067318 0.2490566037735849 0.035830618892508145 0.04779874213836478
5 0.8181324647122693 0.2229559748427673 0.03691639522258415 0.04716981132075472
5 0.6829533116178067 0.19716981132075473 0.03691639522258415 0.04716981132075472
5 0.41340933767643867 0.14528301886792452 0.03854505971769816 0.04654088050314465
5 0.5507600434310532 0.17452830188679244 0.03745928338762215 0.04591194968553459
5 0.12975027144408252 0.11415094339622642 0.09120521172638436 0.07987421383647798
5 0.8873507057546145 0.2710691823899371 0.05157437567861021 0.061635220125786164
5 0.754071661237785 0.2449685534591195 0.053203040173724216 0.06352201257861635
5 0.6207926167209555 0.2188679245283019 0.05591748099891422 0.06666666666666667
5 0.24457111834961998 0.1430817610062893 0.09283387622149837 0.09371069182389936
5 0.48425624321389793 0.19433962264150945 0.05537459283387622 0.06415094339622641
5 0.3498914223669924 0.16666666666666666 0.050488599348534204 0.06792452830188679
5 0.9476112920738328 0.2930817610062893 0.03528773072747014 0.04654088050314465
5 0.6777958740499457 0.24150943396226415 0.03311617806731813 0.0389937106918239
5 0.8121606948968513 0.2691823899371069 0.03474484256243214 0.042767295597484274
5 0.5461454940282302 0.21761006289308177 0.04234527687296417 0.045283018867924525
5 0.40798045602605865 0.189937106918239 0.03854505971769816 0.04654088050314465
5 0.06704668838219327 0.12358490566037736 0.041802388707926165 0.062264150943396226
5 0.12133550488599348 0.1820754716981132 0.09066232356134636 0.08238993710691823
5 0.255157437567861 0.2179245283018868 0.05646036916395222 0.059748427672955975
5 0.20711183496199784 0.20974842767295598 0.03637350705754615 0.057232704402515724
5 0.05808903365906623 0.18962264150943398 0.04343105320304017 0.0559748427672956
5 0.8743213897937026 0.3691823899371069 0.1264929424538545 0.14465408805031446
5 0.6053203040173725 0.31666666666666665 0.1248642779587405 0.14150943396226415
5 0.4731270358306189 0.2908805031446541 0.1275787187839305 0.14276729559748427
5 0.740228013029316 0.3452830188679245 0.12106406080347448 0.13836477987421383
5 0.33767643865363733 0.2679245283018868 0.12269272529858849 0.14088050314465408
5 0.04750271444082519 0.24276729559748428 0.03637350705754615 0.042767295597484274
5 0.23262757871878392 0.2858490566037736 0.08957654723127036 0.09119496855345911
5 0.1243213897937025 0.2858490566037736 0.1281216069489685 0.14528301886792452
5 0.9239956568946797 0.459748427672956 0.03908794788273615 0.04654088050314465
5 0.6549945711183496 0.4066037735849057 0.039630836047774155 0.04716981132075472
5 0.38490770901194354 0.3531446540880503 0.03474484256243214 0.04716981132075472
5 0.5179153094462541 0.3836477987421384 0.038002171552660155 0.05408805031446541
5 0.04125950054288816 0.28679245283018867 0.038002171552660155 0.0440251572327044
5 0.21009771986970685 0.3443396226415094 0.03908794788273615 0.048427672955974846
5 0.249185667752443 0.35377358490566035 0.035830618892508145 0.04465408805031446
5 0.8583061889250815 0.47861635220125787 0.05646036916395222 0.06792452830188679
5 0.7233984799131379 0.4528301886792453 0.05157437567861021 0.06037735849056604
5 0.5895765472312704 0.4286163522012579 0.051031487513572206 0.06477987421383648
5 0.32030401737242126 0.3786163522012579 0.05646036916395222 0.06918238993710692
5 0.4543973941368078 0.40628930817610065 0.051031487513572206 0.05786163522012579
5 0.7825732899022801 0.47641509433962265 0.03745928338762215 0.04465408805031446
5 0.9172095548317046 0.5040880503144655 0.03528773072747014 0.04339622641509434
5 0.6487513572204126 0.45220125786163523 0.03474484256243214 0.042767295597484274
5 0.3808360477741585 0.39842767295597487 0.03637350705754615 0.04465408805031446
5 0.5135722041259501 0.42830188679245285 0.035830618892508145 0.03773584905660377
5 0.2252985884907709 0.4037735849056604 0.06188925081433225 0.06037735849056604
5 0.12269272529858849 0.3839622641509434 0.05537459283387622 0.0559748427672956
5 0.1745385450597177 0.3968553459119497 0.057003257328990226 0.05660377358490566
5 0.029315960912052116 0.36792452830188677 0.04017372421281216 0.05660377358490566
5 0.07057546145494029 0.3757861635220126 0.05646036916395222 0.05471698113207547
5 0.28691639522258416 0.007861635220125786 0.039630836047774155 0.015723270440251572
10 0.36020629750271443 0.4540880503144654 0.025515743756786103 0.01761006289308176
10 0.2779587404994571 0.4377358490566038 0.021715526601520086 0.012578616352201259