10 0.8998873027798647 0.24327354260089687 0.002629601803155522 0.04708520179372197
10 0.9122839969947408 0.24439461883408073 0.0033809166040570998 0.053811659192825115
10 0.9085274229902329 0.24551569506726456 0.0033809166040570998 0.04708520179372197
10 0.9162283996994741 0.24551569506726456 0.003005259203606311 0.04708520179372197
10 0.05315552216378663 0.24439461883408073 0.002629601803155522 0.04035874439461883
10 0.9040195341848234 0.24663677130044842 0.004132231404958678 0.053811659192825115
10 0.04921111945905334 0.24663677130044842 0.002253944402704733 0.03587443946188341
10 0.03343350864012021 0.24775784753363228 0.003005259203606311 0.042600896860986545
10 0.04564237415477085 0.24775784753363228 0.002629601803155522 0.03811659192825112
10 0.9205484598046582 0.24887892376681614 0.0033809166040570998 0.04932735426008968
10 0.04132231404958678 0.24775784753363228 0.003005259203606311 0.03811659192825112
10 0.03737791134485349 0.25 0.0033809166040570998 0.042600896860986545
1 0.022539444027047332 0.2556053811659193 0.015777610818933134 0.04035874439461883
1 0.21487603305785125 0.2589686098654709 0.002253944402704733 0.03811659192825112
1 0.20642374154770848 0.2589686098654709 0.002629601803155522 0.033632286995515695
1 0.20229151014274982 0.26121076233183854 0.002629601803155522 0.03811659192825112
1 0.1857625845229151 0.26121076233183854 0.002629601803155522 0.03811659192825112
1 0.21882043576258453 0.2623318385650224 0.0018782870022539444 0.04035874439461883
1 0.18163035311795642 0.26121076233183854 0.0018782870022539444 0.03811659192825112
1 0.19027047332832456 0.26121076233183854 0.002629601803155522 0.03811659192825112
1 0.19421487603305784 0.26121076233183854 0.002253944402704733 0.03811659192825112
1 0.21074380165289255 0.26121076233183854 0.002253944402704733 0.03811659192825112
1 0.19797145003756575 0.26345291479820626 0.003005259203606311 0.033632286995515695
10 0.6850112697220135 0.29596412556053814 0.004132231404958678 0.04932735426008968
10 0.680503380916604 0.29596412556053814 0.0033809166040570998 0.04932735426008968
1 0.02573253193087904 0.30493273542600896 0.008640120210368144 0.03139013452914798
1 0.7868144252441773 0.3172645739910314 0.0018782870022539444 0.03811659192825112
1 0.8155522163786627 0.3183856502242152 0.003005259203606311 0.04035874439461883
1 0.7947032306536439 0.3195067264573991 0.002629601803155522 0.033632286995515695
1 0.8102930127723517 0.32062780269058294 0.002253944402704733 0.03587443946188341
1 0.8025920360631105 0.32062780269058294 0.002629601803155522 0.03139013452914798
1 0.8273854244928626 0.32062780269058294 0.002629601803155522 0.03139013452914798
1 0.7903831705484599 0.3217488789237668 0.003005259203606311 0.03811659192825112
1 0.8240045078888054 0.3217488789237668 0.002629601803155522 0.033632286995515695
1 0.7986476333583772 0.32062780269058294 0.002253944402704733 0.03587443946188341
1 0.8065364387678438 0.3217488789237668 0.003005259203606311 0.03811659192825112
1 0.8390308039068369 0.32286995515695066 0.002629601803155522 0.03587443946188341
1 0.8200601051840721 0.3239910313901345 0.002253944402704733 0.03811659192825112
1 0.831893313298272 0.3239910313901345 0.002629601803155522 0.03811659192825112
1 0.22163786626596543 0.32623318385650224 0.003005259203606311 0.04708520179372197
1 0.22577009767092412 0.32623318385650224 0.003756574004507889 0.042600896860986545
1 0.8350864012021036 0.32623318385650224 0.002253944402704733 0.042600896860986545
1 0.5370022539444027 0.32847533632286996 0.0033809166040570998 0.04708520179372197
1 0.5332456799398948 0.3307174887892377 0.0033809166040570998 0.04708520179372197
10 0.03305785123966942 0.33408071748878926 0.003756574004507889 0.04932735426008968
10 0.038692712246431255 0.33408071748878926 0.004507888805409466 0.053811659192825115
1 0.5792637114951165 0.3352017937219731 0.0067618332081141996 0.020179372197309416
10 0.5184072126220887 0.33856502242152464 0.007513148009015778 0.026905829596412557
1 0.5116453794139745 0.3486547085201794 0.003005259203606311 0.04708520179372197
1 0.9545454545454546 0.34977578475336324 0.01652892561983471 0.04035874439461883
1 0.5790758827948911 0.3576233183856502 0.006386175807663411 0.01569506726457399
1 0.5268595041322314 0.36210762331838564 0.006386175807663411 0.01569506726457399
1 0.5184072126220887 0.36771300448430494 0.008264462809917356 0.02242152466367713
1 0.7439894815927873 0.3755605381165919 0.011645379413974455 0.03811659192825112
10 0.8439143501126972 0.3845291479820628 0.004132231404958678 0.04708520179372197
1 0.17411720510894066 0.38789237668161436 0.006386175807663411 0.09417040358744394
1 0.5268595041322314 0.3867713004484305 0.005634861006761833 0.01569506726457399
10 0.03850488354620586 0.3923766816143498 0.004132231404958678 0.053811659192825115
1 0.8341472577009768 0.3957399103139013 0.012396694214876033 0.02914798206278027
10 0.5187828700225394 0.3957399103139013 0.008264462809917356 0.02466367713004484
10 0.8170548459804658 0.39798206278026904 0.008264462809917356 0.020179372197309416
5 0.20172802404207363 0.39798206278026904 0.032306536438767845 0.15022421524663676
1 0.9549211119459053 0.4013452914798206 0.01728024042073629 0.04484304932735426
1 0.8820435762584523 0.4047085201793722 0.007513148009015778 0.09641255605381166
1 0.8908715251690458 0.4069506726457399 0.005634861006761833 0.09192825112107623
1 0.9079639368895567 0.4069506726457399 0.006010518407212622 0.08744394618834081
1 0.9164162283996995 0.4080717488789238 0.005634861006761833 0.08520179372197309
10 0.004320060105184072 0.4103139013452915 0.004132231404958678 0.053811659192825115
1 0.899511645379414 0.4103139013452915 0.005634861006761833 0.08968609865470852
1 0.9412096168294516 0.4125560538116592 0.005634861006761833 0.08520179372197309
1 0.9331329827197595 0.4125560538116592 0.005259203606311044 0.09417040358744394
1 0.9248685199098422 0.4125560538116592 0.005259203606311044 0.08520179372197309
1 0.7439894815927873 0.41816143497757846 0.012396694214876033 0.02914798206278027
1 0.77854996243426 0.42152466367713004 0.004132231404958678 0.06726457399103139
1 0.7858752817430503 0.4226457399103139 0.004507888805409466 0.06502242152466367
10 0.5184072126220887 0.4248878923766816 0.007513148009015778 0.02466367713004484
10 0.7920736288504884 0.4304932735426009 0.0033809166040570998 0.04484304932735426
10 0.836213373403456 0.4304932735426009 0.007513148009015778 0.02242152466367713
10 0.7727272727272727 0.4349775784753363 0.003005259203606311 0.04484304932735426
1 0.8054094665664914 0.43609865470852016 0.012021036814425245 0.02914798206278027
1 0.759954921111946 0.43609865470852016 0.005259203606311044 0.06502242152466367
1 0.7665289256198347 0.437219730941704 0.004883546205860256 0.06278026905829596
1 0.18106686701728025 0.44730941704035876 0.003756574004507889 0.042600896860986545
1 0.9551089406461307 0.4517937219730942 0.0169045830202855 0.042600896860986545
1 0.6964688204357626 0.45403587443946186 0.012021036814425245 0.033632286995515695
10 0.5184072126220887 0.452914798206278 0.007513148009015778 0.02242152466367713
10 0.5867768595041323 0.45964125560538116 0.007513148009015778 0.02242152466367713
1 0.5956048084147257 0.45964125560538116 0.007137490608564989 0.017937219730941704
5 0.5539068369646882 0.484304932735426 0.043200601051840724 0.25112107623318386
10 0.5180315552216379 0.4854260089686099 0.008264462809917356 0.02466367713004484
1 0.7101803155522164 0.4854260089686099 0.006386175807663411 0.01569506726457399
1 0.5950413223140496 0.48878923766816146 0.0067618332081141996 0.017937219730941704
10 0.5865890308039068 0.48878923766816146 0.007888805409466567 0.017937219730941704
12 0.8347107438016529 0.4910313901345291 0.011269722013523666 0.06278026905829596
10 0.7004132231404959 0.5011210762331838 0.004132231404958678 0.04708520179372197
10 0.6951540195341849 0.5011210762331838 0.004132231404958678 0.04708520179372197
10 0.5182193839218633 0.5134529147982063 0.007137490608564989 0.02242152466367713
10 0.900450788880541 0.5145739910313901 0.008264462809917356 0.02466367713004484
1 0.7854996243425996 0.515695067264574 0.004507888805409466 0.06278026905829596
1 0.7524417731029301 0.515695067264574 0.004507888805409466 0.07174887892376682
1 0.7926371149511645 0.5168161434977578 0.003756574004507889 0.06053811659192825
1 0.7717881292261457 0.5168161434977578 0.004132231404958678 0.06950672645739911
1 0.77854996243426 0.5168161434977578 0.004883546205860256 0.06502242152466367
10 0.5865890308039068 0.5168161434977578 0.007137490608564989 0.020179372197309416
1 0.5954169797145004 0.5201793721973094 0.0067618332081141996 0.017937219730941704
12 0.805221637866266 0.5190582959641256 0.010894064613072877 0.06053811659192825
1 0.7195717505634861 0.5213004484304933 0.006386175807663411 0.09641255605381166
1 0.7280240420736288 0.5213004484304933 0.0067618332081141996 0.09641255605381166
1 0.744740796393689 0.5213004484304933 0.005634861006761833 0.08744394618834081
1 0.7362885048835462 0.523542600896861 0.006010518407212622 0.09192825112107623
10 0.7124342599549212 0.523542600896861 0.002629601803155522 0.042600896860986545
1 0.7083020285499624 0.5257847533632287 0.002629601803155522 0.042600896860986545
10 0.871900826446281 0.5280269058295964 0.002253944402704733 0.042600896860986545
1 0.8927498121712998 0.5269058295964125 0.0033809166040570998 0.04035874439461883
1 0.16190833959429002 0.5280269058295964 0.007513148009015778 0.020179372197309416
1 0.8668294515401953 0.5291479820627802 0.004883546205860256 0.053811659192825115
1 0.8884297520661157 0.5280269058295964 0.003005259203606311 0.042600896860986545
1 0.23422238918106686 0.5291479820627802 0.008640120210368144 0.026905829596412557
1 0.9105935386927122 0.5280269058295964 0.003005259203606311 0.042600896860986545
1 0.17993989481592787 0.5291479820627802 0.0067618332081141996 0.02242152466367713
1 0.19815927873779113 0.5291479820627802 0.006386175807663411 0.02242152466367713
1 0.9194214876033058 0.5291479820627802 0.0033809166040570998 0.04484304932735426
1 0.1891435011269722 0.5302690582959642 0.007888805409466567 0.02466367713004484
1 0.20755071374906087 0.5302690582959642 0.007137490608564989 0.02466367713004484
1 0.242862509391435 0.5302690582959642 0.007888805409466567 0.02466367713004484
1 0.9064613072877535 0.5291479820627802 0.002253944402704733 0.04484304932735426
1 0.9151014274981217 0.5302690582959642 0.003005259203606311 0.042600896860986545
1 0.2693463561232156 0.5291479820627802 0.008264462809917356 0.026905829596412557
1 0.22501878287002253 0.5302690582959642 0.009015777610818933 0.02466367713004484
1 0.25187828700225395 0.531390134529148 0.008640120210368144 0.026905829596412557
1 0.15326821938392185 0.531390134529148 0.0067618332081141996 0.017937219730941704
1 0.17073628850488354 0.531390134529148 0.007137490608564989 0.017937219730941704
1 0.2605184072126221 0.531390134529148 0.008640120210368144 0.026905829596412557
1 0.9243050338091661 0.531390134529148 0.0033809166040570998 0.04035874439461883
1 0.2160030052592036 0.5336322869955157 0.008264462809917356 0.026905829596412557
1 0.9284372652141247 0.5325112107623319 0.002629601803155522 0.042600896860986545
1 0.14425244177310292 0.5325112107623319 0.007513148009015778 0.020179372197309416
1 0.933320811419985 0.5347533632286996 0.0033809166040570998 0.04035874439461883
1 0.9421487603305785 0.5358744394618834 0.003005259203606311 0.04035874439461883
10 0.76427498121713 0.5369955156950673 0.0033809166040570998 0.04708520179372197
10 0.7586401202103682 0.5369955156950673 0.0033809166040570998 0.042600896860986545
1 0.8826070623591284 0.5369955156950673 0.005634861006761833 0.09192825112107623
1 0.9002629601803156 0.5426008968609866 0.007888805409466567 0.02242152466367713
10 0.5187828700225394 0.5426008968609866 0.0067618332081141996 0.017937219730941704
10 0.5869646882043577 0.547085201793722 0.007888805409466567 0.02242152466367713
1 0.595229151014275 0.5493273542600897 0.006386175807663411 0.017937219730941704
12 0.8236288504883547 0.5560538116591929 0.009391435011269721 0.053811659192825115
10 0.20717505634861005 0.5582959641255605 0.007137490608564989 0.017937219730941704
10 0.17092411720510894 0.5594170403587444 0.008264462809917356 0.02466367713004484
10 0.22520661157024793 0.5594170403587444 0.008640120210368144 0.02466367713004484
10 0.26183320811419986 0.5594170403587444 0.007513148009015778 0.02466367713004484
10 0.14444027047332833 0.5605381165919282 0.008640120210368144 0.03139013452914798
10 0.24248685199098421 0.5594170403587444 0.007888805409466567 0.020179372197309416
10 0.15308039068369647 0.5594170403587444 0.007888805409466567 0.02914798206278027
10 0.18876784372652142 0.5594170403587444 0.008640120210368144 0.02914798206278027
10 0.8764087152516905 0.5605381165919282 0.003005259203606311 0.04035874439461883
10 0.23403456048084148 0.5605381165919282 0.007513148009015778 0.026905829596412557
10 0.25187828700225395 0.5616591928251121 0.007888805409466567 0.02466367713004484
10 0.1617205108940646 0.5605381165919282 0.007888805409466567 0.02242152466367713
10 0.2693463561232156 0.5605381165919282 0.0067618332081141996 0.02242152466367713
10 0.216190833959429 0.5616591928251121 0.007137490608564989 0.020179372197309416
10 0.1985349361382419 0.5627802690582959 0.008640120210368144 0.026905829596412557
10 0.18012772351615328 0.5616591928251121 0.009391435011269721 0.02466367713004484
1 0.2873779113448535 0.5672645739910314 0.006010518407212622 0.08968609865470852
1 0.2787377911344853 0.5650224215246636 0.005259203606311044 0.08520179372197309
10 0.8010894064613073 0.5683856502242153 0.007137490608564989 0.020179372197309416
10 0.5187828700225394 0.5695067264573991 0.007513148009015778 0.02242152466367713
1 0.5956048084147257 0.5751121076233184 0.006386175807663411 0.017937219730941704
10 0.5864012021036814 0.5762331838565022 0.0067618332081141996 0.02242152466367713
1 0.6882043576258452 0.5863228699551569 0.005259203606311044 0.07399103139013453
1 0.681442524417731 0.5874439461883408 0.005259203606311044 0.07623318385650224
10 0.17167543200601051 0.5874439461883408 0.008264462809917356 0.03139013452914798
10 0.1617205108940646 0.5874439461883408 0.009391435011269721 0.026905829596412557
10 0.25206611570247933 0.5874439461883408 0.007513148009015778 0.02242152466367713
10 0.22539444027047334 0.5885650224215246 0.007513148009015778 0.02466367713004484
10 0.18012772351615328 0.5874439461883408 0.008640120210368144 0.03139013452914798
10 0.2436138241923366 0.5874439461883408 0.007137490608564989 0.02242152466367713
10 0.19797145003756575 0.5885650224215246 0.007513148009015778 0.02466367713004484
10 0.23459804658151764 0.5885650224215246 0.008640120210368144 0.02466367713004484
5 0.6990984222389182 0.5896860986547086 0.009015777610818933 0.1031390134529148
10 0.2616453794139745 0.5885650224215246 0.007137490608564989 0.020179372197309416
10 0.14387678437265214 0.5885650224215246 0.008264462809917356 0.020179372197309416
10 0.20679939894815927 0.5896860986547086 0.007137490608564989 0.03139013452914798
10 0.1891435011269722 0.5908071748878924 0.008640120210368144 0.02466367713004484
10 0.2700976709241172 0.5908071748878924 0.008264462809917356 0.02466367713004484
10 0.2160030052592036 0.5908071748878924 0.008264462809917356 0.02914798206278027
10 0.15308039068369647 0.5908071748878924 0.007137490608564989 0.02466367713004484
5 0.8681442524417731 0.5997757847533632 0.010518407212622089 0.06950672645739911
10 0.5182193839218633 0.600896860986547 0.007137490608564989 0.02242152466367713
1 0.7193839218632607 0.6031390134529148 0.008264462809917356 0.02242152466367713
1 0.7295266716754321 0.602017937219731 0.0067618332081141996 0.020179372197309416
1 0.7926371149511645 0.6031390134529148 0.005259203606311044 0.07174887892376682
1 0.7421111945905334 0.6053811659192825 0.010894064613072877 0.026905829596412557
1 0.5954169797145004 0.6065022421524664 0.006010518407212622 0.020179372197309416
10 0.5869646882043577 0.6076233183856502 0.006386175807663411 0.02242152466367713
12 0.7620210368144252 0.6065022421524664 0.0101427498121713 0.0515695067264574
1 0.7526296018031555 0.6165919282511211 0.004132231404958678 0.04932735426008968
1 0.5760706235912848 0.6289237668161435 0.0033809166040570998 0.0515695067264574
1 0.5798271975957926 0.6300448430493274 0.0033809166040570998 0.04484304932735426
10 0.518595041322314 0.6311659192825112 0.007888805409466567 0.02466367713004484
1 0.5954169797145004 0.6356502242152466 0.0067618332081141996 0.020179372197309416
10 0.587152516904583 0.6345291479820628 0.0067618332081141996 0.02242152466367713
2 0.9241172051089407 0.6446188340807175 0.04583020285499624 0.10089686098654709
1 0.5324943651389933 0.6535874439461884 0.0033809166040570998 0.04708520179372197
1 0.5364387678437266 0.6524663677130045 0.003005259203606311 0.04484304932735426
1 0.5401953418482344 0.6524663677130045 0.003756574004507889 0.04484304932735426
1 0.5443275732531931 0.6547085201793722 0.003005259203606311 0.04035874439461883
1 0.8690833959429001 0.6591928251121076 0.008640120210368144 0.026905829596412557
10 0.5189706987227648 0.6614349775784754 0.007888805409466567 0.026905829596412557
1 0.7195717505634861 0.6647982062780269 0.004132231404958678 0.0515695067264574
1 0.7815552216378663 0.6647982062780269 0.007888805409466567 0.02466367713004484
1 0.7907588279489106 0.6659192825112108 0.008264462809917356 0.02242152466367713
12 0.7439894815927873 0.6659192825112108 0.009391435011269721 0.06278026905829596
10 0.7528174305033809 0.6748878923766816 0.003005259203606311 0.053811659192825115
12 0.7614575507137491 0.6760089686098655 0.009015777610818933 0.05605381165919283
1 0.6577761081893313 0.6961883408071748 0.003005259203606311 0.04708520179372197
1 0.8003380916604057 0.702914798206278 0.012396694214876033 0.02466367713004484
1 0.7257700976709242 0.7107623318385651 0.008264462809917356 0.02242152466367713
1 0.6744928625093914 0.7107623318385651 0.005634861006761833 0.09417040358744394
1 0.6658527422990232 0.7130044843049327 0.006386175807663411 0.09417040358744394
10 0.7622088655146506 0.718609865470852 0.007513148009015778 0.02466367713004484
10 0.7710368144252442 0.7208520179372198 0.007888805409466567 0.020179372197309416
1 0.7114951164537942 0.7197309417040358 0.013523666416228399 0.04035874439461883
10 0.7349737039819685 0.7286995515695067 0.0033809166040570998 0.04484304932735426
12 0.7434259954921112 0.7668161434977578 0.008264462809917356 0.06278026905829596
10 0.7329075882794891 0.7690582959641256 0.008264462809917356 0.02242152466367713
1 0.5439519158527423 0.7713004484304933 0.009767092411720512 0.1031390134529148
1 0.49849737039819686 0.7791479820627802 0.003756574004507889 0.0515695067264574
12 0.7113072877535688 0.7802690582959642 0.0101427498121713 0.06278026905829596
1 0.7193839218632607 0.7825112107623319 0.005259203606311044 0.04932735426008968
10 0.5030052592036063 0.781390134529148 0.003756574004507889 0.04708520179372197
10 0.5347483095416979 0.7903587443946188 0.0033809166040570998 0.04708520179372197
10 0.7329075882794891 0.7959641255605381 0.007137490608564989 0.02242152466367713
1 0.4838467317806161 0.797085201793722 0.007513148009015778 0.10089686098654709
1 0.49173553719008267 0.8004484304932735 0.007513148009015778 0.1031390134529148
10 0.5736288504883547 0.8195067264573991 0.007513148009015778 0.020179372197309416
10 0.621900826446281 0.8195067264573991 0.006386175807663411 0.01569506726457399
10 0.6100676183320811 0.8195067264573991 0.0067618332081141996 0.01569506726457399
10 0.5845229151014275 0.8195067264573991 0.007513148009015778 0.020179372197309416
10 0.5976709241172051 0.820627802690583 0.006010518407212622 0.013452914798206279
2 0.5933508640120211 0.9327354260089686 0.09729526671675431 0.13452914798206278
1 0.025920360631104433 0.13901345291479822 0.0067618332081141996 0.02242152466367713
1 0.1791885800150263 0.14573991031390135 0.002253944402704733 0.04484304932735426
1 0.5529676934635612 0.1468609865470852 0.003005259203606311 0.042600896860986545
1 0.06855747558226898 0.14573991031390135 0.004132231404958678 0.04035874439461883
1 0.44214876033057854 0.1491031390134529 0.003756574004507889 0.04708520179372197
1 0.3040946656649136 0.1491031390134529 0.004132231404958678 0.04708520179372197
1 0.31724267468069123 0.1491031390134529 0.0033809166040570998 0.04708520179372197
1 0.054845980465815174 0.15134529147982062 0.004507888805409466 0.04708520179372197
1 0.42843726521412473 0.15022421524663676 0.004883546205860256 0.04484304932735426
1 0.5663035311795642 0.15134529147982062 0.004132231404958678 0.042600896860986545
1 0.6906461307287753 0.15134529147982062 0.0033809166040570998 0.042600896860986545
1 0.6773102930127723 0.15134529147982062 0.003756574004507889 0.042600896860986545
1 0.8014650638617581 0.15246636771300448 0.0033809166040570998 0.04484304932735426
1 0.9385800150262961 0.1547085201793722 0.0033809166040570998 0.04035874439461883
1 0.9239293764087152 0.15807174887892378 0.0033809166040570998 0.04708520179372197
1 0.19365138993238168 0.1625560538116592 0.002629601803155522 0.03811659192825112
1 0.025169045830202855 0.1647982062780269 0.007513148009015778 0.02466367713004484
10 0.09917355371900827 0.1681614349775785 0.003756574004507889 0.04035874439461883
10 0.08358377160030053 0.16704035874439463 0.0033809166040570998 0.04708520179372197
1 0.8155522163786627 0.1681614349775785 0.003005259203606311 0.04035874439461883
10 0.08959429000751315 0.16928251121076232 0.004132231404958678 0.0515695067264574
10 0.0946656649135988 0.17152466367713004 0.003756574004507889 0.0515695067264574
10 0.9611194590533434 0.17600896860986548 0.0033809166040570998 0.04708520179372197
1 0.9778362133734034 0.17713004484304934 0.008264462809917356 0.026905829596412557
10 0.9654395191585274 0.17713004484304934 0.003005259203606311 0.04932735426008968
10 0.9556724267468069 0.17825112107623317 0.004507888805409466 0.042600896860986545
10 0.9693839218632607 0.17713004484304934 0.0033809166040570998 0.04932735426008968
1 0.3040946656649136 0.19282511210762332 0.0033809166040570998 0.04035874439461883
1 0.3174305033809166 0.19506726457399104 0.003005259203606311 0.03587443946188341
1 0.054845980465815174 0.19506726457399104 0.003756574004507889 0.04035874439461883
1 0.5535311795642374 0.19506726457399104 0.0033809166040570998 0.04484304932735426
1 0.17937640871525168 0.1961883408071749 0.002629601803155522 0.03811659192825112
1 0.4419609316303531 0.1961883408071749 0.0033809166040570998 0.0515695067264574
1 0.4288129226145755 0.19506726457399104 0.004132231404958678 0.04484304932735426
1 0.06836964688204357 0.19730941704035873 0.003756574004507889 0.04932735426008968
1 0.566679188580015 0.19730941704035873 0.0033809166040570998 0.04484304932735426
1 0.677122464312547 0.1984304932735426 0.0033809166040570998 0.03811659192825112
1 0.6906461307287753 0.20179372197309417 0.0033809166040570998 0.04035874439461883
1 0.8010894064613073 0.20179372197309417 0.002629601803155522 0.03587443946188341
1 0.9387678437265214 0.20291479820627803 0.003756574004507889 0.042600896860986545
1 0.02235161532682194 0.2062780269058296 0.0169045830202855 0.04035874439461883
1 0.9241172051089407 0.2085201793721973 0.003005259203606311 0.04484304932735426
1 0.19365138993238168 0.21300448430493274 0.002629601803155522 0.03587443946188341
10 0.9802779864763336 0.21524663677130046 0.008640120210368144 0.026905829596412557
1 0.8155522163786627 0.22309417040358745 0.003005259203606311 0.03811659192825112