10 0.4145669291338583 0.4578203374373005 0.02204724409448819 0.011855905152758778
10 0.3403543307086614 0.45918832649338803 0.020078740157480315 0.009119927040583675
5 0.8610236220472441 0.4637482900136799 0.1031496062992126 0.1121751025991792
5 0.7381889763779528 0.4662562699498404 0.09921259842519685 0.11171910624715002
5 0.3765748031496063 0.46694026447788417 0.04133858267716536 0.05198358413132695
5 0.612992125984252 0.46762425900592797 0.09763779527559055 0.11171910624715002
5 0.49153543307086617 0.47104423164614684 0.09724409448818898 0.11582307341541268
10 0.33996062992125986 0.4737802097583219 0.019291338582677165 0.010031919744642043
5 0.2807086614173228 0.4790241678066575 0.06692913385826772 0.04970360237118103
5 0.2125984251968504 0.4799361605107159 0.06535433070866142 0.051527587779297765
5 0.41437007874015747 0.49589603283173733 0.022440944881889763 0.028727770177838577
5 0.1279527559055118 0.5075239398084815 0.08976377952755905 0.10487916096671226
5 0.34960629921259845 0.5157318741450069 0.026771653543307086 0.0392156862745098
5 0.3858267716535433 0.5191518467852257 0.028346456692913385 0.036935704514363885
5 0.28169291338582675 0.5332877336981304 0.065748031496063 0.05107159142726858
5 0.2137795275590551 0.5337437300501596 0.06692913385826772 0.0506155950752394
5 0.6700787401574804 0.5378476972184223 0.028346456692913385 0.03739170086639307
5 0.42440944881889764 0.5417236662106704 0.024409448818897637 0.03556771545827633
5 0.860236220472441 0.5638394892840858 0.04173228346456693 0.05107159142726858
5 0.3862204724409449 0.56703146374829 0.027559055118110236 0.04149566803465572
5 0.7370078740157481 0.5674874601003193 0.04251968503937008 0.04970360237118103
5 0.4911417322834646 0.5686274509803921 0.04055118110236221 0.052895576835385316
5 0.614763779527559 0.5688554491564067 0.04133858267716536 0.05107159142726858
5 0.16338582677165353 0.05699954400364797 0.07244094488188976 0.05836753305973552
5 0.3501968503937008 0.5706794345645235 0.03031496062992126 0.03739170086639307
5 0.6704724409448819 0.579343365253078 0.029133858267716535 0.03419972640218878
5 0.5470472440944882 0.5800273597811217 0.025590551181102362 0.0337437300501596
5 0.4246062992125984 0.5823073415412676 0.02874015748031496 0.034655722754217966
5 0.1468503937007874 0.6110351117191063 0.08661417322834646 0.08207934336525308
5 0.25649606299212596 0.6324669402644779 0.11614173228346457 0.1295029639762882
5 0.738976377952756 0.6557227542179662 0.0984251968503937 0.10761513907888737
5 0.371259842519685 0.6561787505699954 0.09921259842519685 0.10761513907888737
1 0.09448818897637795 0.6566347469220246 0.010236220472440945 0.0364797081623347
1 0.08346456692913386 0.6570907432740538 0.008661417322834646 0.03556771545827633
5 0.8625984251968504 0.6573187414500684 0.09763779527559055 0.11171910624715002
5 0.6167322834645669 0.6591427268581851 0.10039370078740158 0.10989512083903329
5 0.4923228346456693 0.6607387140902873 0.09566929133858268 0.11263109895120839
5 0.10255905511811024 0.06953944368445053 0.02952755905511811 0.03602371181030552
5 0.15118110236220472 0.6903784769721842 0.08897637795275591 0.07660738714090287
1 0.09015748031496063 0.7131782945736435 0.025196850393700787 0.03283173734610123
5 0.9175196850393701 0.7243502051983585 0.024803149606299212 0.03875968992248062
5 0.7940944881889764 0.7264021887824897 0.026771653543307086 0.0364797081623347
5 0.29153543307086616 0.7266301869585043 0.02952755905511811 0.04149566803465572
5 0.6706692913385827 0.7275421796625627 0.025590551181102362 0.03875968992248062
5 0.21515748031496063 0.728454172366621 0.02716535433070866 0.03875968992248062
5 0.5482283464566929 0.7293661650706794 0.024015748031496063 0.036935704514363885
5 0.2533464566929134 0.7300501595987232 0.02795275590551181 0.038303693570451436
1 0.32007874015748033 0.7348381212950297 0.01653543307086614 0.033287733698130414
5 0.8625984251968504 0.7564979480164159 0.04094488188976378 0.053807569539443684
5 0.7395669291338582 0.7569539443684451 0.04055118110236221 0.049247606019151846
5 0.6167322834645669 0.7587779297765618 0.043700787401574806 0.052895576835385316
5 0.4937007874015748 0.7596899224806202 0.04015748031496063 0.05198358413132695
5 0.3706692913385827 0.7612859097127223 0.03503937007874016 0.0506155950752394
5 0.16181102362204725 0.7621979024167806 0.04488188976377953 0.047879616963064295
5 0.11181102362204724 0.7640218878248974 0.049606299212598425 0.04970360237118103
5 0.918503937007874 0.7653898768809849 0.026771653543307086 0.03419972640218878
5 0.6718503937007874 0.7669858641130871 0.02716535433070866 0.030551755585955312
5 0.7962598425196851 0.7676698586411309 0.03110236220472441 0.03419972640218878
5 0.5496062992125984 0.7708618331053352 0.023622047244094488 0.03419972640218878
2 0.03779527559055118 0.7710898312813498 0.06850393700787402 0.34199726402188785
5 0.4279527559055118 0.7724578203374373 0.027559055118110236 0.03556771545827633
1 0.21594488188976377 0.0784313725490196 0.03110236220472441 0.020063839489284085
5 0.28818897637795277 0.7945736434108527 0.05905511811023622 0.07797537619699042
5 0.2188976377952756 0.7970816233470133 0.06456692913385827 0.07478340173278614
10 0.17519685039370078 0.8176014591883265 0.025196850393700787 0.05836753305973552
5 0.8637795275590551 0.8458732330141359 0.10078740157480315 0.11399908800729594
5 0.7415354330708661 0.8472412220702235 0.10039370078740158 0.11582307341541268
5 0.6177165354330708 0.847469220246238 0.0984251968503937 0.11171910624715002
5 0.8561023622047244 0.08549931600547196 0.10039370078740158 0.11354309165526676
5 0.49350393700787404 0.8490652074783401 0.10196850393700788 0.11582307341541268
5 0.37224409448818896 0.8508891928864569 0.09960629921259842 0.11582307341541268
5 0.29901574803149605 0.863657090743274 0.024803149606299212 0.0392156862745098
5 0.7348425196850393 0.08686730506155951 0.09645669291338582 0.10989512083903329
1 0.17145669291338583 0.8716370269037848 0.017716535433070866 0.047879616963064295
1 0.1515748031496063 0.8866849065207478 0.014960629921259842 0.0196078431372549
5 0.6106299212598425 0.08914728682170543 0.0984251968503937 0.11171910624715002
5 0.48838582677165354 0.08914728682170543 0.09803149606299212 0.11445508435932512
5 0.3 0.9069767441860465 0.02204724409448819 0.0337437300501596
5 0.365748031496063 0.09211126310989512 0.10078740157480315 0.1121751025991792
5 0.7974409448818898 0.916780665754674 0.025590551181102362 0.036935704514363885
5 0.5492125984251969 0.9195166438668491 0.025984251968503937 0.03739170086639307
5 0.6726377952755905 0.9195166438668491 0.025590551181102362 0.03739170086639307
1 0.1718503937007874 0.9199726402188783 0.019291338582677165 0.047879616963064295
5 0.4265748031496063 0.9213406292749658 0.02874015748031496 0.036935704514363885
5 0.864763779527559 0.9461924304605563 0.04212598425196851 0.05198358413132695
5 0.7417322834645669 0.9473324213406292 0.04015748031496063 0.05243958048335613
5 0.6179133858267717 0.9477884176926584 0.04055118110236221 0.05243958048335613
5 0.49586614173228344 0.9500683994528044 0.044488188976377956 0.05243958048335613
5 0.3720472440944882 0.9514363885088919 0.04015748031496063 0.05243958048335613
5 0.3001968503937008 0.9514363885088919 0.02795275590551181 0.036935704514363885
5 0.6736220472440945 0.959188326493388 0.023622047244094488 0.036935704514363885
5 0.5503937007874016 0.9605563155494756 0.027559055118110236 0.03237574099407205
5 0.4283464566929134 0.9623803009575923 0.025196850393700787 0.03419972640218878
5 0.10334645669291338 0.11354309165526676 0.02795275590551181 0.031007751937984496
5 0.16299212598425197 0.11947104423164615 0.07322834645669292 0.05836753305973552
5 0.10374015748031495 0.15298677610579114 0.02795275590551181 0.02781577747378021
5 0.9116141732283465 0.1541267669858641 0.02716535433070866 0.038303693570451436
5 0.7881889763779527 0.15526675786593708 0.028346456692913385 0.03784769721842225
5 0.6649606299212598 0.1570907432740538 0.028346456692913385 0.03784769721842225
5 0.41929133858267714 0.15959872321021432 0.029921259842519685 0.0364797081623347
5 0.5448818897637795 0.16096671226630188 0.029133858267716535 0.0364797081623347
5 0.16377952755905512 0.18376652986776107 0.07480314960629922 0.05836753305973552
5 0.8557086614173228 0.1851345189238486 0.03976377952755906 0.04833561331509348
5 0.734251968503937 0.18650250797993617 0.04094488188976378 0.050159598723210214
5 0.6125984251968504 0.1876424988600091 0.04330708661417323 0.05243958048335613
5 0.26909448818897636 0.18855449156406748 0.07440944881889763 0.07067943456452348
5 0.4885826771653543 0.1906064751481988 0.04330708661417323 0.050159598723210214
5 0.36515748031496065 0.1906064751481988 0.03818897637795276 0.05471956224350205
5 0.9124015748031497 0.19402644778841768 0.02716535433070866 0.036935704514363885
5 0.6659448818897638 0.19744642042863658 0.025590551181102362 0.031007751937984496
5 0.7885826771653544 0.19767441860465115 0.026771653543307086 0.03419972640218878
5 0.5458661417322834 0.1997264021887825 0.03346456692913386 0.034655722754217966
5 0.4202755905511811 0.20063839489284085 0.03031496062992126 0.0364797081623347
5 0.10196850393700788 0.20314637482900136 0.04488188976377953 0.0506155950752394
2 0.03484251968503937 0.23666210670314639 0.0688976377952756 0.34108527131782945
5 0.16535433070866143 0.24509803921568626 0.07401574803149606 0.06064751481988144
5 0.2887795275590551 0.25262197902416783 0.044488188976377956 0.045599635202918376
5 0.24488188976377953 0.25444596443228457 0.025984251968503937 0.04742362061103511
5 0.1031496062992126 0.26356589147286824 0.046456692913385826 0.04468764249886001
5 0.8578740157480315 0.27450980392156865 0.09921259842519685 0.1121751025991792
5 0.6124015748031496 0.2772457820337437 0.09803149606299212 0.1094391244870041
5 0.49173228346456693 0.27838577291381666 0.1 0.11080711354309165
5 0.7354330708661417 0.27838577291381666 0.09448818897637795 0.10715914272685818
5 0.3683070866141732 0.28226174190606473 0.09566929133858268 0.1094391244870041
10 0.0812992125984252 0.30506155950752395 0.00984251968503937 0.024623803009575923
5 0.10551181102362205 0.3119015047879617 0.03228346456692913 0.03283173734610123
5 0.2783464566929134 0.3171454628362973 0.07165354330708662 0.06976744186046512
10 0.08070866141732283 0.3319653442772458 0.010236220472440945 0.023711810305517556
5 0.18188976377952756 0.3369813041495668 0.1 0.1121751025991792
5 0.9137795275590551 0.34610123119015046 0.030708661417322834 0.0364797081623347
5 0.6683070866141733 0.34724122207022345 0.03110236220472441 0.036935704514363885
5 0.42145669291338583 0.3492932056543548 0.02637795275590551 0.038303693570451436
5 0.543503937007874 0.35202918376652986 0.02795275590551181 0.04377564979480164
5 0.10826771653543307 0.35248518011855906 0.029921259842519685 0.0337437300501596
12 0.08090551181102362 0.35522115823073414 0.01062992125984252 0.024623803009575923
5 0.2659448818897638 0.37300501595987234 0.03031496062992126 0.038303693570451436
5 0.3017716535433071 0.3743730050159599 0.02795275590551181 0.03556771545827633
5 0.8578740157480315 0.3748290013679891 0.04330708661417323 0.0533515731874145
5 0.735236220472441 0.3761969904240766 0.04055118110236221 0.04742362061103511
5 0.612992125984252 0.3787049703602371 0.03937007874015748 0.051527587779297765
5 0.36791338582677163 0.38303693570451436 0.043700787401574806 0.05471956224350205
5 0.490748031496063 0.38349293205654356 0.04055118110236221 0.04468764249886001
5 0.7909448818897638 0.38622891016871863 0.029133858267716535 0.03511171910624715
5 0.9139763779527559 0.38645690834473323 0.02716535433070866 0.03419972640218878
5 0.6687007874015748 0.38896488828089376 0.02716535433070866 0.0337437300501596
5 0.4246062992125984 0.3898768809849521 0.02795275590551181 0.03556771545827633
5 0.5454724409448819 0.39215686274509803 0.02874015748031496 0.02918376652986776
5 0.2875984251968504 0.42270861833105333 0.05 0.04468764249886001
5 0.19330708661417323 0.4236206110351117 0.04409448818897638 0.04286365709074327
5 0.24133858267716535 0.42544459644322846 0.04566929133858268 0.04286365709074327
5 0.10118110236220472 0.42590059279525766 0.04409448818897638 0.045599635202918376
5 0.14606299212598425 0.4263565891472868 0.04566929133858268 0.04103967168262654
5 0.28562992125984255 0.044231646146830825 0.02952755905511811 0.04286365709074327
10 0.4139763779527559 0.443000455996352 0.021653543307086614 0.012311901504787962
10 0.33858267716535434 0.4427724578203374 0.01889763779527559 0.008207934336525308