10 0.45869098712446355 0.4049689440993789 0.02467811158798283 0.014906832298136646
10 0.377950643776824 0.3978260869565217 0.021995708154506438 0.011801242236024845
5 0.9425965665236051 0.4605590062111801 0.11373390557939914 0.13478260869565217
5 0.8122317596566524 0.4503105590062112 0.11695278969957082 0.13291925465838508
5 0.41630901287553645 0.4108695652173913 0.04935622317596566 0.061490683229813665
5 0.6756974248927039 0.4372670807453416 0.11534334763948498 0.13291925465838508
5 0.5423819742489271 0.42763975155279504 0.11587982832618025 0.1372670807453416
10 0.3760729613733906 0.4142857142857143 0.02145922746781116 0.012422360248447204
5 0.3111587982832618 0.41335403726708075 0.07725321888412018 0.061490683229813665
5 0.23605150214592274 0.40683229813664595 0.07510729613733906 0.06335403726708075
5 0.45574034334763946 0.446583850931677 0.02628755364806867 0.03354037267080745
5 0.14109442060085836 0.42732919254658386 0.10622317596566523 0.12422360248447205
5 0.38358369098712447 0.4611801242236025 0.032188841201716736 0.0453416149068323
5 0.4227467811158798 0.4683229813664596 0.033261802575107295 0.043478260869565216
5 0.3071351931330472 0.472360248447205 0.07564377682403434 0.06273291925465839
5 0.23283261802575106 0.465527950310559 0.07725321888412018 0.06273291925465839
5 0.7320278969957081 0.5208074534161491 0.03379828326180258 0.044099378881987575
5 0.4624463519313305 0.49751552795031057 0.028969957081545063 0.040993788819875775
5 0.9380364806866953 0.5698757763975155 0.049892703862660946 0.06024844720496894
5 0.4189914163090129 0.5211180124223602 0.033261802575107295 0.0484472049689441
5 0.802843347639485 0.5608695652173913 0.049892703862660946 0.058385093167701865
5 0.533530042918455 0.5347826086956522 0.04881974248927039 0.062111801242236024
5 0.6695278969957081 0.5487577639751553 0.04935622317596566 0.06024844720496894
5 0.3790236051502146 0.5208074534161491 0.03594420600858369 0.044099378881987575
5 0.7290772532188842 0.5661490683229814 0.034334763948497854 0.040372670807453416
5 0.5941523605150214 0.5531055900621118 0.0305793991416309 0.0391304347826087
5 0.46003218884120173 0.5422360248447204 0.03379828326180258 0.040993788819875775
5 0.15316523605150215 0.5428571428571428 0.10139484978540772 0.09937888198757763
5 0.2717274678111588 0.5788819875776398 0.1378755364806867 0.15403726708074533
5 0.7980150214592274 0.6574534161490683 0.11641630901287553 0.12857142857142856
5 0.3953862660944206 0.617080745341615 0.11695278969957082 0.12857142857142856
1 0.09227467811158799 0.5875776397515527 0.013948497854077254 0.040993788819875775
1 0.08074034334763948 0.5860248447204969 0.012339055793991416 0.0391304347826087
5 0.9329399141630901 0.6732919254658385 0.11587982832618025 0.13291925465838508
5 0.6638948497854077 0.6475155279503105 0.11856223175965665 0.13105590062111802
5 0.5273605150214592 0.6357142857142857 0.11373390557939914 0.13354037267080746
5 0.1515557939914163 0.6298136645962733 0.10354077253218884 0.09316770186335403
1 0.08261802575107297 0.6484472049689441 0.030042918454935622 0.03850931677018633
5 0.9782725321888412 0.7521739130434782 0.011266094420600859 0.043478260869565216
5 0.8521995708154506 0.7409937888198758 0.03165236051502146 0.0422360248447205
5 0.30257510729613735 0.6850931677018633 0.03540772532188841 0.0484472049689441
5 0.717274678111588 0.7285714285714285 0.03111587982832618 0.04472049689440994
5 0.21861587982832617 0.679192546583851 0.03272532188841202 0.0453416149068323
5 0.5826180257510729 0.7170807453416149 0.028969957081545063 0.04285714285714286
5 0.2604613733905579 0.684472049689441 0.03379828326180258 0.04472049689440994
1 0.33261802575107297 0.6978260869565217 0.0203862660944206 0.037888198757763975
5 0.924892703862661 0.781055900621118 0.04935622317596566 0.06273291925465839
5 0.7899678111587983 0.7680124223602485 0.04774678111587983 0.0577639751552795
5 0.6553111587982833 0.7565217391304347 0.05203862660944206 0.062111801242236024
5 0.5211909871244635 0.7434782608695653 0.04774678111587983 0.06086956521739131
5 0.38626609442060084 0.7326086956521739 0.04184549356223176 0.059006211180124224
5 0.15718884120171675 0.7099378881987578 0.05257510729613734 0.05714285714285714
5 0.10193133047210301 0.7065217391304348 0.05793991416309013 0.059006211180124224
5 0.9753218884120172 0.7968944099378882 0.01072961373390558 0.03850931677018633
5 0.7148605150214592 0.7711180124223602 0.03165236051502146 0.03664596273291926
5 0.8513948497854077 0.7866459627329192 0.03648068669527897 0.040372670807453416
5 0.5812768240343348 0.762111801242236 0.028433476394849784 0.03975155279503106
2 0.036212446351931334 0.7059006211180124 0.07242489270386267 0.38198757763975155
5 0.4476931330472103 0.7506211180124224 0.03272532188841202 0.04161490683229813
5 0.29318669527896996 0.7596273291925466 0.0713519313304721 0.09192546583850932
5 0.21700643776824036 0.7543478260869565 0.07671673819742489 0.08881987577639752
10 0.16738197424892703 0.7720496894409938 0.032188841201716736 0.06583850931677018
5 0.91818669527897 0.8791925465838509 0.11856223175965665 0.1360248447204969
5 0.7848712446351931 0.8673913043478261 0.11909871244635194 0.1372670807453416
5 0.6494098712446352 0.8540372670807453 0.11641630901287553 0.13291925465838508
5 0.9562768240343348 0.07763975155279502 0.08637339055793991 0.07453416149068323
5 0.5134120171673819 0.8419254658385094 0.12124463519313304 0.1372670807453416
5 0.3803648068669528 0.8301242236024845 0.11802575107296137 0.1372670807453416
5 0.29935622317596566 0.8363354037267081 0.030042918454935622 0.0453416149068323
5 0.8385193133047211 0.06397515527950311 0.11051502145922747 0.07329192546583851
1 0.15906652360515022 0.8307453416149069 0.023068669527896997 0.05403726708074534
1 0.13546137339055794 0.84472049689441 0.017703862660944206 0.02236024844720497
5 0.7022532188841202 0.05186335403726708 0.11266094420600858 0.07639751552795031
5 0.5678648068669528 0.0391304347826087 0.11319742489270386 0.0782608695652174
5 0.2966738197424893 0.8841614906832298 0.02682403433476395 0.0391304347826087
5 0.43374463519313305 0.03354037267080745 0.11641630901287553 0.0670807453416149
5 0.8403969957081545 0.95 0.0305793991416309 0.04285714285714286
5 0.568401287553648 0.9248447204968944 0.03165236051502146 0.043478260869565216
5 0.7033261802575107 0.9385093167701863 0.03111587982832618 0.043478260869565216
1 0.15504291845493562 0.8835403726708074 0.02467811158798283 0.05403726708074534
5 0.43374463519313305 0.9136645962732919 0.03379828326180258 0.043478260869565216
5 0.9117489270386266 0.9788819875776398 0.050965665236051505 0.040993788819875775
5 0.7762875536480687 0.9726708074534162 0.048283261802575105 0.05341614906832298
5 0.6410944206008584 0.9642857142857143 0.048283261802575105 0.061490683229813665
5 0.5072424892703863 0.9527950310559006 0.053111587982832616 0.062111801242236024
5 0.372049356223176 0.9406832298136646 0.04774678111587983 0.061490683229813665
5 0.2929184549356223 0.9322981366459627 0.033261802575107295 0.043478260869565216
5 0.7011802575107297 0.9798136645962733 0.028969957081545063 0.0391304347826087
5 0.566255364806867 0.9701863354037267 0.03272532188841202 0.03850931677018633
5 0.43186695278969955 0.9583850931677018 0.030042918454935622 0.03975155279503106
5 0.14699570815450644 0.006211180124223602 0.033261802575107295 0.012422360248447204
5 0.21164163090128754 0.02111801242236025 0.08530042918454936 0.0422360248447205
5 0.1440450643776824 0.037267080745341616 0.03272532188841202 0.03354037267080745
5 0.8929721030042919 0.11521739130434783 0.03379828326180258 0.044099378881987575
5 0.7577789699570815 0.10341614906832299 0.03379828326180258 0.044099378881987575
5 0.48873390557939916 0.07919254658385093 0.03540772532188841 0.04285714285714286
5 0.6260729613733905 0.09472049689440994 0.034334763948497854 0.04285714285714286
5 0.20734978540772533 0.07732919254658385 0.08637339055793991 0.07142857142857142
5 0.9645922746781116 0.15590062111801242 0.04721030042918455 0.05714285714285714
5 0.8312768240343348 0.14316770186335404 0.04881974248927039 0.059006211180124224
5 0.697961373390558 0.13136645962732918 0.05150214592274678 0.061490683229813665
5 0.32242489270386265 0.09409937888198758 0.08690987124463519 0.08509316770186336
5 0.5619635193133047 0.12080745341614907 0.050965665236051505 0.059006211180124224
5 0.4273068669527897 0.10683229813664596 0.04560085836909871 0.06335403726708075
5 0.7561695278969958 0.14782608695652175 0.0305793991416309 0.03602484472049689
5 0.8902896995708155 0.16211180124223604 0.03165236051502146 0.03975155279503106
5 0.6247317596566524 0.1375776397515528 0.039163090128755365 0.04161490683229813
5 0.486587982832618 0.12391304347826088 0.03540772532188841 0.04285714285714286
5 0.1378755364806867 0.09161490683229814 0.05257510729613734 0.06024844720496894
2 0.06276824034334764 0.15590062111801242 0.09978540772532189 0.31180124223602484
5 0.20386266094420602 0.14440993788819875 0.08583690987124463 0.07391304347826087
5 0.338519313304721 0.16645962732919253 0.05257510729613734 0.0546583850931677
5 0.29023605150214593 0.1636645962732919 0.032188841201716736 0.05403726708074534
5 0.13465665236051502 0.1577639751552795 0.0536480686695279 0.05341614906832298
5 0.950107296137339 0.253416149068323 0.09871244635193133 0.1341614906832298
5 0.6904506437768241 0.22857142857142856 0.11587982832618025 0.13043478260869565
5 0.5579399141630901 0.21677018633540374 0.11802575107296137 0.13167701863354037
5 0.8253755364806867 0.24378881987577639 0.11212446351931331 0.12732919254658384
5 0.4230150214592275 0.20714285714285716 0.11319742489270386 0.1298136645962733
10 0.10702789699570815 0.20124223602484473 0.012339055793991416 0.02732919254658385
5 0.1333154506437768 0.2111801242236025 0.038090128755364806 0.03975155279503106
5 0.32135193133047213 0.2360248447204969 0.08369098712446352 0.08322981366459627
10 0.10354077253218884 0.23043478260869565 0.012875536480686695 0.02732919254658385
5 0.21432403433476394 0.2468944099378882 0.11856223175965665 0.13354037267080746
5 0.7457081545064378 0.3124223602484472 0.03648068669527897 0.043478260869565216
5 0.4755901287553648 0.28664596273291926 0.03165236051502146 0.044099378881987575
5 0.6091738197424893 0.30372670807453417 0.03379828326180258 0.05093167701863354
5 0.13251072961373392 0.25590062111801243 0.03540772532188841 0.03975155279503106
12 0.10219957081545064 0.2562111801242236 0.013412017167381975 0.027950310559006212
5 0.30337982832618027 0.2956521739130435 0.03594420600858369 0.04472049689440994
5 0.3425429184549356 0.30093167701863355 0.03272532188841202 0.04161490683229813
5 0.9514484978540773 0.3630434782608696 0.05203862660944206 0.06273291925465839
5 0.8167918454935622 0.35093167701863354 0.04774678111587983 0.055900621118012424
5 0.6829399141630901 0.34006211180124224 0.04721030042918455 0.06024844720496894
5 0.414431330472103 0.31832298136645965 0.05203862660944206 0.06397515527950311
5 0.5485515021459227 0.33229813664596275 0.04774678111587983 0.05341614906832298
5 0.8766094420600858 0.36801242236024845 0.034334763948497854 0.04161490683229813
5 0.9970493562231759 0.38198757763975155 0.004828326180257511 0.03975155279503106
5 0.7430257510729614 0.3577639751552795 0.032188841201716736 0.03975155279503106
5 0.47585836909871243 0.33198757763975156 0.033261802575107295 0.04161490683229813
5 0.6078326180257511 0.34782608695652173 0.033261802575107295 0.034782608695652174
5 0.3229613733905579 0.3527950310559006 0.05793991416309013 0.0546583850931677
5 0.21995708154506438 0.34316770186335405 0.05150214592274678 0.0515527950310559
5 0.27226394849785407 0.35062111801242235 0.053111587982832616 0.0515527950310559
5 0.11883047210300429 0.33540372670807456 0.05203862660944206 0.0546583850931677
5 0.16818669527896996 0.3403726708074534 0.053111587982832616 0.049689440993788817
10 0.45976394849785407 0.38850931677018635 0.02467811158798283 0.015527950310559006
10 0.37741416309012876 0.3804347826086957 0.02092274678111588 0.010559006211180125