1 0.320962888665998 0.04655172413793104 0.007021063189568706 0.07241379310344828
1 0.30566700100300903 0.032758620689655175 0.006519558676028084 0.06551724137931035
1 0.9473420260782347 0.6862068965517242 0.006018054162487462 0.06896551724137931
1 0.9423269809428285 0.6844827586206896 0.006018054162487462 0.07241379310344828
1 0.5057673019057172 0.33275862068965517 0.01053159478435306 0.04482758620689655
1 0.48746238716148443 0.3137931034482759 0.010030090270812437 0.041379310344827586
1 0.49699097291875627 0.3258620689655172 0.009027081243731194 0.03793103448275862
1 0.4776830491474423 0.3086206896551724 0.009528585757271816 0.03793103448275862
1 0.4681544633901705 0.2982758620689655 0.009528585757271816 0.03793103448275862
1 0.6652457372116349 0.5103448275862069 0.009528585757271816 0.041379310344827586
1 0.6850551654964895 0.5413793103448276 0.010030090270812437 0.041379310344827586
1 0.6484453360080241 0.5155172413793103 0.006018054162487462 0.05862068965517241
1 0.642678034102307 0.5120689655172413 0.005516549648946841 0.06551724137931035
1 0.6376629889669007 0.5120689655172413 0.005516549648946841 0.06551724137931035
10 0.7113841524573721 0.596551724137931 0.006519558676028084 0.06896551724137931
10 0.6301404212637913 0.5206896551724138 0.005516549648946841 0.06206896551724138
10 0.6206118355065195 0.5137931034482759 0.006519558676028084 0.06896551724137931
1 0.6253761283851554 0.5189655172413793 0.006018054162487462 0.06551724137931035
5 0.5514042126379137 0.4586206896551724 0.01354062186559679 0.07586206896551724
10 0.6820461384152458 0.5862068965517241 0.0050150451354062184 0.06206896551724138
10 0.06369107321965897 0.01206896551724138 0.006018054162487462 0.02413793103448276
10 0.9862086258776329 0.8810344827586207 0.005516549648946841 0.06551724137931035
10 0.9912236710130391 0.8844827586206897 0.004513540621865597 0.06551724137931035
10 0.05892678034102307 0.010344827586206896 0.006519558676028084 0.020689655172413793
1 0.574222668004012 0.4896551724137931 0.017051153460381142 0.0896551724137931
1 0.7196589769307924 0.6327586206896552 0.013039117352056168 0.10689655172413794
1 0.6093279839518556 0.5258620689655172 0.011033099297893681 0.05172413793103448
1 0.7291875626880642 0.6413793103448275 0.009027081243731194 0.1103448275862069
10 0.9949849548645938 0.903448275862069 0.003009027081243731 0.034482758620689655
1 0.7011033099297894 0.6206896551724138 0.013039117352056168 0.1103448275862069
1 0.690320962888666 0.6155172413793103 0.01354062186559679 0.10689655172413794
1 0.4541123370110331 0.38620689655172413 0.009528585757271816 0.041379310344827586
10 0.6394182547642929 0.5655172413793104 0.010030090270812437 0.041379310344827586
5 0.6634904714142428 0.5879310344827586 0.010030090270812437 0.07241379310344828
10 0.7958876629889668 0.7293103448275862 0.009027081243731194 0.03793103448275862
1 0.622617853560682 0.5706896551724138 0.011534603811434303 0.05172413793103448
1 0.7627883650952858 0.7051724137931035 0.006018054162487462 0.06551724137931035
10 0.7577733199598796 0.7017241379310345 0.006018054162487462 0.06551724137931035
10 0.7527582748244734 0.6982758620689655 0.006018054162487462 0.06551724137931035
1 0.7479939819458375 0.6948275862068966 0.005516549648946841 0.06551724137931035
1 0.5248244734202607 0.4793103448275862 0.009528585757271816 0.041379310344827586
10 0.9944834503510531 0.9413793103448276 0.003009027081243731 0.034482758620689655
10 0.5890170511534604 0.5465517241379311 0.005516549648946841 0.06551724137931035
1 0.5932798395185557 0.553448275862069 0.0050150451354062184 0.06551724137931035
10 0.5835005015045135 0.5431034482758621 0.005516549648946841 0.06551724137931035
10 0.7103811434302909 0.6655172413793103 0.005516549648946841 0.06206896551724138
10 0.6807923771313942 0.646551724137931 0.005516549648946841 0.06551724137931035
1 0.7956369107321966 0.7637931034482759 0.009528585757271816 0.03793103448275862
10 0.5441323971915747 0.5258620689655172 0.006018054162487462 0.06551724137931035
1 0.6055667001003009 0.5862068965517241 0.016549648946840523 0.08275862068965517
10 0.549147442326981 0.5310344827586206 0.007021063189568706 0.06896551724137931
10 0.5601805416248746 0.5413793103448276 0.006018054162487462 0.06896551724137931
10 0.5551654964894684 0.5362068965517242 0.006018054162487462 0.06551724137931035
10 0.5388665997993982 0.5241379310344828 0.006519558676028084 0.06896551724137931
5 0.776579739217653 0.753448275862069 0.009528585757271816 0.07241379310344828
1 0.9307923771313942 0.906896551724138 0.006018054162487462 0.06206896551724138
1 0.5240722166499499 0.5137931034482759 0.010030090270812437 0.041379310344827586
1 0.9260280842527583 0.9017241379310345 0.005516549648946841 0.06551724137931035
1 0.9205115346038114 0.896551724137931 0.005516549648946841 0.06206896551724138
1 0.9149949849548646 0.8913793103448275 0.005516549648946841 0.05862068965517241
1 0.5727181544633901 0.5655172413793104 0.0160481444332999 0.08275862068965517
1 0.9097291875626881 0.8913793103448275 0.006018054162487462 0.06551724137931035
1 0.8723671013039117 0.8586206896551725 0.006519558676028084 0.06896551724137931
1 0.8776328986960883 0.8637931034482759 0.006018054162487462 0.06551724137931035
1 0.45310932798395187 0.453448275862069 0.009528585757271816 0.03793103448275862
1 0.8565697091273822 0.8413793103448276 0.006018054162487462 0.06206896551724138
1 0.8671013039117352 0.8568965517241379 0.006018054162487462 0.06551724137931035
1 0.43254764292878634 0.4362068965517241 0.009528585757271816 0.03793103448275862
1 0.8615847542627884 0.85 0.006018054162487462 0.06551724137931035
1 0.4418254764292879 0.44482758620689655 0.010030090270812437 0.04827586206896552
1 0.6238716148445336 0.6344827586206897 0.0160481444332999 0.08275862068965517
1 0.5238214643931796 0.5482758620689655 0.009528585757271816 0.041379310344827586
1 0.7269307923771314 0.746551724137931 0.01053159478435306 0.1
10 0.4418254764292879 0.4724137931034483 0.009027081243731194 0.034482758620689655
10 0.43229689067201604 0.46551724137931033 0.010030090270812437 0.041379310344827586
10 0.7963891675025075 0.8172413793103448 0.0050150451354062184 0.06206896551724138
10 0.7916248746238717 0.8137931034482758 0.005516549648946841 0.06206896551724138
1 0.45235707121364094 0.4844827586206897 0.010030090270812437 0.03793103448275862
1 0.7033600802407222 0.7275862068965517 0.006519558676028084 0.06896551724137931
1 0.7517552657973922 0.7741379310344828 0.0050150451354062184 0.06551724137931035
10 0.7464894684052157 0.7741379310344828 0.005516549648946841 0.06551724137931035
1 0.6948345035105316 0.7275862068965517 0.012537612838515547 0.1103448275862069
10 0.9297893681043129 0.9655172413793104 0.007021063189568706 0.06206896551724138
10 0.9242728184553661 0.9655172413793104 0.006018054162487462 0.06206896551724138
10 0.9134904714142428 0.9586206896551724 0.005516549648946841 0.06206896551724138
10 0.9192577733199598 0.9637931034482758 0.006018054162487462 0.06551724137931035
10 0.90320962888666 0.95 0.006018054162487462 0.06551724137931035
1 0.5233199598796389 0.5827586206896552 0.01053159478435306 0.041379310344827586
10 0.9084754262788365 0.9534482758620689 0.005516549648946841 0.06551724137931035
10 0.8929287863590772 0.9396551724137931 0.005516549648946841 0.06551724137931035
10 0.8979438314944834 0.9448275862068966 0.005516549648946841 0.06206896551724138
10 0.8871614844533601 0.9362068965517242 0.0050150451354062184 0.06551724137931035
10 0.8823971915747242 0.9327586206896552 0.005516549648946841 0.06551724137931035
10 0.8658475426278837 0.9155172413793103 0.005516549648946841 0.06551724137931035
10 0.8603309929789368 0.9120689655172414 0.005516549648946841 0.06551724137931035
10 0.876629889669007 0.9275862068965517 0.0050150451354062184 0.06206896551724138
10 0.8716148445336008 0.9224137931034483 0.006018054162487462 0.06551724137931035
10 0.8555667001003009 0.9086206896551724 0.006018054162487462 0.05862068965517241
10 0.8503009027081244 0.9051724137931034 0.005516549648946841 0.06551724137931035
1 0.4518555667001003 0.5206896551724138 0.010030090270812437 0.041379310344827586
10 0.6416750250752257 0.7206896551724138 0.005516549648946841 0.06896551724137931
10 0.6366599799398195 0.7206896551724138 0.006519558676028084 0.06896551724137931
1 0.7748244734202607 0.8586206896551725 0.009027081243731194 0.11724137931034483
1 0.522567703109328 0.6155172413793103 0.010030090270812437 0.03793103448275862
10 0.7810932798395186 0.8689655172413793 0.006519558676028084 0.06896551724137931
10 0.45160481444333 0.55 0.009528585757271816 0.03103448275862069
1 0.43104312938816447 0.5327586206896552 0.009528585757271816 0.03793103448275862
1 0.4405717151454363 0.5448275862068965 0.01053159478435306 0.041379310344827586
5 0.5752256770310933 0.6913793103448276 0.013039117352056168 0.13448275862068965
1 0.7525075225677031 0.8655172413793103 0.007522567703109328 0.07586206896551724
10 0.7454864593781344 0.8586206896551725 0.007522567703109328 0.07586206896551724
10 0.43981945837512537 0.5741379310344827 0.010030090270812437 0.03793103448275862
1 0.521815446339017 0.653448275862069 0.01053159478435306 0.04482758620689655
10 0.43029087261785354 0.5672413793103448 0.009027081243731194 0.03793103448275862
1 0.6890672016048145 0.8224137931034483 0.011033099297893681 0.05172413793103448
1 0.7176529588766299 0.8603448275862069 0.015045135406218655 0.06551724137931035
1 0.45035105315947843 0.6086206896551725 0.010030090270812437 0.03793103448275862
10 0.5208124373119358 0.6862068965517242 0.009528585757271816 0.034482758620689655
1 0.8543129388164493 0.9844827586206897 0.01053159478435306 0.02413793103448276
10 0.7637913741223671 0.9482758620689655 0.010030090270812437 0.041379310344827586
1 0.6883149448345035 0.8879310344827587 0.011534603811434303 0.05172413793103448
10 0.7630391173520562 0.9827586206896551 0.009528585757271816 0.034482758620689655
10 0.7291875626880642 0.9551724137931035 0.009027081243731194 0.041379310344827586
1 0.7156469408224674 0.9517241379310345 0.0160481444332999 0.06206896551724138
5 0.7394684052156469 0.9724137931034482 0.006519558676028084 0.04827586206896552
10 0.7011033099297894 0.9551724137931035 0.009027081243731194 0.034482758620689655
10 0.6915747241725175 0.9517241379310345 0.010030090270812437 0.041379310344827586
1 0.7510030090270813 0.9741379310344828 0.01354062186559679 0.04482758620689655
10 0.7284353059177533 0.9844827586206897 0.009528585757271816 0.02413793103448276
10 0.5198094282848545 0.8172413793103448 0.006519558676028084 0.06896551724137931
10 0.6998495486459378 0.9844827586206897 0.009528585757271816 0.02413793103448276
10 0.5147943831494484 0.8120689655172414 0.006519558676028084 0.06551724137931035
10 0.4912236710130391 0.7896551724137931 0.005516549648946841 0.06206896551724138
10 0.5080240722166499 0.803448275862069 0.007021063189568706 0.06896551724137931
10 0.5027582748244734 0.7982758620689655 0.005516549648946841 0.06551724137931035
10 0.6905717151454364 0.9810344827586207 0.010030090270812437 0.03103448275862069
10 0.4495987963891675 0.7517241379310344 0.005516549648946841 0.06206896551724138
10 0.4786860581745236 0.7793103448275862 0.005516549648946841 0.06206896551724138
10 0.4726680040120361 0.7724137931034483 0.006519558676028084 0.06896551724137931
1 0.496740220661986 0.7982758620689655 0.006519558676028084 0.07241379310344828
10 0.48495486459378134 0.7862068965517242 0.006018054162487462 0.06896551724137931
1 0.7148946840521565 0.9844827586206897 0.016549648946840523 0.02413793103448276
10 0.46690070210631895 0.7706896551724138 0.006018054162487462 0.06551724137931035
1 0.46138415245737213 0.7655172413793103 0.006018054162487462 0.06896551724137931
10 0.45561685055165496 0.7620689655172413 0.005516549648946841 0.06206896551724138
1 0.8194583751253761 0.4724137931034483 0.007021063189568706 0.06896551724137931
1 0.8044132397191575 0.46206896551724136 0.006018054162487462 0.07586206896551724
1 0.6953360080240722 0.36724137931034484 0.007522567703109328 0.07241379310344828
1 0.679037111334002 0.35172413793103446 0.006018054162487462 0.06896551724137931
1 0.5812437311935807 0.2689655172413793 0.007021063189568706 0.06896551724137931
1 0.5704613841524574 0.25862068965517243 0.006519558676028084 0.06896551724137931
1 0.5539117352056169 0.24310344827586206 0.006519558676028084 0.06551724137931035
1 0.4453360080240722 0.15344827586206897 0.006018054162487462 0.06551724137931035
1 0.4292878635907723 0.1396551724137931 0.007021063189568706 0.07241379310344828
1 0.38415245737211634 0.09827586206896552 0.006018054162487462 0.06551724137931035