10 0.9382080329557158 0.8793859649122807 0.004119464469618949 0.06578947368421052
5 0.7618434603501545 0.6403508771929824 0.010813594232749742 0.17543859649122806
1 0.811534500514933 0.7258771929824561 0.012358393408856848 0.16228070175438597
1 0.7994335736354274 0.7127192982456141 0.01184346035015448 0.14473684210526316
10 0.9001029866117405 0.8552631578947368 0.005149330587023687 0.07894736842105263
1 0.787847579814624 0.7039473684210527 0.01132852729145211 0.13596491228070176
10 0.8671472708547889 0.8135964912280702 0.006179196704428424 0.08333333333333333
1 0.8931513903192585 0.8508771929824561 0.005664263645726055 0.07894736842105263
1 0.842173017507724 0.7828947368421053 0.004634397528321318 0.07456140350877193
10 0.8483522142121525 0.7916666666666666 0.004634397528321318 0.07456140350877193
10 0.910659114315139 0.8837719298245614 0.004634397528321318 0.06578947368421052
1 0.8233779608650875 0.7631578947368421 0.006179196704428424 0.07894736842105263
10 0.916065911431514 0.8903508771929824 0.006179196704428424 0.07894736842105263
10 0.8859423274974253 0.8486842105263158 0.004634397528321318 0.07456140350877193
10 0.9222451081359423 0.9035087719298246 0.005149330587023687 0.07017543859649122
10 0.928681771369722 0.9122807017543859 0.003604531410916581 0.07017543859649122
1 0.7711122554067971 0.706140350877193 0.005664263645726055 0.07894736842105263
10 0.9559732234809475 0.9736842105263158 0.006694129763130793 0.043859649122807015
10 0.9495365602471678 0.9736842105263158 0.006179196704428424 0.043859649122807015
10 0.9364057672502575 0.9627192982456141 0.005664263645726055 0.06578947368421052
1 0.9423274974253347 0.9714912280701754 0.004119464469618949 0.04824561403508772
5 0.5072090628218332 0.4166666666666667 0.0607621009268795 0.5350877192982456
10 0.878475798146241 0.9385964912280702 0.005149330587023687 0.06140350877192982
10 0.9085993820803295 0.9714912280701754 0.004634397528321318 0.04824561403508772
10 0.865859938208033 0.9232456140350878 0.003604531410916581 0.07456140350877193
1 0.9214727085478888 0.9802631578947368 0.004634397528321318 0.03070175438596491
1 0.9152935118434603 0.9736842105263158 0.004634397528321318 0.043859649122807015
10 0.8712667353244078 0.9320175438596491 0.003089598352214212 0.05701754385964912
1 0.8908341915550978 0.9583333333333334 0.004119464469618949 0.06578947368421052
10 0.8851699279093718 0.956140350877193 0.004119464469618949 0.06140350877192982
10 0.8398558187435633 0.8947368421052632 0.003089598352214212 0.05263157894736842
1 0.467816683831102 0.3925438596491228 0.007723995880535531 0.04824561403508772
5 0.6735324407826982 0.6666666666666666 0.028836251287332648 0.20175438596491227
1 0.8223480947476828 0.875 0.006179196704428424 0.05701754385964912
10 0.8465499485066942 0.9078947368421053 0.005149330587023687 0.07017543859649122
10 0.46627188465499486 0.44956140350877194 0.008753861997940269 0.039473684210526314
1 0.7860453141091658 0.8969298245614035 0.01184346035015448 0.16228070175438597
1 0.7986611740473738 0.9122807017543859 0.013388259526261586 0.16666666666666666
1 0.7739443872296602 0.8793859649122807 0.013388259526261586 0.16228070175438597
1 0.8573635427394438 0.9890350877192983 0.006179196704428424 0.013157894736842105
1 0.6506179196704428 0.743421052631579 0.012873326467559218 0.14473684210526316
1 0.8455200823892894 0.9802631578947368 0.005149330587023687 0.03070175438596491
10 0.8511843460350155 0.9824561403508771 0.006179196704428424 0.02631578947368421
1 0.8256951596292482 0.9736842105263158 0.004634397528321318 0.043859649122807015
10 0.8321318228630278 0.9736842105263158 0.007209062821833162 0.043859649122807015
10 0.5813594232749743 0.6710526315789473 0.005149330587023687 0.07894736842105263
1 0.5749227600411947 0.6666666666666666 0.005664263645726055 0.07894736842105263
1 0.283470648815654 0.31140350877192985 0.005664263645726055 0.07894736842105263
1 0.2420185375901133 0.25877192982456143 0.006179196704428424 0.07894736842105263
10 0.22888774459320288 0.2412280701754386 0.004634397528321318 0.07017543859649122
10 0.15550978372811536 0.14473684210526316 0.005149330587023687 0.07017543859649122
1 0.29042224510813597 0.32894736842105265 0.005149330587023687 0.07894736842105263
10 0.14186405767250257 0.12719298245614036 0.006694129763130793 0.09649122807017543
1 0.14881565396498456 0.13815789473684212 0.005149330587023687 0.08333333333333333
10 0.2154994850669413 0.22587719298245615 0.004634397528321318 0.06578947368421052
10 0.22193614830072092 0.23684210526315788 0.006179196704428424 0.07894736842105263
10 0.2090628218331617 0.22149122807017543 0.004119464469618949 0.05701754385964912
10 0.23480947476828012 0.2565789473684211 0.004119464469618949 0.07456140350877193
10 0.07028836251287332 0.03728070175438596 0.005664263645726055 0.07456140350877193
1 0.13542739443872295 0.12280701754385964 0.005149330587023687 0.08771929824561403
10 0.19670442842430483 0.20833333333333334 0.005149330587023687 0.07456140350877193
10 0.1101956745623069 0.08991228070175439 0.005149330587023687 0.07456140350877193
10 0.09062821833161688 0.07017543859649122 0.004119464469618949 0.07017543859649122
10 0.12203913491246138 0.10964912280701754 0.005149330587023687 0.07017543859649122
10 0.2041709577754892 0.21929824561403508 0.004634397528321318 0.07017543859649122
10 0.07672502574665294 0.04824561403508772 0.006179196704428424 0.07017543859649122
10 0.10324407826982493 0.08552631578947369 0.004634397528321318 0.07456140350877193
1 0.5414521112255407 0.6776315789473685 0.005664263645726055 0.07456140350877193
1 0.08470648815653965 0.06140350877192982 0.006694129763130793 0.08771929824561403
10 0.128475798146241 0.1206140350877193 0.004634397528321318 0.07456140350877193
10 0.11637487126673532 0.10964912280701754 0.004119464469618949 0.06140350877192982
10 0.09680741503604531 0.07894736842105263 0.006179196704428424 0.07894736842105263
1 0.7167868177136972 0.9254385964912281 0.006179196704428424 0.07894736842105263
1 0.7577239958805355 0.9671052631578947 0.005664263645726055 0.05701754385964912
1 0.5118434603501545 0.7127192982456141 0.009268795056642637 0.05701754385964912
1 0.487384140061792 0.6842105263157895 0.008753861997940269 0.05263157894736842
1 0.5581874356333677 0.7872807017543859 0.007209062821833162 0.08333333333333333
1 0.5677136972193615 0.8048245614035088 0.004634397528321318 0.07456140350877193
10 0.5550978372811535 0.1600877192982456 0.005149330587023687 0.08333333333333333
1 0.9603501544799176 0.7083333333333334 0.004119464469618949 0.05701754385964912
10 0.9415550978372812 0.6820175438596491 0.003604531410916581 0.05701754385964912
10 0.9546858908341915 0.7017543859649122 0.004119464469618949 0.07017543859649122
1 0.895211122554068 0.631578947368421 0.005664263645726055 0.08771929824561403
1 0.9479917610710608 0.6995614035087719 0.004119464469618949 0.05701754385964912
10 0.9016477857878475 0.6403508771929824 0.004119464469618949 0.07894736842105263
10 0.9132337796086509 0.6557017543859649 0.005664263645726055 0.07456140350877193
10 0.9075695159629248 0.6513157894736842 0.004634397528321318 0.07456140350877193
10 0.7971163748712667 0.5043859649122807 0.005149330587023687 0.07894736842105263
10 0.778063851699279 0.48026315789473684 0.005149330587023687 0.07456140350877193
1 0.8032955715756952 0.5153508771929824 0.005149330587023687 0.06578947368421052
1 0.5185375901132853 0.13157894736842105 0.007209062821833162 0.043859649122807015
1 0.7845005149330587 0.4934210526315789 0.004634397528321318 0.06578947368421052
10 0.7587538619979403 0.4583333333333333 0.005664263645726055 0.07456140350877193
1 0.7716271884654995 0.4780701754385965 0.005664263645726055 0.07894736842105263
10 0.790422245108136 0.5021929824561403 0.005149330587023687 0.06578947368421052
1 0.5020597322348095 0.1162280701754386 0.010298661174047374 0.05701754385964912
5 0.92610710607621 0.7280701754385965 0.018022657054582905 0.20175438596491227
10 0.9392378990731205 0.7763157894736842 0.005149330587023687 0.07894736842105263
10 0.9062821833161689 0.756578947368421 0.004119464469618949 0.06578947368421052
1 0.5507209062821833 0.27850877192982454 0.007723995880535531 0.039473684210526314
10 0.9129763130792997 0.7675438596491229 0.004119464469618949 0.06140350877192982
1 0.9582904222451082 0.8289473684210527 0.004119464469618949 0.07017543859649122
10 0.772399588053553 0.6074561403508771 0.004119464469618949 0.07456140350877193
10 0.7798661174047374 0.6206140350877193 0.003604531410916581 0.07456140350877193
5 0.9487641606591143 0.8552631578947368 0.010813594232749742 0.11403508771929824
1 0.4703913491246138 0.20614035087719298 0.008753861997940269 0.043859649122807015
1 0.7173017507723995 0.5526315789473685 0.012358393408856848 0.14035087719298245
1 0.7021112255406797 0.543859649122807 0.010813594232749742 0.14035087719298245