1 0.6981429572529783 0.19491525423728814 0.007358093903293623 0.06591337099811675
10 0.6615276804484933 0.20433145009416195 0.00350385423966363 0.047080979284369114
10 0.6806236860546602 0.20527306967984935 0.003153468815697267 0.04896421845574388
10 0.6692361597757533 0.2062146892655367 0.00350385423966363 0.047080979284369114
10 0.6730903994393833 0.20527306967984935 0.00350385423966363 0.04896421845574388
10 0.6655571128241066 0.2080979284369115 0.003854239663629993 0.047080979284369114
10 0.6837771548703574 0.2080979284369115 0.003153468815697267 0.05084745762711865
10 0.6764190609670637 0.20903954802259886 0.003854239663629993 0.04896421845574388
10 0.5602662929222144 0.23634651600753295 0.01051156271899089 0.02071563088512241
10 0.5879467414155571 0.23540489642184556 0.009110021023125438 0.022598870056497175
10 0.5688507358093904 0.23634651600753295 0.00805886475122635 0.02448210922787194
10 0.614926419060967 0.23728813559322035 0.008409250175192713 0.026365348399246705
10 0.5786615276804485 0.2401129943502825 0.0094604064470918 0.02824858757062147
10 0.5963559915907498 0.2391713747645951 0.007708479327259986 0.018832391713747645
10 0.6059915907498248 0.2401129943502825 0.008759635599159075 0.02448210922787194
1 0.5520322354590049 0.24764595103578155 0.004555010511562719 0.047080979284369114
10 0.5402943237561317 0.2495291902071563 0.004204625087596356 0.05084745762711865
1 0.5362648913805186 0.24858757062146894 0.003854239663629993 0.05273069679849341
10 0.5439733707077785 0.2504708097928437 0.003854239663629993 0.04896421845574388
10 0.5480028030833918 0.2514124293785311 0.002803083391730904 0.047080979284369114
10 0.5320602662929222 0.2514124293785311 0.004555010511562719 0.054613935969868174
1 0.629292221443588 0.2514124293785311 0.004204625087596356 0.03954802259887006
1 0.6454099509460406 0.2542372881355932 0.00350385423966363 0.03766478342749529
1 0.6497897687456202 0.2542372881355932 0.003854239663629993 0.03766478342749529
1 0.6338472319551507 0.2580037664783427 0.004204625087596356 0.04519774011299435
1 0.7407147862648914 0.2598870056497175 0.009810791871058164 0.08286252354048965
10 0.6848283111422565 0.2627118644067797 0.00805886475122635 0.02448210922787194
1 0.7482480728801681 0.2627118644067797 0.006657323055360897 0.07721280602636535
1 0.755781359495445 0.2664783427495292 0.005606166783461808 0.07721280602636535
1 0.7629642606867554 0.2664783427495292 0.007358093903293623 0.062146892655367235
1 0.6249124036440085 0.2693032015065913 0.004555010511562719 0.04519774011299435
1 0.5611422564821303 0.2711864406779661 0.008759635599159075 0.030131826741996232
10 0.8875262789067975 0.2834274952919021 0.009110021023125438 0.02448210922787194
1 0.8242817098808689 0.2862523540489642 0.00805886475122635 0.022598870056497175
10 0.9106517168885775 0.3013182674199623 0.004204625087596356 0.04519774011299435
5 0.6857042747021724 0.3041431261770245 0.020322354590049056 0.0583804143126177
1 0.8878766643307638 0.3060263653483992 0.007708479327259986 0.01694915254237288
12 0.9013665031534688 0.307909604519774 0.011562718990889979 0.0696798493408663
1 0.8474071478626489 0.3154425612052731 0.003854239663629993 0.047080979284369114
1 0.8621233356692362 0.3145009416195857 0.004555010511562719 0.04143126177024482
1 0.8570427470217239 0.3154425612052731 0.004905395935529082 0.047080979284369114
1 0.8330413454800281 0.3163841807909605 0.003854239663629993 0.03766478342749529
1 0.7012964260686756 0.3229755178907721 0.004555010511562719 0.05084745762711865
1 0.8871758934828311 0.327683615819209 0.008409250175192713 0.018832391713747645
1 0.6629292221443588 0.3380414312617702 0.00700770847932726 0.07721280602636535
1 0.6706377014716188 0.3408662900188324 0.008409250175192713 0.07156308851224105
1 0.7641906096706377 0.3446327683615819 0.004905395935529082 0.04519774011299435
10 0.7687456201822004 0.3474576271186441 0.004204625087596356 0.047080979284369114
1 0.7736510161177295 0.3465160075329567 0.004204625087596356 0.04519774011299435
5 0.7831114225648214 0.3549905838041431 0.01051156271899089 0.096045197740113
10 0.9017168885774351 0.35969868173258 0.008759635599159075 0.022598870056497175
10 0.8847231955150666 0.3606403013182674 0.009110021023125438 0.02448210922787194
10 0.918885774351787 0.384180790960452 0.004555010511562719 0.05273069679849341
10 0.9017168885774351 0.3860640301318267 0.0094604064470918 0.030131826741996232
10 0.8841976173791171 0.3860640301318267 0.00805886475122635 0.018832391713747645
5 0.5951296426068675 0.4077212806026365 0.055711282410651715 0.295668549905838
1 0.7960756832515767 0.4152542372881356 0.009810791871058164 0.07344632768361582
1 0.8058864751226349 0.416195856873823 0.011212333566923615 0.07532956685499058
1 0.815697266993693 0.4171374764595104 0.009810791871058164 0.06591337099811675
1 0.9262438682550805 0.4171374764595104 0.007358093903293623 0.07344632768361582
10 0.8227049754730204 0.4331450094161959 0.004905395935529082 0.04896421845574388
10 0.918885774351787 0.4340866290018832 0.004555010511562719 0.03954802259887006
10 0.8656271899088998 0.4463276836158192 0.003854239663629993 0.04896421845574388
1 0.8607217939733707 0.4491525423728814 0.004555010511562719 0.04896421845574388
10 0.7783812193412754 0.4500941619585687 0.003854239663629993 0.04143126177024482
10 0.8926068675543097 0.4500941619585687 0.003854239663629993 0.04519774011299435
10 0.8411002102312544 0.4510357815442561 0.005255781359495445 0.04331450094161959
10 0.7743517869656622 0.4529190207156309 0.00350385423966363 0.054613935969868174
1 0.8295374912403644 0.4529190207156309 0.003854239663629993 0.047080979284369114
10 0.7825858444288718 0.4529190207156309 0.003854239663629993 0.04331450094161959
1 0.7701471618780659 0.4529190207156309 0.004905395935529082 0.05084745762711865
1 0.8344428871758934 0.4538606403013183 0.005255781359495445 0.04519774011299435
10 0.7881920112123336 0.455743879472693 0.004555010511562719 0.04896421845574388
1 0.8868255080588647 0.4548022598870056 0.006306937631394534 0.07721280602636535
1 0.8789418360196216 0.4566854990583804 0.005956552207428171 0.0696798493408663
1 0.8538892782060267 0.4726930320150659 0.004905395935529082 0.04519774011299435
10 0.8472319551506657 0.4745762711864407 0.005606166783461808 0.04896421845574388
1 0.8985634197617379 0.4868173258003766 0.005255781359495445 0.04331450094161959
10 0.9031184302733006 0.4896421845574388 0.003153468815697267 0.04143126177024482
1 0.9071478626489138 0.4896421845574388 0.004204625087596356 0.04896421845574388
1 0.9258934828311143 0.4943502824858757 0.00805886475122635 0.0583804143126177
12 0.9155571128241066 0.4962335216572505 0.01051156271899089 0.06591337099811675
10 0.8728100911002102 0.519774011299435 0.004204625087596356 0.04896421845574388
10 0.8679046951646812 0.5225988700564972 0.004204625087596356 0.05084745762711865
10 0.8411002102312544 0.5263653483992468 0.003854239663629993 0.05084745762711865
10 0.8360196215837421 0.527306967984934 0.002803083391730904 0.04896421845574388
5 0.8521373510861948 0.527306967984934 0.012613875262789068 0.04519774011299435
1 0.907323055360897 0.5386064030131826 0.004555010511562719 0.04519774011299435
10 0.9032936229852838 0.53954802259887 0.004905395935529082 0.04331450094161959
1 0.5635949544498949 0.564030131826742 0.008759635599159075 0.02448210922787194
10 0.07077785564120533 0.5790960451977402 0.004204625087596356 0.047080979284369114
10 0.07533286615276805 0.5800376647834274 0.00350385423966363 0.04519774011299435
10 0.9248423265592152 0.5800376647834274 0.0094604064470918 0.018832391713747645
10 0.0795374912403644 0.5809792843691148 0.004905395935529082 0.05084745762711865
1 0.5802382620882971 0.5866290018832392 0.009110021023125438 0.02824858757062147
1 0.027505255781359494 0.5866290018832392 0.01296426068675543 0.05084745762711865
1 0.562718990889979 0.588512241054614 0.009810791871058164 0.02824858757062147
10 0.6005606166783461 0.5875706214689266 0.008409250175192713 0.026365348399246705
1 0.5921513665031535 0.5894538606403014 0.009110021023125438 0.030131826741996232
10 0.0786615276804485 0.6337099811676082 0.008759635599159075 0.02448210922787194
10 0.08777154870357393 0.6365348399246704 0.008759635599159075 0.030131826741996232
10 0.0776103714085494 0.6610169491525424 0.008759635599159075 0.018832391713747645
10 0.08742116327960757 0.6610169491525424 0.008759635599159075 0.018832391713747645
10 0.07796075683251577 0.6864406779661016 0.008759635599159075 0.02448210922787194
10 0.08742116327960757 0.6883239171374764 0.008759635599159075 0.02071563088512241
10 0.07848633496846531 0.7146892655367232 0.009810791871058164 0.02071563088512241
10 0.08759635599159075 0.7137476459510358 0.009110021023125438 0.022598870056497175
1 0.0776103714085494 0.7448210922787194 0.006657323055360897 0.02824858757062147
1 0.11632796075683252 0.7862523540489642 0.01051156271899089 0.02448210922787194
1 0.09810791871058164 0.7890772128060264 0.008409250175192713 0.026365348399246705
10 0.13192011212333568 0.7890772128060264 0.013665031534688158 0.026365348399246705
1 0.08759635599159075 0.7919020715630886 0.009110021023125438 0.02448210922787194
10 0.2347582340574632 0.7919020715630886 0.011212333566923615 0.02824858757062147
1 0.22249474421864052 0.7919020715630886 0.009810791871058164 0.02824858757062147
1 0.2566573230553609 0.7947269303201506 0.0094604064470918 0.03389830508474576
1 0.3183251576734408 0.7937853107344632 0.00805886475122635 0.02824858757062147
10 0.24649614576033638 0.795668549905838 0.0094604064470918 0.032015065913371
1 0.3551156271899089 0.795668549905838 0.00805886475122635 0.02071563088512241
10 0.3086895585143658 0.7966101694915254 0.009110021023125438 0.030131826741996232
1 0.36790469516468116 0.7975517890772128 0.009810791871058164 0.02824858757062147
10 0.2967764540995095 0.7966101694915254 0.009110021023125438 0.022598870056497175
10 0.3798177995795375 0.7984934086629002 0.00700770847932726 0.022598870056497175
10 0.39050455501051157 0.800376647834275 0.00805886475122635 0.030131826741996232
1 0.42869656622284513 0.8013182674199624 0.0094604064470918 0.02824858757062147
1 0.4432375613174492 0.800376647834275 0.009110021023125438 0.026365348399246705
10 0.5033286615276804 0.803201506591337 0.00805886475122635 0.02448210922787194
10 0.4926419060967064 0.8041431261770244 0.007708479327259986 0.026365348399246705
1 0.5406447091800981 0.8069679849340866 0.009110021023125438 0.02448210922787194
1 0.6562718990889979 0.8107344632768362 0.01051156271899089 0.02824858757062147
10 0.5842676944639102 0.8116760828625236 0.0094604064470918 0.022598870056497175
10 0.6683601962158374 0.812617702448211 0.007358093903293623 0.02071563088512241
1 0.6895585143658024 0.812617702448211 0.009810791871058164 0.02824858757062147
10 0.560791871058164 0.812617702448211 0.0094604064470918 0.02824858757062147
10 0.6793973370707779 0.8135593220338984 0.007708479327259986 0.022598870056497175
10 0.5967063770147162 0.815442561205273 0.008409250175192713 0.022598870056497175
1 0.8163980378416258 0.8163841807909604 0.011212333566923615 0.02824858757062147
10 0.5737561317449195 0.8163841807909604 0.010161177295024528 0.02448210922787194
10 0.6187806587245971 0.8173258003766478 0.009810791871058164 0.026365348399246705
1 0.7459705676243868 0.8163841807909604 0.011913104414856343 0.02448210922787194
10 0.6065171688857743 0.8173258003766478 0.009810791871058164 0.022598870056497175
10 0.6291170287316048 0.8173258003766478 0.010161177295024528 0.022598870056497175
10 0.8563419761737912 0.8182674199623352 0.008409250175192713 0.02071563088512241
10 0.8682550805886475 0.8192090395480226 0.009810791871058164 0.026365348399246705
1 0.8456552207428171 0.8210922787193974 0.010861948142957253 0.026365348399246705
1 0.8898037841625789 0.8210922787193974 0.010861948142957253 0.022598870056497175
10 0.8796426068675544 0.8229755178907722 0.008759635599159075 0.022598870056497175