1 0.704978813559322 0.26142857142857145 0.00847457627118644 0.07142857142857142
10 0.6655190677966102 0.24857142857142858 0.004766949152542373 0.05142857142857143
10 0.6859110169491526 0.26142857142857145 0.00423728813559322 0.054285714285714284
10 0.6739936440677966 0.2557142857142857 0.004766949152542373 0.054285714285714284
10 0.6779661016949152 0.2557142857142857 0.00423728813559322 0.054285714285714284
10 0.6697563559322034 0.2557142857142857 0.004766949152542373 0.054285714285714284
10 0.6896186440677966 0.26571428571428574 0.00423728813559322 0.05714285714285714
10 0.6814088983050848 0.26142857142857145 0.004766949152542373 0.054285714285714284
10 0.555614406779661 0.21857142857142858 0.011652542372881356 0.025714285714285714
10 0.5855402542372882 0.23714285714285716 0.010063559322033898 0.02857142857142857
10 0.5648834745762712 0.22714285714285715 0.009004237288135594 0.03142857142857143
10 0.614406779661017 0.2542857142857143 0.009533898305084746 0.03428571428571429
10 0.5757415254237288 0.23714285714285716 0.01059322033898305 0.03428571428571429
10 0.5948093220338984 0.24571428571428572 0.00847457627118644 0.022857142857142857
10 0.604343220338983 0.25285714285714284 0.009533898305084746 0.03142857142857143
1 0.5463453389830508 0.22857142857142856 0.005826271186440678 0.05142857142857143
10 0.5338983050847458 0.22 0.005296610169491525 0.05714285714285714
1 0.529396186440678 0.22142857142857142 0.004766949152542373 0.06
10 0.538135593220339 0.22714285714285715 0.005296610169491525 0.054285714285714284
10 0.5421080508474576 0.23 0.003707627118644068 0.04857142857142857
10 0.5246292372881356 0.21857142857142858 0.005826271186440678 0.06
1 0.6297669491525424 0.28 0.005296610169491525 0.045714285714285714
1 0.6469809322033898 0.29 0.003707627118644068 0.04285714285714286
1 0.6517478813559322 0.29285714285714287 0.004766949152542373 0.04285714285714286
1 0.6345338983050848 0.2885714285714286 0.005296610169491525 0.05142857142857143
1 0.7494703389830508 0.3557142857142857 0.011652542372881356 0.09428571428571429
10 0.689353813559322 0.3242857142857143 0.009004237288135594 0.03142857142857143
1 0.7579449152542372 0.3657142857142857 0.00847457627118644 0.08571428571428572
1 0.7658898305084746 0.37142857142857144 0.007415254237288136 0.08571428571428572
1 0.7735699152542372 0.37714285714285717 0.009004237288135594 0.06857142857142857
1 0.6252648305084746 0.29714285714285715 0.005826271186440678 0.05142857142857143
1 0.5561440677966102 0.25857142857142856 0.009533898305084746 0.037142857142857144
10 0.9075741525423728 0.47 0.010063559322033898 0.03142857142857143
1 0.8397775423728814 0.4342857142857143 0.009004237288135594 0.02857142857142857
10 0.9327330508474576 0.5042857142857143 0.005296610169491525 0.04857142857142857
5 0.689353813559322 0.36857142857142855 0.022775423728813558 0.07428571428571429
1 0.9073093220338984 0.49714285714285716 0.00847457627118644 0.022857142857142857
12 0.9216101694915254 0.5057142857142857 0.013771186440677966 0.08
1 0.8636122881355932 0.4828571428571429 0.004766949152542373 0.05142857142857143
1 0.880031779661017 0.49142857142857144 0.005826271186440678 0.045714285714285714
1 0.8736758474576272 0.48857142857142855 0.005826271186440678 0.05142857142857143
1 0.8482521186440678 0.47285714285714286 0.004766949152542373 0.04285714285714286
1 0.7057733050847458 0.40285714285714286 0.005826271186440678 0.05714285714285714
1 0.9067796610169492 0.5185714285714286 0.009533898305084746 0.025714285714285714
1 0.6639300847457628 0.3942857142857143 0.009004237288135594 0.08571428571428572
1 0.6726694915254238 0.4014285714285714 0.01059322033898305 0.08285714285714285
1 0.7733050847457628 0.46285714285714286 0.006355932203389831 0.05142857142857143
10 0.778072033898305 0.4657142857142857 0.005296610169491525 0.05142857142857143
1 0.7833686440677966 0.4714285714285714 0.005296610169491525 0.05142857142857143
5 0.793167372881356 0.4857142857142857 0.013241525423728813 0.10857142857142857
10 0.9210805084745762 0.5628571428571428 0.009533898305084746 0.02857142857142857
10 0.9033368644067796 0.5528571428571428 0.010063559322033898 0.03142857142857143
10 0.9398834745762712 0.6014285714285714 0.005826271186440678 0.06
10 0.9205508474576272 0.5928571428571429 0.01059322033898305 0.037142857142857144
10 0.9022775423728814 0.5828571428571429 0.009004237288135594 0.022857142857142857
5 0.5892478813559322 0.42714285714285716 0.06620762711864407 0.3514285714285714
1 0.8061440677966102 0.56 0.011652542372881356 0.08571428571428572
1 0.8170021186440678 0.5657142857142857 0.013241525423728813 0.08571428571428572
1 0.8270656779661016 0.5728571428571428 0.012182203389830509 0.07714285714285714
1 0.946239406779661 0.6414285714285715 0.009004237288135594 0.08285714285714285
10 0.8344809322033898 0.5928571428571429 0.005826271186440678 0.054285714285714284
10 0.9385593220338984 0.6557142857142857 0.005296610169491525 0.04285714285714286
10 0.8805614406779662 0.6357142857142857 0.004766949152542373 0.054285714285714284
1 0.8752648305084746 0.6371428571428571 0.005826271186440678 0.05714285714285714
10 0.7865466101694916 0.5842857142857143 0.005296610169491525 0.04857142857142857
10 0.909957627118644 0.6542857142857142 0.005296610169491525 0.05142857142857143
10 0.8538135593220338 0.6271428571428571 0.006355932203389831 0.04857142857142857
10 0.7817796610169492 0.5871428571428572 0.00423728813559322 0.06
1 0.8411016949152542 0.6185714285714285 0.005296610169491525 0.054285714285714284
10 0.7907838983050848 0.59 0.005296610169491525 0.04857142857142857
1 0.7778072033898306 0.5828571428571429 0.005826271186440678 0.05714285714285714
1 0.8463983050847458 0.6214285714285714 0.006355932203389831 0.04857142857142857
10 0.796875 0.5985714285714285 0.005826271186440678 0.054285714285714284
1 0.9036016949152542 0.6571428571428571 0.00847457627118644 0.08571428571428572
1 0.8948622881355932 0.6528571428571428 0.007944915254237288 0.07714285714285714
1 0.8670550847457628 0.6571428571428571 0.006355932203389831 0.05142857142857143
10 0.8604343220338984 0.6528571428571428 0.006885593220338983 0.054285714285714284
1 0.9152542372881356 0.6985714285714286 0.006355932203389831 0.04857142857142857
10 0.920021186440678 0.7057142857142857 0.00423728813559322 0.045714285714285714
1 0.9242584745762712 0.7071428571428572 0.005296610169491525 0.054285714285714284
1 0.9449152542372882 0.7242857142857143 0.009533898305084746 0.06571428571428571
12 0.9335275423728814 0.7214285714285714 0.012182203389830509 0.07714285714285714
10 0.8866525423728814 0.7185714285714285 0.005296610169491525 0.054285714285714284
10 0.8813559322033898 0.7171428571428572 0.005296610169491525 0.05714285714285714
10 0.8522245762711864 0.7057142857142857 0.005296610169491525 0.05714285714285714
10 0.846927966101695 0.7042857142857143 0.00423728813559322 0.054285714285714284
5 0.8646716101694916 0.7157142857142857 0.014300847457627119 0.054285714285714284
1 0.9239936440677966 0.7614285714285715 0.005826271186440678 0.04857142857142857
10 0.9192266949152542 0.7585714285714286 0.005826271186440678 0.04857142857142857
1 0.551906779661017 0.5785714285714286 0.009533898305084746 0.03142857142857143
10 0.02065677966101695 0.2914285714285714 0.005296610169491525 0.05142857142857143
10 0.025158898305084745 0.29428571428571426 0.004766949152542373 0.05142857142857143
10 0.9417372881355932 0.8142857142857143 0.01059322033898305 0.022857142857142857
10 0.029396186440677968 0.3 0.005826271186440678 0.05714285714285714
1 0.5696504237288136 0.6114285714285714 0.010063559322033898 0.03428571428571429
1 0.550582627118644 0.6028571428571429 0.011122881355932203 0.03428571428571429
10 0.5913665254237288 0.6285714285714286 0.009004237288135594 0.03428571428571429
1 0.5823622881355932 0.6214285714285714 0.010063559322033898 0.037142857142857144
10 0.02754237288135593 0.3557142857142857 0.009533898305084746 0.03142857142857143
10 0.037076271186440676 0.36428571428571427 0.009533898305084746 0.037142857142857144
10 0.026483050847457626 0.3842857142857143 0.009533898305084746 0.025714285714285714
10 0.0368114406779661 0.39285714285714285 0.010063559322033898 0.025714285714285714
10 0.0256885593220339 0.41285714285714287 0.010063559322033898 0.03142857142857143
10 0.036016949152542374 0.42142857142857143 0.009533898305084746 0.025714285714285714
10 0.0256885593220339 0.44571428571428573 0.011122881355932203 0.02857142857142857
10 0.0357521186440678 0.44857142857142857 0.010063559322033898 0.02857142857142857
1 0.023834745762711863 0.4785714285714286 0.007415254237288136 0.03142857142857143
1 0.06514830508474577 0.5442857142857143 0.011652542372881356 0.03142857142857143
1 0.045550847457627115 0.5357142857142857 0.009533898305084746 0.03142857142857143
10 0.08209745762711865 0.5557142857142857 0.014830508474576272 0.037142857142857144
1 0.03416313559322034 0.5328571428571428 0.010063559322033898 0.03142857142857143
10 0.19253177966101695 0.6228571428571429 0.012182203389830509 0.03428571428571429
1 0.1795550847457627 0.6142857142857143 0.01059322033898305 0.03428571428571429
1 0.21610169491525424 0.6371428571428571 0.01059322033898305 0.04
1 0.283103813559322 0.6771428571428572 0.009004237288135594 0.03428571428571429
10 0.20497881355932204 0.6328571428571429 0.01059322033898305 0.037142857142857144
1 0.3228283898305085 0.7028571428571428 0.009004237288135594 0.02857142857142857
10 0.272510593220339 0.6728571428571428 0.010063559322033898 0.037142857142857144
1 0.3363347457627119 0.7085714285714285 0.01059322033898305 0.03428571428571429
10 0.2592690677966102 0.6657142857142857 0.010063559322033898 0.02857142857142857
10 0.3487817796610169 0.7185714285714285 0.007944915254237288 0.025714285714285714
10 0.3604343220338983 0.7271428571428571 0.009004237288135594 0.037142857142857144
1 0.4014830508474576 0.7514285714285714 0.01059322033898305 0.03428571428571429
1 0.4171080508474576 0.76 0.010063559322033898 0.03428571428571429
10 0.4822563559322034 0.8014285714285714 0.009004237288135594 0.03142857142857143
10 0.4703389830508475 0.7928571428571428 0.00847457627118644 0.03142857142857143
1 0.522510593220339 0.8271428571428572 0.010063559322033898 0.03142857142857143
1 0.6467161016949152 0.9 0.011652542372881356 0.03428571428571429
10 0.569385593220339 0.86 0.01059322033898305 0.02857142857142857
10 0.659957627118644 0.91 0.00847457627118644 0.025714285714285714
1 0.6832627118644068 0.9228571428571428 0.01059322033898305 0.03428571428571429
10 0.5439618644067796 0.8457142857142858 0.01059322033898305 0.03428571428571429
10 0.6721398305084746 0.9171428571428571 0.00847457627118644 0.02857142857142857
10 0.583156779661017 0.8685714285714285 0.009533898305084746 0.02857142857142857
1 0.8201800847457628 0.9914285714285714 0.013241525423728813 0.011428571428571429
10 0.5582627118644068 0.8557142857142858 0.011652542372881356 0.03142857142857143
10 0.6067266949152542 0.8871428571428571 0.011122881355932203 0.03142857142857143
1 0.7433792372881356 0.9642857142857143 0.013241525423728813 0.03142857142857143
10 0.5932203389830508 0.8771428571428571 0.01059322033898305 0.02857142857142857
10 0.6178495762711864 0.8914285714285715 0.011122881355932203 0.02857142857142857