10 0.11272923408845739 0.27136752136752135 0.004314994606256742 0.07264957264957266
1 0.06472491909385113 0.28205128205128205 0.008629989212513484 0.03418803418803419
1 0.6264832793959008 0.28846153846153844 0.009169363538295576 0.029914529914529916
10 0.28236245954692557 0.28846153846153844 0.007011866235167206 0.029914529914529916
10 0.40668824163969797 0.28846153846153844 0.007551240560949299 0.021367521367521368
1 0.7305825242718447 0.2863247863247863 0.007011866235167206 0.02564102564102564
1 0.9474110032362459 0.28846153846153844 0.007011866235167206 0.029914529914529916
1 0.18338727076591155 0.2905982905982906 0.007551240560949299 0.02564102564102564
1 0.848435814455232 0.29273504273504275 0.007551240560949299 0.021367521367521368
10 0.38807982740021574 0.2905982905982906 0.007011866235167206 0.02564102564102564
10 0.5078209277238404 0.297008547008547 0.008090614886731391 0.029914529914529916
1 0.8333333333333334 0.297008547008547 0.007551240560949299 0.038461538461538464
1 0.5377562028047465 0.30982905982905984 0.003236245954692557 0.04700854700854701
1 0.5431499460625674 0.30982905982905984 0.003236245954692557 0.04700854700854701
10 0.6750269687162891 0.30982905982905984 0.007011866235167206 0.021367521367521368
1 0.9395900755124056 0.3076923076923077 0.004314994606256742 0.06837606837606838
1 0.7165587918015103 0.30982905982905984 0.0048543689320388345 0.05555555555555555
10 0.4935275080906149 0.3076923076923077 0.004314994606256742 0.05982905982905983
10 0.27130528586839264 0.31196581196581197 0.005393743257820928 0.07692307692307693
1 0.16747572815533981 0.3141025641025641 0.0048543689320388345 0.07264957264957266
10 0.6839266450916937 0.3141025641025641 0.005393743257820928 0.021367521367521368
1 0.6129989212513485 0.31196581196581197 0.0037756202804746495 0.06837606837606838
1 0.04800431499460626 0.3141025641025641 0.004314994606256742 0.0641025641025641
1 0.6264832793959008 0.3162393162393162 0.005933117583603021 0.03418803418803419
1 0.7297734627831716 0.3162393162393162 0.005393743257820928 0.02564102564102564
1 0.7046925566343042 0.32264957264957267 0.002696871628910464 0.05555555555555555
10 0.40668824163969797 0.32051282051282054 0.007551240560949299 0.02564102564102564
1 0.6909385113268608 0.32264957264957267 0.002157497303128371 0.04700854700854701
1 0.8492448759439051 0.32051282051282054 0.007011866235167206 0.02564102564102564
10 0.5075512405609492 0.32051282051282054 0.007551240560949299 0.02564102564102564
1 0.6685544768069039 0.32264957264957267 0.0037756202804746495 0.04700854700854701
10 0.2826321467098166 0.32051282051282054 0.007551240560949299 0.03418803418803419
1 0.947950377562028 0.3247863247863248 0.007011866235167206 0.03418803418803419
1 0.1836569579288026 0.3247863247863248 0.007011866235167206 0.02564102564102564
10 0.9921790722761596 0.3269230769230769 0.0048543689320388345 0.0641025641025641
1 0.06499460625674218 0.3269230769230769 0.007011866235167206 0.021367521367521368
10 0.924217907227616 0.33974358974358976 0.0037756202804746495 0.05555555555555555
10 0.959546925566343 0.3418803418803419 0.004314994606256742 0.06837606837606838
10 0.9541531823085221 0.3482905982905983 0.004314994606256742 0.0641025641025641
10 0.38538295577130527 0.34615384615384615 0.012405609492988134 0.05982905982905983
1 0.830906148867314 0.34615384615384615 0.014563106796116505 0.05128205128205128
10 0.6752966558791802 0.34615384615384615 0.006472491909385114 0.03418803418803419
10 0.6841963322545846 0.3525641025641026 0.007011866235167206 0.021367521367521368
10 0.9778856526429341 0.3504273504273504 0.003236245954692557 0.05982905982905983
10 0.6974110032362459 0.3525641025641026 0.006472491909385114 0.029914529914529916
1 0.8651564185544768 0.3803418803418803 0.007551240560949299 0.03418803418803419
1 0.8756742179072277 0.38461538461538464 0.007011866235167206 0.02564102564102564
1 0.040453074433656956 0.4166666666666667 0.003236245954692557 0.04700854700854701
1 0.05016181229773463 0.4166666666666667 0.003236245954692557 0.05555555555555555
1 0.06040992448759439 0.41452991452991456 0.004314994606256742 0.05982905982905983
1 0.02481121898597627 0.41452991452991456 0.004314994606256742 0.05982905982905983
1 0.05501618122977346 0.41452991452991456 0.003236245954692557 0.05982905982905983
1 0.01483279395900755 0.41452991452991456 0.0048543689320388345 0.05982905982905983
1 0.045307443365695796 0.41452991452991456 0.003236245954692557 0.05128205128205128
1 0.009439050701186624 0.4166666666666667 0.0048543689320388345 0.05555555555555555
1 0.029935275080906147 0.42094017094017094 0.0037756202804746495 0.04700854700854701
1 0.03532901833872708 0.42094017094017094 0.0048543689320388345 0.05555555555555555
1 0.019687162891046387 0.4188034188034188 0.0037756202804746495 0.05982905982905983
1 0.0037756202804746495 0.42094017094017094 0.004314994606256742 0.05555555555555555
1 0.0709277238403452 0.4188034188034188 0.002696871628910464 0.05982905982905983
1 0.06553398058252427 0.42094017094017094 0.0048543689320388345 0.05555555555555555
10 0.8756742179072277 0.4230769230769231 0.008090614886731391 0.03418803418803419
10 0.866235167206041 0.4252136752136752 0.008629989212513484 0.029914529914529916
10 0.8983279395900755 0.43803418803418803 0.0037756202804746495 0.05555555555555555
12 0.8886192017259978 0.44017094017094016 0.009169363538295576 0.06837606837606838
1 0.1353829557713053 0.4423076923076923 0.003236245954692557 0.0641025641025641
1 0.9902912621359223 0.4423076923076923 0.006472491909385114 0.0811965811965812
1 0.13160733549083065 0.4465811965811966 0.003236245954692557 0.04700854700854701
1 0.08629989212513485 0.44871794871794873 0.005393743257820928 0.02564102564102564
1 0.5676914778856527 0.44871794871794873 0.002696871628910464 0.05128205128205128
10 0.14266450916936355 0.44871794871794873 0.008090614886731391 0.03418803418803419
1 0.5706580366774542 0.4551282051282051 0.003236245954692557 0.04700854700854701
5 0.10949298813376483 0.452991452991453 0.02912621359223301 0.23931623931623933
1 0.5857605177993528 0.4594017094017094 0.003236245954692557 0.0641025641025641
12 0.15426105717367852 0.4700854700854701 0.009708737864077669 0.07692307692307693
10 0.24568500539374324 0.4722222222222222 0.0048543689320388345 0.05555555555555555
10 0.7901833872707659 0.47435897435897434 0.007551240560949299 0.03418803418803419
10 0.1739482200647249 0.47435897435897434 0.0037756202804746495 0.05982905982905983
10 0.23597626752966558 0.47649572649572647 0.002696871628910464 0.05555555555555555
1 0.7766990291262136 0.47649572649572647 0.014023732470334413 0.05555555555555555
10 0.20388349514563106 0.47435897435897434 0.004314994606256742 0.05128205128205128
10 0.24029126213592233 0.47649572649572647 0.0037756202804746495 0.04700854700854701
10 0.19498381877022652 0.47649572649572647 0.0037756202804746495 0.05555555555555555
10 0.23004314994606256 0.47435897435897434 0.002696871628910464 0.042735042735042736
12 0.8217367853290184 0.47435897435897434 0.007011866235167206 0.07692307692307693
10 0.20981661272923408 0.47649572649572647 0.004314994606256742 0.04700854700854701
10 0.21548004314994607 0.47435897435897434 0.0037756202804746495 0.042735042735042736
10 0.17988133764832795 0.47649572649572647 0.0037756202804746495 0.05555555555555555
10 0.18932038834951456 0.4807692307692308 0.005393743257820928 0.04700854700854701
1 0.0854908306364617 0.4807692307692308 0.005933117583603021 0.029914529914529916
10 0.2197950377562028 0.4807692307692308 0.0048543689320388345 0.04700854700854701
10 0.19956850053937433 0.4807692307692308 0.004314994606256742 0.05555555555555555
12 0.802319309600863 0.47863247863247865 0.009169363538295576 0.07692307692307693
10 0.22545846817691478 0.4807692307692308 0.004314994606256742 0.038461538461538464
10 0.18392664509169362 0.47863247863247865 0.005393743257820928 0.05982905982905983
10 0.06957928802588997 0.48717948717948717 0.004314994606256742 0.05982905982905983
10 0.05501618122977346 0.4893162393162393 0.004314994606256742 0.0641025641025641
10 0.04018338727076591 0.48717948717948717 0.0037756202804746495 0.05982905982905983
10 0.05016181229773463 0.48717948717948717 0.004314994606256742 0.05982905982905983
10 0.06661272923408845 0.48717948717948717 0.0048543689320388345 0.05128205128205128
12 0.8640776699029126 0.48717948717948717 0.008629989212513484 0.06837606837606838
10 0.06040992448759439 0.4893162393162393 0.004314994606256742 0.05555555555555555
10 0.0296655879180151 0.4935897435897436 0.005393743257820928 0.05555555555555555
10 0.03478964401294499 0.4935897435897436 0.0048543689320388345 0.04700854700854701
10 0.009169363538295576 0.49145299145299143 0.004314994606256742 0.05982905982905983
10 0.02454153182308522 0.49145299145299143 0.0048543689320388345 0.05128205128205128
10 0.014023732470334413 0.4935897435897436 0.004314994606256742 0.05555555555555555
10 0.0040453074433656954 0.49145299145299143 0.0048543689320388345 0.05982905982905983
10 0.04557713052858684 0.49145299145299143 0.0037756202804746495 0.05982905982905983
10 0.019417475728155338 0.49572649572649574 0.004314994606256742 0.05128205128205128
10 0.9751887810140237 0.49572649572649574 0.008629989212513484 0.02564102564102564
1 0.9911003236245954 0.5 0.007011866235167206 0.03418803418803419
1 0.6898597626752967 0.5 0.006472491909385114 0.02564102564102564
1 0.7044228694714132 0.5021367521367521 0.007551240560949299 0.021367521367521368
1 0.843311758360302 0.5064102564102564 0.007011866235167206 0.09829059829059829
10 0.1407766990291262 0.5042735042735043 0.004314994606256742 0.05982905982905983
1 0.8519417475728155 0.5106837606837606 0.007011866235167206 0.09829059829059829
10 0.1459007551240561 0.5085470085470085 0.0048543689320388345 0.05982905982905983
12 0.895361380798274 0.5213675213675214 0.010787486515641856 0.05982905982905983
12 0.8810679611650486 0.5256410256410257 0.008090614886731391 0.05128205128205128
10 0.5833333333333334 0.5341880341880342 0.007011866235167206 0.03418803418803419
10 0.8357605177993528 0.5363247863247863 0.0037756202804746495 0.05555555555555555
10 0.15480043149946063 0.5384615384615384 0.008629989212513484 0.03418803418803419
10 0.2405609492988134 0.5448717948717948 0.004314994606256742 0.04700854700854701
10 0.174487594390507 0.5427350427350427 0.002696871628910464 0.05128205128205128
10 0.790453074433657 0.5448717948717948 0.008090614886731391 0.029914529914529916
10 0.18959007551240561 0.5448717948717948 0.0037756202804746495 0.05555555555555555
10 0.17934196332254584 0.5448717948717948 0.002696871628910464 0.05555555555555555
10 0.19902912621359223 0.5448717948717948 0.004314994606256742 0.0641025641025641
1 0.6971413160733549 0.5470085470085471 0.0037756202804746495 0.05128205128205128
10 0.22464940668824163 0.5470085470085471 0.0048543689320388345 0.05128205128205128
10 0.2297734627831715 0.5470085470085471 0.006472491909385114 0.05982905982905983
10 0.18446601941747573 0.5491452991452992 0.004314994606256742 0.05555555555555555
1 0.7775080906148867 0.5491452991452992 0.014563106796116505 0.0641025641025641
10 0.24541531823085222 0.5491452991452992 0.004314994606256742 0.0641025641025641
10 0.2197950377562028 0.5491452991452992 0.0048543689320388345 0.04700854700854701
10 0.21494066882416396 0.5491452991452992 0.0048543689320388345 0.05555555555555555
10 0.20954692556634305 0.5491452991452992 0.005933117583603021 0.05555555555555555
10 0.23597626752966558 0.5491452991452992 0.0037756202804746495 0.04700854700854701
10 0.19444444444444445 0.5512820512820513 0.0037756202804746495 0.05128205128205128
10 0.8214670981661273 0.5512820512820513 0.007551240560949299 0.03418803418803419
10 0.9911003236245954 0.5512820512820513 0.0048543689320388345 0.05982905982905983
10 0.20442286947141317 0.5555555555555556 0.004314994606256742 0.05128205128205128
12 0.802319309600863 0.5576923076923077 0.008090614886731391 0.0641025641025641
10 0.9738403451995685 0.5683760683760684 0.007011866235167206 0.02564102564102564
10 0.5825242718446602 0.5726495726495726 0.007551240560949299 0.03418803418803419
1 0.9250269687162891 0.5769230769230769 0.008629989212513484 0.1282051282051282
10 0.8937432578209277 0.5961538461538461 0.009708737864077669 0.04700854700854701
10 0.8131067961165048 0.6004273504273504 0.0037756202804746495 0.07264957264957266
1 0.6866235167206041 0.6047008547008547 0.006472491909385114 0.021367521367521368
1 0.8209277238403452 0.6047008547008547 0.009708737864077669 0.038461538461538464
1 0.8411542610571737 0.6132478632478633 0.012405609492988134 0.038461538461538464
10 0.5838727076591155 0.6132478632478633 0.007011866235167206 0.029914529914529916
1 0.9743797195253506 0.6111111111111112 0.007011866235167206 0.02564102564102564
10 0.8298274002157497 0.6175213675213675 0.0037756202804746495 0.07264957264957266
10 0.9916396979503775 0.6217948717948718 0.002696871628910464 0.05555555555555555
1 0.7766990291262136 0.6346153846153846 0.014023732470334413 0.04700854700854701
1 0.8015102481121898 0.6388888888888888 0.014023732470334413 0.05555555555555555
1 0.7038834951456311 0.6452991452991453 0.007551240560949299 0.11965811965811966
10 0.9735706580366774 0.6495726495726496 0.006472491909385114 0.02564102564102564
10 0.5836030204962244 0.6538461538461539 0.006472491909385114 0.03418803418803419
10 0.49406688241639696 0.6602564102564102 0.007551240560949299 0.029914529914529916
1 0.9026429341963322 0.6623931623931624 0.005933117583603021 0.07692307692307693
10 0.9112729234088457 0.6623931623931624 0.0048543689320388345 0.05982905982905983
5 0.5347896440129449 0.6645299145299145 0.05447680690399137 0.43162393162393164
10 0.8948220064724919 0.6666666666666666 0.005393743257820928 0.06837606837606838
1 0.5676914778856527 0.6730769230769231 0.002696871628910464 0.05555555555555555
10 0.9177454153182308 0.6730769230769231 0.0037756202804746495 0.0641025641025641
1 0.5709277238403452 0.6709401709401709 0.0037756202804746495 0.05128205128205128
10 0.5836030204962244 0.6987179487179487 0.007551240560949299 0.029914529914529916
10 0.9867853290183387 0.7051282051282052 0.0048543689320388345 0.06837606837606838
10 0.8713592233009708 0.7072649572649573 0.0048543689320388345 0.04700854700854701
1 0.7775080906148867 0.7094017094017094 0.01348435814455232 0.05982905982905983
1 0.8670442286947141 0.7136752136752137 0.0037756202804746495 0.05128205128205128
1 0.9457928802588996 0.7200854700854701 0.005933117583603021 0.13247863247863248
1 0.9350053937432579 0.7243589743589743 0.007011866235167206 0.12393162393162394
10 0.9010248112189859 0.7264957264957265 0.007011866235167206 0.03418803418803419
1 0.9099244875943905 0.7350427350427351 0.005393743257820928 0.02564102564102564
10 0.5830636461704423 0.7414529914529915 0.008629989212513484 0.029914529914529916
10 0.8527508090614887 0.7414529914529915 0.007551240560949299 0.029914529914529916
1 0.7891046386192018 0.7393162393162394 0.005393743257820928 0.02564102564102564
1 0.7408306364617044 0.75 0.007011866235167206 0.09829059829059829
1 0.8066343042071198 0.7478632478632479 0.007011866235167206 0.1111111111111111
1 0.7980043149946062 0.75 0.005933117583603021 0.10683760683760683
5 0.7259978425026968 0.7542735042735043 0.012944983818770227 0.11538461538461539
10 0.9174757281553398 0.7542735042735043 0.004314994606256742 0.0641025641025641
1 0.8163430420711975 0.7521367521367521 0.007011866235167206 0.1111111111111111
1 0.8241639697950378 0.7628205128205128 0.006472491909385114 0.10683760683760683
10 0.8616504854368932 0.7692307692307693 0.0037756202804746495 0.05982905982905983
10 0.9007551240560949 0.7756410256410257 0.006472491909385114 0.029914529914529916
10 0.8446601941747572 0.7735042735042735 0.003236245954692557 0.05982905982905983
1 0.9096548004314995 0.7777777777777778 0.007011866235167206 0.02564102564102564
10 0.5838727076591155 0.7799145299145299 0.007011866235167206 0.029914529914529916
1 0.8406148867313916 0.7777777777777778 0.0037756202804746495 0.042735042735042736
1 0.4981121898597627 0.7884615384615384 0.002696871628910464 0.05555555555555555
1 0.8532901833872708 0.7884615384615384 0.007551240560949299 0.038461538461538464
1 0.494336569579288 0.7884615384615384 0.0037756202804746495 0.05555555555555555
10 0.7885652642934197 0.7905982905982906 0.007551240560949299 0.02564102564102564
10 0.5830636461704423 0.8205128205128205 0.007551240560949299 0.02564102564102564
10 0.901294498381877 0.8311965811965812 0.008629989212513484 0.029914529914529916
1 0.7664509169363538 0.8290598290598291 0.006472491909385114 0.1111111111111111
10 0.9155879180151025 0.8333333333333334 0.008090614886731391 0.03418803418803419
5 0.8789104638619202 0.8354700854700855 0.019956850053937433 0.12393162393162394
1 0.7580906148867314 0.8333333333333334 0.007011866235167206 0.1111111111111111
10 0.9088457389428263 0.8525641025641025 0.004314994606256742 0.0641025641025641
1 0.8497842502696872 0.8525641025641025 0.0037756202804746495 0.05555555555555555
10 0.8392664509169363 0.8525641025641025 0.004314994606256742 0.04700854700854701
10 0.8443905070118662 0.8568376068376068 0.002696871628910464 0.05555555555555555
10 0.8554476806903991 0.8568376068376068 0.004314994606256742 0.0641025641025641
10 0.860302049622438 0.8589743589743589 0.004314994606256742 0.05982905982905983
10 0.5838727076591155 0.8589743589743589 0.007011866235167206 0.02564102564102564
10 0.9279935275080906 0.8803418803418803 0.002696871628910464 0.06837606837606838
1 0.9228694714131608 0.8867521367521367 0.002157497303128371 0.05555555555555555
10 0.5730852211434736 0.8974358974358975 0.0037756202804746495 0.05128205128205128
10 0.5844120819848975 0.9038461538461539 0.007011866235167206 0.029914529914529916
10 0.8489751887810141 0.9294871794871795 0.004314994606256742 0.04700854700854701
10 0.8538295577130529 0.9294871794871795 0.003236245954692557 0.05555555555555555
1 0.9166666666666666 0.938034188034188 0.007011866235167206 0.10683760683760683
10 0.9034519956850054 0.9487179487179487 0.003236245954692557 0.05128205128205128
10 0.8988673139158576 0.9508547008547008 0.0037756202804746495 0.05555555555555555
10 0.9091154261057174 0.9551282051282052 0.0037756202804746495 0.0641025641025641
10 0.5876483279395901 0.9551282051282052 0.007011866235167206 0.029914529914529916
10 0.9279935275080906 0.9594017094017094 0.0037756202804746495 0.05555555555555555
1 0.9223300970873787 0.9636752136752137 0.003236245954692557 0.05555555555555555
1 0.5269687162891047 0.9615384615384616 0.004314994606256742 0.05982905982905983
1 0.5315533980582524 0.967948717948718 0.0037756202804746495 0.05555555555555555
1 0.7575512405609492 0.9572649572649573 0.008090614886731391 0.07692307692307693
10 0.5951995685005393 0.9722222222222222 0.0037756202804746495 0.05555555555555555
10 0.558252427184466 0.9722222222222222 0.003236245954692557 0.04700854700854701
1 0.7659115426105717 0.9551282051282052 0.007551240560949299 0.0811965811965812
10 0.5709277238403452 0.9722222222222222 0.0037756202804746495 0.04700854700854701
12 0.8341423948220065 0.9636752136752137 0.011326860841423949 0.0641025641025641
10 0.5806364617044228 0.9764957264957265 0.0037756202804746495 0.038461538461538464
10 0.8705501618122977 0.9786324786324786 0.004314994606256742 0.03418803418803419
12 0.8789104638619202 0.9743589743589743 0.007011866235167206 0.042735042735042736
12 0.8875404530744336 0.9786324786324786 0.008090614886731391 0.03418803418803419
10 0.5879180151024811 0.9893162393162394 0.007551240560949299 0.01282051282051282
1 0.7456850053937433 0.9829059829059829 0.0037756202804746495 0.02564102564102564
1 0.75 0.9850427350427351 0.0037756202804746495 0.021367521367521368
1 0.10625674217907227 0.14957264957264957 0.006472491909385114 0.02564102564102564
1 0.12001078748651564 0.14957264957264957 0.005933117583603021 0.02564102564102564
1 0.10275080906148867 0.19658119658119658 0.014563106796116505 0.05982905982905983
1 0.1232470334412082 0.1987179487179487 0.014563106796116505 0.05555555555555555
1 0.5625674217907227 0.21581196581196582 0.014023732470334413 0.0641025641025641
10 0.3284789644012945 0.2329059829059829 0.007551240560949299 0.10683760683760683
1 0.7885652642934197 0.2329059829059829 0.007551240560949299 0.11538461538461539
1 0.8945523193096009 0.2329059829059829 0.008090614886731391 0.12393162393162394
1 0.10194174757281553 0.2670940170940171 0.012944983818770227 0.04700854700854701