10 0.9544228694714132 0.3032258064516129 0.002696871628910464 0.05161290322580645
10 0.9676375404530745 0.3064516129032258 0.003236245954692557 0.05806451612903226
10 0.9633225458468176 0.30806451612903224 0.003236245954692557 0.04838709677419355
10 0.9722222222222222 0.30806451612903224 0.002696871628910464 0.04838709677419355
10 0.0186084142394822 0.20967741935483872 0.002696871628910464 0.04516129032258064
10 0.9584681769147788 0.3064516129032258 0.004314994606256742 0.05806451612903226
10 0.014563106796116505 0.20967741935483872 0.002157497303128371 0.03870967741935484
10 0.010517799352750809 0.20967741935483872 0.002696871628910464 0.03870967741935484
10 0.977076591154261 0.31129032258064515 0.0037756202804746495 0.054838709677419356
10 0.005933117583603021 0.21129032258064517 0.003236245954692557 0.041935483870967745
10 0.0024271844660194173 0.21129032258064517 0.002696871628910464 0.04838709677419355
1 0.19741100323624594 0.2403225806451613 0.002157497303128371 0.041935483870967745
1 0.18797195253505933 0.2435483870967742 0.002696871628910464 0.035483870967741936
1 0.1836569579288026 0.24193548387096775 0.002696871628910464 0.03870967741935484
1 0.16531823085221142 0.2403225806451613 0.002696871628910464 0.041935483870967745
1 0.20145631067961164 0.2435483870967742 0.0016181229773462784 0.041935483870967745
1 0.16127292340884575 0.23870967741935484 0.002157497303128371 0.03870967741935484
1 0.17017259978425028 0.24193548387096775 0.002696871628910464 0.03870967741935484
1 0.17475728155339806 0.2403225806451613 0.002157497303128371 0.041935483870967745
1 0.1930960086299892 0.2435483870967742 0.002157497303128371 0.041935483870967745
1 0.17880258899676377 0.2435483870967742 0.002696871628910464 0.035483870967741936
10 0.7162891046386192 0.3370967741935484 0.004314994606256742 0.054838709677419356
10 0.7117044228694714 0.33548387096774196 0.0037756202804746495 0.05161290322580645
1 0.8290183387270766 0.3709677419354839 0.002157497303128371 0.03870967741935484
1 0.8611111111111112 0.3774193548387097 0.002696871628910464 0.04516129032258064
1 0.8379180151024811 0.3758064516129032 0.002696871628910464 0.035483870967741936
1 0.854908306364617 0.3758064516129032 0.002157497303128371 0.035483870967741936
1 0.8465480043149946 0.3741935483870968 0.002696871628910464 0.03225806451612903
1 0.8740560949298813 0.3774193548387097 0.002696871628910464 0.03225806451612903
1 0.8327939590075513 0.3790322580645161 0.003236245954692557 0.041935483870967745
1 0.8702804746494067 0.38225806451612904 0.002696871628910464 0.035483870967741936
1 0.8419633225458468 0.3774193548387097 0.002157497303128371 0.03870967741935484
1 0.8505933117583603 0.3790322580645161 0.003236245954692557 0.041935483870967745
1 0.8864617044228694 0.38387096774193546 0.002696871628910464 0.03870967741935484
1 0.8656957928802589 0.38064516129032255 0.002157497303128371 0.03870967741935484
1 0.8783710895361381 0.38548387096774195 0.002696871628910464 0.041935483870967745
1 0.20442286947141317 0.31451612903225806 0.003236245954692557 0.04838709677419355
1 0.20954692556634305 0.3161290322580645 0.0037756202804746495 0.04516129032258064
1 0.8824163969795038 0.3903225806451613 0.002157497303128371 0.04516129032258064
1 0.5528586839266451 0.3580645161290323 0.003236245954692557 0.05161290322580645
1 0.5485436893203883 0.3564516129032258 0.003236245954692557 0.04838709677419355
10 0.0029665587918015104 0.30483870967741933 0.0048543689320388345 0.06129032258064516
1 0.5995145631067961 0.36774193548387096 0.007011866235167206 0.01935483870967742
10 0.5320927723840345 0.36451612903225805 0.008090614886731391 0.025806451612903226
1 0.5253505933117584 0.3741935483870968 0.003236245954692557 0.05161290322580645
1 0.5995145631067961 0.3919354838709677 0.007011866235167206 0.016129032258064516
1 0.5418015102481122 0.3919354838709677 0.007011866235167206 0.016129032258064516
1 0.5323624595469255 0.3951612903225806 0.008629989212513484 0.02258064516129032
1 0.7815533980582524 0.4306451612903226 0.012944983818770227 0.041935483870967745
10 0.8921251348435815 0.45483870967741935 0.004314994606256742 0.05161290322580645
1 0.15210355987055016 0.3774193548387097 0.007551240560949299 0.1032258064516129
1 0.5418015102481122 0.41774193548387095 0.005933117583603021 0.016129032258064516
10 0.002696871628910464 0.36774193548387096 0.004314994606256742 0.05806451612903226
1 0.8810679611650486 0.4629032258064516 0.01348435814455232 0.02903225806451613
10 0.5329018338727076 0.4258064516129032 0.008629989212513484 0.025806451612903226
10 0.8624595469255664 0.4645161290322581 0.008629989212513484 0.01935483870967742
5 0.1825782092772384 0.3935483870967742 0.036138079827400214 0.16774193548387098
1 0.9336569579288025 0.4806451612903226 0.008629989212513484 0.1032258064516129
1 0.9433656957928802 0.482258064516129 0.006472491909385114 0.1
1 0.9622437971952535 0.4838709677419355 0.006472491909385114 0.0967741935483871
1 0.9714131607335491 0.4854838709677419 0.006472491909385114 0.0935483870967742
1 0.9530744336569579 0.48870967741935484 0.006472491909385114 0.1
1 0.9978425026968716 0.4935483870967742 0.004314994606256742 0.0967741935483871
1 0.9900215749730313 0.49516129032258066 0.005933117583603021 0.1
1 0.9813915857605178 0.49193548387096775 0.005933117583603021 0.0935483870967742
1 0.7812837108953614 0.4774193548387097 0.01348435814455232 0.03225806451612903
1 0.8193096008629989 0.4854838709677419 0.004314994606256742 0.07419354838709677
1 0.8276699029126213 0.4870967741935484 0.0048543689320388345 0.07096774193548387
10 0.5320927723840345 0.4612903225806452 0.008090614886731391 0.025806451612903226
10 0.8346817691477886 0.49838709677419357 0.0037756202804746495 0.04838709677419355
10 0.8832254584681769 0.5016129032258064 0.008090614886731391 0.02258064516129032
10 0.8128371089536138 0.49838709677419357 0.003236245954692557 0.04838709677419355
1 0.8489751887810141 0.5048387096774194 0.012944983818770227 0.02903225806451613
1 0.7988133764832794 0.5 0.005393743257820928 0.07096774193548387
1 0.8060949298813377 0.5016129032258064 0.0048543689320388345 0.06774193548387097
1 0.1599244875943905 0.44516129032258067 0.0037756202804746495 0.04516129032258064
1 0.7286947141316074 0.5112903225806451 0.012944983818770227 0.035483870967741936
10 0.5320927723840345 0.49193548387096775 0.008090614886731391 0.02258064516129032
10 0.6076051779935275 0.5048387096774194 0.008090614886731391 0.02258064516129032
1 0.6170442286947141 0.5096774193548387 0.007551240560949299 0.01935483870967742
5 0.5714670981661273 0.532258064516129 0.04800431499460626 0.2838709677419355
10 0.5320927723840345 0.5258064516129032 0.009169363538295576 0.025806451612903226
1 0.744066882416397 0.55 0.007011866235167206 0.016129032258064516
1 0.6167745415318231 0.5387096774193548 0.007011866235167206 0.01935483870967742
10 0.6076051779935275 0.5419354838709678 0.008090614886731391 0.01935483870967742
12 0.8810679611650486 0.5693548387096774 0.012405609492988134 0.06774193548387097
10 0.7330097087378641 0.5629032258064516 0.004314994606256742 0.04838709677419355
10 0.727076591154261 0.5645161290322581 0.004314994606256742 0.05161290322580645
10 0.5318230852211435 0.5564516129032258 0.007551240560949299 0.02258064516129032
10 0.95361380798274 0.603225806451613 0.008629989212513484 0.025806451612903226
1 0.8265911542610572 0.5887096774193549 0.0048543689320388345 0.06774193548387097
1 0.790453074433657 0.5903225806451613 0.0048543689320388345 0.07741935483870968
1 0.8346817691477886 0.5935483870967742 0.0037756202804746495 0.06451612903225806
1 0.8117583603020496 0.5919354838709677 0.004314994606256742 0.07419354838709677
1 0.8190399137001079 0.5935483870967742 0.0048543689320388345 0.07096774193548387
10 0.6073354908306364 0.5709677419354838 0.007551240560949299 0.01935483870967742
1 0.6167745415318231 0.5758064516129032 0.007011866235167206 0.016129032258064516
12 0.848435814455232 0.6 0.011866235167206042 0.06451612903225806
1 0.7537756202804746 0.5870967741935483 0.007011866235167206 0.1032258064516129
1 0.7632146709816613 0.5903225806451613 0.007551240560949299 0.1032258064516129
1 0.7815533980582524 0.5935483870967742 0.006472491909385114 0.0967741935483871
1 0.7721143473570659 0.5951612903225807 0.007011866235167206 0.1
10 0.7456850053937433 0.5903225806451613 0.002696871628910464 0.04516129032258064
1 0.7413700107874865 0.5935483870967742 0.002696871628910464 0.04516129032258064
10 0.9223300970873787 0.6129032258064516 0.002157497303128371 0.04516129032258064
1 0.9452535059331176 0.614516129032258 0.0037756202804746495 0.041935483870967745
1 0.1378101402373247 0.535483870967742 0.008090614886731391 0.01935483870967742
1 0.9169363538295577 0.6161290322580645 0.005393743257820928 0.05806451612903226
1 0.9406688241639698 0.6193548387096774 0.003236245954692557 0.04516129032258064
1 0.21763754045307443 0.5435483870967742 0.009169363538295576 0.02903225806451613
1 0.9654800431499461 0.6193548387096774 0.003236245954692557 0.04516129032258064
1 0.15803667745415317 0.5370967741935484 0.007551240560949299 0.02258064516129032
1 0.17853290183387271 0.5370967741935484 0.006472491909385114 0.02258064516129032
1 0.9746494066882416 0.6209677419354839 0.003236245954692557 0.04838709677419355
1 0.16828478964401294 0.5387096774193548 0.008629989212513484 0.025806451612903226
1 0.18824163969795038 0.5387096774193548 0.007551240560949299 0.025806451612903226
1 0.2273462783171521 0.5419354838709678 0.008090614886731391 0.025806451612903226
1 0.9606256742179072 0.6209677419354839 0.002157497303128371 0.04838709677419355
1 0.9703344120819849 0.6193548387096774 0.003236245954692557 0.04516129032258064
1 0.2564724919093851 0.5467741935483871 0.009169363538295576 0.02903225806451613
1 0.2076591154261057 0.5419354838709678 0.009708737864077669 0.025806451612903226
1 0.23705501618122976 0.5483870967741935 0.009169363538295576 0.025806451612903226
1 0.12810140237324702 0.535483870967742 0.007011866235167206 0.01935483870967742
1 0.14778856526429343 0.5387096774193548 0.007551240560949299 0.01935483870967742
1 0.24703344120819848 0.55 0.009708737864077669 0.02903225806451613
1 0.9800431499460626 0.6241935483870967 0.003236245954692557 0.041935483870967745
1 0.19795037756202805 0.5419354838709678 0.008629989212513484 0.025806451612903226
1 0.9846278317152104 0.6258064516129033 0.002696871628910464 0.04516129032258064
1 0.11839266450916937 0.5387096774193548 0.008090614886731391 0.01935483870967742
1 0.9900215749730313 0.6290322580645161 0.0037756202804746495 0.04516129032258064
1 0.9989212513484358 0.6306451612903226 0.0010787486515641855 0.04838709677419355
10 0.8036677454153183 0.6129032258064516 0.003236245954692557 0.05161290322580645
10 0.7971952535059331 0.6129032258064516 0.003236245954692557 0.04516129032258064
1 0.9341963322545846 0.6274193548387097 0.006472491909385114 0.1
1 0.953344120819849 0.6338709677419355 0.008090614886731391 0.02258064516129032
10 0.5320927723840345 0.5919354838709677 0.007011866235167206 0.016129032258064516
10 0.6078748651564185 0.6016129032258064 0.008629989212513484 0.02258064516129032
1 0.6167745415318231 0.6064516129032258 0.007011866235167206 0.01935483870967742
12 0.8686623516720604 0.6387096774193548 0.010248112189859764 0.05806451612903226
10 0.18824163969795038 0.5709677419354838 0.007551240560949299 0.01935483870967742
10 0.1483279395900755 0.567741935483871 0.008629989212513484 0.025806451612903226
10 0.20738942826321466 0.5741935483870968 0.009169363538295576 0.025806451612903226
10 0.24784250269687164 0.5774193548387097 0.008090614886731391 0.025806451612903226
10 0.11839266450916937 0.567741935483871 0.009169363538295576 0.03225806451612903
10 0.22761596548004315 0.5774193548387097 0.008629989212513484 0.01935483870967742
10 0.12837108953613807 0.5693548387096774 0.008629989212513484 0.02903225806451613
10 0.16774541531823084 0.5725806451612904 0.009708737864077669 0.02903225806451613
10 0.9277238403451996 0.6516129032258065 0.003236245954692557 0.04516129032258064
10 0.21763754045307443 0.5790322580645161 0.008090614886731391 0.02903225806451613
10 0.23705501618122976 0.5806451612903226 0.008090614886731391 0.025806451612903226
10 0.13807982740021574 0.5693548387096774 0.008629989212513484 0.02258064516129032
10 0.2564724919093851 0.582258064516129 0.007011866235167206 0.02258064516129032
10 0.19795037756202805 0.5741935483870968 0.007551240560949299 0.01935483870967742
10 0.17826321467098166 0.5725806451612904 0.009169363538295576 0.02903225806451613
10 0.15803667745415317 0.5709677419354838 0.009708737864077669 0.025806451612903226
1 0.27642934196332253 0.5903225806451613 0.007011866235167206 0.0967741935483871
1 0.267529665587918 0.5887096774193549 0.006472491909385114 0.0935483870967742
10 0.8441208198489751 0.6516129032258065 0.007551240560949299 0.01935483870967742
10 0.5320927723840345 0.6209677419354839 0.008090614886731391 0.02258064516129032
1 0.6167745415318231 0.635483870967742 0.007011866235167206 0.01935483870967742
10 0.6070658036677454 0.6370967741935484 0.007011866235167206 0.02258064516129032
1 0.7189859762675297 0.6564516129032258 0.005393743257820928 0.08064516129032258
1 0.7114347357065803 0.6596774193548387 0.005393743257820928 0.08064516129032258
10 0.1488673139158576 0.6 0.008629989212513484 0.03225806451612903
10 0.1378101402373247 0.5983870967741935 0.010248112189859764 0.02903225806451613
10 0.23759439050701187 0.6080645161290322 0.008090614886731391 0.02258064516129032
10 0.20792880258899676 0.6064516129032258 0.008090614886731391 0.025806451612903226
10 0.15776699029126215 0.6 0.009169363538295576 0.03225806451612903
10 0.22869471413160733 0.6080645161290322 0.007551240560949299 0.02258064516129032
10 0.17772384034519956 0.6064516129032258 0.008090614886731391 0.025806451612903226
10 0.21817691477885653 0.6096774193548387 0.009169363538295576 0.025806451612903226
5 0.7311218985976268 0.6629032258064517 0.010248112189859764 0.11290322580645161
10 0.2481121898597627 0.614516129032258 0.007551240560949299 0.02258064516129032
10 0.11785329018338728 0.5983870967741935 0.009169363538295576 0.02258064516129032
10 0.18770226537216828 0.6064516129032258 0.007551240560949299 0.03225806451612903
10 0.1680151024811219 0.6064516129032258 0.009169363538295576 0.025806451612903226
10 0.25782092772384035 0.6129032258064516 0.008629989212513484 0.025806451612903226
10 0.197680690399137 0.6080645161290322 0.009169363538295576 0.02903225806451613
10 0.12837108953613807 0.603225806451613 0.007551240560949299 0.025806451612903226
5 0.9182847896440129 0.6919354838709677 0.011326860841423949 0.07419354838709677
10 0.5312837108953614 0.6564516129032258 0.007551240560949299 0.02258064516129032
1 0.7535059331175836 0.6790322580645162 0.008629989212513484 0.02258064516129032
1 0.7648327939590076 0.6806451612903226 0.007551240560949299 0.01935483870967742
1 0.8346817691477886 0.6870967741935484 0.005933117583603021 0.07741935483870968
1 0.778856526429342 0.6854838709677419 0.011866235167206042 0.02903225806451613
1 0.616504854368932 0.667741935483871 0.006472491909385114 0.01935483870967742
10 0.6076051779935275 0.6693548387096774 0.007011866235167206 0.02258064516129032
12 0.8004314994606256 0.6887096774193548 0.010787486515641856 0.054838709677419356
1 0.7901833872707659 0.7 0.004314994606256742 0.05161290322580645
1 0.5951995685005393 0.6919354838709677 0.0037756202804746495 0.054838709677419356
1 0.5992448759439051 0.6951612903225807 0.003236245954692557 0.04838709677419355
10 0.5318230852211435 0.6870967741935484 0.008629989212513484 0.025806451612903226
1 0.6167745415318231 0.7 0.007011866235167206 0.01935483870967742
10 0.6076051779935275 0.6983870967741935 0.007011866235167206 0.02258064516129032
2 0.97680690399137 0.7516129032258064 0.045307443365695796 0.11612903225806452
1 0.5471952535059331 0.7112903225806452 0.0037756202804746495 0.04838709677419355
1 0.5515102481121898 0.7112903225806452 0.002696871628910464 0.04838709677419355
1 0.5558252427184466 0.717741935483871 0.0037756202804746495 0.04838709677419355
1 0.5598705501618123 0.7161290322580646 0.003236245954692557 0.04516129032258064
1 0.918824163969795 0.7596774193548387 0.009169363538295576 0.02903225806451613
10 0.5320927723840345 0.7209677419354839 0.008090614886731391 0.02903225806451613
1 0.7535059331175836 0.7467741935483871 0.004314994606256742 0.054838709677419356
1 0.8217367853290184 0.7580645161290323 0.008090614886731391 0.025806451612903226
1 0.831984897518878 0.7596774193548387 0.009169363538295576 0.02258064516129032
12 0.7804746494066882 0.7532258064516129 0.009708737864077669 0.06774193548387097
10 0.7899137001078749 0.7645161290322581 0.002696871628910464 0.05806451612903226
12 0.7998921251348435 0.7629032258064516 0.009708737864077669 0.06129032258064516
1 0.68554476806904 0.7758064516129032 0.003236245954692557 0.04838709677419355
1 0.8427723840345199 0.7967741935483871 0.01348435814455232 0.025806451612903226
1 0.7602481121898598 0.8016129032258065 0.009169363538295576 0.02258064516129032
1 0.7038834951456311 0.7967741935483871 0.006472491909385114 0.1032258064516129
1 0.6941747572815534 0.7967741935483871 0.007551240560949299 0.1032258064516129
10 0.8007011866235167 0.8129032258064516 0.008090614886731391 0.025806451612903226
10 0.8098705501618123 0.8161290322580645 0.008090614886731391 0.01935483870967742
1 0.7446062567421791 0.8096774193548387 0.014563106796116505 0.04516129032258064
10 0.7704962243797195 0.8241935483870968 0.0037756202804746495 0.04838709677419355
12 0.7793959007551241 0.8629032258064516 0.008629989212513484 0.06774193548387097
10 0.7683387270765911 0.8661290322580645 0.009169363538295576 0.02258064516129032
1 0.5596008629989212 0.8467741935483871 0.011326860841423949 0.11290322580645161
1 0.5094390507011867 0.85 0.0037756202804746495 0.054838709677419356
12 0.743797195253506 0.8758064516129033 0.010787486515641856 0.06774193548387097
1 0.7529665587918015 0.8790322580645161 0.005393743257820928 0.054838709677419356
10 0.5142934196332255 0.8548387096774194 0.0037756202804746495 0.05161290322580645
10 0.5490830636461704 0.867741935483871 0.003236245954692557 0.05161290322580645
10 0.767799352750809 0.8919354838709678 0.008090614886731391 0.02258064516129032
1 0.4929881337648328 0.867741935483871 0.008629989212513484 0.10967741935483871
1 0.5016181229773463 0.8725806451612903 0.008629989212513484 0.11290322580645161
10 0.5919633225458468 0.9 0.008090614886731391 0.01935483870967742
10 0.645091693635383 0.9048387096774193 0.006472491909385114 0.016129032258064516
10 0.6324163969795038 0.9080645161290323 0.007011866235167206 0.016129032258064516
10 0.6043689320388349 0.9064516129032258 0.008090614886731391 0.01935483870967742
10 0.6181229773462783 0.9064516129032258 0.006472491909385114 0.012903225806451613
2 0.6135382955771306 0.9741935483870968 0.10841423948220065 0.04516129032258064
1 0.15803667745415317 0.11451612903225807 0.002157497303128371 0.04838709677419355
1 0.5711974110032363 0.15806451612903225 0.003236245954692557 0.04516129032258064
1 0.03559870550161812 0.10161290322580645 0.004314994606256742 0.041935483870967745
1 0.44902912621359226 0.1435483870967742 0.0037756202804746495 0.04838709677419355
1 0.2961165048543689 0.12741935483870967 0.004314994606256742 0.04838709677419355
1 0.31094929881337646 0.13225806451612904 0.0037756202804746495 0.05161290322580645
1 0.021305285868392664 0.10161290322580645 0.0048543689320388345 0.04838709677419355
1 0.4336569579288026 0.14677419354838708 0.005393743257820928 0.04838709677419355
1 0.5857605177993528 0.16129032258064516 0.004314994606256742 0.04516129032258064
1 0.7233009708737864 0.1774193548387097 0.003236245954692557 0.04516129032258064
1 0.7084681769147788 0.1774193548387097 0.0037756202804746495 0.04516129032258064
1 0.8451995685005393 0.19193548387096773 0.003236245954692557 0.04838709677419355
1 0.9970334412081985 0.20967741935483872 0.0037756202804746495 0.04516129032258064
1 0.9808522114347357 0.21129032258064517 0.0037756202804746495 0.04838709677419355
1 0.174487594390507 0.1338709677419355 0.002696871628910464 0.041935483870967745
10 0.0703883495145631 0.12580645161290321 0.0037756202804746495 0.04516129032258064
10 0.053128371089536136 0.12580645161290321 0.0037756202804746495 0.05161290322580645
1 0.8605717367853291 0.2129032258064516 0.002696871628910464 0.04516129032258064
10 0.0593311758360302 0.12741935483870967 0.004314994606256742 0.054838709677419356
10 0.06499460625674218 0.13064516129032258 0.0037756202804746495 0.054838709677419356
1 0.2961165048543689 0.18064516129032257 0.003236245954692557 0.04516129032258064
1 0.31094929881337646 0.18064516129032257 0.002696871628910464 0.03870967741935484
1 0.021035598705501618 0.1532258064516129 0.004314994606256742 0.041935483870967745
1 0.5717367853290184 0.21129032258064517 0.003236245954692557 0.04838709677419355
1 0.15830636461704423 0.1693548387096774 0.002696871628910464 0.041935483870967745
1 0.44848975188781015 0.19838709677419356 0.0037756202804746495 0.054838709677419356
1 0.4336569579288026 0.19838709677419356 0.004314994606256742 0.04838709677419355
1 0.03532901833872708 0.15483870967741936 0.0037756202804746495 0.05161290322580645
1 0.5860302049622438 0.21451612903225806 0.0037756202804746495 0.04838709677419355
1 0.7081984897518878 0.22741935483870968 0.003236245954692557 0.041935483870967745
1 0.7233009708737864 0.2306451612903226 0.003236245954692557 0.041935483870967745
1 0.8449298813376483 0.24516129032258063 0.002696871628910464 0.03870967741935484
1 0.9970334412081985 0.2645161290322581 0.0037756202804746495 0.04516129032258064
1 0.9808522114347357 0.2661290322580645 0.002696871628910464 0.04838709677419355
1 0.1739482200647249 0.19032258064516128 0.002696871628910464 0.03870967741935484
1 0.8605717367853291 0.2693548387096774 0.002696871628910464 0.041935483870967745