10 0.9213627049180327 0.19938650306748465 0.0025614754098360654 0.049079754601226995
10 0.9344262295081968 0.19938650306748465 0.0030737704918032786 0.05521472392638037
10 0.930327868852459 0.200920245398773 0.0030737704918032786 0.046012269938650305
10 0.9382684426229508 0.200920245398773 0.0025614754098360654 0.046012269938650305
10 0.03253073770491803 0.294478527607362 0.0025614754098360654 0.04294478527607362
10 0.9257172131147541 0.20245398773006135 0.004098360655737705 0.05521472392638037
10 0.028688524590163935 0.294478527607362 0.0020491803278688526 0.03680981595092025
10 0.012295081967213115 0.3006134969325153 0.0030737704918032786 0.04294478527607362
10 0.024846311475409836 0.29754601226993865 0.0025614754098360654 0.03680981595092025
10 0.9428790983606558 0.20398773006134968 0.003586065573770492 0.05214723926380368
10 0.020491803278688523 0.299079754601227 0.0030737704918032786 0.03987730061349693
10 0.01639344262295082 0.3006134969325153 0.0030737704918032786 0.04294478527607362
1 0.005122950819672131 0.30828220858895705 0.010245901639344262 0.046012269938650305
1 0.2023565573770492 0.2898773006134969 0.0020491803278688526 0.03987730061349693
1 0.19339139344262296 0.2929447852760736 0.0025614754098360654 0.03374233128834356
1 0.18929303278688525 0.294478527607362 0.0025614754098360654 0.03680981595092025
1 0.171875 0.2960122699386503 0.0025614754098360654 0.03987730061349693
1 0.20619877049180327 0.2929447852760736 0.0015368852459016393 0.03987730061349693
1 0.1680327868852459 0.29754601226993865 0.0020491803278688526 0.03680981595092025
1 0.17648565573770492 0.294478527607362 0.0025614754098360654 0.03680981595092025
1 0.18084016393442623 0.2960122699386503 0.0020491803278688526 0.03987730061349693
1 0.19825819672131148 0.2929447852760736 0.0020491803278688526 0.03987730061349693
1 0.18468237704918034 0.2960122699386503 0.0025614754098360654 0.03374233128834356
10 0.6956967213114754 0.2776073619631902 0.004098360655737705 0.05214723926380368
10 0.6913422131147541 0.2791411042944785 0.003586065573770492 0.049079754601226995
1 0.004354508196721311 0.3604294478527607 0.008709016393442622 0.03374233128834356
1 0.8027663934426229 0.2883435582822086 0.0020491803278688526 0.03680981595092025
1 0.8332479508196722 0.2883435582822086 0.0025614754098360654 0.04294478527607362
1 0.811219262295082 0.2898773006134969 0.0025614754098360654 0.03374233128834356
1 0.8273565573770492 0.2898773006134969 0.0020491803278688526 0.03374233128834356
1 0.8194159836065574 0.2883435582822086 0.0025614754098360654 0.03067484662576687
1 0.8455430327868853 0.2852760736196319 0.0025614754098360654 0.03067484662576687
1 0.8063524590163934 0.2929447852760736 0.0030737704918032786 0.03987730061349693
1 0.8419569672131147 0.2898773006134969 0.0025614754098360654 0.03374233128834356
1 0.8150614754098361 0.294478527607362 0.0020491803278688526 0.03680981595092025
1 0.8232581967213115 0.2929447852760736 0.0030737704918032786 0.03987730061349693
1 0.8578381147540983 0.2883435582822086 0.0025614754098360654 0.03680981595092025
1 0.8376024590163934 0.29141104294478526 0.0020491803278688526 0.03680981595092025
1 0.8501536885245902 0.2929447852760736 0.0025614754098360654 0.03987730061349693
1 0.20952868852459017 0.3604294478527607 0.0030737704918032786 0.046012269938650305
1 0.2143954918032787 0.3588957055214724 0.003586065573770492 0.04294478527607362
1 0.8534836065573771 0.294478527607362 0.0020491803278688526 0.04294478527607362
1 0.5404713114754098 0.3312883435582822 0.0030737704918032786 0.049079754601226995
1 0.5363729508196722 0.3328220858895706 0.0030737704918032786 0.046012269938650305
10 0.012551229508196721 0.3895705521472393 0.003586065573770492 0.049079754601226995
10 0.018186475409836065 0.3895705521472393 0.004610655737704918 0.05521472392638037
1 0.585297131147541 0.3312883435582822 0.00665983606557377 0.018404907975460124
10 0.5212602459016393 0.34355828220858897 0.007684426229508197 0.024539877300613498
1 0.514344262295082 0.35276073619631904 0.0030737704918032786 0.049079754601226995
1 0.9792520491803278 0.3067484662576687 0.016905737704918034 0.04294478527607362
1 0.585297131147541 0.35429447852760737 0.00665983606557377 0.015337423312883436
1 0.5304815573770492 0.3665644171779141 0.00665983606557377 0.015337423312883436
1 0.5215163934426229 0.3696319018404908 0.00819672131147541 0.02147239263803681
1 0.7576844262295082 0.35429447852760737 0.012295081967213115 0.03987730061349693
10 0.8632172131147541 0.3558282208588957 0.004098360655737705 0.049079754601226995
1 0.1603483606557377 0.4294478527607362 0.007172131147540984 0.09815950920245399
1 0.5304815573770492 0.3911042944785276 0.0056352459016393444 0.015337423312883436
10 0.018442622950819672 0.450920245398773 0.004098360655737705 0.05521472392638037
1 0.8527151639344263 0.3665644171779141 0.012807377049180328 0.027607361963190184
10 0.5220286885245902 0.401840490797546 0.00819672131147541 0.024539877300613498
10 0.8350409836065574 0.37116564417177916 0.00819672131147541 0.018404907975460124
5 0.18929303278688525 0.4386503067484663 0.03432377049180328 0.15950920245398773
1 0.9792520491803278 0.3588957055214724 0.017930327868852458 0.049079754601226995
1 0.9031762295081968 0.37423312883435583 0.00819672131147541 0.09815950920245399
1 0.9123975409836066 0.3726993865030675 0.006147540983606557 0.0950920245398773
1 0.930327868852459 0.37116564417177916 0.006147540983606557 0.09202453987730061
1 0.9390368852459017 0.3696319018404908 0.006147540983606557 0.08895705521472393
1 0.9216188524590164 0.37576687116564417 0.006147540983606557 0.0950920245398773
1 0.9651639344262295 0.3726993865030675 0.006147540983606557 0.08895705521472393
1 0.9561987704918032 0.3726993865030675 0.0056352459016393444 0.0950920245398773
1 0.9480020491803278 0.3726993865030675 0.0056352459016393444 0.08895705521472393
1 0.7579405737704918 0.3987730061349693 0.012807377049180328 0.03067484662576687
1 0.7945696721311475 0.4003067484662577 0.004098360655737705 0.0705521472392638
1 0.8019979508196722 0.3987730061349693 0.004610655737704918 0.06748466257668712
10 0.5212602459016393 0.43558282208588955 0.007684426229508197 0.024539877300613498
10 0.8086577868852459 0.40644171779141103 0.003586065573770492 0.046012269938650305
10 0.8547643442622951 0.40337423312883436 0.007684426229508197 0.02147239263803681
10 0.788422131147541 0.4125766871165644 0.0030737704918032786 0.046012269938650305
1 0.8227459016393442 0.4125766871165644 0.012295081967213115 0.027607361963190184
1 0.7751024590163934 0.4171779141104294 0.005122950819672131 0.06748466257668712
1 0.7815061475409836 0.4156441717791411 0.004610655737704918 0.06441717791411043
1 0.1682889344262295 0.4938650306748466 0.003586065573770492 0.04294478527607362
1 0.9795081967213115 0.4125766871165644 0.017418032786885244 0.046012269938650305
1 0.7085040983606558 0.4432515337423313 0.012295081967213115 0.03374233128834356
10 0.5217725409836066 0.4616564417177914 0.007684426229508197 0.02147239263803681
10 0.5934938524590164 0.4616564417177914 0.007684426229508197 0.02147239263803681
1 0.6024590163934426 0.46319018404907975 0.007172131147540984 0.018404907975460124
5 0.5591700819672131 0.49079754601226994 0.04559426229508197 0.26993865030674846
10 0.5217725409836066 0.49693251533742333 0.008709016393442622 0.024539877300613498
1 0.7231045081967213 0.47392638036809814 0.00665983606557377 0.015337423312883436
1 0.602202868852459 0.49079754601226994 0.00665983606557377 0.018404907975460124
10 0.5934938524590164 0.4938650306748466 0.007684426229508197 0.018404907975460124
12 0.8537397540983607 0.4677914110429448 0.0117827868852459 0.06441717791411043
10 0.7126024590163934 0.49233128834355827 0.004098360655737705 0.046012269938650305
10 0.7069672131147541 0.49079754601226994 0.004098360655737705 0.049079754601226995
10 0.5215163934426229 0.5230061349693251 0.007172131147540984 0.02147239263803681
10 0.9221311475409836 0.48466257668711654 0.00819672131147541 0.024539877300613498
1 0.8019979508196722 0.495398773006135 0.004610655737704918 0.06441717791411043
1 0.7676741803278688 0.5030674846625767 0.004610655737704918 0.0736196319018405
1 0.8096823770491803 0.5 0.003586065573770492 0.06134969325153374
1 0.7873975409836066 0.5015337423312883 0.004098360655737705 0.0705521472392638
1 0.7948258196721312 0.5 0.004610655737704918 0.06748466257668712
10 0.5932377049180327 0.5214723926380368 0.007172131147540984 0.018404907975460124
1 0.6027151639344263 0.5230061349693251 0.00665983606557377 0.015337423312883436
12 0.8222336065573771 0.5 0.011270491803278689 0.06134969325153374
1 0.7328381147540983 0.50920245398773 0.00665983606557377 0.09815950920245399
1 0.7412909836065574 0.50920245398773 0.007172131147540984 0.09815950920245399
1 0.7587090163934426 0.50920245398773 0.006147540983606557 0.09202453987730061
1 0.7502561475409836 0.5107361963190185 0.00665983606557377 0.0950920245398773
10 0.7251536885245902 0.5153374233128835 0.0025614754098360654 0.04294478527607362
1 0.7210553278688525 0.5184049079754601 0.0025614754098360654 0.04294478527607362
10 0.8924180327868853 0.5 0.0020491803278688526 0.04294478527607362
1 0.914702868852459 0.49846625766871167 0.003586065573770492 0.03987730061349693
1 0.14779713114754098 0.5797546012269938 0.007684426229508197 0.018404907975460124
1 0.8872950819672131 0.5030674846625767 0.005122950819672131 0.05521472392638037
1 0.9098360655737705 0.5 0.0030737704918032786 0.04294478527607362
1 0.22361680327868852 0.5720858895705522 0.008709016393442622 0.027607361963190184
1 0.9334016393442623 0.49693251533742333 0.0030737704918032786 0.04294478527607362
1 0.16700819672131148 0.5782208588957055 0.007172131147540984 0.02147239263803681
1 0.1864754098360656 0.5751533742331288 0.006147540983606557 0.02147239263803681
1 0.9421106557377049 0.49846625766871167 0.0030737704918032786 0.046012269938650305
1 0.17674180327868852 0.5766871165644172 0.00819672131147541 0.024539877300613498
1 0.19569672131147542 0.5766871165644172 0.007172131147540984 0.024539877300613498
1 0.23283811475409835 0.5705521472392638 0.007684426229508197 0.024539877300613498
1 0.9287909836065574 0.49846625766871167 0.0020491803278688526 0.046012269938650305
1 0.9380122950819673 0.49693251533742333 0.0030737704918032786 0.04294478527607362
1 0.2605020491803279 0.5690184049079755 0.008709016393442622 0.027607361963190184
1 0.21413934426229508 0.5736196319018405 0.009221311475409836 0.024539877300613498
1 0.24205942622950818 0.5736196319018405 0.008709016393442622 0.024539877300613498
1 0.13857581967213115 0.5858895705521472 0.00665983606557377 0.018404907975460124
1 0.1572745901639344 0.5828220858895705 0.007172131147540984 0.018404907975460124
1 0.2515368852459016 0.5720858895705522 0.009221311475409836 0.027607361963190184
1 0.9472336065573771 0.5015337423312883 0.0030737704918032786 0.03987730061349693
1 0.20491803278688525 0.5766871165644172 0.00819672131147541 0.024539877300613498
1 0.9521004098360656 0.5 0.0025614754098360654 0.04294478527607362
1 0.1293545081967213 0.588957055214724 0.007684426229508197 0.018404907975460124
1 0.9572233606557377 0.5030674846625767 0.003586065573770492 0.04294478527607362
1 0.9664446721311475 0.5 0.0025614754098360654 0.04294478527607362
10 0.7797131147540983 0.5245398773006135 0.0030737704918032786 0.049079754601226995
10 0.7735655737704918 0.5245398773006135 0.0030737704918032786 0.04294478527607362
1 0.9036885245901639 0.5107361963190185 0.006147540983606557 0.0950920245398773
1 0.9223872950819673 0.5138036809815951 0.007684426229508197 0.02147239263803681
10 0.5222848360655737 0.5567484662576687 0.00665983606557377 0.015337423312883436
10 0.5942622950819673 0.553680981595092 0.00819672131147541 0.02147239263803681
1 0.6027151639344263 0.5552147239263804 0.00665983606557377 0.018404907975460124
12 0.8419569672131147 0.5368098159509203 0.00973360655737705 0.05521472392638037
10 0.19569672131147542 0.6073619631901841 0.007172131147540984 0.018404907975460124
10 0.15778688524590165 0.6104294478527608 0.00819672131147541 0.024539877300613498
10 0.21388319672131148 0.6042944785276073 0.008709016393442622 0.024539877300613498
10 0.25230532786885246 0.6012269938650306 0.007684426229508197 0.024539877300613498
10 0.1293545081967213 0.6165644171779141 0.008709016393442622 0.03067484662576687
10 0.23309426229508196 0.6042944785276073 0.00819672131147541 0.018404907975460124
10 0.13883196721311475 0.6150306748466258 0.00819672131147541 0.027607361963190184
10 0.1762295081967213 0.6119631901840491 0.009221311475409836 0.027607361963190184
10 0.8980532786885246 0.5368098159509203 0.0030737704918032786 0.04294478527607362
10 0.22361680327868852 0.6058282208588958 0.007684426229508197 0.027607361963190184
10 0.24205942622950818 0.6042944785276073 0.007684426229508197 0.024539877300613498
10 0.14805327868852458 0.6150306748466258 0.00819672131147541 0.02147239263803681
10 0.2605020491803279 0.602760736196319 0.00665983606557377 0.02147239263803681
10 0.20491803278688525 0.6073619631901841 0.007172131147540984 0.018404907975460124
10 0.18621926229508196 0.6088957055214724 0.008709016393442622 0.027607361963190184
10 0.16700819672131148 0.6134969325153374 0.009221311475409836 0.024539877300613498
1 0.27945696721311475 0.6073619631901841 0.00665983606557377 0.09202453987730061
1 0.27100409836065575 0.6088957055214724 0.006147540983606557 0.08895705521472393
10 0.8186475409836066 0.5521472392638037 0.007172131147540984 0.018404907975460124
10 0.5222848360655737 0.5843558282208589 0.007684426229508197 0.02147239263803681
1 0.6027151639344263 0.5828220858895705 0.00665983606557377 0.018404907975460124
10 0.5934938524590164 0.5874233128834356 0.00665983606557377 0.02147239263803681
1 0.7003073770491803 0.5812883435582822 0.005122950819672131 0.07668711656441718
1 0.6931352459016393 0.5843558282208589 0.005122950819672131 0.07668711656441718
10 0.15829918032786885 0.6411042944785276 0.00819672131147541 0.03067484662576687
10 0.14779713114754098 0.6426380368098159 0.00973360655737705 0.027607361963190184
10 0.24257172131147542 0.6334355828220859 0.007684426229508197 0.02147239263803681
10 0.2143954918032787 0.6349693251533742 0.007684426229508197 0.024539877300613498
10 0.16675204918032788 0.6411042944785276 0.008709016393442622 0.03067484662576687
10 0.2341188524590164 0.6334355828220859 0.007172131147540984 0.02147239263803681
10 0.18570696721311475 0.6411042944785276 0.007684426229508197 0.024539877300613498
10 0.22412909836065573 0.6380368098159509 0.008709016393442622 0.024539877300613498
5 0.7113217213114754 0.5874233128834356 0.00973360655737705 0.10736196319018405
10 0.2525614754098361 0.6334355828220859 0.007172131147540984 0.02147239263803681
10 0.1288422131147541 0.6457055214723927 0.008709016393442622 0.02147239263803681
10 0.19518442622950818 0.6411042944785276 0.007172131147540984 0.03067484662576687
10 0.17648565573770492 0.6411042944785276 0.008709016393442622 0.024539877300613498
10 0.2617827868852459 0.6319018404907976 0.00819672131147541 0.024539877300613498
10 0.20466188524590165 0.6395705521472392 0.008709016393442622 0.027607361963190184
10 0.13883196721311475 0.6503067484662577 0.007172131147540984 0.024539877300613498
5 0.8890881147540983 0.5751533742331288 0.010758196721311475 0.0705521472392638
10 0.5220286885245902 0.6180981595092024 0.007172131147540984 0.02147239263803681
1 0.733094262295082 0.5966257668711656 0.00819672131147541 0.02147239263803681
1 0.7438524590163934 0.5950920245398773 0.007172131147540984 0.018404907975460124
1 0.8096823770491803 0.588957055214724 0.0056352459016393444 0.0736196319018405
1 0.757172131147541 0.5966257668711656 0.011270491803278689 0.027607361963190184
1 0.6029713114754098 0.6134969325153374 0.006147540983606557 0.018404907975460124
10 0.5940061475409836 0.6180981595092024 0.00665983606557377 0.02147239263803681
12 0.7776639344262295 0.5966257668711656 0.010245901639344262 0.05214723926380368
1 0.7679303278688525 0.6073619631901841 0.004098360655737705 0.049079754601226995
1 0.5827356557377049 0.6395705521472392 0.003586065573770492 0.05214723926380368
1 0.586577868852459 0.6426380368098159 0.0030737704918032786 0.046012269938650305
10 0.5225409836065574 0.647239263803681 0.00819672131147541 0.024539877300613498
1 0.6032274590163934 0.6441717791411042 0.00665983606557377 0.018404907975460124
10 0.5945184426229508 0.6457055214723927 0.00665983606557377 0.02147239263803681
2 0.9480020491803278 0.6196319018404908 0.048668032786885244 0.11042944785276074
1 0.5371413934426229 0.6702453987730062 0.003586065573770492 0.046012269938650305
1 0.5412397540983607 0.6671779141104295 0.0025614754098360654 0.046012269938650305
1 0.5453381147540983 0.6702453987730062 0.003586065573770492 0.046012269938650305
1 0.5491803278688525 0.6717791411042945 0.0030737704918032786 0.04294478527607362
1 0.890625 0.6395705521472392 0.008709016393442622 0.027607361963190184
10 0.522797131147541 0.6794478527607362 0.007684426229508197 0.027607361963190184
1 0.733094262295082 0.661042944785276 0.004098360655737705 0.05214723926380368
1 0.7984118852459017 0.656441717791411 0.007684426229508197 0.024539877300613498
1 0.8081454918032787 0.6549079754601227 0.008709016393442622 0.02147239263803681
12 0.7587090163934426 0.661042944785276 0.009221311475409836 0.06441717791411043
10 0.7681864754098361 0.6687116564417178 0.0025614754098360654 0.05521472392638037
12 0.7771516393442623 0.6671779141104295 0.009221311475409836 0.05828220858895705
1 0.6685450819672131 0.700920245398773 0.0030737704918032786 0.046012269938650305
1 0.8183913934426229 0.6901840490797546 0.012807377049180328 0.024539877300613498
1 0.7400102459016393 0.7131901840490797 0.008709016393442622 0.02147239263803681
1 0.6864754098360656 0.7177914110429447 0.006147540983606557 0.09815950920245399
1 0.6772540983606558 0.7177914110429447 0.007172131147540984 0.09815950920245399
10 0.7784323770491803 0.7147239263803681 0.007684426229508197 0.024539877300613498
10 0.7871413934426229 0.7147239263803681 0.007684426229508197 0.018404907975460124
1 0.7251536885245902 0.7239263803680982 0.013831967213114754 0.04294478527607362
10 0.7497438524590164 0.7285276073619632 0.003586065573770492 0.046012269938650305
12 0.7587090163934426 0.7653374233128835 0.00819672131147541 0.06441717791411043
10 0.7476946721311475 0.7714723926380368 0.008709016393442622 0.02147239263803681
1 0.5494364754098361 0.7929447852760736 0.010758196721311475 0.10736196319018405
1 0.5017930327868853 0.808282208588957 0.003586065573770492 0.05214723926380368
12 0.7248975409836066 0.7837423312883436 0.010245901639344262 0.06441717791411043
1 0.7336065573770492 0.7868098159509203 0.005122950819672131 0.05214723926380368
10 0.5069159836065574 0.8098159509202454 0.003586065573770492 0.049079754601226995
10 0.5399590163934426 0.8159509202453987 0.0030737704918032786 0.049079754601226995
10 0.7476946721311475 0.7960122699386503 0.007684426229508197 0.02147239263803681
1 0.48668032786885246 0.8282208588957055 0.00819672131147541 0.10429447852760736
1 0.4948770491803279 0.8297546012269938 0.00819672131147541 0.10736196319018405
10 0.5806864754098361 0.8404907975460123 0.007684426229508197 0.018404907975460124
10 0.6311475409836066 0.8328220858895705 0.006147540983606557 0.015337423312883436
10 0.6191086065573771 0.838957055214724 0.00665983606557377 0.015337423312883436
10 0.592469262295082 0.8404907975460123 0.007684426229508197 0.018404907975460124
10 0.6055327868852459 0.8404907975460123 0.006147540983606557 0.012269938650306749
2 0.6016905737704918 0.9371165644171779 0.10297131147540983 0.10736196319018405
1 0.004098360655737705 0.18558282208588958 0.007172131147540984 0.02147239263803681
1 0.16444672131147542 0.17638036809815952 0.0020491803278688526 0.046012269938650305
1 0.5568647540983607 0.13496932515337423 0.0030737704918032786 0.04294478527607362
1 0.04815573770491803 0.18865030674846625 0.004098360655737705 0.03987730061349693
1 0.44082991803278687 0.14877300613496933 0.003586065573770492 0.046012269938650305
1 0.29559426229508196 0.16411042944785276 0.004098360655737705 0.046012269938650305
1 0.30968237704918034 0.1656441717791411 0.003586065573770492 0.049079754601226995
1 0.034579918032786885 0.19478527607361965 0.004610655737704918 0.046012269938650305
1 0.4262295081967213 0.15184049079754602 0.005122950819672131 0.046012269938650305
1 0.5706967213114754 0.13803680981595093 0.004098360655737705 0.04294478527607362
1 0.7013319672131147 0.12576687116564417 0.0030737704918032786 0.04294478527607362
1 0.6872438524590164 0.12883435582822086 0.003586065573770492 0.04294478527607362
1 0.8171106557377049 0.11503067484662577 0.0030737704918032786 0.046012269938650305
1 0.9618340163934426 0.10429447852760736 0.003586065573770492 0.04294478527607362
1 0.9464651639344263 0.10889570552147239 0.003586065573770492 0.046012269938650305
1 0.18007172131147542 0.19478527607361965 0.0025614754098360654 0.03987730061349693
1 0.003586065573770492 0.21319018404907975 0.007172131147540984 0.027607361963190184
10 0.08119877049180328 0.2085889570552147 0.003586065573770492 0.04294478527607362
10 0.06480532786885246 0.2085889570552147 0.003586065573770492 0.049079754601226995
1 0.8322233606557377 0.13190184049079753 0.0025614754098360654 0.04294478527607362
10 0.0706967213114754 0.21012269938650308 0.004098360655737705 0.05214723926380368
10 0.07607581967213115 0.21012269938650308 0.003586065573770492 0.05214723926380368
10 0.9851434426229508 0.12116564417177914 0.0030737704918032786 0.046012269938650305
10 0.9897540983606558 0.12269938650306748 0.0030737704918032786 0.049079754601226995
10 0.9795081967213115 0.12269938650306748 0.004098360655737705 0.04294478527607362
10 0.9941086065573771 0.12423312883435583 0.003586065573770492 0.05214723926380368
1 0.29610655737704916 0.2116564417177914 0.0030737704918032786 0.04294478527607362
1 0.31019467213114754 0.2116564417177914 0.0025614754098360654 0.03680981595092025
1 0.03483606557377049 0.24386503067484663 0.004098360655737705 0.03987730061349693
1 0.5573770491803278 0.18865030674846625 0.0030737704918032786 0.046012269938650305
1 0.16521516393442623 0.2285276073619632 0.0025614754098360654 0.03987730061349693
1 0.44082991803278687 0.200920245398773 0.003586065573770492 0.05214723926380368
1 0.42674180327868855 0.200920245398773 0.004098360655737705 0.046012269938650305
1 0.04841188524590164 0.24233128834355827 0.003586065573770492 0.049079754601226995
1 0.5714651639344263 0.18558282208588958 0.003586065573770492 0.046012269938650305
1 0.6869877049180327 0.17638036809815952 0.0030737704918032786 0.03987730061349693
1 0.7013319672131147 0.17638036809815952 0.0030737704918032786 0.03987730061349693
1 0.8173668032786885 0.1656441717791411 0.0025614754098360654 0.03680981595092025
1 0.9618340163934426 0.15644171779141106 0.003586065573770492 0.04294478527607362
1 0.004866803278688525 0.2561349693251534 0.00973360655737705 0.046012269938650305
1 0.9464651639344263 0.16104294478527606 0.0025614754098360654 0.046012269938650305
1 0.18007172131147542 0.24539877300613497 0.0025614754098360654 0.03680981595092025
1 0.8322233606557377 0.18558282208588958 0.0025614754098360654 0.03987730061349693