5 0.7156959526159921 0.03361344537815126 0.01085883514313919 0.06722689075630252
1 0.7418558736426456 0.018907563025210083 0.011846001974333662 0.037815126050420166
1 0.7265547877591313 0.0273109243697479 0.005923000987166831 0.0546218487394958
5 0.47729516288252716 0.45588235294117646 0.059230009871668314 0.5168067226890757
10 0.7959032576505429 0.014705882352941176 0.0034550839091806516 0.029411764705882353
1 0.4400296150049358 0.5357142857142857 0.007403751233958539 0.046218487394957986
5 0.6369693978282329 0.23949579831932774 0.02813425468904245 0.19327731092436976
1 0.7788746298124383 0.029411764705882353 0.005923000987166831 0.058823529411764705
10 0.802319842053307 0.01680672268907563 0.005429417571569595 0.03361344537815126
10 0.4410167818361303 0.592436974789916 0.00839091806515301 0.04201680672268908
1 0.7467917077986179 0.14705882352941177 0.011846001974333662 0.15966386554621848
1 0.7588845014807503 0.13025210084033614 0.01332675222112537 0.15966386554621848
1 0.7356860809476802 0.16596638655462184 0.01332675222112537 0.15546218487394958
1 0.8166337611056268 0.06722689075630252 0.005429417571569595 0.06722689075630252
1 0.6184600197433366 0.37184873949579833 0.012833168805528134 0.13865546218487396
1 0.8052813425468904 0.08823529411764706 0.004442250740375123 0.07563025210084033
10 0.81071076011846 0.0819327731092437 0.005429417571569595 0.07983193277310924
1 0.7862783810463968 0.12184873949579832 0.003948667324777887 0.058823529411764705
10 0.7924481737413623 0.11554621848739496 0.006416584402764067 0.07142857142857142
10 0.8237907206317868 0.07563025210084033 0.004935834155972359 0.10084033613445378
10 0.5533070088845015 0.48739495798319327 0.004935834155972359 0.07563025210084033
1 0.547137216189536 0.5042016806722689 0.005429417571569595 0.07563025210084033
1 0.2702369200394867 0.9537815126050421 0.005429417571569595 0.07563025210084033
1 0.2307502467917078 0.9852941176470589 0.006416584402764067 0.02100840336134454
1 0.2773938795656466 0.9495798319327731 0.004935834155972359 0.07563025210084033
1 0.5177690029615005 0.5987394957983193 0.005923000987166831 0.07142857142857142
1 0.6855873642645607 0.35714285714285715 0.005923000987166831 0.07563025210084033
1 0.7245804540967423 0.3025210084033613 0.004935834155972359 0.07563025210084033
1 0.4921026653504442 0.7100840336134454 0.008884501480750246 0.058823529411764705
1 0.4686574531095755 0.75 0.00839091806515301 0.0546218487394958
1 0.5370187561697927 0.6533613445378151 0.006910167818361303 0.07983193277310924
1 0.5459032576505429 0.6449579831932774 0.004935834155972359 0.07142857142857142
10 0.5108588351431392 0.09873949579831932 0.004935834155972359 0.07983193277310924
1 0.4768015794669299 0.1638655462184874 0.006910167818361303 0.04201680672268908
1 0.46100691016781836 0.1953781512605042 0.009871668311944718 0.0546218487394958
1 0.5111056268509379 0.21638655462184875 0.007403751233958539 0.037815126050420166
1 0.4355873642645607 0.3634453781512605 0.00839091806515301 0.046218487394957986
1 0.6722606120434353 0.046218487394957986 0.012833168805528134 0.09243697478991597
1 0.6581934846989141 0.06092436974789916 0.011352418558736426 0.12184873949579832