1 0.32220006646726485 0.23006833712984054 0.005649717514124294 0.0683371298405467
1 0.3070787637088734 0.23006833712984054 0.005317381189764041 0.06378132118451026
1 0.19990029910269191 0.244874715261959 0.005649717514124294 0.06605922551252848
1 0.9383516118311731 0.2642369020501139 0.004320372216683284 0.06378132118451026
1 0.9340312396144899 0.265375854214123 0.004985044865403789 0.06605922551252848
1 0.5058158856763044 0.3337129840546697 0.009970089730807577 0.03416856492027335
1 0.48770355599867066 0.3337129840546697 0.009637753406447324 0.03416856492027335
1 0.4971751412429379 0.3348519362186788 0.008640744433366567 0.03189066059225513
1 0.4785643070787637 0.3348519362186788 0.009305417082087071 0.03189066059225513
1 0.46925888999667664 0.3348519362186788 0.009305417082087071 0.03189066059225513
1 0.6626786307743436 0.357630979498861 0.009305417082087071 0.03644646924829157
1 0.07859754071119973 0.357630979498861 0.004985044865403789 0.06378132118451026
1 0.08640744433366566 0.357630979498861 0.005317381189764041 0.06378132118451026
1 0.6829511465603191 0.36446469248291574 0.009305417082087071 0.03189066059225513
1 0.6467264872050515 0.37813211845102507 0.005317381189764041 0.05466970387243736
1 0.6410767696909272 0.3815489749430524 0.004652708541043536 0.06150341685649203
1 0.6364240611498837 0.3815489749430524 0.004652708541043536 0.06150341685649203
10 0.7093718843469591 0.39749430523917995 0.004985044865403789 0.06605922551252848
10 0.6296111665004985 0.39863325740318906 0.004320372216683284 0.05922551252847381
10 0.6201395812562313 0.4009111617312073 0.005317381189764041 0.06378132118451026
1 0.6247922897972749 0.39977220956719817 0.005317381189764041 0.06150341685649203
5 0.5523429710867398 0.41116173120728927 0.012628780325689598 0.06605922551252848
10 0.6811232967763377 0.4123006833712984 0.004320372216683284 0.05922551252847381
10 0.07278165503489531 0.4145785876993166 0.004652708541043536 0.06378132118451026
10 0.9798936523762047 0.4134396355353075 0.004320372216683284 0.06150341685649203
10 0.9845463609172482 0.4134396355353075 0.0036556995679627785 0.06150341685649203
10 0.06796277833167165 0.4145785876993166 0.004985044865403789 0.06378132118451026
1 0.5747756729810568 0.417995444191344 0.015619807244931871 0.07517084282460136
1 0.7183449651046859 0.42255125284738043 0.010967098703888335 0.09339407744874716
1 0.6095048188767033 0.42255125284738043 0.010634762379528082 0.04328018223234624
1 0.7271518777002326 0.42482915717539865 0.007311399135925557 0.10250569476082004
10 0.9916915918909937 0.4271070615034169 0.008640744433366567 0.029612756264236904
1 0.7000664672648721 0.4293849658314351 0.010967098703888335 0.0979498861047836
1 0.6890993685609837 0.4328018223234624 0.01163177135260884 0.09567198177676538
1 0.4576271186440678 0.4316628701594533 0.009305417082087071 0.03416856492027335
10 0.639415088069126 0.43394077448747154 0.009305417082087071 0.03416856492027335
5 0.6628447989365238 0.4328018223234624 0.00897308075772682 0.06378132118451026
10 0.7932868062479229 0.44874715261959 0.008640744433366567 0.03189066059225513
1 0.6232967763376537 0.45558086560364464 0.010967098703888335 0.04100227790432802
1 0.7608840146227983 0.45558086560364464 0.004985044865403789 0.06378132118451026
10 0.7562313060817547 0.4544419134396355 0.004985044865403789 0.06150341685649203
10 0.751246261216351 0.45671981776765375 0.004985044865403789 0.06150341685649203
1 0.7464273845131273 0.45785876993166286 0.004652708541043536 0.06378132118451026
1 0.5269192422731804 0.45671981776765375 0.00897308075772682 0.03416856492027335
10 0.9921900963775341 0.4635535307517084 0.00897308075772682 0.029612756264236904
10 0.5898969757394483 0.4635535307517084 0.004652708541043536 0.06150341685649203
1 0.5943835161183117 0.4635535307517084 0.004320372216683284 0.06150341685649203
10 0.5850780990362247 0.4635535307517084 0.004985044865403789 0.06150341685649203
10 0.7098703888334995 0.4646924829157175 0.004652708541043536 0.05922551252847381
10 0.6809571286141576 0.47380410022779046 0.004652708541043536 0.06378132118451026
1 0.7936191425722832 0.4806378132118451 0.009305417082087071 0.03189066059225513
10 0.5465270854104354 0.48405466970387245 0.004985044865403789 0.06150341685649203
1 0.6073446327683616 0.48291571753986334 0.015619807244931871 0.0683371298405467
10 0.5518444666001994 0.48291571753986334 0.005649717514124294 0.06378132118451026
10 0.5623130608175474 0.48291571753986334 0.004652708541043536 0.06378132118451026
10 0.5573280159521435 0.48405466970387245 0.005317381189764041 0.06150341685649203
10 0.5413758723828515 0.4863325740318907 0.005317381189764041 0.06605922551252848
5 0.775008308408109 0.4886104783599089 0.008640744433366567 0.06605922551252848
1 0.9270521768029245 0.489749430523918 0.004985044865403789 0.05922551252847381
1 0.5270854104353606 0.4920273348519362 0.009305417082087071 0.03189066059225513
1 0.9219009637753407 0.4920273348519362 0.004652708541043536 0.06378132118451026
1 0.9165835825855766 0.4920273348519362 0.004652708541043536 0.05922551252847381
1 0.9117647058823529 0.4920273348519362 0.004985044865403789 0.05466970387243736
1 0.5751080093054171 0.49316628701594534 0.014290461947490861 0.07061503416856492
1 0.9064473246925889 0.49316628701594534 0.004985044865403789 0.06150341685649203
1 0.869724160850781 0.4977220956719818 0.005317381189764041 0.06605922551252848
1 0.8748753738783649 0.4977220956719818 0.004985044865403789 0.06150341685649203
1 0.4574609504818877 0.49658314350797267 0.00897308075772682 0.03189066059225513
1 0.8542705217680292 0.4988610478359909 0.004985044865403789 0.05922551252847381
1 0.864572947823197 0.5 0.004985044865403789 0.06150341685649203
1 0.43752077102027254 0.4988610478359909 0.00897308075772682 0.03189066059225513
1 0.859255566633433 0.5011389521640092 0.004985044865403789 0.06378132118451026
1 0.4468261881023596 0.4988610478359909 0.009637753406447324 0.03644646924829157
1 0.6256231306081754 0.5136674259681093 0.014290461947490861 0.06605922551252848
1 0.5274177467597209 0.5250569476082004 0.009305417082087071 0.03416856492027335
1 0.7271518777002326 0.5261958997722096 0.008640744433366567 0.09111617312072894
10 0.44666001994017945 0.5273348519362187 0.008640744433366567 0.029612756264236904
10 0.43768693918245266 0.5318906605922551 0.009305417082087071 0.03416856492027335
10 0.7956131605184447 0.530751708428246 0.003988035892323031 0.05922551252847381
10 0.7911266201395812 0.530751708428246 0.004985044865403789 0.05922551252847381
1 0.4574609504818877 0.530751708428246 0.009637753406447324 0.02733485193621868
1 0.7047191758059156 0.530751708428246 0.004985044865403789 0.06378132118451026
1 0.7517447657028913 0.5318906605922551 0.003988035892323031 0.06150341685649203
10 0.7465935526753074 0.5318906605922551 0.004985044865403789 0.06150341685649203
1 0.6962445995347292 0.5398633257403189 0.010634762379528082 0.10022779043280182
10 0.9272183449651047 0.5558086560364465 0.005317381189764041 0.06378132118451026
10 0.9219009637753407 0.5546697038724373 0.004652708541043536 0.06150341685649203
10 0.9112662013958126 0.5558086560364465 0.004652708541043536 0.05922551252847381
10 0.9167497507477568 0.5569476082004556 0.004985044865403789 0.06150341685649203
10 0.9011299435028248 0.5569476082004556 0.004985044865403789 0.06150341685649203
1 0.5275839149219009 0.5580865603644647 0.01030242605516783 0.03189066059225513
10 0.9062811565304087 0.5569476082004556 0.004652708541043536 0.06150341685649203
10 0.890827517447657 0.5592255125284739 0.004985044865403789 0.06150341685649203
10 0.8959787304752409 0.5603644646924829 0.004652708541043536 0.05922551252847381
10 0.8853439680957128 0.5592255125284739 0.003988035892323031 0.06150341685649203
10 0.8803589232303091 0.5592255125284739 0.004652708541043536 0.06150341685649203
10 0.8647391159853772 0.5592255125284739 0.004652708541043536 0.06150341685649203
10 0.859255566633433 0.5615034168564921 0.004320372216683284 0.06150341685649203
10 0.8752077102027251 0.5615034168564921 0.004320372216683284 0.05694760820045558
10 0.8702226653373214 0.5615034168564921 0.004985044865403789 0.06150341685649203
10 0.8544366899302094 0.5637813211845103 0.005317381189764041 0.05694760820045558
10 0.8492854769026255 0.5637813211845103 0.004985044865403789 0.06150341685649203
1 0.45729478231970755 0.5649202733485194 0.009305417082087071 0.03189066059225513
10 0.6445663010967099 0.5831435079726651 0.004320372216683284 0.06378132118451026
10 0.6392489199069459 0.5842824601366743 0.004985044865403789 0.06605922551252848
1 0.7753406447324692 0.5876993166287016 0.007311399135925557 0.10933940774487472
1 0.5272515785975407 0.591116173120729 0.009637753406447324 0.029612756264236904
10 0.7818212030574941 0.5956719817767654 0.004985044865403789 0.06605922551252848
10 0.4577932868062479 0.5956719817767654 0.00897308075772682 0.025056947608200455
1 0.4378531073446328 0.5945330296127562 0.00897308075772682 0.03189066059225513
1 0.4468261881023596 0.5945330296127562 0.009637753406447324 0.03189066059225513
5 0.5795945496842805 0.6150341685649203 0.010634762379528082 0.12300683371298406
1 0.7542372881355932 0.6150341685649203 0.006314390162844799 0.07289293849658314
10 0.747424393486208 0.6184510250569476 0.005982053838484547 0.07061503416856492
10 0.44715852442671983 0.6264236902050114 0.009637753406447324 0.02733485193621868
1 0.5277500830840811 0.6275626423690205 0.009970089730807577 0.03416856492027335
10 0.43768693918245266 0.6275626423690205 0.008640744433366567 0.029612756264236904
1 0.6922565636424061 0.6343963553530751 0.010634762379528082 0.04328018223234624
1 0.7201728148886674 0.643507972665148 0.013958125623130608 0.05239179954441914
1 0.4574609504818877 0.6526195899772209 0.009637753406447324 0.029612756264236904
10 0.5272515785975407 0.6605922551252847 0.00897308075772682 0.02733485193621868
1 0.9194084413426388 0.6708428246013668 0.01030242605516783 0.10250569476082004
5 0.888168826852775 0.673120728929385 0.012296444001329345 0.0979498861047836
1 0.8639082751744765 0.6765375854214123 0.00897308075772682 0.02733485193621868
1 0.8557660352276504 0.6765375854214123 0.007976071784646061 0.10022779043280182
10 0.7666999002991027 0.6822323462414579 0.009305417082087071 0.029612756264236904
1 0.9119308740445331 0.6879271070615034 0.004652708541043536 0.06378132118451026
1 0.9069458291791292 0.6902050113895216 0.004652708541043536 0.06378132118451026
1 0.6924227318045862 0.6981776765375854 0.010967098703888335 0.04328018223234624
1 0.8640744433366567 0.7107061503416856 0.008640744433366567 0.03189066059225513
10 0.7668660684612828 0.7186788154897494 0.00897308075772682 0.029612756264236904
10 0.7337986041874377 0.7255125284738041 0.008640744433366567 0.03416856492027335
1 0.7205051512130276 0.7357630979498861 0.014622798271851114 0.05011389521640091
5 0.7437686939182453 0.7380410022779044 0.005317381189764041 0.05922551252847381
10 0.7062146892655368 0.7505694760820045 0.008640744433366567 0.029612756264236904
10 0.7668660684612828 0.7505694760820045 0.00897308075772682 0.03416856492027335
10 0.6969092721834497 0.7528473804100227 0.009305417082087071 0.029612756264236904
1 0.7555666334330342 0.7596810933940774 0.010967098703888335 0.10250569476082004
10 0.7337986041874377 0.7619589977220956 0.008640744433366567 0.03416856492027335
10 0.5290794283815221 0.7835990888382688 0.005317381189764041 0.06378132118451026
10 0.767032236623463 0.784738041002278 0.009305417082087071 0.029612756264236904
10 0.7058823529411765 0.784738041002278 0.008640744433366567 0.029612756264236904
10 0.5235958790295779 0.784738041002278 0.005649717514124294 0.06150341685649203
10 0.5008308408109007 0.785876993166287 0.004652708541043536 0.05922551252847381
10 0.5176138251910933 0.785876993166287 0.005649717514124294 0.06378132118451026
10 0.5116317713526088 0.785876993166287 0.004320372216683284 0.06378132118451026
10 0.6972416085078099 0.7881548974943052 0.009305417082087071 0.03189066059225513
10 0.4596211365902293 0.7881548974943052 0.004652708541043536 0.05922551252847381
10 0.4887005649717514 0.7881548974943052 0.004320372216683284 0.05922551252847381
10 0.48271851113326686 0.7892938496583144 0.004985044865403789 0.06605922551252848
1 0.5059820538384845 0.7881548974943052 0.004985044865403789 0.0683371298405467
10 0.4948487869724161 0.7892938496583144 0.004652708541043536 0.06605922551252848
1 0.7206713193752077 0.7892938496583144 0.014955134596211365 0.05239179954441914
10 0.4767364572947823 0.7892938496583144 0.004985044865403789 0.06150341685649203
1 0.47125290794283814 0.7915717539863326 0.004652708541043536 0.06605922551252848
10 0.46576935859089397 0.7927107061503417 0.004985044865403789 0.05922551252847381
1 0.7479228979727485 0.806378132118451 0.004320372216683284 0.05922551252847381
10 0.7426055167829844 0.8075170842824602 0.005649717514124294 0.06605922551252848
10 0.7362911266201396 0.8120728929384966 0.004320372216683284 0.06605922551252848
1 0.7183449651046859 0.8314350797266514 0.00897308075772682 0.03644646924829157
1 0.6927550681289465 0.837129840546697 0.010967098703888335 0.04328018223234624
1 0.8109006314390163 0.17539863325740318 0.005317381189764041 0.06378132118451026
1 0.7959454968428049 0.1788154897494305 0.004652708541043536 0.07061503416856492
1 0.6892655367231638 0.18906605922551253 0.005982053838484547 0.0683371298405467
1 0.6728148886673313 0.19248291571753987 0.004985044865403789 0.06605922551252848
1 0.5774343635759388 0.20387243735763097 0.005649717514124294 0.06605922551252848
1 0.5669657693585909 0.20273348519362186 0.005317381189764041 0.06378132118451026
1 0.5503489531405783 0.20501138952164008 0.005982053838484547 0.06378132118451026
1 0.4443336656696577 0.2164009111617312 0.005317381189764041 0.06378132118451026
1 0.4280491857760053 0.21867881548974943 0.005317381189764041 0.0683371298405467
1 0.38401462279827187 0.22323462414578588 0.004985044865403789 0.06378132118451026