1 0.027049180327868853 0.20982142857142858 0.007103825136612022 0.08035714285714286
10 0.10191256830601093 0.20982142857142858 0.003825136612021858 0.07142857142857142
10 0.40081967213114755 0.21651785714285715 0.00819672131147541 0.022321428571428572
10 0.1576502732240437 0.21651785714285715 0.007103825136612022 0.08482142857142858
1 0.09453551912568306 0.21875 0.006557377049180328 0.08928571428571429
1 0.07868852459016394 0.22098214285714285 0.007650273224043716 0.09375
1 0.0866120218579235 0.21875 0.007103825136612022 0.08928571428571429
1 0.05027322404371585 0.22098214285714285 0.003278688524590164 0.06696428571428571
1 0.05546448087431694 0.21875 0.003825136612021858 0.0625
1 0.06284153005464481 0.22098214285714285 0.007650273224043716 0.09375
1 0.07049180327868852 0.22098214285714285 0.006557377049180328 0.09375
10 0.333879781420765 0.24107142857142858 0.007650273224043716 0.026785714285714284
10 0.40136612021857926 0.24553571428571427 0.007103825136612022 0.03571428571428571
10 0.40136612021857926 0.2767857142857143 0.007103825136612022 0.026785714285714284
10 0.26284153005464483 0.27901785714285715 0.007650273224043716 0.03125
1 0.5562841530054645 0.28794642857142855 0.003278688524590164 0.05803571428571429
1 0.5519125683060109 0.28794642857142855 0.003278688524590164 0.05803571428571429
1 0.5374316939890711 0.31026785714285715 0.007103825136612022 0.09375
10 0.40136612021857926 0.3125 0.007103825136612022 0.026785714285714284
10 0.2907103825136612 0.3236607142857143 0.008743169398907104 0.04017857142857143
1 0.5737704918032787 0.32142857142857145 0.01092896174863388 0.05357142857142857
10 0.24453551912568305 0.3236607142857143 0.00819672131147541 0.04017857142857143
10 0.23497267759562843 0.3236607142857143 0.007650273224043716 0.04017857142857143
10 0.26256830601092895 0.3236607142857143 0.00819672131147541 0.04017857142857143
10 0.2721311475409836 0.32142857142857145 0.008743169398907104 0.03571428571428571
10 0.28169398907103826 0.32142857142857145 0.00819672131147541 0.03571428571428571
10 0.22568306010928962 0.32589285714285715 0.008743169398907104 0.03571428571428571
10 0.2530054644808743 0.328125 0.007650273224043716 0.04017857142857143
10 0.21612021857923497 0.328125 0.00819672131147541 0.04017857142857143
10 0.16967213114754098 0.32589285714285715 0.00819672131147541 0.03571428571428571
10 0.1882513661202186 0.328125 0.00819672131147541 0.04017857142857143
10 0.19726775956284154 0.32589285714285715 0.008743169398907104 0.03571428571428571
10 0.20683060109289617 0.32589285714285715 0.00819672131147541 0.03571428571428571
10 0.17868852459016393 0.32589285714285715 0.008743169398907104 0.044642857142857144
10 0.1598360655737705 0.33035714285714285 0.00819672131147541 0.03571428571428571
10 0.1418032786885246 0.33035714285714285 0.00819672131147541 0.03571428571428571
10 0.13169398907103824 0.3325892857142857 0.008743169398907104 0.04017857142857143
10 0.1505464480874317 0.3325892857142857 0.00819672131147541 0.04017857142857143
10 0.29890710382513663 0.34375 0.00546448087431694 0.08035714285714286
1 0.41120218579234974 0.359375 0.007103825136612022 0.03125
10 0.28114754098360656 0.36607142857142855 0.00819672131147541 0.03571428571428571
10 0.26256830601092895 0.36830357142857145 0.00819672131147541 0.03125
10 0.2715846994535519 0.36607142857142855 0.008743169398907104 0.03571428571428571
10 0.15956284153005465 0.36607142857142855 0.008743169398907104 0.03571428571428571
10 0.16912568306010928 0.36607142857142855 0.00819672131147541 0.03571428571428571
10 0.2901639344262295 0.36830357142857145 0.008743169398907104 0.03125
10 0.22513661202185792 0.36830357142857145 0.008743169398907104 0.03125
10 0.24371584699453552 0.36607142857142855 0.007650273224043716 0.03571428571428571
10 0.2530054644808743 0.3705357142857143 0.008743169398907104 0.03571428571428571
10 0.1882513661202186 0.37276785714285715 0.00819672131147541 0.03125
10 0.23469945355191257 0.3705357142857143 0.00819672131147541 0.03571428571428571
10 0.19672131147540983 0.3705357142857143 0.007650273224043716 0.03571428571428571
10 0.21612021857923497 0.3705357142857143 0.00819672131147541 0.03571428571428571
10 0.20683060109289617 0.3705357142857143 0.00819672131147541 0.03571428571428571
10 0.15109289617486338 0.37276785714285715 0.00819672131147541 0.03125
10 0.17868852459016393 0.37276785714285715 0.008743169398907104 0.03125
10 0.14098360655737704 0.375 0.008743169398907104 0.03571428571428571
10 0.13169398907103824 0.375 0.008743169398907104 0.03571428571428571
10 0.39672131147540984 0.38839285714285715 0.007650273224043716 0.026785714285714284
10 0.337431693989071 0.40401785714285715 0.004918032786885246 0.06696428571428571
1 0.2907103825136612 0.40625 0.008743169398907104 0.03571428571428571
1 0.26229508196721313 0.40625 0.008743169398907104 0.03571428571428571
1 0.2442622950819672 0.40848214285714285 0.007650273224043716 0.03125
1 0.2814207650273224 0.4107142857142857 0.007650273224043716 0.03571428571428571
1 0.30027322404371587 0.4107142857142857 0.00819672131147541 0.03571428571428571
1 0.23524590163934425 0.41294642857142855 0.00819672131147541 0.03125
1 0.2721311475409836 0.4107142857142857 0.008743169398907104 0.03571428571428571
1 0.34672131147540985 0.4107142857142857 0.003825136612021858 0.0625
10 0.17896174863387979 0.4107142857142857 0.009289617486338797 0.03571428571428571
1 0.2532786885245902 0.4107142857142857 0.00819672131147541 0.03571428571428571
1 0.34207650273224044 0.4107142857142857 0.003278688524590164 0.0625
1 0.21584699453551912 0.4107142857142857 0.008743169398907104 0.03571428571428571
1 0.22568306010928962 0.41294642857142855 0.008743169398907104 0.04017857142857143
1 0.16885245901639345 0.4107142857142857 0.007650273224043716 0.03571428571428571
1 0.1598360655737705 0.41517857142857145 0.00819672131147541 0.044642857142857144
1 0.20683060109289617 0.41517857142857145 0.00819672131147541 0.03571428571428571
1 0.14098360655737704 0.41517857142857145 0.007650273224043716 0.03571428571428571
1 0.1505464480874317 0.4174107142857143 0.00819672131147541 0.04017857142857143
1 0.19754098360655736 0.4174107142857143 0.00819672131147541 0.04017857142857143
1 0.13142076502732242 0.41517857142857145 0.009289617486338797 0.03571428571428571
10 0.39699453551912567 0.42410714285714285 0.007103825136612022 0.026785714285714284
1 0.022131147540983605 0.4486607142857143 0.003825136612021858 0.05803571428571429
10 0.9825136612021858 0.45089285714285715 0.008743169398907104 0.03571428571428571
1 0.007103825136612022 0.45535714285714285 0.006557377049180328 0.08928571428571429
10 0.01557377049180328 0.46205357142857145 0.006010928961748634 0.09375
10 0.9833333333333333 0.49776785714285715 0.009289617486338797 0.03125
10 0.09836065573770492 0.5178571428571429 0.003278688524590164 0.0625
10 0.09098360655737706 0.5178571428571429 0.00273224043715847 0.05357142857142857
10 0.09453551912568306 0.5223214285714286 0.003278688524590164 0.0625
10 0.10273224043715846 0.5245535714285714 0.004371584699453552 0.05803571428571429
1 0.002185792349726776 0.5848214285714286 0.004371584699453552 0.08035714285714286
1 0.07295081967213114 0.5870535714285714 0.011475409836065573 0.05803571428571429
1 0.8193989071038251 0.5982142857142857 0.011475409836065573 0.05357142857142857
1 0.9510928961748634 0.6026785714285714 0.011475409836065573 0.05357142857142857
1 0.1576502732240437 0.6049107142857143 0.011475409836065573 0.05803571428571429
1 0.5062841530054645 0.6071428571428571 0.011475409836065573 0.05357142857142857
1 0.5975409836065574 0.6138392857142857 0.011475409836065573 0.05803571428571429
1 0.2855191256830601 0.6205357142857143 0.011475409836065573 0.05357142857142857
12 0.10300546448087432 0.013392857142857142 0.011475409836065573 0.026785714285714284
1 0.0912568306010929 0.013392857142857142 0.007650273224043716 0.026785714285714284
1 0.012568306010928962 0.6696428571428571 0.004371584699453552 0.07142857142857142
1 0.001912568306010929 0.6741071428571429 0.003825136612021858 0.07142857142857142
1 0.01830601092896175 0.6763392857142857 0.004918032786885246 0.06696428571428571
1 0.023770491803278688 0.6741071428571429 0.004918032786885246 0.07142857142857142
1 0.007103825136612022 0.6763392857142857 0.004371584699453552 0.06696428571428571
1 0.030054644808743168 0.6897321428571429 0.006557377049180328 0.09375
10 0.2412568306010929 0.6875 0.009289617486338797 0.044642857142857144
1 0.8051912568306011 0.6941964285714286 0.007103825136612022 0.03125
1 0.8620218579234973 0.7075892857142857 0.006010928961748634 0.08482142857142858
1 0.6830601092896175 0.71875 0.006557377049180328 0.08928571428571429
1 0.6404371584699453 0.7209821428571429 0.006557377049180328 0.09375
1 0.9393442622950819 0.7276785714285714 0.008743169398907104 0.03571428571428571
1 0.909016393442623 0.7276785714285714 0.011475409836065573 0.05357142857142857
1 0.8060109289617486 0.7321428571428571 0.008743169398907104 0.03571428571428571
10 0.5245901639344263 0.734375 0.00546448087431694 0.07589285714285714
1 0.10628415300546448 0.7366071428571429 0.007103825136612022 0.09821428571428571
1 0.46120218579234973 0.7410714285714286 0.01092896174863388 0.05357142857142857
1 0.719672131147541 0.7433035714285714 0.008743169398907104 0.04017857142857143
1 0.2423497267759563 0.7477678571428571 0.011475409836065573 0.05803571428571429
1 0.6024590163934426 0.7455357142857143 0.00819672131147541 0.03571428571428571
1 0.589344262295082 0.75 0.007103825136612022 0.03571428571428571
1 0.49863387978142076 0.7522321428571429 0.009289617486338797 0.04017857142857143
1 0.2762295081967213 0.7611607142857143 0.009289617486338797 0.03125
1 0.1581967213114754 0.7700892857142857 0.00819672131147541 0.03125
1 0.05327868852459016 0.7678571428571429 0.009289617486338797 0.044642857142857144
1 0.1448087431693989 0.7723214285714286 0.007650273224043716 0.03571428571428571
10 0.08224043715846995 0.029017857142857144 0.00819672131147541 0.05803571428571429
1 0.073224043715847 0.020089285714285716 0.007650273224043716 0.04017857142857143
10 0.14726775956284152 0.008928571428571428 0.010382513661202186 0.017857142857142856
10 0.1366120218579235 0.011160714285714286 0.008743169398907104 0.022321428571428572
10 0.31065573770491806 0.013392857142857142 0.00819672131147541 0.026785714285714284
10 0.28060109289617485 0.017857142857142856 0.009289617486338797 0.03571428571428571
10 0.40081967213114755 0.017857142857142856 0.006010928961748634 0.026785714285714284
10 0.18743169398907103 0.020089285714285716 0.009836065573770493 0.04017857142857143
1 0.03715846994535519 0.03571428571428571 0.01092896174863388 0.05357142857142857
1 0.1366120218579235 0.04017857142857143 0.007650273224043716 0.03571428571428571
10 0.146448087431694 0.04017857142857143 0.008743169398907104 0.026785714285714284
10 0.40081967213114755 0.05357142857142857 0.007103825136612022 0.026785714285714284
1 0.11530054644808743 0.060267857142857144 0.012021857923497269 0.05803571428571429
1 0.2371584699453552 0.060267857142857144 0.006557377049180328 0.08482142857142858
1 0.47622950819672133 0.05803571428571429 0.007103825136612022 0.08928571428571429
10 0.28032786885245903 0.05803571428571429 0.008743169398907104 0.03571428571428571
5 0.16967213114754098 0.07142857142857142 0.020218579234972677 0.14285714285714285
1 0.1871584699453552 0.06696428571428571 0.00819672131147541 0.03571428571428571
10 0.4926229508196721 0.06919642857142858 0.004918032786885246 0.07589285714285714
1 0.3360655737704918 0.07142857142857142 0.007650273224043716 0.03571428571428571
10 0.40136612021857926 0.08705357142857142 0.007103825136612022 0.022321428571428572
10 0.13633879781420766 0.08482142857142858 0.00819672131147541 0.03571428571428571
10 0.14726775956284152 0.08705357142857142 0.009289617486338797 0.04017857142857143
1 0.03715846994535519 0.09821428571428571 0.012021857923497269 0.05357142857142857
10 0.28032786885245903 0.10267857142857142 0.007650273224043716 0.03571428571428571
1 0.09153005464480875 0.109375 0.006010928961748634 0.09375
1 0.3112021857923497 0.109375 0.007103825136612022 0.03125
12 0.07595628415300547 0.11383928571428571 0.01092896174863388 0.06696428571428571
12 0.10355191256830601 0.11383928571428571 0.012568306010928962 0.08482142857142858
10 0.08469945355191257 0.11160714285714286 0.004371584699453552 0.07142857142857142
10 0.4005464480874317 0.11607142857142858 0.007650273224043716 0.026785714285714284
10 0.14781420765027323 0.13169642857142858 0.009289617486338797 0.03125
10 0.292896174863388 0.13392857142857142 0.01092896174863388 0.05357142857142857
10 0.43387978142076505 0.140625 0.008743169398907104 0.04017857142857143
1 0.4448087431693989 0.13839285714285715 0.012021857923497269 0.05357142857142857
10 0.28060109289617485 0.14285714285714285 0.00819672131147541 0.03571428571428571
10 0.40136612021857926 0.14732142857142858 0.007103825136612022 0.026785714285714284
1 0.0366120218579235 0.16294642857142858 0.01092896174863388 0.049107142857142856
10 0.14781420765027323 0.171875 0.00819672131147541 0.03125
5 0.36721311475409835 0.1875 0.05027322404371585 0.375
1 0.566120218579235 0.18303571428571427 0.006557377049180328 0.08928571428571429
1 0.5568306010928962 0.18303571428571427 0.006557377049180328 0.08928571428571429
10 0.4010928961748634 0.18303571428571427 0.007650273224043716 0.026785714285714284
10 0.1396174863387978 0.1875 0.004918032786885246 0.08035714285714286
1 0.22185792349726777 0.18973214285714285 0.006557377049180328 0.08482142857142858
1 0.24180327868852458 0.18973214285714285 0.006010928961748634 0.09375
1 0.21420765027322405 0.1875 0.006557377049180328 0.08928571428571429
1 0.20737704918032787 0.19196428571428573 0.006010928961748634 0.08928571428571429
1 0.23387978142076501 0.19196428571428573 0.006557377049180328 0.08928571428571429
10 0.28114754098360656 0.19196428571428573 0.009289617486338797 0.026785714285714284
10 0.3336065573770492 0.20089285714285715 0.007103825136612022 0.026785714285714284
10 0.1644808743169399 0.20089285714285715 0.003278688524590164 0.0625
10 0.12759562841530053 0.203125 0.009289617486338797 0.04017857142857143
1 0.14754098360655737 0.20535714285714285 0.008743169398907104 0.026785714285714284