10 0.20426966292134832 0.5533738938053098 0.012134831460674157 0.006084070796460177
10 0.18898876404494383 0.5536504424778761 0.010337078651685393 0.00663716814159292
10 0.1343820224719101 0.5627765486725663 0.006292134831460674 0.014933628318584071
10 0.14359550561797751 0.5627765486725663 0.006741573033707865 0.012721238938053098
10 0.15258426966292135 0.5630530973451328 0.005842696629213483 0.01327433628318584
10 0.20359550561797754 0.5636061946902655 0.011685393258426966 0.0055309734513274336
1 0.18876404494382024 0.5652654867256637 0.011685393258426966 0.007743362831858407
2 0.6343820224719101 0.05752212389380531 0.15325842696629213 0.0918141592920354
5 0.743370786516854 0.5696902654867256 0.08808988764044944 0.11061946902654868
1 0.6853932584269663 0.5707964601769911 0.010786516853932584 0.007743362831858407
10 0.4550561797752809 0.5732853982300885 0.005842696629213483 0.013827433628318585
10 0.4453932584269663 0.5732853982300885 0.006292134831460674 0.013827433628318585
10 0.4251685393258427 0.5735619469026548 0.006292134831460674 0.01327433628318584
10 0.4350561797752809 0.5738384955752213 0.005393258426966292 0.013827433628318585
10 0.41707865168539326 0.5735619469026548 0.006292134831460674 0.014380530973451327
5 0.2853932584269663 0.574391592920354 0.12314606741573034 0.15099557522123894
10 0.18898876404494383 0.5754977876106194 0.010337078651685393 0.007190265486725664
10 0.20404494382022473 0.5757743362831859 0.012584269662921348 0.007743362831858407
10 0.6853932584269663 0.581858407079646 0.010786516853932584 0.00663716814159292
10 0.20449438202247192 0.5871128318584071 0.01348314606741573 0.008296460176991151
10 0.18921348314606742 0.5873893805309734 0.011685393258426966 0.00663716814159292
10 0.4350561797752809 0.5926438053097345 0.006292134831460674 0.012721238938053098
10 0.4548314606741573 0.5929203539823009 0.005393258426966292 0.01327433628318584
10 0.4449438202247191 0.5934734513274337 0.005393258426966292 0.01327433628318584
1 0.4256179775280899 0.5934734513274337 0.006292134831460674 0.01327433628318584
10 0.686067415730337 0.5934734513274337 0.011235955056179775 0.00663716814159292
10 0.20449438202247192 0.5978982300884956 0.014382022471910113 0.008849557522123894
10 0.18921348314606742 0.598174778761062 0.010786516853932584 0.007190265486725664
10 0.6678651685393259 0.599004424778761 0.010786516853932584 0.00663716814159292
10 0.3743820224719101 0.6020464601769911 0.010786516853932584 0.007190265486725664
10 0.6858426966292135 0.603429203539823 0.010786516853932584 0.00663716814159292
10 0.6685393258426966 0.6097898230088495 0.011235955056179775 0.007190265486725664
10 0.18876404494382024 0.610066371681416 0.010786516853932584 0.007743362831858407
10 0.20449438202247192 0.6125553097345132 0.012584269662921348 0.009402654867256638
10 0.4098876404494382 0.6133849557522124 0.006292134831460674 0.014380530973451327
10 0.418876404494382 0.6133849557522124 0.006292134831460674 0.014380530973451327
10 0.3746067415730337 0.6144911504424779 0.012134831460674157 0.00663716814159292
10 0.6858426966292135 0.6144911504424779 0.009887640449438202 0.00663716814159292
2 0.8015730337078651 0.0625 0.10651685393258427 0.10176991150442478
10 0.6685393258426966 0.6208517699115044 0.011235955056179775 0.007190265486725664
10 0.18921348314606742 0.6208517699115044 0.010786516853932584 0.007190265486725664
5 0.4402247191011236 0.6225110619469026 0.025617977528089888 0.03373893805309734
10 0.2049438202247191 0.6238938053097345 0.012584269662921348 0.00663716814159292
10 0.6856179775280898 0.6255530973451328 0.010337078651685393 0.00663716814159292
10 0.3750561797752809 0.6269358407079646 0.011235955056179775 0.007190265486725664
10 0.6689887640449438 0.6321902654867256 0.011235955056179775 0.007743362831858407
1 0.2049438202247191 0.634679203539823 0.012584269662921348 0.007190265486725664
10 0.18764044943820224 0.6393805309734514 0.010337078651685393 0.00663716814159292
10 0.3748314606741573 0.6393805309734514 0.010786516853932584 0.00663716814159292
1 0.6685393258426966 0.6429756637168141 0.012134831460674157 0.007190265486725664
10 0.710561797752809 0.6474004424778761 0.005393258426966292 0.012721238938053098
10 0.692808988764045 0.6479535398230089 0.005842696629213483 0.013827433628318585
10 0.7017977528089888 0.6485066371681416 0.005842696629213483 0.012721238938053098
10 0.6831460674157304 0.6485066371681416 0.005393258426966292 0.012721238938053098
10 0.3748314606741573 0.650995575221239 0.010786516853932584 0.007743362831858407
10 0.4456179775280899 0.6523783185840708 0.006741573033707865 0.013827433628318585
10 0.4557303370786517 0.6526548672566371 0.006292134831460674 0.014380530973451327
10 0.4352808988764045 0.6573561946902655 0.006741573033707865 0.013827433628318585
10 0.42696629213483145 0.6570796460176991 0.006292134831460674 0.01327433628318584
10 0.3748314606741573 0.6637168141592921 0.010786516853932584 0.007743362831858407
10 0.692808988764045 0.6684181415929203 0.004943820224719101 0.012721238938053098
10 0.7013483146067415 0.6689712389380531 0.005842696629213483 0.012721238938053098
10 0.710561797752809 0.6692477876106194 0.006292134831460674 0.014380530973451327
10 0.4555056179775281 0.6714601769911505 0.006741573033707865 0.014380530973451327
10 0.4456179775280899 0.6717367256637168 0.005842696629213483 0.013827433628318585
10 0.8060674157303371 0.6886061946902655 0.011235955056179775 0.007743362831858407
10 0.8224719101123595 0.692754424778761 0.010786516853932584 0.007190265486725664
1 0.4166292134831461 0.6935840707964602 0.0071910112359550565 0.014380530973451327
1 0.4258426966292135 0.6935840707964602 0.006741573033707865 0.01327433628318584
2 0.38157303370786516 0.06969026548672566 0.12674157303370787 0.13163716814159293
10 0.8060674157303371 0.699391592920354 0.011235955056179775 0.007190265486725664
10 0.8229213483146067 0.7040929203539823 0.011685393258426966 0.007743362831858407
10 0.8058426966292135 0.7101769911504425 0.011685393258426966 0.007743362831858407
10 0.8229213483146067 0.7148783185840708 0.011685393258426966 0.007190265486725664
5 0.7692134831460674 0.7168141592920354 0.05078651685393258 0.0586283185840708
10 0.8058426966292135 0.7209623893805309 0.010786516853932584 0.007190265486725664
10 0.8231460674157304 0.7256637168141593 0.011235955056179775 0.00663716814159292
10 0.8067415730337079 0.7320243362831859 0.010786516853932584 0.007190265486725664
10 0.8229213483146067 0.7364491150442478 0.010786516853932584 0.007190265486725664
10 0.802247191011236 0.7594026548672567 0.010786516853932584 0.00663716814159292
10 0.7849438202247191 0.7602323008849557 0.011235955056179775 0.007190265486725664
10 0.8026966292134832 0.7699115044247787 0.010786516853932584 0.007743362831858407
10 0.7851685393258427 0.7707411504424779 0.010786516853932584 0.007190265486725664
2 0.5080898876404495 0.0790929203539823 0.05348314606741573 0.11283185840707964
2 0.9195505617977529 0.07992256637168142 0.054831460674157305 0.11449115044247787
1 0.861123595505618 0.8199668141592921 0.038651685393258424 0.02267699115044248
1 0.7071910112359551 0.8332411504424779 0.01752808988764045 0.043694690265486724
1 0.729438202247191 0.8329646017699115 0.01707865168539326 0.04314159292035398
1 0.7721348314606742 0.834070796460177 0.01707865168539326 0.0420353982300885
1 0.7950561797752809 0.8343473451327433 0.017977528089887642 0.042588495575221236
1 0.8615730337078652 0.849004424778761 0.038651685393258424 0.022123893805309734
1 0.8622471910112359 0.8766592920353983 0.038202247191011236 0.024336283185840708
1 0.7728089887640449 0.8832964601769911 0.01662921348314607 0.0420353982300885
1 0.7301123595505618 0.8844026548672567 0.018426966292134833 0.0420353982300885
1 0.7071910112359551 0.8849557522123894 0.01662921348314607 0.0420353982300885
5 0.6701123595505618 0.9012721238938053 0.043146067415730335 0.03373893805309734
5 0.6161797752808988 0.901825221238938 0.04404494382022472 0.03484513274336283
5 0.9146067415730337 0.9189712389380531 0.04764044943820225 0.03595132743362832
1 0.3984269662921348 0.9236725663716814 0.011235955056179775 0.008849557522123894
1 0.3492134831460674 0.9245022123893806 0.011685393258426966 0.010508849557522125
10 0.32741573033707866 0.933075221238938 0.012134831460674157 0.008849557522123894
5 0.8125842696629213 0.9336283185840708 0.0449438202247191 0.034292035398230086
1 0.7310112359550561 0.9347345132743363 0.018426966292134833 0.04314159292035398
10 0.3982022471910112 0.9344579646017699 0.011685393258426966 0.009402654867256638
1 0.7730337078651686 0.9344579646017699 0.017977528089887642 0.043694690265486724
10 0.4312359550561798 0.9350110619469026 0.011235955056179775 0.009402654867256638
10 0.349438202247191 0.9352876106194691 0.011235955056179775 0.008849557522123894
1 0.7078651685393258 0.9358407079646017 0.016179775280898877 0.04314159292035398
10 0.9730337078651685 0.9405420353982301 0.006292134831460674 0.013827433628318585
2 0.39932584269662924 0.9596238938053098 0.12179775280898876 0.035398230088495575
10 0.9638202247191011 0.9607300884955752 0.01303370786516854 0.00995575221238938
2 0.27123595505617976 0.9612831858407079 0.07325842696629213 0.034292035398230086
10 0.32808988764044944 0.9626659292035398 0.011685393258426966 0.009402654867256638
5 0.8613483146067415 0.9632190265486725 0.033707865168539325 0.03373893805309734
10 0.9242696629213483 0.15016592920353983 0.005842696629213483 0.013827433628318585
10 0.9330337078651686 0.1504424778761062 0.005393258426966292 0.01327433628318584
10 0.9152808988764045 0.1504424778761062 0.005842696629213483 0.01327433628318584
10 0.8847191011235955 0.15403761061946902 0.005842696629213483 0.012721238938053098
10 0.8750561797752809 0.1543141592920354 0.006292134831460674 0.01327433628318584
10 0.864943820224719 0.15459070796460178 0.005842696629213483 0.013827433628318585
10 0.8555056179775281 0.15459070796460178 0.006741573033707865 0.013827433628318585
10 0.8939325842696629 0.15486725663716813 0.006292134831460674 0.01327433628318584
10 0.2964044943820225 0.1570796460176991 0.011235955056179775 0.00663716814159292
10 0.6307865168539326 0.16039823008849557 0.005842696629213483 0.014380530973451327
1 0.5687640449438203 0.16039823008849557 0.010337078651685393 0.00663716814159292
1 0.5458426966292135 0.1609513274336283 0.011235955056179775 0.007743362831858407
1 0.592808988764045 0.1609513274336283 0.011685393258426966 0.00663716814159292
12 0.7319101123595506 0.1620575221238938 0.013932584269662922 0.017699115044247787
12 0.7170786516853933 0.16233407079646017 0.01303370786516854 0.01825221238938053
12 0.7469662921348315 0.16261061946902655 0.01348314606741573 0.017699115044247787
10 0.771685393258427 0.16261061946902655 0.006292134831460674 0.01327433628318584
12 0.6874157303370787 0.16261061946902655 0.013932584269662922 0.017699115044247787
12 0.6440449438202247 0.16261061946902655 0.014382022471910113 0.017699115044247787
12 0.6591011235955057 0.16316371681415928 0.012134831460674157 0.017699115044247787
12 0.7024719101123595 0.16288716814159293 0.012584269662921348 0.019358407079646017
10 0.7804494382022472 0.16316371681415928 0.005842696629213483 0.01327433628318584
12 0.6732584269662921 0.16316371681415928 0.012584269662921348 0.017699115044247787
10 0.7889887640449438 0.16344026548672566 0.005842696629213483 0.014933628318584071
1 0.7629213483146068 0.16344026548672566 0.005842696629213483 0.012721238938053098
10 0.7979775280898876 0.16344026548672566 0.006741573033707865 0.014933628318584071
10 0.33685393258426966 0.16426991150442477 0.004943820224719101 0.012168141592920354
10 0.3804494382022472 0.16426991150442477 0.005842696629213483 0.01327433628318584
10 0.3898876404494382 0.16426991150442477 0.005842696629213483 0.01327433628318584
10 0.32719101123595506 0.16454646017699115 0.005393258426966292 0.012721238938053098
10 0.3984269662921348 0.16454646017699115 0.004943820224719101 0.012721238938053098
10 0.36292134831460676 0.16482300884955753 0.005842696629213483 0.014380530973451327
10 0.37191011235955057 0.16454646017699115 0.005842696629213483 0.013827433628318585
10 0.35460674157303373 0.1650995575221239 0.006292134831460674 0.013827433628318585
10 0.3453932584269663 0.16537610619469026 0.004943820224719101 0.01327433628318584
10 0.46741573033707867 0.16648230088495575 0.010786516853932584 0.007743362831858407
1 0.2964044943820225 0.16841814159292035 0.012134831460674157 0.008296460176991151
5 0.43865168539325844 0.16841814159292035 0.0350561797752809 0.03373893805309734
1 0.12134831460674157 0.1720132743362832 0.032359550561797755 0.00663716814159292
1 0.9355056179775281 0.17616150442477876 0.005842696629213483 0.013827433628318585
10 0.4667415730337079 0.17699115044247787 0.010337078651685393 0.00663716814159292
10 0.29752808988764046 0.17892699115044247 0.011685393258426966 0.008296460176991151
10 0.7348314606741573 0.18113938053097345 0.005393258426966292 0.012721238938053098
10 0.7496629213483146 0.18141592920353983 0.006292134831460674 0.01327433628318584
10 0.7053932584269663 0.18224557522123894 0.004943820224719101 0.012721238938053098
10 0.6759550561797752 0.18224557522123894 0.0071910112359550565 0.014933628318584071
10 0.6606741573033708 0.18224557522123894 0.005393258426966292 0.013827433628318585
10 0.7202247191011236 0.18252212389380532 0.005842696629213483 0.01327433628318584
10 0.6462921348314606 0.18252212389380532 0.005393258426966292 0.01327433628318584
10 0.6898876404494382 0.18252212389380532 0.006292134831460674 0.01327433628318584
1 0.36337078651685395 0.18528761061946902 0.005842696629213483 0.01327433628318584
1 0.32741573033707866 0.18584070796460178 0.005842696629213483 0.01327433628318584
10 0.37235955056179776 0.1855641592920354 0.005842696629213483 0.014933628318584071
1 0.3451685393258427 0.1855641592920354 0.005393258426966292 0.013827433628318585
10 0.33662921348314606 0.18584070796460178 0.005393258426966292 0.01327433628318584
10 0.3543820224719101 0.18584070796460178 0.005842696629213483 0.014380530973451327
5 0.8728089887640449 0.18584070796460178 0.04044943820224719 0.033185840707964605
12 0.7638202247191012 0.18888274336283187 0.01303370786516854 0.017146017699115043
1 0.2964044943820225 0.18971238938053098 0.010337078651685393 0.007743362831858407
5 0.7878651685393259 0.19192477876106195 0.017977528089887642 0.034292035398230086
1 0.31617977528089886 0.19386061946902655 0.004943820224719101 0.012721238938053098
10 0.9626966292134832 0.19413716814159293 0.005393258426966292 0.01327433628318584
10 0.16719101123595506 0.19966814159292035 0.010786516853932584 0.00663716814159292
10 0.15168539325842698 0.20077433628318583 0.010337078651685393 0.00663716814159292
12 0.7471910112359551 0.2029867256637168 0.013932584269662922 0.016592920353982302
12 0.7307865168539326 0.20353982300884957 0.01348314606741573 0.015486725663716814
12 0.6880898876404494 0.20381637168141592 0.01348314606741573 0.016039823008849558
12 0.7173033707865168 0.20381637168141592 0.012584269662921348 0.016039823008849558
12 0.6737078651685393 0.2040929203539823 0.014382022471910113 0.016592920353982302
12 0.6440449438202247 0.20436946902654868 0.01348314606741573 0.017146017699115043
12 0.6591011235955057 0.20436946902654868 0.01303370786516854 0.017146017699115043
12 0.7031460674157304 0.2049225663716814 0.01303370786516854 0.016039823008849558
1 0.10269662921348315 0.20547566371681417 0.023820224719101123 0.007190265486725664
1 0.13146067415730336 0.20547566371681417 0.005842696629213483 0.013827433628318585
1 0.12292134831460674 0.2060287610619469 0.006741573033707865 0.013827433628318585
5 0.25820224719101126 0.20907079646017698 0.020224719101123594 0.029867256637168143
10 0.31662921348314604 0.21266592920353983 0.004943820224719101 0.012721238938053098
1 0.3244943820224719 0.2129424778761062 0.006292134831460674 0.01327433628318584
1 0.35146067415730337 0.2129424778761062 0.006292134831460674 0.01327433628318584
10 0.33393258426966294 0.21349557522123894 0.005393258426966292 0.01327433628318584
10 0.34269662921348315 0.21321902654867256 0.005842696629213483 0.012721238938053098
10 0.18247191011235955 0.21902654867256638 0.005393258426966292 0.014380530973451327
1 0.17415730337078653 0.2195796460176991 0.004943820224719101 0.012168141592920354
10 0.7844943820224719 0.22123893805309736 0.005842696629213483 0.014380530973451327
10 0.7934831460674158 0.2215154867256637 0.005842696629213483 0.013827433628318585
1 0.6647191011235956 0.22621681415929204 0.006292134831460674 0.014380530973451327
1 0.6534831460674158 0.23202433628318583 0.006292134831460674 0.013827433628318585
10 0.3602247191011236 0.23202433628318583 0.005842696629213483 0.013827433628318585
10 0.35191011235955055 0.2323008849557522 0.005393258426966292 0.01327433628318584
5 0.890561797752809 0.2323008849557522 0.033707865168539325 0.032079646017699116
10 0.34269662921348315 0.2325774336283186 0.005842696629213483 0.012721238938053098
10 0.302247191011236 0.2323008849557522 0.005842696629213483 0.01327433628318584
10 0.3343820224719101 0.2323008849557522 0.006292134831460674 0.014380530973451327
10 0.2939325842696629 0.2325774336283186 0.006292134831460674 0.013827433628318585
10 0.31640449438202245 0.2334070796460177 0.006292134831460674 0.01327433628318584
10 0.3253932584269663 0.23313053097345132 0.006292134831460674 0.013827433628318585
10 0.7132584269662922 0.2361725663716814 0.005393258426966292 0.01327433628318584
5 0.5692134831460675 0.23672566371681417 0.07056179775280899 0.06305309734513274
10 0.7042696629213483 0.23700221238938052 0.006292134831460674 0.013827433628318585
10 0.2573033707865168 0.23893805309734514 0.005842696629213483 0.01327433628318584
10 0.2662921348314607 0.23949115044247787 0.005842696629213483 0.01327433628318584
10 0.24853932584269664 0.23949115044247787 0.006292134831460674 0.014380530973451327
5 0.9253932584269663 0.24198008849557523 0.029662921348314608 0.024889380530973452
5 0.16089887640449438 0.2516592920353982 0.038651685393258424 0.034292035398230086
1 0.31640449438202245 0.2530420353982301 0.005393258426966292 0.012721238938053098
10 0.2930337078651685 0.2535951327433628 0.005393258426966292 0.013827433628318585
1 0.3604494382022472 0.2530420353982301 0.005393258426966292 0.012721238938053098
10 0.302247191011236 0.25331858407079644 0.005842696629213483 0.01327433628318584
10 0.39370786516853934 0.25331858407079644 0.012584269662921348 0.007743362831858407
1 0.3256179775280899 0.2535951327433628 0.005842696629213483 0.012721238938053098
1 0.33393258426966294 0.2535951327433628 0.006292134831460674 0.013827433628318585
1 0.8278651685393258 0.2571902654867257 0.035955056179775284 0.02101769911504425
1 0.4314606741573034 0.25857300884955753 0.006292134831460674 0.013827433628318585
10 0.4489887640449438 0.25857300884955753 0.006292134831460674 0.012721238938053098
12 0.40853932584269664 0.2594026548672566 0.016179775280898877 0.017699115044247787
10 0.42247191011235957 0.26023230088495575 0.0071910112359550565 0.014933628318584071
10 0.39393258426966293 0.2643805309734513 0.012134831460674157 0.007743362831858407
10 0.9368539325842696 0.26935840707964603 0.011235955056179775 0.00663716814159292
10 0.1204494382022472 0.2707411504424779 0.005393258426966292 0.01327433628318584
1 0.11123595505617978 0.2707411504424779 0.004943820224719101 0.013827433628318585
10 0.10224719101123596 0.27129424778761063 0.006741573033707865 0.014933628318584071
10 0.3941573033707865 0.27682522123893805 0.012584269662921348 0.007190265486725664
10 0.8 0.28069690265486724 0.011685393258426966 0.007190265486725664
10 0.17348314606741572 0.28069690265486724 0.005393258426966292 0.014933628318584071
1 0.431685393258427 0.2815265486725664 0.006741573033707865 0.01327433628318584
10 0.1557303370786517 0.2815265486725664 0.005842696629213483 0.01327433628318584
10 0.5835955056179776 0.2815265486725664 0.004943820224719101 0.012168141592920354
1 0.1647191011235955 0.28125 0.005842696629213483 0.012721238938053098
10 0.42292134831460676 0.2815265486725664 0.005393258426966292 0.014380530973451327
12 0.40898876404494383 0.28207964601769914 0.014382022471910113 0.018805309734513276
10 0.449438202247191 0.28207964601769914 0.005393258426966292 0.014380530973451327
10 0.5743820224719101 0.28235619469026546 0.005393258426966292 0.013827433628318585
10 0.5656179775280898 0.28207964601769914 0.004943820224719101 0.01327433628318584
10 0.5921348314606741 0.28263274336283184 0.005842696629213483 0.014380530973451327
5 0.9179775280898876 0.28235619469026546 0.020224719101123594 0.023783185840707963
10 0.5573033707865168 0.2829092920353982 0.005393258426966292 0.013827433628318585
10 0.5314606741573034 0.2829092920353982 0.005842696629213483 0.013827433628318585
10 0.5051685393258427 0.2831858407079646 0.006292134831460674 0.014380530973451327
10 0.5137078651685393 0.283462389380531 0.006292134831460674 0.013827433628318585
10 0.5231460674157303 0.2831858407079646 0.006292134831460674 0.01327433628318584
10 0.3941573033707865 0.2884402654867257 0.012584269662921348 0.007190265486725664
1 0.9370786516853933 0.28926991150442477 0.010786516853932584 0.00663716814159292
10 0.8197752808988764 0.28982300884955753 0.012584269662921348 0.00663716814159292
10 0.7997752808988764 0.290929203539823 0.011235955056179775 0.007743362831858407
1 0.6278651685393258 0.2928650442477876 0.010786516853932584 0.007190265486725664
10 0.6139325842696629 0.2928650442477876 0.010786516853932584 0.006084070796460177
2 0.9649438202247191 0.2961836283185841 0.03056179775280899 0.056969026548672565
1 0.5923595505617978 0.29728982300884954 0.0044943820224719105 0.010508849557522125
1 0.5752808988764045 0.2975663716814159 0.006292134831460674 0.01327433628318584
1 0.5835955056179776 0.2978429203539823 0.005842696629213483 0.013827433628318585
1 0.566067415730337 0.2989491150442478 0.005842696629213483 0.012721238938053098
10 0.9370786516853933 0.29922566371681414 0.011685393258426966 0.00663716814159292
10 0.39393258426966293 0.2995022123893805 0.012134831460674157 0.007190265486725664
10 0.5314606741573034 0.3019911504424779 0.005842696629213483 0.01327433628318584
10 0.5146067415730337 0.30226769911504425 0.006292134831460674 0.012721238938053098
10 0.5231460674157303 0.30226769911504425 0.006292134831460674 0.012721238938053098
10 0.4964044943820225 0.30254424778761063 0.005842696629213483 0.01327433628318584
10 0.5056179775280899 0.30254424778761063 0.006292134831460674 0.01327433628318584
1 0.6276404494382023 0.3033738938053097 0.011235955056179775 0.007190265486725664
10 0.6143820224719101 0.30420353982300885 0.011685393258426966 0.00663716814159292
1 0.43191011235955057 0.30448008849557523 0.006292134831460674 0.013827433628318585
12 0.40853932584269664 0.3047566371681416 0.014382022471910113 0.017699115044247787
10 0.09887640449438202 0.30448008849557523 0.011685393258426966 0.007190265486725664
10 0.42314606741573035 0.3047566371681416 0.006741573033707865 0.01327433628318584
10 0.449438202247191 0.3053097345132743 0.006292134831460674 0.014380530973451327
10 0.9370786516853933 0.30973451327433627 0.011685393258426966 0.00663716814159292
10 0.3941573033707865 0.3105641592920354 0.011685393258426966 0.007190265486725664
1 0.6276404494382023 0.3144358407079646 0.011235955056179775 0.007190265486725664
1 0.5750561797752809 0.3141592920353982 0.005842696629213483 0.01327433628318584
1 0.5923595505617978 0.3141592920353982 0.005393258426966292 0.014380530973451327
1 0.5665168539325842 0.3144358407079646 0.005842696629213483 0.012721238938053098
10 0.6146067415730337 0.3144358407079646 0.011235955056179775 0.006084070796460177
10 0.0995505617977528 0.31498893805309736 0.011235955056179775 0.007190265486725664
5 0.33415730337078653 0.31692477876106195 0.09752808988764045 0.09070796460176991
10 0.9366292134831461 0.3213495575221239 0.009887640449438202 0.00663716814159292
5 0.2051685393258427 0.32466814159292035 0.03460674157303371 0.032079646017699116
10 0.0995505617977528 0.32577433628318586 0.011235955056179775 0.00663716814159292
10 0.42044943820224717 0.32853982300884954 0.005842696629213483 0.01327433628318584
10 0.3946067415730337 0.32826327433628316 0.011685393258426966 0.007190265486725664
12 0.4404494382022472 0.32853982300884954 0.014382022471910113 0.017699115044247787
10 0.4521348314606742 0.32853982300884954 0.006292134831460674 0.014380530973451327
10 0.4110112359550562 0.3288163716814159 0.005842696629213483 0.013827433628318585
10 0.4289887640449438 0.3290929203539823 0.005842696629213483 0.015486725663716814
1 0.26786516853932585 0.3290929203539823 0.005393258426966292 0.012168141592920354
1 0.27662921348314606 0.32964601769911506 0.005842696629213483 0.01327433628318584
1 0.25910112359550563 0.3301991150442478 0.006741573033707865 0.01327433628318584
10 0.3946067415730337 0.3401548672566372 0.011685393258426966 0.007743362831858407
1 0.6280898876404495 0.3473451327433628 0.006741573033707865 0.014380530973451327
10 0.3943820224719101 0.351216814159292 0.011235955056179775 0.007743362831858407
10 0.5215730337078651 0.35204646017699115 0.012134831460674157 0.007190265486725664
10 0.41123595505617977 0.3525995575221239 0.005393258426966292 0.014933628318584071
10 0.4352808988764045 0.35232300884955753 0.005842696629213483 0.01327433628318584
12 0.42269662921348317 0.3531526548672566 0.014831460674157304 0.01825221238938053
5 0.15842696629213482 0.3606194690265487 0.033707865168539325 0.033185840707964605
1 0.3946067415730337 0.36172566371681414 0.011685393258426966 0.007743362831858407
5 0.8797752808988764 0.36366150442477874 0.06696629213483146 0.10896017699115045
10 0.5217977528089888 0.36366150442477874 0.011685393258426966 0.007190265486725664
5 0.7139325842696629 0.37057522123893805 0.15146067415730338 0.1836283185840708
1 0.9276404494382022 0.37444690265486724 0.010786516853932584 0.007743362831858407
10 0.5215730337078651 0.37582964601769914 0.011235955056179775 0.007190265486725664
5 0.5626966292134832 0.377212389380531 0.04853932584269663 0.09845132743362832
1 0.6280898876404495 0.3785951327433628 0.005842696629213483 0.013827433628318585
1 0.39258426966292137 0.38357300884955753 0.005842696629213483 0.011615044247787611
1 0.3752808988764045 0.3838495575221239 0.006292134831460674 0.012168141592920354
1 0.3471910112359551 0.3838495575221239 0.005842696629213483 0.012168141592920354
1 0.3658426966292135 0.3844026548672566 0.006292134831460674 0.012168141592920354
1 0.3842696629213483 0.3841261061946903 0.006292134831460674 0.011615044247787611
1 0.3287640449438202 0.3844026548672566 0.006741573033707865 0.01327433628318584
1 0.290561797752809 0.38495575221238937 0.005842696629213483 0.01327433628318584
1 0.2995505617977528 0.38495575221238937 0.005842696629213483 0.012168141592920354
1 0.35730337078651686 0.38495575221238937 0.006292134831460674 0.012168141592920354
1 0.3379775280898876 0.38523230088495575 0.006292134831460674 0.012721238938053098
1 0.28202247191011237 0.38495575221238937 0.005842696629213483 0.012168141592920354
1 0.3085393258426966 0.3855088495575221 0.005842696629213483 0.012168141592920354
1 0.2642696629213483 0.3855088495575221 0.005393258426966292 0.01327433628318584
1 0.27303370786516856 0.3855088495575221 0.005842696629213483 0.01327433628318584
10 0.9280898876404494 0.3855088495575221 0.011685393258426966 0.00663716814159292
1 0.45932584269662924 0.3885508849557522 0.010786516853932584 0.008296460176991151
10 0.5217977528089888 0.3938053097345133 0.010786516853932584 0.00663716814159292
10 0.9285393258426966 0.39629424778761063 0.010786516853932584 0.007190265486725664
1 0.40898876404494383 0.3974004424778761 0.011685393258426966 0.007190265486725664
10 0.39258426966292137 0.4032079646017699 0.005842696629213483 0.015486725663716814
10 0.32831460674157303 0.40348451327433627 0.005842696629213483 0.014933628318584071
10 0.27303370786516856 0.404037610619469 0.004943820224719101 0.013827433628318585
10 0.3379775280898876 0.40376106194690264 0.005393258426966292 0.01327433628318584
10 0.36629213483146067 0.404037610619469 0.005393258426966292 0.013827433628318585
10 0.3085393258426966 0.4045907079646018 0.005842696629213483 0.013827433628318585
10 0.3204494382022472 0.4045907079646018 0.005393258426966292 0.013827433628318585
10 0.2642696629213483 0.4045907079646018 0.005393258426966292 0.013827433628318585
10 0.3752808988764045 0.4045907079646018 0.006292134831460674 0.013827433628318585
10 0.35730337078651686 0.4045907079646018 0.006292134831460674 0.012721238938053098
10 0.34696629213483143 0.40486725663716816 0.006292134831460674 0.014380530973451327
10 0.281123595505618 0.4045907079646018 0.005842696629213483 0.013827433628318585
10 0.2993258426966292 0.40486725663716816 0.005393258426966292 0.01327433628318584
10 0.2903370786516854 0.40514380530973454 0.006292134831460674 0.014933628318584071
10 0.3838202247191011 0.40514380530973454 0.005393258426966292 0.012721238938053098
10 0.5213483146067416 0.40569690265486724 0.010786516853932584 0.007190265486725664
10 0.9278651685393259 0.40707964601769914 0.010337078651685393 0.00663716814159292
1 0.40853932584269664 0.4079092920353982 0.010786516853932584 0.007190265486725664
10 0.5988764044943821 0.4112278761061947 0.012134831460674157 0.007190265486725664
12 0.6206741573033708 0.4150995575221239 0.01348314606741573 0.016039823008849558
10 0.8379775280898877 0.42228982300884954 0.005842696629213483 0.013827433628318585
10 0.8460674157303371 0.4225663716814159 0.004943820224719101 0.01327433628318584
12 0.5995505617977528 0.42616150442477874 0.012584269662921348 0.013827433628318585
10 0.6213483146067416 0.42920353982300885 0.011235955056179775 0.00663716814159292
10 0.5991011235955056 0.4413716814159292 0.011685393258426966 0.007743362831858407
10 0.4253932584269663 0.44275442477876104 0.007640449438202248 0.012721238938053098
1 0.41685393258426967 0.4430309734513274 0.007640449438202248 0.01327433628318584
10 0.4343820224719101 0.4430309734513274 0.00853932584269663 0.01327433628318584
10 0.44449438202247193 0.44386061946902655 0.0071910112359550565 0.013827433628318585
12 0.6208988764044944 0.44551991150442477 0.01303370786516854 0.016039823008849558
12 0.5997752808988764 0.4560287610619469 0.012134831460674157 0.013827433628318585
2 0.964494382022472 0.45879424778761063 0.029662921348314608 0.1277654867256637
10 0.6208988764044944 0.4593473451327434 0.012134831460674157 0.007190265486725664
10 0.4350561797752809 0.46211283185840707 0.008089887640449439 0.013827433628318585
10 0.4435955056179775 0.4629424778761062 0.0071910112359550565 0.01327433628318584
1 0.4244943820224719 0.46349557522123896 0.006741573033707865 0.016592920353982302
10 0.31797752808988766 0.47345132743362833 0.005842696629213483 0.012168141592920354
10 0.32696629213483147 0.4737278761061947 0.005842696629213483 0.012721238938053098
10 0.21797752808988763 0.47870575221238937 0.010786516853932584 0.007190265486725664
10 0.14202247191011236 0.48008849557522126 0.005393258426966292 0.01327433628318584
10 0.1501123595505618 0.48091814159292035 0.005393258426966292 0.014933628318584071
10 0.16 0.4811946902654867 0.0071910112359550565 0.01327433628318584
1 0.28359550561797753 0.48783185840707965 0.02247191011235955 0.01327433628318584
10 0.21797752808988763 0.4908738938053097 0.010786516853932584 0.007190265486725664
5 0.4298876404494382 0.4930862831858407 0.03640449438202247 0.03263274336283186
5 0.8957303370786517 0.4958517699115044 0.039550561797752806 0.03484513274336283
10 0.677752808988764 0.4964048672566372 0.005393258426966292 0.013827433628318585
10 0.6683146067415731 0.49668141592920356 0.005393258426966292 0.01327433628318584
10 0.6867415730337079 0.49723451327433627 0.006292134831460674 0.01327433628318584
10 0.6503370786516854 0.49723451327433627 0.006292134831460674 0.014380530973451327
10 0.6595505617977528 0.497787610619469 0.005842696629213483 0.014380530973451327
10 0.14606741573033707 0.5011061946902655 0.005393258426966292 0.014380530973451327
10 0.16337078651685394 0.5011061946902655 0.005842696629213483 0.01327433628318584
1 0.13730337078651686 0.5011061946902655 0.005842696629213483 0.01327433628318584
10 0.1550561797752809 0.5011061946902655 0.006292134831460674 0.01327433628318584
1 0.7035955056179776 0.5033185840707964 0.005842696629213483 0.01327433628318584
1 0.7125842696629213 0.5030420353982301 0.005842696629213483 0.012721238938053098
10 0.677752808988764 0.5165929203539823 0.005393258426966292 0.01327433628318584
10 0.6687640449438202 0.516316371681416 0.006292134831460674 0.012721238938053098
10 0.6503370786516854 0.5168694690265486 0.005393258426966292 0.013827433628318585
10 0.6602247191011236 0.5168694690265486 0.005393258426966292 0.013827433628318585
10 0.20426966292134832 0.5210176991150443 0.012134831460674157 0.007743362831858407
10 0.43797752808988766 0.5240597345132744 0.005842696629213483 0.013827433628318585
1 0.4465168539325843 0.5240597345132744 0.005842696629213483 0.013827433628318585
10 0.4287640449438202 0.5237831858407079 0.006292134831460674 0.01327433628318584
10 0.42044943820224717 0.5240597345132744 0.005842696629213483 0.012721238938053098
5 0.15033707865168539 0.5315265486725663 0.027415730337078652 0.032079646017699116
10 0.20426966292134832 0.5320796460176991 0.011235955056179775 0.00663716814159292
10 0.18831460674157302 0.5320796460176991 0.010786516853932584 0.00663716814159292
10 0.6687640449438202 0.5362278761061947 0.005393258426966292 0.013827433628318585
10 0.6602247191011236 0.536504424778761 0.005393258426966292 0.01327433628318584
10 0.6507865168539326 0.5370575221238938 0.006292134831460674 0.01327433628318584
10 0.6779775280898876 0.5367809734513275 0.004943820224719101 0.013827433628318585
10 0.43797752808988766 0.5423119469026548 0.005842696629213483 0.013827433628318585
10 0.44696629213483147 0.5420353982300885 0.005842696629213483 0.01327433628318584
10 0.20404494382022473 0.5428650442477876 0.012584269662921348 0.008296460176991151
10 0.18876404494382024 0.5428650442477876 0.011685393258426966 0.006084070796460177