1 0.3230478589420655 0.1076923076923077 0.036523929471032744 0.07032967032967033
1 0.24874055415617127 0.1445054945054945 0.03904282115869018 0.06923076923076923
1 0.12909319899244331 0.1989010989010989 0.03400503778337532 0.06153846153846154
1 0.5601385390428212 0.027472527472527472 0.03841309823677582 0.054945054945054944
1 0.3857052896725441 0.08956043956043956 0.05982367758186398 0.07142857142857142
1 0.03620906801007557 0.2521978021978022 0.07241813602015114 0.14835164835164835
10 0.16309823677581864 0.2587912087912088 0.0163727959697733 0.05384615384615385
1 0.17758186397984888 0.25384615384615383 0.03400503778337532 0.08131868131868132
10 0.12311083123425692 0.2785714285714286 0.018261964735516372 0.04725274725274725
1 0.25251889168765745 0.22527472527472528 0.02518891687657431 0.07912087912087912
10 0.11114609571788413 0.2879120879120879 0.020780856423173802 0.046153846153846156
10 0.04722921914357683 0.317032967032967 0.0163727959697733 0.05384615384615385
10 0.535264483627204 0.1054945054945055 0.018891687657430732 0.054945054945054944
10 0.33154911838790935 0.19505494505494506 0.01952141057934509 0.05824175824175824
10 0.14011335012594459 0.2785714285714286 0.01700251889168766 0.045054945054945054
10 0.15365239294710328 0.27362637362637365 0.018891687657430732 0.07032967032967033
10 0.5226700251889169 0.11263736263736264 0.017632241813602016 0.04725274725274725
10 0.24496221662468515 0.23461538461538461 0.017632241813602016 0.04725274725274725
1 0.27739294710327456 0.2230769230769231 0.05100755667506297 0.11428571428571428
10 0.48268261964735515 0.13351648351648351 0.01700251889168766 0.04065934065934066
10 0.3183249370277078 0.2076923076923077 0.02204030226700252 0.06153846153846154
10 0.5094458438287154 0.12472527472527473 0.020151133501259445 0.04065934065934066
1 0.3466624685138539 0.19505494505494506 0.02204030226700252 0.08021978021978023
10 0.47071788413098237 0.14285714285714285 0.020780856423173802 0.05054945054945055
10 0.03904282115869018 0.3302197802197802 0.02392947103274559 0.06263736263736264
10 0.4981108312342569 0.13186813186813187 0.0163727959697733 0.05274725274725275
5 0.6158690176322418 0.08351648351648351 0.12846347607052896 0.13626373626373625
1 0.720088161209068 0.03956043956043956 0.020780856423173802 0.06373626373626373
5 0.4086901763224181 0.17637362637362639 0.10957178841309824 0.13956043956043956
1 0.6889168765743073 0.054945054945054944 0.02518891687657431 0.06813186813186813
1 0.7027707808564232 0.0489010989010989 0.02392947103274559 0.07362637362637363
5 0.21032745591939547 0.30824175824175826 0.005037783375314861 0.025274725274725275
1 0.16876574307304787 0.37362637362637363 0.04030226700251889 0.07472527472527472
5 0.8800377833753149 0.12857142857142856 0.1341309823677582 0.14945054945054945
10 0.5346347607052897 0.2796703296703297 0.015113350125944584 0.031868131868131866
5 0.07273299748110831 0.48131868131868133 0.12279596977329975 0.16263736263736264
10 0.5941435768261965 0.25659340659340657 0.023299748110831235 0.06703296703296703
5 0.46505037783375314 0.3153846153846154 0.13287153652392947 0.16263736263736264
5 0.2572418136020151 0.41483516483516486 0.13287153652392947 0.14835164835164835
5 0.7298488664987406 0.21428571428571427 0.19269521410579346 0.17802197802197803
5 0.9153022670025189 0.31263736263736264 0.10894206549118388 0.13736263736263737
5 0.09697732997481108 0.6725274725274726 0.11964735516372796 0.13406593406593406
5 0.5465994962216625 0.48021978021978023 0.2367758186397985 0.2703296703296703
10 0.3479219143576826 0.5681318681318681 0.015743073047858942 0.04835164835164835
5 0.2858942065491184 0.5972527472527472 0.1397984886649874 0.17032967032967034
5 0.7572418136020151 0.3967032967032967 0.14672544080604533 0.17362637362637362
5 0.31045340050377834 0.7818681318681319 0.12594458438287154 0.15054945054945054
5 0.12090680100755667 0.8670329670329671 0.11586901763224182 0.13846153846153847
5 0.5711586901763224 0.8692307692307693 0.14105793450881612 0.17802197802197803
5 0.34036523929471035 0.951098901098901 0.12027707808564232 0.0956043956043956
10 0.40081863979848864 0.9478021978021978 0.028337531486146095 0.08021978021978023
10 0.9241183879093199 0.7225274725274725 0.02204030226700252 0.06043956043956044
10 0.6845088161209067 0.8307692307692308 0.03400503778337532 0.07912087912087912