5 0.47363636363636363 0.6539256198347108 0.05090909090909091 0.048898071625344354
1 0.7518181818181818 0.7079889807162535 0.012727272727272728 0.02066115702479339
5 0.7963636363636364 0.7169421487603306 0.06727272727272728 0.05647382920110193
12 0.725909090909091 0.7079889807162535 0.03 0.028925619834710745
2 0.8931818181818182 0.7613636363636364 0.1190909090909091 0.23071625344352617
5 0.46136363636363636 0.7042011019283747 0.05181818181818182 0.048898071625344354
1 0.235 0.6766528925619835 0.011818181818181818 0.014462809917355372
5 0.7854545454545454 0.7737603305785123 0.03272727272727273 0.028236914600550965
12 0.7240909090909091 0.7644628099173554 0.035454545454545454 0.02066115702479339
1 0.83 0.7834022038567493 0.025454545454545455 0.013085399449035813
10 0.031818181818181815 0.6473829201101928 0.02 0.011019283746556474
10 0.028636363636363637 0.6594352617079889 0.02090909090909091 0.008953168044077135
5 0.045454545454545456 0.6794077134986226 0.038181818181818185 0.029614325068870524
12 0.7604545454545455 0.8071625344352618 0.06272727272727273 0.04132231404958678
1 0.49818181818181817 0.768595041322314 0.014545454545454545 0.01790633608815427
1 0.759090909090909 0.8350550964187328 0.02909090909090909 0.01584022038567493
5 0.1009090909090909 0.7200413223140496 0.06727272727272728 0.04201101928374656
5 0.4968181818181818 0.8037190082644629 0.03727272727272727 0.04269972451790634
1 0.4709090909090909 0.800275482093664 0.01818181818181818 0.02203856749311295
12 0.5427272727272727 0.8140495867768595 0.06545454545454546 0.04132231404958678
5 0.39090909090909093 0.8013085399449036 0.038181818181818185 0.03236914600550964
5 0.029545454545454545 0.7503443526170799 0.05909090909090909 0.06818181818181818
5 0.14136363636363636 0.7772038567493113 0.03 0.029614325068870524
5 0.17909090909090908 0.7854683195592287 0.02727272727272727 0.025482093663911846
1 0.38272727272727275 0.8254132231404959 0.02 0.022727272727272728
5 0.16954545454545455 0.8143939393939394 0.031818181818181815 0.029614325068870524
5 0.13045454545454546 0.8085399449035813 0.03363636363636364 0.028925619834710745
12 0.9854545454545455 0.1924931129476584 0.02727272727272727 0.022727272727272728
5 0.9009090909090909 0.1952479338842975 0.06909090909090909 0.05027548209366391
12 0.9795454545454545 0.2196969696969697 0.035454545454545454 0.023415977961432508
1 0.9013636363636364 0.23002754820936638 0.019090909090909092 0.02203856749311295
1 0.87 0.22899449035812672 0.014545454545454545 0.014462809917355372
10 0.18863636363636363 0.1387741046831956 0.03 0.013085399449035813
10 0.18545454545454546 0.15289256198347106 0.02909090909090909 0.013774104683195593
5 0.9445454545454546 0.29201101928374656 0.10909090909090909 0.11294765840220386
5 0.2918181818181818 0.17734159779614325 0.16 0.12190082644628099
10 0.18181818181818182 0.1659779614325069 0.02909090909090909 0.013774104683195593
10 0.18 0.17803030303030304 0.03272727272727273 0.013085399449035813
1 0.8463636363636363 0.3278236914600551 0.012727272727272728 0.015151515151515152
1 0.8704545454545455 0.3319559228650138 0.03 0.03168044077134986
1 0.8286363636363636 0.3278236914600551 0.013636363636363636 0.01790633608815427
1 0.35954545454545456 0.24862258953168045 0.031818181818181815 0.015151515151515152
5 0.6468181818181818 0.3212809917355372 0.17181818181818181 0.12603305785123967
5 0.365 0.27892561983471076 0.07181818181818182 0.027548209366391185
1 0.9518181818181818 0.4180440771349862 0.014545454545454545 0.01652892561983471
5 0.8581818181818182 0.4511019283746556 0.18363636363636363 0.10330578512396695
1 0.7540909090909091 0.4900137741046832 0.013636363636363636 0.01859504132231405
1 0.9095454545454545 0.5192837465564738 0.019090909090909092 0.02203856749311295
1 0.8418181818181818 0.5378787878787878 0.02 0.011019283746556474
1 0.8027272727272727 0.5316804407713499 0.02181818181818182 0.012396694214876033
1 0.8759090909090909 0.5457988980716253 0.019090909090909092 0.013085399449035813
5 0.15363636363636363 0.4194214876033058 0.04181818181818182 0.030303030303030304
1 0.9227272727272727 0.5699035812672176 0.01818181818181818 0.025482093663911846
5 0.8372727272727273 0.5785123966942148 0.06363636363636363 0.03994490358126722
5 0.75 0.5640495867768595 0.06727272727272728 0.0371900826446281
5 0.5504545454545454 0.5499311294765841 0.1390909090909091 0.14807162534435261
5 0.8804545454545455 0.6108815426997245 0.03727272727272727 0.028925619834710745
1 0.7386363636363636 0.5871212121212122 0.024545454545454544 0.011707988980716254
12 0.8422727272727273 0.6112258953168044 0.03363636363636364 0.024104683195592287
12 0.8063636363636364 0.6053719008264463 0.034545454545454546 0.023415977961432508
5 0.8740909090909091 0.6384297520661157 0.035454545454545454 0.028925619834710745
5 0.730909090909091 0.6225895316804407 0.06181818181818182 0.03856749311294766
5 0.28 0.5671487603305785 0.29818181818181816 0.2265840220385675
1 0.6981818181818182 0.6418732782369146 0.02727272727272727 0.013774104683195593
2 0.4959090909090909 0.012396694214876033 0.1572727272727273 0.024793388429752067
5 0.023181818181818182 0.5247933884297521 0.046363636363636364 0.05234159779614325
5 0.07681818181818181 0.5451101928374655 0.06454545454545454 0.040633608815427
5 0.7172727272727273 0.6704545454545454 0.06909090909090909 0.03925619834710744