1 0.718186372745491 0.5168240850059032 0.011523046092184368 0.00885478158205431
1 0.718937875751503 0.5242030696576151 0.011022044088176353 0.0070838252656434475
1 0.719689378757515 0.5339433293978748 0.013527054108216433 0.006493506493506494
1 0.719689378757515 0.5410271546635183 0.011523046092184368 0.006493506493506494
10 0.5581162324649298 0.5711334120425029 0.011022044088176353 0.006493506493506494
10 0.5340681362725451 0.5755608028335301 0.009018036072144289 0.0059031877213695395
10 0.5455911823647295 0.5740850059031877 0.009018036072144289 0.005312868949232586
10 0.48972945891783565 0.5841204250295159 0.006513026052104208 0.01357733175914994
10 0.4842184368737475 0.5855962219598583 0.005511022044088177 0.012987012987012988
10 0.5125250501002004 0.582939787485242 0.006012024048096192 0.01357733175914994
10 0.5200400801603207 0.5823494687131051 0.006012024048096192 0.011216056670602124
1 0.7216933867735471 0.5540141676505312 0.013527054108216433 0.007674144037780401
10 0.5593687374749499 0.577331759149941 0.009519038076152305 0.004722550177095631
10 0.5473446893787575 0.5796930342384888 0.009519038076152305 0.0070838252656434475
10 0.5343186372745491 0.5826446280991735 0.010521042084168337 0.0059031877213695395
1 0.03682364729458918 0.6546635182998819 0.011523046092184368 0.0070838252656434475
10 0.4782064128256513 0.5947461629279811 0.005511022044088177 0.01475796930342385
10 0.47319639278557113 0.595926800472255 0.0035070140280561123 0.010035419126328217
1 0.7209418837675351 0.5622786304604487 0.01503006012024048 0.00885478158205431
10 0.49824649298597196 0.5941558441558441 0.011523046092184368 0.006493506493506494
1 0.0373246492985972 0.661452184179457 0.011523046092184368 0.006493506493506494
10 0.48972945891783565 0.6003541912632822 0.0045090180360721445 0.011806375442739079
10 0.5743987975951904 0.58913813459268 0.005511022044088177 0.014167650531286895
10 0.5278056112224448 0.5962219598583235 0.0045090180360721445 0.015348288075560802
10 0.5333166332665331 0.5953364817001181 0.006513026052104208 0.017119244391971666
10 0.5696392785571143 0.589728453364817 0.00501002004008016 0.015348288075560802
10 0.499248496993988 0.6009445100354192 0.010521042084168337 0.0059031877213695395
10 0.5222945891783567 0.5974025974025974 0.005511022044088177 0.014167650531286895
10 0.5175350701402806 0.5997638724911453 0.00501002004008016 0.012987012987012988
1 0.7239478957915831 0.5717237308146399 0.013026052104208416 0.007674144037780401
1 0.020541082164328657 0.6759149940968123 0.013026052104208416 0.011806375442739079
10 0.5443386773547094 0.6024203069657615 0.011523046092184368 0.007674144037780401
1 0.7249498997995992 0.5785123966942148 0.013026052104208416 0.0059031877213695395
12 0.6057114228456913 0.6050767414403778 0.01503006012024048 0.020070838252656435
1 0.7267034068136272 0.5926800472255017 0.012525050100200401 0.0059031877213695395
10 0.06738476953907815 0.6891971664698937 0.006513026052104208 0.01357733175914994
1 0.48672344689378755 0.6289846517119244 0.006513026052104208 0.011216056670602124
1 0.5445891783567134 0.6254427390791027 0.00501002004008016 0.01475796930342385
1 0.7254509018036072 0.6003541912632822 0.013026052104208416 0.0070838252656434475
10 0.6192384769539078 0.6186540731995277 0.006012024048096192 0.012987012987012988
1 0.6951402805611222 0.6074380165289256 0.009519038076152305 0.0070838252656434475
10 0.5969438877755511 0.6216056670602125 0.010521042084168337 0.004722550177095631
1 0.6956412825651302 0.6133412042502951 0.010521042084168337 0.0059031877213695395
10 0.06988977955911824 0.70543093270366 0.00751503006012024 0.014167650531286895
1 0.33291583166332667 0.672077922077922 0.0045090180360721445 0.015938606847697757
1 0.3381763527054108 0.672668240850059 0.00501002004008016 0.01475796930342385
1 0.3459418837675351 0.672077922077922 0.00751503006012024 0.01948051948051948
1 0.624749498997996 0.6334120425029516 0.013026052104208416 0.014167650531286895
10 0.5969438877755511 0.6369539551357734 0.011523046092184368 0.0059031877213695395
10 0.5969438877755511 0.6463990554899646 0.012525050100200401 0.0059031877213695395
1 0.6452905811623246 0.6428571428571429 0.013026052104208416 0.010625737898465172
10 0.5077655310621243 0.6644037780401417 0.011523046092184368 0.00885478158205431
10 0.5989478957915831 0.6520070838252656 0.011523046092184368 0.005312868949232586
10 0.5080160320641283 0.672077922077922 0.012024048096192385 0.006493506493506494
10 0.5984468937875751 0.6596812278630461 0.011523046092184368 0.007674144037780401
10 0.5080160320641283 0.6791617473435655 0.012024048096192385 0.006493506493506494
10 0.6072144288577155 0.6649940968122786 0.011022044088176353 0.004132231404958678
10 0.2835671342685371 0.7172373081463991 0.011022044088176353 0.004722550177095631
10 0.26452905811623245 0.7225501770956316 0.01903807615230461 0.011806375442739079
10 0.5095190380761523 0.6871310507674144 0.013026052104208416 0.0070838252656434475
10 0.6087174348697395 0.6735537190082644 0.011022044088176353 0.0059031877213695395
10 0.19263527054108218 0.7337662337662337 0.015531062124248497 0.010625737898465172
5 0.56187374749499 0.6818181818181818 0.059619238476953905 0.09563164108618655
1 0.2850701402805611 0.7231404958677686 0.012024048096192385 0.0059031877213695395
1 0.21142284569138275 0.7343565525383707 0.012024048096192385 0.0070838252656434475
10 0.5097695390781564 0.6921487603305785 0.011523046092184368 0.006493506493506494
10 0.42635270541082165 0.7063164108618654 0.013026052104208416 0.00885478158205431
10 0.6092184368737475 0.6806375442739079 0.012024048096192385 0.0070838252656434475
1 0.4393787575150301 0.7057260920897285 0.009018036072144289 0.006493506493506494
10 0.5102705410821643 0.6998229043683589 0.014529058116232466 0.00885478158205431
12 0.029809619238476952 0.7706611570247934 0.011523046092184368 0.01475796930342385
10 0.5122745490981964 0.7066115702479339 0.012525050100200401 0.008264462809917356
1 0.6092184368737475 0.693034238488784 0.011022044088176353 0.0059031877213695395
1 0.02930861723446894 0.7804014167650531 0.00751503006012024 0.0059031877213695395
1 0.03682364729458918 0.781582054309327 0.00751503006012024 0.008264462809917356
10 0.5122745490981964 0.7151711924439197 0.013527054108216433 0.006493506493506494
1 0.6119739478957916 0.7057260920897285 0.011523046092184368 0.005312868949232586
1 0.6017034068136272 0.7113341204250295 0.0070140280561122245 0.014167650531286895
1 0.6122244488977956 0.711629279811098 0.012024048096192385 0.005312868949232586
10 0.532314629258517 0.7249114521841794 0.009519038076152305 0.0070838252656434475
12 0.0373246492985972 0.7995867768595041 0.02154308617234469 0.027744982290436836
1 0.6047094188376754 0.7219598583234947 0.008016032064128256 0.0035419126328217238
1 0.05110220440881764 0.8031286894923259 0.006012024048096192 0.01475796930342385
1 0.5463426853707415 0.7361275088547816 0.009519038076152305 0.0070838252656434475
1 0.5686372745490982 0.7328807556080283 0.009018036072144289 0.005312868949232586
10 0.5811623246492986 0.730814639905549 0.009018036072144289 0.0059031877213695395
10 0.529308617234469 0.7420306965761512 0.005511022044088177 0.014167650531286895
1 0.04784569138276553 0.8155253837072018 0.011523046092184368 0.006493506493506494
12 0.03582164328657315 0.8202479338842975 0.013527054108216433 0.01357733175914994
10 0.04909819639278557 0.8231995277449823 0.009018036072144289 0.006493506493506494
10 0.26002004008016033 0.7948642266824085 0.008016032064128256 0.015938606847697757
10 0.23897795591182364 0.7984061393152302 0.0070140280561122245 0.015938606847697757
10 0.2657815631262525 0.7942739079102715 0.0045090180360721445 0.01475796930342385
10 0.2312124248496994 0.7995867768595041 0.006513026052104208 0.01357733175914994
1 0.593436873747495 0.749409681227863 0.010521042084168337 0.007674144037780401
10 0.4746993987975952 0.7768595041322314 0.005511022044088177 0.012987012987012988
5 0.17735470941883769 0.10242030696576152 0.04809619238476954 0.04073199527744982
1 0.7069138276553106 0.7446871310507674 0.006012024048096192 0.01475796930342385
1 0.6993987975951904 0.7461629279811098 0.006012024048096192 0.015348288075560802
2 0.8213927855711423 0.01475796930342385 0.07765531062124248 0.0295159386068477
2 0.8970440881763527 0.010035419126328217 0.07364729458917836 0.020070838252656435
1 0.689128256513026 0.7547225501770957 0.00751503006012024 0.005312868949232586
10 0.7412324649298597 0.7479338842975206 0.006513026052104208 0.011806375442739079
1 0.7560120240480962 0.7464580873671782 0.022044088176352707 0.01475796930342385
12 0.9110721442885772 0.7322904368358913 0.015531062124248497 0.01948051948051948
10 0.9521543086172345 0.7305194805194806 0.011523046092184368 0.007674144037780401
10 0.970691382765531 0.7290436835891382 0.006513026052104208 0.012987012987012988
12 0.8980460921843687 0.7399645808736718 0.011523046092184368 0.01357733175914994
1 0.6555611222444889 0.7747933884297521 0.010521042084168337 0.007674144037780401
10 0.9436372745490982 0.7381936245572609 0.0045090180360721445 0.01357733175914994
1 0.6766032064128257 0.7789256198347108 0.012525050100200401 0.006493506493506494
1 0.6452905811623246 0.788370720188902 0.008016032064128256 0.005312868949232586
1 0.749248496993988 0.7742030696576151 0.012525050100200401 0.00885478158205431
10 0.9804609218436874 0.7414403778040142 0.00501002004008016 0.014167650531286895
1 0.5506012024048096 0.8037190082644629 0.012024048096192385 0.010035419126328217
1 0.5220440881763527 0.80814639905549 0.012024048096192385 0.0070838252656434475
1 0.5380761523046093 0.8057851239669421 0.011022044088176353 0.0070838252656434475
10 0.9864729458917836 0.7408500590318772 0.00501002004008016 0.01652892561983471
1 0.56312625250501 0.8028335301062574 0.012024048096192385 0.008264462809917356
1 0.5764028056112225 0.8007674144037781 0.011523046092184368 0.00885478158205431
1 0.621993987975952 0.7954545454545454 0.011523046092184368 0.006493506493506494
10 0.9468937875751503 0.7497048406139315 0.008016032064128256 0.004722550177095631
10 0.591933867735471 0.801948051948052 0.012525050100200401 0.007674144037780401
1 0.4529058116232465 0.8226092089728453 0.0070140280561122245 0.01357733175914994
1 0.749248496993988 0.781582054309327 0.011523046092184368 0.0059031877213695395
10 0.9646793587174348 0.7520661157024794 0.005511022044088177 0.012987012987012988
1 0.6791082164328658 0.7969303423848878 0.012525050100200401 0.008264462809917356
10 0.9929859719438878 0.7520661157024794 0.006012024048096192 0.010625737898465172
10 0.9716933867735471 0.7582644628099173 0.0045090180360721445 0.01475796930342385
10 0.9822144288577155 0.7573789846517119 0.005511022044088177 0.010625737898465172
10 0.9764529058116233 0.7585596221959858 0.00501002004008016 0.014167650531286895
10 0.6032064128256514 0.046635182998819365 0.011022044088176353 0.008264462809917356
10 0.7853206412825652 0.7892561983471075 0.005511022044088177 0.012987012987012988
10 0.9937374749498998 0.7632821723730815 0.005511022044088177 0.012987012987012988
10 0.6032064128256514 0.8226092089728453 0.011022044088176353 0.010035419126328217
1 0.748496993987976 0.8034238488783944 0.0070140280561122245 0.015348288075560802
10 0.3218937875751503 0.8665879574970484 0.006513026052104208 0.015348288075560802
10 0.9884769539078156 0.7750885478158206 0.00501002004008016 0.011806375442739079
5 0.8284068136272545 0.7987012987012987 0.08667334669338678 0.13105076741440377
10 0.08817635270541083 0.9085005903187722 0.00501002004008016 0.014167650531286895
10 0.09944889779559118 0.9064344746162928 0.005511022044088177 0.01829988193624557
10 0.09343687374749499 0.9076151121605667 0.006513026052104208 0.017119244391971666
10 0.08241482965931864 0.9093860684769776 0.00751503006012024 0.01357733175914994
10 0.15781563126252504 0.8999409681227863 0.013026052104208416 0.007674144037780401
10 0.782314629258517 0.8116883116883117 0.013527054108216433 0.0070838252656434475
5 0.12124248496993988 0.9117473435655253 0.03807615230460922 0.04073199527744982
10 0.437625250501002 0.8680637544273908 0.013527054108216433 0.006493506493506494
10 0.7342184368737475 0.8264462809917356 0.00751503006012024 0.012987012987012988
10 0.6811122244488977 0.8353010625737899 0.011523046092184368 0.0070838252656434475
1 0.7109218436873748 0.8311688311688312 0.0070140280561122245 0.01652892561983471
1 0.6996492985971944 0.8338252656434475 0.006513026052104208 0.01357733175914994
1 0.7236973947895792 0.8305785123966942 0.006513026052104208 0.014167650531286895
1 0.7056613226452906 0.833530106257379 0.0045090180360721445 0.014167650531286895
1 0.718186372745491 0.8317591499409681 0.005511022044088177 0.015348288075560802
1 0.6938877755511023 0.8358913813459268 0.00501002004008016 0.011806375442739079
10 0.9957414829659319 0.8087367178276269 0.0045090180360721445 0.015348288075560802
1 0.9401302605210421 0.8184769775678866 0.011523046092184368 0.00885478158205431
1 0.9240981963927856 0.8214285714285714 0.012525050100200401 0.00885478158205431
1 0.38001002004008017 0.9008264462809917 0.0045090180360721445 0.015348288075560802
1 0.3907815631262525 0.8996458087367178 0.006012024048096192 0.01770956316410862
1 0.7307114228456913 0.8509445100354192 0.022545090180360723 0.01475796930342385
1 0.40105210420841686 0.8987603305785123 0.00751503006012024 0.01829988193624557
10 0.375 0.9023022432113341 0.005511022044088177 0.017119244391971666
10 0.3842685370741483 0.9014167650531287 0.006012024048096192 0.015348288075560802
10 0.3960420841683367 0.9005312868949232 0.0045090180360721445 0.01475796930342385
1 0.9248496993987976 0.8276269185360094 0.012024048096192385 0.0059031877213695395
1 0.9408817635270541 0.8258559622195986 0.012024048096192385 0.004722550177095631
10 0.5052605210420842 0.8907910271546635 0.006513026052104208 0.015348288075560802
1 0.9251002004008017 0.833530106257379 0.012525050100200401 0.0070838252656434475
1 0.9416332665330661 0.832939787485242 0.011523046092184368 0.008264462809917356
1 0.3942885771543086 0.9167650531286895 0.00501002004008016 0.012987012987012988
1 0.9266032064128257 0.839728453364817 0.012525050100200401 0.006493506493506494
1 0.3840180360721443 0.9191263282172373 0.006513026052104208 0.014167650531286895
1 0.9441382765531062 0.8403187721369539 0.010521042084168337 0.007674144037780401
5 0.09343687374749499 0.12868949232585597 0.04959919839679359 0.04604486422668241
10 0.9746993987975952 0.8471074380165289 0.005511022044088177 0.01770956316410862
10 0.9804609218436874 0.8474025974025974 0.004008016032064128 0.017119244391971666
10 0.8356713426853707 0.8686540731995277 0.00501002004008016 0.01475796930342385
1 0.9694388777555111 0.8497638724911453 0.006012024048096192 0.01475796930342385
1 0.9441382765531062 0.8541912632821723 0.023547094188376753 0.012987012987012988
1 0.40531062124248496 0.9332939787485242 0.00501002004008016 0.012987012987012988
1 0.41132264529058116 0.9327036599763873 0.00501002004008016 0.012987012987012988
1 0.905811623246493 0.8624557260920898 0.01503006012024048 0.008264462809917356
1 0.7304609218436874 0.8890200708382526 0.013026052104208416 0.0070838252656434475
10 0.7900801603206413 0.03010625737898465 0.011022044088176353 0.0059031877213695395
10 0.6044589178356713 0.05991735537190083 0.012525050100200401 0.006493506493506494
1 0.4619238476953908 0.0808736717827627 0.012024048096192385 0.0070838252656434475
10 0.33291583166332667 0.10360094451003542 0.009519038076152305 0.005312868949232586
1 0.4887274549098196 0.08234946871310507 0.010521042084168337 0.007674144037780401
1 0.8669839679358717 0.029811097992916175 0.011523046092184368 0.007674144037780401
10 0.4624248496993988 0.0885478158205431 0.014028056112224449 0.0070838252656434475
1 0.8867735470941884 0.03128689492325856 0.021042084168336674 0.012987012987012988
10 0.40480961923847697 0.10802833530106257 0.014028056112224449 0.008264462809917356
10 0.5501002004008017 0.09179456906729634 0.006012024048096192 0.012396694214876033
1 0.8677354709418837 0.046340023612750886 0.00501002004008016 0.012396694214876033
1 0.7780561122244489 0.0602125147579693 0.0070140280561122245 0.015348288075560802
10 0.87374749498998 0.046340023612750886 0.006012024048096192 0.01357733175914994
1 0.8627254509018036 0.048406139315230225 0.006012024048096192 0.014167650531286895
1 0.40531062124248496 0.11481700118063755 0.014028056112224449 0.00885478158205431
1 0.8136272545090181 0.05962219598583235 0.004008016032064128 0.011806375442739079
10 0.406312625250501 0.128099173553719 0.006012024048096192 0.015348288075560802
10 0.2567635270541082 0.15289256198347106 0.037575150300601205 0.043683589138134596
1 0.29308617234468937 0.14905548996458087 0.014028056112224449 0.006493506493506494
1 0.7149298597194389 0.08766233766233766 0.012024048096192385 0.00885478158205431
10 0.4005511022044088 0.1334120425029516 0.006513026052104208 0.015348288075560802
1 0.7164328657314629 0.0935655253837072 0.012024048096192385 0.005312868949232586
10 0.375751503006012 0.14433293978748524 0.004008016032064128 0.011216056670602124
10 0.36948897795591185 0.1446280991735537 0.005511022044088177 0.011806375442739079
10 0.36122244488977956 0.14669421487603307 0.004008016032064128 0.010035419126328217
1 0.7166833667334669 0.10064935064935066 0.011523046092184368 0.007674144037780401
1 0.6783567134268537 0.10684769775678866 0.0070140280561122245 0.015348288075560802
12 0.656563126252505 0.11570247933884298 0.01753507014028056 0.020070838252656435
1 0.6688376753507014 0.11481700118063755 0.006012024048096192 0.015938606847697757
10 0.718186372745491 0.11009445100354191 0.011523046092184368 0.010035419126328217
10 0.31462925851703405 0.1691263282172373 0.004008016032064128 0.010035419126328217
10 0.32139278557114226 0.1682408500590319 0.005511022044088177 0.009445100354191263
1 0.3063627254509018 0.1717827626918536 0.009519038076152305 0.0070838252656434475
10 0.7071643286573146 0.1180637544273908 0.00751503006012024 0.015348288075560802
10 0.718937875751503 0.1192443919716647 0.012024048096192385 0.0070838252656434475
1 0.905060120240481 0.09828807556080284 0.006513026052104208 0.012396694214876033
10 0.8935370741482966 0.10242030696576152 0.005511022044088177 0.01357733175914994
1 0.8867735470941884 0.10714285714285714 0.009018036072144289 0.006493506493506494
1 0.8855210420841684 0.11540731995277449 0.009519038076152305 0.007674144037780401
1 0.8947895791583166 0.11688311688311688 0.006012024048096192 0.012987012987012988
1 0.8870240480961924 0.12131050767414404 0.00751503006012024 0.006493506493506494
10 0.0035070140280561123 0.25088547815820544 0.0070140280561122245 0.008264462809917356
10 0.004008016032064128 0.26092089728453366 0.008016032064128256 0.0070838252656434475
1 0.31487975951903807 0.22255017709563163 0.0045090180360721445 0.009445100354191263
1 0.3026052104208417 0.22402597402597402 0.00501002004008016 0.011216056670602124
1 0.28857715430861725 0.22727272727272727 0.006012024048096192 0.009445100354191263
1 0.29509018036072143 0.22638724911452185 0.004008016032064128 0.011216056670602124
1 0.2753006012024048 0.22933884297520662 0.00751503006012024 0.010035419126328217
1 0.342685370741483 0.22018890200708383 0.008016032064128256 0.012987012987012988
10 0.004759519038076153 0.30283353010625735 0.009519038076152305 0.008264462809917356
12 0.014529058116232466 0.31316410861865407 0.018036072144288578 0.017119244391971666
1 0.8985470941883767 0.19539551357733176 0.011523046092184368 0.008264462809917356
10 0.9093186372745491 0.19480519480519481 0.006012024048096192 0.01770956316410862
10 0.031312625250501 0.3243801652892562 0.012525050100200401 0.006493506493506494
10 0.017034068136272545 0.32644628099173556 0.012024048096192385 0.0059031877213695395
1 0.39403807615230463 0.27390791027154665 0.006513026052104208 0.014167650531286895
1 0.33291583166332667 0.28394332939787487 0.006513026052104208 0.011806375442739079
1 0.41382765531062127 0.27213695395513576 0.006012024048096192 0.014167650531286895
1 0.8980460921843687 0.2024793388429752 0.012525050100200401 0.008264462809917356
1 0.3692384769539078 0.2795159386068477 0.008016032064128256 0.012396694214876033
1 0.2715430861723447 0.29338842975206614 0.006012024048096192 0.012987012987012988
10 0.6315130260521042 0.2768595041322314 0.006513026052104208 0.012987012987012988
12 0.6705911823647295 0.27213695395513576 0.01753507014028056 0.01652892561983471
12 0.6450400801603207 0.2824675324675325 0.016533066132264528 0.017119244391971666
12 0.6863727454909819 0.2765643447461629 0.01503006012024048 0.021841794569067298
10 0.11573146292585171 0.3600944510035419 0.011022044088176353 0.0070838252656434475
10 0.7622745490981964 0.269185360094451 0.006513026052104208 0.014167650531286895
10 0.6665831663326653 0.2833530106257379 0.011523046092184368 0.0070838252656434475
10 0.6325150300601202 0.2892561983471074 0.00751503006012024 0.011806375442739079
10 0.0999498997995992 0.3665879574970484 0.012525050100200401 0.0070838252656434475
10 0.6668336673346693 0.2892561983471074 0.011022044088176353 0.0070838252656434475
10 0.8527054108216433 0.2644628099173554 0.008016032064128256 0.01770956316410862
10 0.10270541082164329 0.37839433293978747 0.00501002004008016 0.012987012987012988
10 0.6335170340681363 0.30194805194805197 0.010521042084168337 0.007674144037780401
10 0.11948897795591182 0.3760330578512397 0.0045090180360721445 0.014167650531286895
10 0.11422845691382766 0.3778040141676505 0.00501002004008016 0.012987012987012988
10 0.12474949899799599 0.3757378984651712 0.00501002004008016 0.012396694214876033
10 0.6510521042084169 0.3010625737898465 0.012525050100200401 0.0070838252656434475
10 0.6923847695390781 0.29545454545454547 0.004008016032064128 0.01475796930342385
10 0.6723446893787575 0.2989964580873672 0.00501002004008016 0.012396694214876033
10 0.7585170340681363 0.2871900826446281 0.0070140280561122245 0.01357733175914994
12 0.6823647294589178 0.2987012987012987 0.01503006012024048 0.021251475796930343
1 0.937374749498998 0.26239669421487605 0.00501002004008016 0.01475796930342385
12 0.003256513026052104 0.40082644628099173 0.006513026052104208 0.021251475796930343
10 0.07214428857715431 0.3999409681227863 0.00501002004008016 0.01475796930342385
10 0.07890781563126252 0.3987603305785124 0.005511022044088177 0.01357733175914994
10 0.6821142284569138 0.313754427390791 0.011523046092184368 0.00885478158205431
10 0.6943887775551102 0.31493506493506496 0.009018036072144289 0.015938606847697757
1 0.4972444889779559 0.35035419126328216 0.008517034068136272 0.01475796930342385
1 0.5100200400801603 0.3479929161747344 0.009018036072144289 0.017119244391971666
1 0.4356212424849699 0.3645218417945691 0.013527054108216433 0.01475796930342385
10 0.6846192384769539 0.3350059031877214 0.010521042084168337 0.005312868949232586
1 0.40380761523046094 0.3778040141676505 0.011022044088176353 0.014167650531286895
12 0.00501002004008016 0.4383116883116883 0.01002004008016032 0.023022432113341203
10 0.6713426853707415 0.3474025974025974 0.006012024048096192 0.01357733175914994
10 0.6337675350701403 0.3538961038961039 0.00501002004008016 0.015938606847697757
1 0.6610721442885772 0.35035419126328216 0.005511022044088177 0.01475796930342385
10 0.6801102204408818 0.3485832349468713 0.005511022044088177 0.012396694214876033
10 0.01903807615230461 0.44716646989374265 0.008016032064128256 0.005312868949232586
1 0.6991482965931863 0.3509445100354191 0.012525050100200401 0.007674144037780401
10 0.008016032064128256 0.4510035419126328 0.012024048096192385 0.0070838252656434475
10 0.6415330661322646 0.3665879574970484 0.0045090180360721445 0.014167650531286895
1 0.6988977955911824 0.35832349468713104 0.011022044088176353 0.008264462809917356
10 0.022795591182364728 0.45690672963400236 0.0045090180360721445 0.011806375442739079
10 0.01778557114228457 0.45808736717827625 0.0045090180360721445 0.011806375442739079
10 0.6357715430861723 0.3695395513577332 0.00501002004008016 0.012987012987012988
10 0.6477955911823647 0.3674734356552538 0.006012024048096192 0.015938606847697757
1 0.7006513026052105 0.36983471074380164 0.012525050100200401 0.007674144037780401
10 0.00375751503006012 0.4731404958677686 0.005511022044088177 0.01475796930342385
10 0.02029058116232465 0.47136953955135774 0.005511022044088177 0.011216056670602124
10 0.014028056112224449 0.4722550177095632 0.00501002004008016 0.014167650531286895
10 0.009268537074148297 0.4737308146399056 0.005511022044088177 0.01357733175914994
1 0.7016533066132264 0.37662337662337664 0.013527054108216433 0.0059031877213695395
10 0.6102204408817635 0.3902007083825266 0.01603206412825651 0.008264462809917356
12 0.0435871743486974 0.4734356552538371 0.01503006012024048 0.012987012987012988
1 0.7021543086172345 0.38164108618654075 0.011523046092184368 0.006493506493506494
10 0.6109719438877755 0.3984651711924439 0.015531062124248497 0.0059031877213695395
1 0.7051603206412825 0.38931523022432113 0.011523046092184368 0.007674144037780401
10 0.6109719438877755 0.40436835891381345 0.013527054108216433 0.0070838252656434475
10 0.059619238476953905 0.4849468713105077 0.004008016032064128 0.012396694214876033
12 0.047094188376753505 0.4873081463990555 0.02004008016032064 0.017119244391971666
10 0.006513026052104208 0.493801652892562 0.00501002004008016 0.015938606847697757
5 0.020791583166332665 0.49291617473435656 0.02154308617234469 0.02715466351829988
10 0.001002004008016032 0.4982290436835891 0.002004008016032064 0.0070838252656434475
10 0.0017535070140280561 0.5053128689492326 0.0035070140280561123 0.0059031877213695395
10 0.045090180360721446 0.49940968122786306 0.009018036072144289 0.004722550177095631
10 0.008266533066132264 0.5085596221959858 0.005511022044088177 0.012396694214876033
5 0.06913827655310621 0.5017709563164109 0.021042084168336674 0.020070838252656435
1 0.0017535070140280561 0.5121015348288076 0.0035070140280561123 0.006493506493506494
12 0.9438877755511023 0.37662337662337664 0.014028056112224449 0.012987012987012988
1 0.019789579158316632 0.5126918536009445 0.013527054108216433 0.00885478158205431
10 0.034569138276553106 0.5118063754427391 0.00501002004008016 0.015348288075560802
10 0.029559118236472944 0.5126918536009445 0.00501002004008016 0.015938606847697757
12 0.04934869739478958 0.5103305785123967 0.019539078156312624 0.017119244391971666
1 0.6315130260521042 0.4256198347107438 0.022545090180360723 0.012987012987012988
1 0.002004008016032064 0.518004722550177 0.004008016032064128 0.006493506493506494
1 0.7079158316633266 0.41853600944510033 0.012024048096192385 0.0070838252656434475
10 0.020791583166332665 0.5188902007083825 0.012525050100200401 0.0059031877213695395
10 0.009268537074148297 0.5224321133412042 0.006513026052104208 0.011806375442739079
10 0.0027555110220440883 0.5242030696576151 0.005511022044088177 0.008264462809917356
12 0.9448897795591182 0.38961038961038963 0.017034068136272545 0.012987012987012988
1 0.7084168336673347 0.42621015348288077 0.012024048096192385 0.0059031877213695395
5 0.07039078156312625 0.5188902007083825 0.019539078156312624 0.01770956316410862
1 0.7081663326653307 0.43063754427390794 0.010521042084168337 0.006493506493506494
12 0.9483967935871743 0.4025974025974026 0.01503006012024048 0.012987012987012988
10 0.07565130260521043 0.5292207792207793 0.008016032064128256 0.005312868949232586
1 0.7096693386773547 0.4394923258559622 0.011523046092184368 0.007674144037780401
1 0.7096693386773547 0.4459858323494687 0.013527054108216433 0.006493506493506494
12 0.9496492985971944 0.4149940968122786 0.015531062124248497 0.011806375442739079
1 0.7106713426853707 0.45336481700118064 0.013527054108216433 0.0059031877213695395
1 0.7116733466933868 0.45985832349468714 0.010521042084168337 0.0059031877213695395
1 0.7124248496993988 0.4675324675324675 0.012024048096192385 0.009445100354191263
1 0.7129258517034068 0.4755017709563164 0.013026052104208416 0.007674144037780401
1 0.7141783567134269 0.48140495867768596 0.011523046092184368 0.006493506493506494
1 0.7146793587174348 0.4887839433293979 0.012525050100200401 0.0070838252656434475
1 0.7154308617234469 0.49439197166469895 0.013026052104208416 0.007674144037780401
10 0.010771543086172345 0.6050767414403778 0.00751503006012024 0.008264462809917356
1 0.7159318637274549 0.5047225501770957 0.01002004008016032 0.0059031877213695395
10 0.0217935871743487 0.609504132231405 0.012525050100200401 0.006493506493506494
1 0.011773547094188376 0.6124557260920898 0.00751503006012024 0.006493506493506494
1 0.717434869739479 0.5106257378984652 0.011022044088176353 0.0059031877213695395