1 0.7839305103148752 0.6230818414322251 0.013029315960912053 0.010869565217391304
1 0.7820304017372421 0.6307544757033248 0.01248642779587405 0.00959079283887468
1 0.7798588490770901 0.6406649616368286 0.014657980456026058 0.008951406649616368
1 0.7776872964169381 0.6480179028132992 0.01248642779587405 0.008312020460358057
10 0.6039630836047775 0.6042199488491049 0.01248642779587405 0.008951406649616368
10 0.5781758957654723 0.59846547314578 0.009771986970684038 0.0076726342710997444
10 0.5906623235613464 0.6019820971867008 0.009771986970684038 0.007033248081841432
10 0.5306731813246471 0.5869565217391305 0.008143322475570033 0.015345268542199489
10 0.5244299674267101 0.585997442455243 0.00760043431053203 0.014705882352941176
10 0.5537459283387622 0.5959079283887468 0.00760043431053203 0.015345268542199489
10 0.5613463626492943 0.59846547314578 0.00760043431053203 0.01278772378516624
1 0.7752442996742671 0.6617647058823529 0.01520086862106406 0.010230179028132993
10 0.6028773072747015 0.6112531969309463 0.01031487513572204 0.00639386189258312
10 0.5901194353963084 0.6080562659846548 0.010857763300760043 0.008951406649616368
10 0.5762757871878393 0.6058184143222506 0.011400651465798045 0.008312020460358057
1 0.048859934853420196 0.45076726342711 0.013029315960912053 0.008951406649616368
10 0.5152008686210641 0.592391304347826 0.00760043431053203 0.0159846547314578
10 0.510043431053203 0.5914322250639387 0.004885993485342019 0.011508951406649617
1 0.7717155266015201 0.6703964194373402 0.016829533116178068 0.012148337595907928
10 0.5361020629750272 0.6007033248081841 0.01248642779587405 0.008312020460358057
1 0.04750271444082519 0.45812020460358055 0.01248642779587405 0.008312020460358057
10 0.5252442996742671 0.6029411764705882 0.005971769815418024 0.01278772378516624
10 0.6148208469055375 0.6304347826086957 0.007057546145494028 0.015345268542199489
10 0.5651465798045603 0.6163682864450127 0.006514657980456026 0.016624040920716114
10 0.5711183496199783 0.6176470588235294 0.008686210640608035 0.01918158567774936
10 0.6093919652551575 0.629156010230179 0.007057546145494028 0.016624040920716114
10 0.5344733984799132 0.6077365728900256 0.011400651465798045 0.008312020460358057
10 0.5594462540716613 0.6150895140664961 0.007057546145494028 0.015345268542199489
10 0.5537459283387622 0.6150895140664961 0.006514657980456026 0.014066496163682864
1 0.7717155266015201 0.6815856777493606 0.014657980456026058 0.010230179028132993
1 0.023072747014115092 0.4635549872122762 0.02008686210640608 0.015345268542199489
10 0.5792616720955484 0.6301150895140665 0.013029315960912053 0.00959079283887468
1 0.7703583061889251 0.6882992327365729 0.014115092290988056 0.008312020460358057
12 0.6414223669923995 0.6611253196930946 0.017915309446254073 0.023017902813299233
1 0.7673724212812161 0.7036445012787724 0.013572204125950055 0.008312020460358057
10 0.06867535287730728 0.5 0.008143322475570033 0.015345268542199489
1 0.5127578718783931 0.6304347826086957 0.008143322475570033 0.01278772378516624
1 0.5724755700325733 0.6531329923273658 0.007057546145494028 0.0159846547314578
1 0.7638436482084691 0.7106777493606138 0.014115092290988056 0.00959079283887468
10 0.6506514657980456 0.6806265984654731 0.008143322475570033 0.014705882352941176
1 0.7307274701411509 0.7039641943734015 0.010857763300760043 0.008951406649616368
10 0.6267643865363735 0.6735933503836317 0.011400651465798045 0.007033248081841432
1 0.7293702497285559 0.7106777493606138 0.011400651465798045 0.008312020460358057
10 0.06596091205211727 0.5169437340153452 0.009229098805646038 0.0159846547314578
1 0.34310532030401736 0.6032608695652174 0.006514657980456026 0.017263427109974423
1 0.3482627578718784 0.6070971867007673 0.007057546145494028 0.0159846547314578
1 0.3561346362649294 0.6099744245524297 0.009771986970684038 0.021739130434782608
1 0.6509229098805646 0.6982097186700768 0.01520086862106406 0.016624040920716114
10 0.6218783930510315 0.6892583120204604 0.01248642779587405 0.0076726342710997444
10 0.6186210640608035 0.6991687979539642 0.013572204125950055 0.008312020460358057
1 0.6685667752442996 0.7167519181585678 0.014657980456026058 0.01278772378516624
10 0.5222584147665581 0.676150895140665 0.013029315960912053 0.010869565217391304
10 0.6186210640608035 0.704923273657289 0.01248642779587405 0.007033248081841432
10 0.5200868621064061 0.6838235294117647 0.013029315960912053 0.008312020460358057
10 0.6156351791530945 0.7125959079283888 0.013029315960912053 0.00959079283887468
10 0.5179153094462541 0.6914961636828645 0.013029315960912053 0.008312020460358057
10 0.6226927252985885 0.7221867007672634 0.011943539630836048 0.005754475703324808
10 0.2782301845819761 0.6265984654731458 0.01248642779587405 0.00639386189258312
10 0.25705754614549403 0.6240409207161125 0.021172638436482084 0.015345268542199489
10 0.5168295331161781 0.6998081841432225 0.014115092290988056 0.00959079283887468
10 0.6210640608034745 0.7311381074168798 0.011943539630836048 0.008312020460358057
10 0.18078175895765472 0.6019820971867008 0.01737242128121607 0.013427109974424553
5 0.5713897937024973 0.7183503836317136 0.0732899022801303 0.10933503836317135
1 0.2774158523344191 0.6336317135549873 0.013029315960912053 0.0076726342710997444
1 0.1997828447339848 0.6112531969309463 0.013029315960912053 0.008951406649616368
10 0.5149294245385451 0.704923273657289 0.01248642779587405 0.008312020460358057
10 0.4258957654723127 0.6815856777493606 0.014657980456026058 0.011508951406649617
10 0.6194353963083605 0.7391304347826086 0.013029315960912053 0.008951406649616368
1 0.43946796959826273 0.6863810741687979 0.01031487513572204 0.008312020460358057
10 0.5130293159609121 0.7129156010230179 0.016286644951140065 0.011508951406649617
12 0.00515743756786102 0.5639386189258312 0.01031487513572204 0.01918158567774936
10 0.5130293159609121 0.7205882352941176 0.014115092290988056 0.010230179028132993
1 0.6150922909880565 0.7512787723785166 0.011943539630836048 0.0076726342710997444
1 0.0019001085776330076 0.573849104859335 0.003800217155266015 0.008312020460358057
1 0.00760043431053203 0.5789641943734015 0.008686210640608035 0.00959079283887468
10 0.510043431053203 0.729539641943734 0.014657980456026058 0.008951406649616368
1 0.6142779587404995 0.7656649616368286 0.01248642779587405 0.007033248081841432
1 0.6020629750271445 0.7669437340153452 0.008686210640608035 0.0159846547314578
1 0.6123778501628665 0.7714194373401535 0.013029315960912053 0.007033248081841432
10 0.5271444082519001 0.7487212276214834 0.010857763300760043 0.008951406649616368
12 0.007057546145494028 0.5968670076726342 0.014115092290988056 0.03260869565217391
1 0.6015200868621065 0.7781329923273658 0.008686210640608035 0.005115089514066497
1 0.01492942453854506 0.6070971867007673 0.008143322475570033 0.0159846547314578
1 0.5380021715526602 0.7659846547314578 0.010857763300760043 0.008951406649616368
1 0.5613463626492943 0.7733375959079284 0.009771986970684038 0.007033248081841432
10 0.5749185667752443 0.7768542199488491 0.009771986970684038 0.0076726342710997444
10 0.5187296416938111 0.7647058823529411 0.007057546145494028 0.015345268542199489
1 0.007328990228013029 0.6186061381074168 0.01248642779587405 0.008312020460358057
10 0.006243213897937025 0.6269181585677749 0.01031487513572204 0.008312020460358057
10 0.2282844733984799 0.6943734015345269 0.01031487513572204 0.017902813299232736
10 0.20602605863192183 0.6886189258312021 0.009229098805646038 0.017902813299232736
10 0.23452768729641693 0.6972506393861893 0.006514657980456026 0.0159846547314578
10 0.1978827361563518 0.6860613810741688 0.008143322475570033 0.015345268542199489
1 0.5808903365906624 0.801150895140665 0.011943539630836048 0.010230179028132993
10 0.4522258414766558 0.774616368286445 0.00760043431053203 0.014705882352941176
1 0.6973398479913138 0.8481457800511509 0.008143322475570033 0.0159846547314578
1 0.6891965255157437 0.8465473145780051 0.008143322475570033 0.016624040920716114
1 0.6761672095548317 0.850383631713555 0.008143322475570033 0.00639386189258312
10 0.7315418023887079 0.8673273657289002 0.008143322475570033 0.013427109974424553
1 0.746471226927253 0.8721227621483376 0.0249728555917481 0.01918158567774936
12 0.9077090119435396 0.9290281329923273 0.018458197611292075 0.023017902813299233
12 0.8922366992399565 0.9312659846547314 0.013572204125950055 0.0159846547314578
1 0.6351791530944625 0.8554987212276215 0.011943539630836048 0.010230179028132993
1 0.6555374592833876 0.8695652173913043 0.013572204125950055 0.008951406649616368
1 0.6205211726384365 0.8644501278772379 0.008686210640608035 0.00639386189258312
1 0.7307274701411509 0.8973785166240409 0.014115092290988056 0.010869565217391304
1 0.5192725298588491 0.8366368286445013 0.013572204125950055 0.012148337595907928
1 0.48968512486427795 0.828005115089514 0.013029315960912053 0.008951406649616368
1 0.506243213897937 0.8328005115089514 0.01248642779587405 0.00959079283887468
1 0.5328447339847991 0.8414322250639387 0.013572204125950055 0.010230179028132993
1 0.5466883821932682 0.8455882352941176 0.013029315960912053 0.010869565217391304
1 0.5947339847991314 0.8609335038363172 0.01248642779587405 0.008312020460358057
10 0.5624321389793703 0.8535805626598465 0.014115092290988056 0.010230179028132993
1 0.4147665580890337 0.8113810741687979 0.008686210640608035 0.015345268542199489
1 0.7277415852334419 0.9047314578005116 0.01248642779587405 0.0076726342710997444
1 0.6520086862106406 0.8881074168797954 0.014115092290988056 0.010230179028132993
10 0.8227470141150923 0.09558823529411764 0.01248642779587405 0.010869565217391304
10 0.761672095548317 0.9287084398976982 0.00760043431053203 0.014705882352941176
10 0.5670466883821933 0.8794757033248082 0.01248642779587405 0.012148337595907928
1 0.7195982627578719 0.926150895140665 0.009229098805646038 0.017263427109974423
10 0.2676438653637351 0.7957161125319693 0.008686210640608035 0.017263427109974423
5 0.8026601520086862 0.9411764705882353 0.10586319218241043 0.11636828644501279
10 0.017915309446254073 0.7308184143222506 0.006514657980456026 0.015345268542199489
10 0.029315960912052116 0.7343350383631714 0.00760043431053203 0.019820971867007674
10 0.02280130293159609 0.7320971867007673 0.008686210640608035 0.01918158567774936
10 0.011129207383279044 0.7289002557544757 0.009229098805646038 0.015345268542199489
10 0.09039087947882736 0.7544757033248082 0.014657980456026058 0.010230179028132993
10 0.751628664495114 0.9504475703324808 0.014657980456026058 0.00959079283887468
5 0.0494028230184582 0.7493606138107417 0.04451682953311618 0.04859335038363171
10 0.38409337676438654 0.8497442455242967 0.014657980456026058 0.008951406649616368
10 0.6976112920738328 0.9437340153452686 0.009771986970684038 0.015345268542199489
10 0.6411509229098805 0.9277493606138107 0.013029315960912053 0.008951406649616368
1 0.6729098805646037 0.9376598465473146 0.009229098805646038 0.01854219948849105
1 0.6604234527687296 0.9354219948849105 0.008143322475570033 0.015345268542199489
1 0.6859391965255157 0.9427749360613811 0.008143322475570033 0.0159846547314578
1 0.6669381107491856 0.9373401534526854 0.005971769815418024 0.015345268542199489
1 0.6796959826275787 0.9418158567774936 0.00760043431053203 0.016624040920716114
1 0.6541802388707926 0.9347826086956522 0.006514657980456026 0.01278772378516624
1 0.31487513572204123 0.8561381074168798 0.006514657980456026 0.016624040920716114
1 0.3262757871878393 0.860613810741688 0.008686210640608035 0.01918158567774936
1 0.6859391965255157 0.9667519181585678 0.025515743756786103 0.01918158567774936
1 0.33713355048859933 0.8638107416879796 0.009771986970684038 0.020460358056265986
10 0.30971769815418027 0.8558184143222506 0.008143322475570033 0.01854219948849105
10 0.31948968512486425 0.8593350383631714 0.008143322475570033 0.016624040920716114
10 0.3311617806731813 0.8634910485933504 0.006514657980456026 0.0159846547314578
10 0.44571118349619976 0.9037723785166241 0.008686210640608035 0.017263427109974423
1 0.3243756786102063 0.879156010230179 0.007057546145494028 0.014066496163682864
1 0.3135179153094462 0.8769181585677749 0.008143322475570033 0.0159846547314578
1 0.3303474484256243 0.9008951406649617 0.007057546145494028 0.014066496163682864
1 0.33659066232356133 0.9034526854219949 0.006514657980456026 0.014066496163682864
10 0.8194896851248643 0.10869565217391304 0.013572204125950055 0.008951406649616368
1 0.6682953311617806 0.06521739130434782 0.013029315960912053 0.008951406649616368
10 0.5306731813246471 0.029092071611253198 0.01031487513572204 0.007033248081841432
1 0.6948968512486428 0.0792838874680307 0.011943539630836048 0.010230179028132993
10 0.6661237785016286 0.07320971867007672 0.01520086862106406 0.00959079283887468
10 0.6017915309446255 0.0661764705882353 0.015743756786102063 0.010869565217391304
10 0.753800217155266 0.11636828644501279 0.008143322475570033 0.014066496163682864
1 0.994842562432139 0.1889386189258312 0.009229098805646038 0.017263427109974423
1 0.6001628664495114 0.07352941176470588 0.015743756786102063 0.011508951406649617
10 0.5963626492942454 0.08759590792838874 0.008143322475570033 0.016624040920716114
10 0.4372964169381108 0.04411764705882353 0.043973941368078175 0.05115089514066496
1 0.4750271444082519 0.056265984654731455 0.01520086862106406 0.008951406649616368
1 0.9220955483170467 0.18765984654731457 0.013572204125950055 0.010869565217391304
10 0.5884907709011944 0.08983375959079284 0.008686210640608035 0.017263427109974423
1 0.9212812160694897 0.1940537084398977 0.013029315960912053 0.007033248081841432
10 0.5602605863192183 0.08919437340153452 0.0054288816503800215 0.012148337595907928
10 0.5540173724212812 0.0879156010230179 0.007057546145494028 0.013427109974424553
10 0.5450597176981542 0.08535805626598465 0.0054288816503800215 0.010869565217391304
1 0.9196525515743756 0.20172634271099743 0.013029315960912053 0.00959079283887468
1 0.8786644951140065 0.19021739130434784 0.009229098805646038 0.017263427109974423
12 0.8534201954397395 0.18957800511508952 0.02062975027144408 0.023657289002557546
1 0.8667209554831705 0.1940537084398977 0.008143322475570033 0.017263427109974423
10 0.9180238870792616 0.21163682864450128 0.013029315960912053 0.01278772378516624
10 0.49022801302931596 0.08663682864450128 0.0054288816503800215 0.010869565217391304
10 0.49728555917481 0.08855498721227621 0.006514657980456026 0.010869565217391304
1 0.4809989142236699 0.08567774936061381 0.010857763300760043 0.008951406649616368
10 0.9039087947882736 0.2145140664961637 0.009771986970684038 0.017263427109974423
10 0.9153094462540716 0.22122762148337596 0.013029315960912053 0.008951406649616368
10 0.1457654723127036 0.02589514066496164 0.013572204125950055 0.00959079283887468
10 0.14305103148751358 0.03644501278772379 0.014657980456026058 0.008951406649616368
1 0.4728555917480999 0.14066496163682865 0.0054288816503800215 0.010230179028132993
1 0.4598262757871878 0.13714833759590792 0.006514657980456026 0.012148337595907928
1 0.44435396308360475 0.13395140664961636 0.007057546145494028 0.010869565217391304
1 0.4511400651465798 0.1358695652173913 0.0054288816503800215 0.012148337595907928
1 0.43051031487513575 0.12947570332480818 0.008686210640608035 0.012148337595907928
1 0.501628664495114 0.1512148337595908 0.009771986970684038 0.014705882352941176
10 0.13137893593919653 0.07960358056265984 0.013029315960912053 0.00959079283887468
12 0.13952225841476656 0.0959079283887468 0.02062975027144408 0.020460358056265986
10 0.15282301845819762 0.11381074168797954 0.013572204125950055 0.008951406649616368
10 0.13735070575461455 0.10933503836317135 0.013029315960912053 0.0076726342710997444
1 0.5361020629750272 0.22921994884910485 0.008143322475570033 0.0159846547314578
1 0.47041259500542887 0.2113171355498721 0.008143322475570033 0.013427109974424553
1 0.5564603691639523 0.23657289002557544 0.00760043431053203 0.015345268542199489
1 0.508686210640608 0.2231457800511509 0.009771986970684038 0.014066496163682864
1 0.40580890336590664 0.19277493606138107 0.008143322475570033 0.014705882352941176
10 0.0982627578718784 0.1118925831202046 0.008686210640608035 0.015345268542199489
10 0.7752442996742671 0.34047314578005117 0.008686210640608035 0.014705882352941176
12 0.8162323561346363 0.3539002557544757 0.02008686210640608 0.019820971867007674
12 0.7869163952225842 0.3523017902813299 0.019001085776330078 0.020460358056265986
12 0.8308903365906624 0.3654092071611253 0.017915309446254073 0.024936061381074168
10 0.2255700325732899 0.1889386189258312 0.01248642779587405 0.00959079283887468
10 0.9101520086862106 0.3922634271099744 0.008143322475570033 0.0159846547314578
10 0.8089033659066233 0.3631713554987212 0.013029315960912053 0.008951406649616368
10 0.7722584147665581 0.35421994884910485 0.009229098805646038 0.014066496163682864
10 0.20819761129207384 0.1882992327365729 0.013572204125950055 0.00959079283887468
10 0.8070032573289903 0.3692455242966752 0.01248642779587405 0.00959079283887468
10 0.998371335504886 0.4290281329923274 0.002171552660152009 0.020460358056265986
10 0.20684039087947884 0.2020460358056266 0.006514657980456026 0.014066496163682864
10 0.7687296416938111 0.3670076726342711 0.011943539630836048 0.010230179028132993
10 0.2244842562432139 0.2071611253196931 0.005971769815418024 0.015345268542199489
10 0.21878393051031486 0.20588235294117646 0.006514657980456026 0.014066496163682864
10 0.2299131378935939 0.2093989769820972 0.007057546145494028 0.013427109974424553
10 0.7869163952225842 0.3743606138107417 0.013572204125950055 0.00959079283887468
10 0.8303474484256244 0.38778772378516624 0.005971769815418024 0.0159846547314578
10 0.8091748099891423 0.3820332480818414 0.007057546145494028 0.013427109974424553
10 0.9001085776330076 0.4092071611253197 0.008686210640608035 0.015345268542199489
12 0.8194896851248643 0.38618925831202044 0.017915309446254073 0.024296675191815855
12 0.08984799131378936 0.17487212276214834 0.026601520086862108 0.024936061381074168
10 0.16910966340933767 0.2093989769820972 0.007057546145494028 0.0159846547314578
10 0.1756243213897937 0.2113171355498721 0.007057546145494028 0.014705882352941176
10 0.8143322475570033 0.40121483375959077 0.013029315960912053 0.010869565217391304
10 0.8260043431053203 0.4079283887468031 0.011400651465798045 0.017902813299232736
1 0.6153637350705755 0.35358056265984655 0.01031487513572204 0.016624040920716114
1 0.6289359391965255 0.35741687979539644 0.011400651465798045 0.01918158567774936
1 0.5480456026058632 0.3398337595907928 0.015743756786102063 0.017263427109974423
10 0.07681867535287731 0.20236572890025575 0.007057546145494028 0.0159846547314578
10 0.8102605863192183 0.42391304347826086 0.011400651465798045 0.0076726342710997444
1 0.511400651465798 0.3388746803069054 0.013029315960912053 0.016624040920716114
12 0.08550488599348534 0.21611253196930946 0.017915309446254073 0.02557544757033248
10 0.0732899022801303 0.2180306905370844 0.006514657980456026 0.01278772378516624
10 0.7926167209554832 0.430306905370844 0.00760043431053203 0.015345268542199489
10 0.752171552660152 0.41975703324808183 0.007057546145494028 0.017263427109974423
1 0.7812160694896851 0.4287084398976982 0.00760043431053203 0.0159846547314578
10 0.8007600434310532 0.4354219948849105 0.00760043431053203 0.014066496163682864
10 0.0993485342019544 0.23273657289002558 0.008686210640608035 0.00639386189258312
1 0.8192182410423453 0.4469309462915601 0.014115092290988056 0.010230179028132993
10 0.08686210640608034 0.23209718670076726 0.013029315960912053 0.008951406649616368
12 0.06813246471226928 0.23337595907928388 0.014657980456026058 0.01918158567774936
10 0.755971769815418 0.4360613810741688 0.005971769815418024 0.015345268542199489
1 0.8167752442996743 0.45428388746803067 0.01248642779587405 0.010869565217391304
10 0.1001628664495114 0.2442455242966752 0.005971769815418024 0.01278772378516624
10 0.09473398479913138 0.24360613810741688 0.005971769815418024 0.01278772378516624
10 0.749457111834962 0.4360613810741688 0.007057546145494028 0.014066496163682864
10 0.761943539630836 0.44021739130434784 0.008143322475570033 0.017263427109974423
1 0.8143322475570033 0.46675191815856776 0.014115092290988056 0.010230179028132993
10 0.07546145494028231 0.2522378516624041 0.00760043431053203 0.0159846547314578
10 0.09256243213897937 0.25767263427109977 0.007057546145494028 0.01278772378516624
10 0.08631921824104234 0.2557544757033248 0.006514657980456026 0.015345268542199489
10 0.08116178067318132 0.2554347826086957 0.007057546145494028 0.014705882352941176
1 0.8135179153094463 0.47346547314578 0.014657980456026058 0.008312020460358057
10 0.7166123778501629 0.4459718670076726 0.01737242128121607 0.010869565217391304
10 0.06813246471226928 0.25607416879795397 0.007057546145494028 0.014705882352941176
12 0.11563517915309446 0.27078005115089515 0.01737242128121607 0.0159846547314578
1 0.8124321389793703 0.47921994884910485 0.01248642779587405 0.008312020460358057
10 0.7147122692725298 0.45428388746803067 0.016829533116178068 0.008312020460358057
1 0.06053203040173724 0.2672634271099744 0.01248642779587405 0.008951406649616368
1 0.8127035830618893 0.4881713554987212 0.013029315960912053 0.00959079283887468
10 0.7119978284473398 0.4600383631713555 0.014657980456026058 0.00959079283887468
10 0.1278501628664495 0.2893222506393862 0.005971769815418024 0.013427109974424553
12 0.11454940282301845 0.2861253196930946 0.02280130293159609 0.021099744245524295
10 0.07138979370249729 0.2739769820971867 0.007057546145494028 0.017263427109974423
5 0.08604777415852334 0.28005115089514065 0.025515743756786103 0.0319693094629156
10 0.05863192182410423 0.2739769820971867 0.014115092290988056 0.00959079283887468
10 0.056731813246471224 0.28164961636828645 0.014657980456026058 0.008312020460358057
10 0.10857763300760044 0.29731457800511507 0.009771986970684038 0.00639386189258312
10 0.06840390879478828 0.29028132992327366 0.00760043431053203 0.014066496163682864
5 0.13219326818675353 0.31138107416879796 0.024429967426710098 0.024296675191815855
1 0.05564603691639522 0.28868286445012786 0.01248642779587405 0.008312020460358057
1 0.07871878393051031 0.29923273657289 0.01520086862106406 0.011508951406649617
10 0.09364820846905537 0.30498721227621484 0.007057546145494028 0.016624040920716114
10 0.08821932681867535 0.3040281329923274 0.007057546145494028 0.017263427109974423
12 0.10939196525515743 0.3104219948849105 0.02225841476655809 0.021099744245524295
1 0.7263843648208469 0.4913682864450128 0.0249728555917481 0.017263427109974423
1 0.054831704668838216 0.295076726342711 0.011943539630836048 0.008312020460358057
1 0.8061889250814332 0.518542199488491 0.013029315960912053 0.008951406649616368
10 0.07736156351791532 0.3059462915601023 0.013572204125950055 0.008312020460358057
10 0.06487513572204126 0.3046675191815857 0.008143322475570033 0.013427109974424553
10 0.053203040173724216 0.30179028132992325 0.014115092290988056 0.010230179028132993
1 0.8040173724212812 0.5268542199488491 0.013029315960912053 0.0076726342710997444
5 0.1278501628664495 0.32864450127877237 0.02225841476655809 0.021739130434782608
1 0.8018458197611292 0.5313299232736572 0.011943539630836048 0.008951406649616368
10 0.12975027144408252 0.3420716112531969 0.008686210640608035 0.00639386189258312
1 0.8007600434310532 0.5412404092071611 0.013029315960912053 0.00959079283887468
1 0.7983170466883822 0.5473145780051151 0.014657980456026058 0.008951406649616368
1 0.7972312703583062 0.5559462915601023 0.014657980456026058 0.008312020460358057
1 0.7956026058631922 0.5623401534526854 0.011400651465798045 0.008312020460358057
1 0.7939739413680782 0.5709718670076727 0.013572204125950055 0.011508951406649617
1 0.7923452768729642 0.5786445012787724 0.014657980456026058 0.010230179028132993
1 0.7912595005428882 0.585997442455243 0.01248642779587405 0.008312020460358057
1 0.7890879478827362 0.5930306905370843 0.013572204125950055 0.00959079283887468
1 0.7885450597176982 0.5991048593350383 0.014657980456026058 0.010230179028132993
10 0.03637350705754615 0.3874680306905371 0.013029315960912053 0.010230179028132993
1 0.7855591748099892 0.6099744245524297 0.010857763300760043 0.0076726342710997444
10 0.048588490770901195 0.3983375959079284 0.013572204125950055 0.008951406649616368
1 0.03501628664495114 0.395460358056266 0.01248642779587405 0.008312020460358057
1 0.7850162866449512 0.6160485933503836 0.011943539630836048 0.008312020460358057