10 0.14675767918088736 0.45263671875 0.008532423208191127 0.009765625
1 0.6215870307167235 0.46533203125 0.016211604095563138 0.0048828125
2 0.8549488054607508 0.4716796875 0.04607508532423208 0.0888671875
5 0.7043515358361775 0.474853515625 0.10494880546075085 0.06103515625
5 0.4151023890784983 0.475341796875 0.25341296928327645 0.14599609375
1 0.787542662116041 0.49267578125 0.017064846416382253 0.0068359375
5 0.19283276450511946 0.4951171875 0.03754266211604096 0.0322265625
10 0.7034982935153583 0.050048828125 0.024744027303754267 0.00634765625
10 0.5831911262798635 0.05029296875 0.01962457337883959 0.005859375
10 0.6143344709897611 0.05078125 0.017064846416382253 0.005859375
10 0.7440273037542662 0.522216796875 0.015358361774744027 0.00537109375
10 0.7623720136518771 0.523193359375 0.017918088737201365 0.00634765625
12 0.17491467576791808 0.524658203125 0.020477815699658702 0.01513671875
12 0.20179180887372014 0.525390625 0.021331058020477817 0.013671875
1 0.7517064846416383 0.53515625 0.010238907849829351 0.009765625
1 0.24829351535836178 0.544189453125 0.008532423208191127 0.00927734375
12 0.22994880546075086 0.545654296875 0.01962457337883959 0.01416015625
5 0.17747440273037543 0.54638671875 0.05460750853242321 0.01953125
10 0.7534129692832765 0.5478515625 0.011945392491467578 0.009765625
10 0.6023890784982935 0.553955078125 0.017064846416382253 0.00634765625
10 0.6036689419795221 0.563232421875 0.01962457337883959 0.00634765625
1 0.2960750853242321 0.56591796875 0.008532423208191127 0.009765625
1 0.3101535836177474 0.56591796875 0.007679180887372013 0.0087890625
1 0.36689419795221845 0.566650390625 0.006825938566552901 0.00830078125
1 0.2832764505119454 0.56640625 0.011945392491467578 0.009765625
1 0.32295221843003413 0.566650390625 0.005972696245733789 0.00927734375
1 0.35196245733788395 0.56640625 0.005972696245733789 0.0078125
10 0.5930034129692833 0.572265625 0.01877133105802048 0.005859375
10 0.4906143344709898 0.572998046875 0.015358361774744027 0.00439453125
10 0.4513651877133106 0.5732421875 0.011945392491467578 0.00390625
5 0.24189419795221842 0.5751953125 0.05204778156996587 0.03515625
1 0.3856655290102389 0.5791015625 0.008532423208191127 0.0087890625
10 0.3097269624573379 0.580322265625 0.010238907849829351 0.01025390625
10 0.2832764505119454 0.580078125 0.008532423208191127 0.009765625
10 0.35196245733788395 0.580322265625 0.00938566552901024 0.01025390625
10 0.3656143344709898 0.580078125 0.011092150170648464 0.009765625
10 0.2960750853242321 0.580322265625 0.008532423208191127 0.01025390625
10 0.32337883959044367 0.580078125 0.010238907849829351 0.0107421875
1 0.7337883959044369 0.580810546875 0.017064846416382253 0.00634765625
10 0.47226962457337884 0.581787109375 0.016211604095563138 0.00439453125
10 0.45093856655290104 0.58154296875 0.014505119453924915 0.00390625
10 0.49146757679180886 0.58154296875 0.015358361774744027 0.0048828125
10 0.5947098976109215 0.58251953125 0.01877133105802048 0.0078125
10 0.382679180887372 0.587890625 0.016211604095563138 0.0048828125
10 0.4718430034129693 0.5888671875 0.015358361774744027 0.0048828125
10 0.4906143344709898 0.589111328125 0.015358361774744027 0.00537109375
10 0.5947098976109215 0.58935546875 0.01877133105802048 0.005859375
12 0.6872866894197952 0.590576171875 0.06569965870307168 0.02880859375
1 0.734641638225256 0.590576171875 0.01877133105802048 0.00634765625
10 0.4496587030716723 0.59228515625 0.013651877133105802 0.00390625
1 0.20648464163822525 0.59375 0.010238907849829351 0.009765625
1 0.38609215017064846 0.598876953125 0.00938566552901024 0.00927734375
1 0.2235494880546075 0.600341796875 0.010238907849829351 0.00927734375
1 0.45264505119453924 0.60791015625 0.011092150170648464 0.009765625
1 0.6514505119453925 0.061279296875 0.017918088737201365 0.00732421875
10 0.18216723549488054 0.6103515625 0.00938566552901024 0.0107421875
1 0.7709044368600683 0.6103515625 0.00938566552901024 0.009765625
1 0.7828498293515358 0.611083984375 0.00938566552901024 0.00927734375
12 0.1561433447098976 0.61083984375 0.02901023890784983 0.0126953125
2 0.814419795221843 0.620361328125 0.04522184300341297 0.07275390625
12 0.5823378839590444 0.06201171875 0.021331058020477817 0.0146484375
1 0.7768771331058021 0.6240234375 0.016211604095563138 0.005859375
1 0.5055460750853242 0.625 0.00938566552901024 0.009765625
12 0.47738907849829354 0.625244140625 0.031569965870307165 0.01318359375
10 0.18131399317406144 0.625 0.011092150170648464 0.009765625
12 0.15571672354948807 0.625732421875 0.026450511945392493 0.01220703125
1 0.4517918088737201 0.62890625 0.00938566552901024 0.009765625
10 0.7777303754266212 0.632080078125 0.016211604095563138 0.00634765625
10 0.7768771331058021 0.638916015625 0.01962457337883959 0.00634765625
10 0.1804607508532423 0.6396484375 0.011092150170648464 0.009765625
10 0.18131399317406144 0.64013671875 0.011092150170648464 0.009765625
12 0.15571672354948807 0.640625 0.026450511945392493 0.01171875
10 0.7773037542662116 0.6455078125 0.017064846416382253 0.005859375
1 0.7491467576791809 0.654296875 0.017064846416382253 0.0048828125
10 0.7768771331058021 0.65478515625 0.017918088737201365 0.005859375
10 0.7781569965870307 0.662353515625 0.01877133105802048 0.00537109375
1 0.7478668941979523 0.662353515625 0.016211604095563138 0.00537109375
10 0.560580204778157 0.663330078125 0.017064846416382253 0.00634765625
10 0.5597269624573379 0.669921875 0.017064846416382253 0.0048828125
10 0.44283276450511944 0.6787109375 0.015358361774744027 0.005859375
10 0.4424061433447099 0.68505859375 0.014505119453924915 0.005859375
10 0.5068259385665529 0.69677734375 0.010238907849829351 0.009765625
10 0.4667235494880546 0.697021484375 0.008532423208191127 0.01025390625
12 0.4872013651877133 0.698974609375 0.020477815699658702 0.01513671875
12 0.4462457337883959 0.69873046875 0.023890784982935155 0.0126953125
1 0.617320819112628 0.06982421875 0.01962457337883959 0.0068359375
1 0.2645051194539249 0.071533203125 0.010238907849829351 0.01025390625
10 0.4560580204778157 0.713623046875 0.014505119453924915 0.00634765625
1 0.4893344709897611 0.7138671875 0.031569965870307165 0.0078125
10 0.5976962457337884 0.716552734375 0.016211604095563138 0.00634765625
1 0.6215870307167235 0.717041015625 0.017918088737201365 0.00537109375
1 0.2175767918088737 0.720458984375 0.01877133105802048 0.00634765625
10 0.2363481228668942 0.720458984375 0.017064846416382253 0.00634765625
10 0.5021331058020477 0.7236328125 0.016211604095563138 0.0048828125
10 0.4825085324232082 0.724365234375 0.017918088737201365 0.00732421875
1 0.44837883959044367 0.7255859375 0.028156996587030716 0.0078125
1 0.5255972696245734 0.7265625 0.015358361774744027 0.0185546875
10 0.6732081911262798 0.727783203125 0.017064846416382253 0.00634765625
10 0.2167235494880546 0.728271484375 0.017064846416382253 0.00439453125
10 0.4812286689419795 0.73193359375 0.017064846416382253 0.005859375
10 0.5034129692832765 0.7333984375 0.015358361774744027 0.0068359375
10 0.22781569965870307 0.740478515625 0.03583617747440273 0.00830078125
10 0.5831911262798635 0.07421875 0.01962457337883959 0.005859375
12 0.6860068259385665 0.74560546875 0.025597269624573378 0.013671875
10 0.4138225255972696 0.746337890625 0.017064846416382253 0.00537109375
10 0.5273037542662116 0.747802734375 0.017064846416382253 0.00537109375
12 0.6220136518771331 0.748046875 0.020477815699658702 0.015625
10 0.4151023890784983 0.75439453125 0.017918088737201365 0.0068359375
10 0.5494880546075085 0.756103515625 0.008532423208191127 0.01025390625
10 0.6825938566552902 0.756591796875 0.017064846416382253 0.00634765625
1 0.43216723549488056 0.7578125 0.007679180887372013 0.0107421875
1 0.41552901023890787 0.76123046875 0.017064846416382253 0.0048828125
10 0.431740614334471 0.768310546875 0.010238907849829351 0.00927734375
10 0.4138225255972696 0.771728515625 0.017064846416382253 0.00537109375
10 0.45947098976109213 0.787353515625 0.016211604095563138 0.00537109375
1 0.48464163822525597 0.78759765625 0.017064846416382253 0.005859375
1 0.2529863481228669 0.8017578125 0.00938566552901024 0.0234375
1 0.21245733788395904 0.80224609375 0.030716723549488054 0.0078125
1 0.2811433447098976 0.80712890625 0.017918088737201365 0.005859375
10 0.7952218430034129 0.810302734375 0.015358361774744027 0.00537109375
5 0.32593856655290104 0.81103515625 0.034129692832764506 0.0302734375
10 0.20477815699658702 0.8115234375 0.017064846416382253 0.0048828125
10 0.22525597269624573 0.81201171875 0.017064846416382253 0.0048828125
10 0.5831911262798635 0.081787109375 0.016211604095563138 0.00634765625
10 0.7960750853242321 0.82568359375 0.017064846416382253 0.0048828125
10 0.46757679180887374 0.826171875 0.01877133105802048 0.005859375
10 0.4112627986348123 0.831298828125 0.017064846416382253 0.00537109375
1 0.2815699658703072 0.832275390625 0.017064846416382253 0.00537109375
10 0.3310580204778157 0.83251953125 0.017064846416382253 0.005859375
10 0.3101535836177474 0.832763671875 0.017918088737201365 0.00634765625
10 0.7935153583617748 0.839111328125 0.015358361774744027 0.00537109375
10 0.4112627986348123 0.839111328125 0.017064846416382253 0.00537109375
1 0.4151023890784983 0.85009765625 0.00938566552901024 0.009765625
12 0.5371160409556314 0.860595703125 0.04863481228668942 0.03662109375
10 0.7952218430034129 0.863525390625 0.013651877133105802 0.00537109375
10 0.23464163822525597 0.865966796875 0.010238907849829351 0.01025390625
5 0.310580204778157 0.8779296875 0.11774744027303755 0.068359375
10 0.23250853242320818 0.881103515625 0.011092150170648464 0.01025390625
10 0.7952218430034129 0.881103515625 0.013651877133105802 0.00537109375
1 0.3895051194539249 0.886474609375 0.017918088737201365 0.00634765625
10 0.7952218430034129 0.89111328125 0.015358361774744027 0.0048828125
10 0.23293515358361774 0.8916015625 0.010238907849829351 0.009765625
10 0.3895051194539249 0.8935546875 0.016211604095563138 0.005859375
10 0.22013651877133106 0.8955078125 0.015358361774744027 0.00390625
1 0.5507679180887372 0.896728515625 0.011092150170648464 0.01025390625
1 0.5213310580204779 0.89697265625 0.010238907849829351 0.009765625
1 0.5362627986348123 0.897216796875 0.00938566552901024 0.00927734375
10 0.6501706484641638 0.090087890625 0.015358361774744027 0.00537109375
10 0.7623720136518771 0.8994140625 0.00938566552901024 0.009765625
1 0.3886518771331058 0.9013671875 0.017918088737201365 0.005859375
12 0.7389078498293515 0.90283203125 0.027303754266211604 0.013671875
10 0.48080204778157 0.904296875 0.014505119453924915 0.0048828125
10 0.7947952218430034 0.906005859375 0.016211604095563138 0.00537109375
10 0.22184300341296928 0.906982421875 0.015358361774744027 0.00439453125
10 0.22184300341296928 0.91064453125 0.013651877133105802 0.00390625
10 0.4803754266211604 0.91259765625 0.015358361774744027 0.0048828125
1 0.5388225255972696 0.91357421875 0.016211604095563138 0.0068359375
1 0.5750853242320819 0.919921875 0.015358361774744027 0.0068359375
10 0.7939419795221843 0.922119140625 0.014505119453924915 0.00439453125
10 0.25 0.92236328125 0.008532423208191127 0.0087890625
10 0.22013651877133106 0.923095703125 0.015358361774744027 0.00439453125
10 0.3267918088737201 0.923095703125 0.008532423208191127 0.00830078125
10 0.26791808873720135 0.9228515625 0.008532423208191127 0.0087890625
10 0.28242320819112626 0.9228515625 0.008532423208191127 0.0078125
10 0.29948805460750855 0.923583984375 0.008532423208191127 0.00830078125
10 0.3408703071672355 0.92333984375 0.007679180887372013 0.0078125
10 0.3127133105802048 0.924072265625 0.007679180887372013 0.00830078125
10 0.3562286689419795 0.924072265625 0.007679180887372013 0.00830078125
1 0.537542662116041 0.09228515625 0.017064846416382253 0.005859375
10 0.5149317406143344 0.0927734375 0.017918088737201365 0.0068359375
12 0.7299488054607508 0.9267578125 0.026450511945392493 0.0146484375
12 0.761518771331058 0.9267578125 0.028156996587030716 0.013671875
10 0.6156143344709898 0.09326171875 0.016211604095563138 0.0048828125
10 0.7952218430034129 0.9375 0.015358361774744027 0.005859375
10 0.31100682593856654 0.93798828125 0.004266211604095563 0.0068359375
10 0.3387372013651877 0.938232421875 0.0034129692832764505 0.00634765625
10 0.3293515358361775 0.938720703125 0.005119453924914676 0.00634765625
10 0.35921501706484643 0.938720703125 0.0034129692832764505 0.00732421875
1 0.39121160409556316 0.939453125 0.016211604095563138 0.0068359375
10 0.5819112627986348 0.94482421875 0.015358361774744027 0.0224609375
1 0.5588737201365188 0.946044921875 0.013651877133105802 0.01708984375
1 0.3216723549488055 0.9501953125 0.017064846416382253 0.0068359375
1 0.639505119453925 0.954833984375 0.007679180887372013 0.00830078125
1 0.6527303754266212 0.955078125 0.006825938566552901 0.0087890625
1 0.6843003412969283 0.955322265625 0.005119453924914676 0.00732421875
1 0.6706484641638225 0.955322265625 0.008532423208191127 0.00830078125
1 0.7081911262798635 0.955078125 0.008532423208191127 0.0087890625
1 0.7410409556313993 0.09521484375 0.016211604095563138 0.005859375
1 0.3203924914675768 0.961669921875 0.014505119453924915 0.00537109375
1 0.39121160409556316 0.96337890625 0.017918088737201365 0.005859375
2 0.2333617747440273 0.97705078125 0.12713310580204779 0.0361328125
2 0.6727815699658704 0.98046875 0.12713310580204779 0.0341796875
10 0.7209897610921502 0.100341796875 0.010238907849829351 0.00927734375
10 0.632679180887372 0.1025390625 0.011092150170648464 0.009765625
10 0.2401877133105802 0.103759765625 0.017918088737201365 0.00634765625
10 0.5149317406143344 0.110595703125 0.016211604095563138 0.00537109375
1 0.23976109215017063 0.111328125 0.017064846416382253 0.0048828125
10 0.6531569965870307 0.11865234375 0.017918088737201365 0.005859375
1 0.24061433447098976 0.118896484375 0.020477815699658702 0.00634765625
1 0.5136518771331058 0.118896484375 0.01877133105802048 0.00634765625
12 0.7184300341296929 0.12451171875 0.032423208191126277 0.03125
1 0.6540102389078498 0.12548828125 0.017918088737201365 0.005859375
10 0.5140784982935154 0.129638671875 0.017918088737201365 0.00634765625
10 0.6531569965870307 0.13232421875 0.016211604095563138 0.005859375
10 0.6335324232081911 0.1337890625 0.011092150170648464 0.0107421875
10 0.5217576791808873 0.136962890625 0.017918088737201365 0.00537109375
10 0.6527303754266212 0.140869140625 0.017064846416382253 0.00634765625
10 0.5217576791808873 0.145751953125 0.017918088737201365 0.00537109375
12 0.49402730375426623 0.1494140625 0.025597269624573378 0.013671875
12 0.7239761092150171 0.15234375 0.021331058020477817 0.0146484375
1 0.6352389078498294 0.156005859375 0.014505119453924915 0.01904296875
1 0.591296928327645 0.15625 0.030716723549488054 0.009765625
12 0.5264505119453925 0.15966796875 0.025597269624573378 0.0126953125
12 0.4492320819112628 0.16357421875 0.0537542662116041 0.01953125
12 0.7252559726962458 0.171875 0.02218430034129693 0.015625
1 0.1727815699658703 0.20166015625 0.00938566552901024 0.0107421875
12 0.761518771331058 0.206298828125 0.05716723549488054 0.02587890625
1 0.715443686006826 0.206298828125 0.011092150170648464 0.00927734375
10 0.18600682593856654 0.21484375 0.010238907849829351 0.009765625
1 0.1727815699658703 0.215576171875 0.00938566552901024 0.01025390625
10 0.18515358361774745 0.2255859375 0.010238907849829351 0.009765625
10 0.5482081911262798 0.2275390625 0.016211604095563138 0.0048828125
2 0.2738907849829352 0.023681640625 0.06313993174061433 0.03466796875
1 0.5482081911262798 0.234619140625 0.017918088737201365 0.00537109375
10 0.5678327645051194 0.2353515625 0.017918088737201365 0.005859375
2 0.5648464163822525 0.02392578125 0.189419795221843 0.0341796875
1 0.4522184300341297 0.240478515625 0.015358361774744027 0.00634765625
1 0.47013651877133106 0.240234375 0.015358361774744027 0.005859375
1 0.5089590443686007 0.24072265625 0.016211604095563138 0.005859375
1 0.48976109215017066 0.24072265625 0.017064846416382253 0.0068359375
1 0.5285836177474402 0.240966796875 0.017918088737201365 0.00634765625
1 0.6642491467576792 0.24169921875 0.01962457337883959 0.0068359375
10 0.5486348122866894 0.242431640625 0.01877133105802048 0.00732421875
12 0.7401877133105802 0.246826171875 0.043515358361774746 0.03466796875
1 0.7994880546075085 0.2470703125 0.01877133105802048 0.0068359375
1 0.3314846416382253 0.247314453125 0.014505119453924915 0.00439453125
1 0.3724402730375427 0.247802734375 0.017918088737201365 0.00634765625
1 0.25341296928327645 0.24755859375 0.006825938566552901 0.0087890625
1 0.2781569965870307 0.24755859375 0.006825938566552901 0.0078125
1 0.30204778156996587 0.248046875 0.008532423208191127 0.0087890625
1 0.2901023890784983 0.248779296875 0.006825938566552901 0.00927734375
1 0.26535836177474403 0.248779296875 0.006825938566552901 0.00830078125
1 0.31569965870307165 0.248779296875 0.006825938566552901 0.00732421875
1 0.3626279863481229 0.265380859375 0.017064846416382253 0.00634765625
12 0.6761945392491467 0.2685546875 0.04863481228668942 0.0419921875
1 0.7282423208191127 0.271728515625 0.017918088737201365 0.00634765625
1 0.7482935153583617 0.271728515625 0.015358361774744027 0.00634765625
5 0.5072525597269625 0.283203125 0.15955631399317405 0.0712890625
12 0.7581058020477816 0.2978515625 0.01962457337883959 0.015625
5 0.28071672354948807 0.298583984375 0.12627986348122866 0.07275390625
12 0.18387372013651876 0.369140625 0.01962457337883959 0.0126953125
12 0.21203071672354948 0.369873046875 0.01962457337883959 0.01220703125
10 0.2790102389078498 0.372314453125 0.01877133105802048 0.00537109375
10 0.2773037542662116 0.379150390625 0.017064846416382253 0.00634765625
12 0.18344709897610922 0.386474609375 0.020477815699658702 0.01318359375
12 0.21160409556313994 0.38671875 0.020477815699658702 0.013671875
10 0.27687713310580203 0.388427734375 0.016211604095563138 0.00537109375
2 0.9441126279863481 0.3896484375 0.05716723549488054 0.0400390625
12 0.18216723549488054 0.404052734375 0.01962457337883959 0.01318359375
12 0.20947098976109216 0.40380859375 0.01962457337883959 0.013671875
2 0.09940273037542662 0.421142578125 0.0810580204778157 0.14990234375
12 0.18216723549488054 0.42138671875 0.01962457337883959 0.013671875
12 0.21075085324232082 0.42138671875 0.020477815699658702 0.013671875
1 0.625 0.4287109375 0.017918088737201365 0.0048828125
12 0.21544368600682595 0.440673828125 0.021331058020477817 0.01416015625