2 0.027777777777777776 0.6526181353767561 0.04208754208754209 0.07151979565772669
5 0.5526094276094277 0.6574074074074074 0.0361952861952862 0.040229885057471264
1 0.8181818181818182 0.6625159642401022 0.006734006734006734 0.018518518518518517
5 0.8598484848484849 0.6634738186462324 0.049663299663299666 0.04469987228607918
12 0.7941919191919192 0.6666666666666666 0.021043771043771045 0.024265644955300127
2 0.9604377104377104 0.6883780332056194 0.04882154882154882 0.210727969348659
2 0.13173400673400673 0.06960408684546615 0.12037037037037036 0.03065134099616858
5 0.5547138047138047 0.7053001277139208 0.037037037037037035 0.040229885057471264
5 0.09006734006734007 0.7068965517241379 0.05555555555555555 0.024265644955300127
1 0.343013468013468 0.7161558109833972 0.006734006734006734 0.012132822477650063
5 0.8665824915824916 0.7164750957854407 0.02441077441077441 0.022988505747126436
12 0.8080808080808081 0.7180715197956578 0.02861952861952862 0.014687100893997445
1 0.9090909090909091 0.7180715197956578 0.021885521885521887 0.008301404853128991
10 0.15151515151515152 0.7215836526181354 0.016835016835016835 0.007662835249042145
10 0.15235690235690236 0.7330779054916986 0.018518518518518517 0.005108556832694764
5 0.08964646464646464 0.7420178799489144 0.0563973063973064 0.03065134099616858
5 0.17255892255892255 0.7484035759897829 0.02861952861952862 0.022988505747126436
1 0.02441077441077441 0.7480842911877394 0.006734006734006734 0.012132822477650063
12 0.8531144781144782 0.7509578544061303 0.049663299663299666 0.03065134099616858
1 0.6056397306397306 0.7573435504469987 0.009259259259259259 0.01532567049808429
1 0.859006734006734 0.7761813537675607 0.02441077441077441 0.010855683269476373
5 0.2335858585858586 0.777139208173691 0.054713804713804715 0.03065134099616858
1 0.12584175084175084 0.7793742017879949 0.005892255892255892 0.017241379310344827
5 0.6140572390572391 0.7895913154533845 0.02441077441077441 0.03639846743295019
1 0.5896464646464646 0.7905491698595147 0.010942760942760943 0.019157088122605363
12 0.6582491582491582 0.7921455938697318 0.05387205387205387 0.030012771392081736
5 0.5180976430976431 0.8039591315453385 0.027777777777777776 0.02554278416347382
5 0.15782828282828282 0.8186462324393359 0.08333333333333333 0.04980842911877394
5 0.2857744107744108 0.8218390804597702 0.021043771043771045 0.024265644955300127
5 0.3223905723905724 0.8234355044699873 0.020202020202020204 0.0210727969348659
1 0.5164141414141414 0.8272669220945083 0.012626262626262626 0.01979565772669221
5 0.32196969696969696 0.8505747126436781 0.022727272727272728 0.024265644955300127
5 0.2849326599326599 0.8518518518518519 0.02441077441077441 0.022988505747126436
1 0.13636363636363635 0.8607918263090677 0.006734006734006734 0.01277139208173691
2 0.032407407407407406 0.13793103448275862 0.034511784511784514 0.07535121328224777
12 0.8888888888888888 0.1602809706257982 0.025252525252525252 0.016602809706257982
5 0.9330808080808081 0.17305236270753513 0.03787878787878788 0.04086845466155811
5 0.8114478114478114 0.1756066411238825 0.05387205387205387 0.038314176245210725
12 0.8888888888888888 0.18582375478927204 0.02861952861952862 0.017879948914431672
1 0.8215488215488216 0.20753512132822477 0.011784511784511785 0.019157088122605363
1 0.7929292929292929 0.21136653895274585 0.010101010101010102 0.011494252873563218
10 0.1527777777777778 0.23786717752234993 0.026094276094276093 0.008301404853128991
10 0.15404040404040403 0.25063856960408687 0.025252525252525252 0.008301404853128991
5 0.8897306397306397 0.2541507024265645 0.10101010101010101 0.08939974457215837
5 0.25673400673400676 0.256066411238825 0.12289562289562289 0.09450830140485313
10 0.15404040404040403 0.2627713920817369 0.025252525252525252 0.008301404853128991
10 0.15656565656565657 0.2739463601532567 0.02861952861952862 0.007662835249042145
1 0.7984006734006734 0.3045977011494253 0.007575757575757576 0.01277139208173691
1 0.8215488215488216 0.3045977011494253 0.020202020202020204 0.02681992337164751
1 0.7828282828282829 0.3065134099616858 0.008417508417508417 0.01532567049808429
1 0.33754208754208753 0.3100255427841635 0.026936026936026935 0.009578544061302681
5 0.6174242424242424 0.3301404853128991 0.13383838383838384 0.0970625798212005
5 0.35058922558922556 0.33588761174968074 0.06313131313131314 0.01532567049808429
1 0.9179292929292929 0.36941251596424013 0.009259259259259259 0.014687100893997445
5 0.8425925925925926 0.41379310344827586 0.1531986531986532 0.07151979565772669
1 0.76010101010101 0.4651979565772669 0.008417508417508417 0.015964240102171137
1 0.9074074074074074 0.4674329501915709 0.011784511784511785 0.019157088122605363
1 0.8518518518518519 0.4948914431673052 0.016835016835016835 0.007662835249042145
1 0.8156565656565656 0.4952107279693487 0.018518518518518517 0.008301404853128991
1 0.8855218855218855 0.49616858237547895 0.015151515151515152 0.010217113665389528
5 0.19907407407407407 0.49648786717752236 0.03282828282828283 0.02362707535121328
1 0.9339225589225589 0.5111749680715197 0.010942760942760943 0.02234993614303959
5 0.859006734006734 0.5325670498084292 0.05134680134680135 0.02937420178799489
5 0.7765151515151515 0.5325670498084292 0.0563973063973064 0.02554278416347382
2 0.03282828282828283 0.54757343550447 0.02861952861952862 0.09259259259259259
5 0.5925925925925926 0.5520434227330779 0.09427609427609428 0.12452107279693486
5 0.9074074074074074 0.5549169859514687 0.02861952861952862 0.022988505747126436
1 0.7723063973063973 0.5555555555555556 0.021043771043771045 0.007662835249042145
12 0.8720538720538721 0.5606641123882503 0.026936026936026935 0.017879948914431672
12 0.8388047138047138 0.5613026819923371 0.027777777777777776 0.017241379310344827
5 0.9090909090909091 0.5810983397190294 0.026936026936026935 0.022988505747126436
5 0.7752525252525253 0.5884418901660281 0.050505050505050504 0.027458492975734355
5 0.35395622895622897 0.6101532567049809 0.2297979797979798 0.1756066411238825
1 0.7516835016835017 0.611749680715198 0.02356902356902357 0.008939974457215836
2 0.3918350168350168 0.06194125159642401 0.14057239057239057 0.024265644955300127
5 0.10521885521885523 0.6136653895274585 0.04040404040404041 0.0421455938697318
5 0.16456228956228955 0.6226053639846744 0.05303030303030303 0.02937420178799489
5 0.7760942760942761 0.6344189016602809 0.05723905723905724 0.027458492975734355