10 0.14696611505122142 0.45284296028880866 0.008668242710795903 0.010379061371841155
1 0.6221434200157604 0.4657039711191336 0.016548463356973995 0.005415162454873646
2 0.855397951142632 0.4720216606498195 0.046493301812450746 0.08935018050541517
5 0.7052797478329393 0.4747292418772563 0.10559495665878645 0.061371841155234655
5 0.4156816390858944 0.47518050541516244 0.2545311268715524 0.14620938628158844
1 0.7880220646178093 0.49255415162454874 0.017336485421591805 0.006768953068592058
5 0.19227738376674547 0.4950361010830325 0.037825059101654845 0.032490974729241874
10 0.7044917257683215 0.050090252707581225 0.0252167060677699 0.00631768953068592
10 0.5839243498817966 0.05054151624548736 0.02048857368006304 0.00631768953068592
10 0.6154452324665091 0.05076714801444043 0.017336485421591805 0.0058664259927797835
10 0.7450748620961387 0.5223375451263538 0.016548463356973995 0.0058664259927797835
10 0.7639873916469662 0.5232400722021661 0.018124507486209612 0.006768953068592058
12 0.17572892040977148 0.5248194945848376 0.02048857368006304 0.015342960288808664
12 0.20212765957446807 0.5254963898916968 0.02127659574468085 0.013989169675090252
1 0.7529550827423168 0.5356498194945848 0.01024428684003152 0.009927797833935019
1 0.24901497241922774 0.5444494584837545 0.009456264775413711 0.00947653429602888
12 0.23128447596532703 0.5455776173285198 0.019700551615445233 0.01444043321299639
5 0.1769109535066982 0.5469314079422383 0.054373522458628844 0.019855595667870037
10 0.7537431048069346 0.5485108303249098 0.01182033096926714 0.010379061371841155
10 0.6036249014972419 0.5539259927797834 0.017336485421591805 0.006768953068592058
10 0.6040189125295509 0.5631768953068592 0.019700551615445233 0.00631768953068592
1 0.2959022852639874 0.5661101083032491 0.008668242710795903 0.010379061371841155
1 0.31048069345941687 0.5663357400722022 0.007880220646178092 0.009025270758122744
1 0.3672182821118991 0.5665613718411552 0.007880220646178092 0.008574007220216607
1 0.28329393223010246 0.5663357400722022 0.01182033096926714 0.009927797833935019
1 0.32308904649330183 0.5665613718411552 0.006304176516942475 0.00947653429602888
1 0.35263987391646967 0.5667870036101083 0.0070921985815602835 0.008122743682310469
10 0.5941686367218282 0.5726534296028881 0.018912529550827423 0.00631768953068592
10 0.491725768321513 0.5728790613718412 0.015760441292356184 0.004963898916967509
10 0.4523246650906225 0.5733303249097473 0.01260835303388495 0.004061371841155234
5 0.24231678486997635 0.5753610108303249 0.05279747832939322 0.0351985559566787
1 0.3873128447596533 0.5794223826714802 0.008668242710795903 0.009025270758122744
10 0.30929866036249015 0.5803249097472925 0.01024428684003152 0.010830324909747292
10 0.28289992119779356 0.5798736462093863 0.009456264775413711 0.009927797833935019
10 0.35224586288416077 0.5800992779783394 0.009456264775413711 0.010379061371841155
10 0.3668242710795902 0.5803249097472925 0.01182033096926714 0.009927797833935019
10 0.2970843183609141 0.5803249097472925 0.009456264775413711 0.010830324909747292
10 0.32308904649330183 0.5803249097472925 0.01103230890464933 0.010830324909747292
1 0.7348305752561072 0.5807761732851986 0.018124507486209612 0.00631768953068592
10 0.4724192277383767 0.581904332129964 0.016548463356973995 0.004963898916967509
10 0.4511426319936958 0.581904332129964 0.014972419227738377 0.004061371841155234
10 0.4925137903861308 0.5821299638989169 0.015760441292356184 0.005415162454873646
10 0.594956658786446 0.5828068592057761 0.018912529550827423 0.007671480144404332
10 0.3833727344365642 0.5882220216606499 0.016548463356973995 0.004963898916967509
10 0.4728132387706856 0.5888989169675091 0.015760441292356184 0.005415162454873646
10 0.491725768321513 0.5888989169675091 0.015760441292356184 0.005415162454873646
10 0.594956658786446 0.5895758122743683 0.018912529550827423 0.0058664259927797835
12 0.6883372734436565 0.5904783393501805 0.06540583136327817 0.029332129963898917
1 0.7348305752561072 0.5904783393501805 0.019700551615445233 0.006768953068592058
10 0.4507486209613869 0.5927346570397112 0.014184397163120567 0.004061371841155234
1 0.20685579196217493 0.5943140794223827 0.01024428684003152 0.009927797833935019
1 0.38691883372734437 0.5990523465703971 0.009456264775413711 0.00947653429602888
1 0.22419227738376674 0.6004061371841155 0.01024428684003152 0.00947653429602888
1 0.45271867612293143 0.608528880866426 0.01182033096926714 0.010379061371841155
1 0.6524822695035462 0.06114620938628159 0.018912529550827423 0.007671480144404332
10 0.18321513002364065 0.6105595667870036 0.01024428684003152 0.010830324909747292
1 0.772655634357762 0.6107851985559567 0.01024428684003152 0.010379061371841155
1 0.7840819542947203 0.6107851985559567 0.009456264775413711 0.00947653429602888
12 0.15642237982663515 0.6110108303249098 0.029156816390858944 0.01263537906137184
2 0.8156028368794326 0.6204873646209387 0.045705279747832936 0.07310469314079422
12 0.5831363278171788 0.0625 0.02206461780929866 0.014891696750902527
1 0.7781717888100866 0.6243231046931408 0.016548463356973995 0.0058664259927797835
1 0.5059101654846335 0.6252256317689531 0.009456264775413711 0.010379061371841155
12 0.47832939322301027 0.625 0.03152088258471237 0.013537906137184115
10 0.18203309692671396 0.6252256317689531 0.01103230890464933 0.010379061371841155
12 0.15602836879432624 0.6259025270758123 0.026792750197005517 0.01263537906137184
1 0.4523246650906225 0.6290613718411552 0.009456264775413711 0.009927797833935019
10 0.7789598108747045 0.631768953068592 0.016548463356973995 0.00631768953068592
10 0.7781717888100866 0.6387635379061372 0.019700551615445233 0.006768953068592058
10 0.18124507486209615 0.6398916967509025 0.01103230890464933 0.009927797833935019
10 0.18124507486209615 0.6405685920577617 0.01103230890464933 0.010379061371841155
12 0.15602836879432624 0.6407942238267148 0.026792750197005517 0.011732851985559567
10 0.7781717888100866 0.6455324909747292 0.018124507486209612 0.0058664259927797835
1 0.7494089834515366 0.654557761732852 0.017336485421591805 0.004963898916967509
10 0.7781717888100866 0.654783393501805 0.018124507486209612 0.00631768953068592
10 0.7785657998423956 0.6624548736462094 0.018912529550827423 0.005415162454873646
1 0.7490149724192278 0.6626805054151624 0.016548463356973995 0.0058664259927797835
10 0.5622537431048069 0.6629061371841155 0.018124507486209612 0.00631768953068592
10 0.5602836879432624 0.6701263537906137 0.017336485421591805 0.005415162454873646
10 0.4436564223798266 0.6789259927797834 0.015760441292356184 0.0058664259927797835
10 0.4432624113475177 0.6852436823104693 0.014972419227738377 0.0058664259927797835
10 0.5078802206461781 0.6969765342960289 0.01024428684003152 0.010379061371841155
10 0.4676910953506698 0.6969765342960289 0.008668242710795903 0.010379061371841155
12 0.48896769109535065 0.6990072202166066 0.02127659574468085 0.015342960288808664
12 0.44720252167060676 0.6992328519855595 0.02442868400315209 0.013086642599277979
1 0.6185973207249803 0.07017148014440433 0.02048857368006304 0.006768953068592058
1 0.2651694247438928 0.07152527075812275 0.01024428684003152 0.010379061371841155
10 0.4566587864460205 0.713673285198556 0.014972419227738377 0.006768953068592058
1 0.48975571315996846 0.7141245487364621 0.03230890464933018 0.007671480144404332
10 0.5985027580772262 0.7168321299638989 0.016548463356973995 0.006768953068592058
1 0.6225374310480694 0.717283393501805 0.018912529550827423 0.0058664259927797835
1 0.21749408983451538 0.720216606498195 0.018912529550827423 0.00631768953068592
10 0.2364066193853428 0.720216606498195 0.017336485421591805 0.00631768953068592
10 0.5023640661938534 0.723826714801444 0.016548463356973995 0.005415162454873646
10 0.483451536643026 0.7242779783393501 0.018124507486209612 0.007220216606498195
1 0.4487785657998424 0.7258574007220217 0.029156816390858944 0.007671480144404332
1 0.5263987391646966 0.7267599277978339 0.015760441292356184 0.018501805054151624
10 0.6737588652482269 0.7276624548736462 0.017336485421591805 0.006768953068592058
10 0.21749408983451538 0.7281137184115524 0.017336485421591805 0.004963898916967509
10 0.48226950354609927 0.7324007220216606 0.017336485421591805 0.00631768953068592
10 0.5035460992907801 0.733754512635379 0.015760441292356184 0.007220216606498195
10 0.2285263987391647 0.7407490974729242 0.036249014972419225 0.008574007220216607
10 0.58274231678487 0.07423285198555957 0.019700551615445233 0.0058664259927797835
12 0.6867612293144209 0.7457129963898917 0.026004728132387706 0.013989169675090252
10 0.4152876280535855 0.7466155234657039 0.017336485421591805 0.0058664259927797835
10 0.52876280535855 0.7475180505415162 0.017336485421591805 0.0058664259927797835
12 0.6229314420803782 0.7479693140794224 0.02127659574468085 0.0157942238267148
10 0.4164696611505122 0.7549638989169675 0.018124507486209612 0.007220216606498195
10 0.549645390070922 0.7563176895306859 0.008668242710795903 0.010830324909747292
10 0.6832151300236406 0.756543321299639 0.017336485421591805 0.006768953068592058
1 0.4330181245074862 0.7583483754512635 0.008668242710795903 0.01128158844765343
1 0.4160756501182033 0.7617328519855595 0.017336485421591805 0.005415162454873646
10 0.4326241134751773 0.7687274368231047 0.01103230890464933 0.00947653429602888
10 0.4152876280535855 0.7716606498194946 0.017336485421591805 0.005415162454873646
10 0.4598108747044917 0.7876805054151624 0.016548463356973995 0.0058664259927797835
1 0.4850275807722616 0.7876805054151624 0.018124507486209612 0.0058664259927797835
1 0.25374310480693457 0.8018953068592057 0.009456264775413711 0.023465703971119134
1 0.2127659574468085 0.8023465703971119 0.03152088258471237 0.008122743682310469
1 0.28171788810086684 0.8075361010830325 0.018124507486209612 0.0058664259927797835
10 0.7959022852639874 0.8102436823104693 0.015760441292356184 0.0058664259927797835
5 0.3262411347517731 0.8113718411552346 0.03467297084318361 0.030685920577617327
10 0.2048857368006304 0.8118231046931408 0.017336485421591805 0.005415162454873646
10 0.22616233254531126 0.8120487364620939 0.017336485421591805 0.004963898916967509
10 0.5835303388494878 0.08212996389891697 0.016548463356973995 0.00631768953068592
10 0.7966903073286052 0.8262635379061372 0.017336485421591805 0.005415162454873646
10 0.46808510638297873 0.8264891696750902 0.018912529550827423 0.0058664259927797835
10 0.41213553979511425 0.8312274368231047 0.017336485421591805 0.005415162454873646
1 0.28132387706855794 0.8321299638989169 0.017336485421591805 0.005415162454873646
10 0.3309692671394799 0.8325812274368231 0.017336485421591805 0.00631768953068592
10 0.3112687155240347 0.8325812274368231 0.018912529550827423 0.00631768953068592
10 0.7951142631993696 0.8393501805054152 0.015760441292356184 0.005415162454873646
10 0.41213553979511425 0.8391245487364621 0.017336485421591805 0.0058664259927797835
1 0.4160756501182033 0.8501805054151624 0.009456264775413711 0.009927797833935019
12 0.5374310480693459 0.8610108303249098 0.04885736800630418 0.03700361010830325
10 0.7959022852639874 0.8634927797833934 0.014184397163120567 0.0058664259927797835
10 0.23443656422379827 0.8657490974729242 0.01024428684003152 0.010379061371841155
5 0.31048069345941687 0.878158844765343 0.1182033096926714 0.06859205776173286
10 0.23246650906225375 0.8810920577617328 0.01103230890464933 0.010379061371841155
10 0.7959022852639874 0.8808664259927798 0.014184397163120567 0.005415162454873646
1 0.3896769109535067 0.8867328519855595 0.018124507486209612 0.00631768953068592
10 0.7959022852639874 0.8910198555956679 0.015760441292356184 0.004963898916967509
10 0.23286052009456265 0.8919223826714802 0.01024428684003152 0.010379061371841155
10 0.3904649330181245 0.8937274368231047 0.016548463356973995 0.0058664259927797835
10 0.2202521670606777 0.8955324909747292 0.016548463356973995 0.004061371841155234
1 0.5508274231678487 0.8968862815884476 0.01103230890464933 0.010379061371841155
1 0.5220646178092987 0.8971119133574007 0.01024428684003152 0.009927797833935019
1 0.5366430260047281 0.8973375451263538 0.009456264775413711 0.00947653429602888
10 0.6509062253743105 0.09002707581227437 0.015760441292356184 0.0058664259927797835
10 0.7628053585500394 0.8995938628158845 0.009456264775413711 0.010379061371841155
1 0.3888888888888889 0.9016245487364621 0.018124507486209612 0.00631768953068592
12 0.739558707643814 0.9027527075812274 0.027580772261623327 0.013989169675090252
10 0.48187549251379036 0.904783393501805 0.014972419227738377 0.005415162454873646
10 0.7955082742316785 0.9061371841155235 0.016548463356973995 0.005415162454873646
10 0.2222222222222222 0.9070397111913358 0.015760441292356184 0.004512635379061372
10 0.2222222222222222 0.9108754512635379 0.014184397163120567 0.004061371841155234
10 0.4806934594168637 0.9129061371841155 0.015760441292356184 0.005415162454873646
1 0.5394011032308904 0.9135830324909747 0.016548463356973995 0.006768953068592058
1 0.5760441292356187 0.9199007220216606 0.015760441292356184 0.006768953068592058
10 0.7955082742316785 0.9226083032490975 0.014972419227738377 0.004963898916967509
10 0.2501970055161544 0.9223826714801444 0.008668242710795903 0.009025270758122744
10 0.22064617809298662 0.9228339350180506 0.015760441292356184 0.004512635379061372
10 0.326635145784082 0.9230595667870036 0.008668242710795903 0.008574007220216607
10 0.26792750197005516 0.9232851985559567 0.009456264775413711 0.009025270758122744
10 0.28250591016548465 0.9230595667870036 0.008668242710795903 0.007671480144404332
10 0.2998423955870764 0.9235108303249098 0.008668242710795903 0.008574007220216607
10 0.34200157604412923 0.9237364620938628 0.007880220646178092 0.008122743682310469
10 0.314026792750197 0.9239620938628159 0.008668242710795903 0.008574007220216607
10 0.35697399527186763 0.9239620938628159 0.007880220646178092 0.008574007220216607
1 0.5386130811662726 0.09250902527075812 0.018124507486209612 0.00631768953068592
10 0.5157604412923562 0.09273465703971119 0.018124507486209612 0.006768953068592058
12 0.731284475965327 0.9266696750902527 0.026792750197005517 0.014891696750902527
12 0.7628053585500394 0.9268953068592057 0.028368794326241134 0.013537906137184115
10 0.6158392434988179 0.09363718411552346 0.016548463356973995 0.004963898916967509
10 0.7959022852639874 0.9379512635379061 0.015760441292356184 0.0058664259927797835
10 0.3112687155240347 0.9381768953068592 0.004728132387706856 0.007220216606498195
10 0.3392434988179669 0.9384025270758123 0.003940110323089046 0.006768953068592058
10 0.32978723404255317 0.9388537906137184 0.005516154452324665 0.006768953068592058
10 0.35894405043341215 0.9388537906137184 0.003940110323089046 0.007671480144404332
1 0.39204097714736014 0.9395306859205776 0.016548463356973995 0.007220216606498195
10 0.5831363278171788 0.9449458483754513 0.015760441292356184 0.02256317689530686
1 0.5594956658786446 0.9462996389891697 0.014184397163120567 0.017148014440433214
1 0.322301024428684 0.9503610108303249 0.017336485421591805 0.007220216606498195
1 0.640661938534279 0.9546480144404332 0.007880220646178092 0.008574007220216607
1 0.652876280535855 0.9553249097472925 0.0070921985815602835 0.009025270758122744
1 0.6851851851851852 0.9550992779783394 0.005516154452324665 0.007671480144404332
1 0.6717888100866825 0.9550992779783394 0.008668242710795903 0.008574007220216607
1 0.7088258471237194 0.9553249097472925 0.008668242710795903 0.009025270758122744
1 0.7423167848699763 0.09544223826714801 0.017336485421591805 0.0058664259927797835
1 0.3219070133963751 0.9611913357400722 0.014972419227738377 0.005415162454873646
1 0.39204097714736014 0.9632220216606499 0.018124507486209612 0.0058664259927797835
2 0.23404255319148937 0.9772111913357401 0.1276595744680851 0.03655234657039711
2 0.6741528762805359 0.980595667870036 0.12687155240346729 0.03429602888086643
10 0.7218282111899134 0.09995487364620939 0.01103230890464933 0.00947653429602888
10 0.6347517730496454 0.10311371841155234 0.01182033096926714 0.010379061371841155
10 0.24074074074074073 0.10379061371841156 0.018124507486209612 0.00631768953068592
10 0.5157604412923562 0.11078519855595668 0.016548463356973995 0.0058664259927797835
1 0.24034672970843185 0.11191335740072202 0.017336485421591805 0.005415162454873646
10 0.6544523246650906 0.11868231046931407 0.018124507486209612 0.00631768953068592
1 0.24074074074074073 0.11868231046931407 0.02127659574468085 0.00631768953068592
1 0.5145784081954294 0.11913357400722022 0.018912529550827423 0.00631768953068592
12 0.7194641449960599 0.125 0.03309692671394799 0.0315884476534296
1 0.6556343577620173 0.12567689530685922 0.018912529550827423 0.0058664259927797835
10 0.5141843971631206 0.12973826714801445 0.018124507486209612 0.006768953068592058
10 0.6544523246650906 0.13267148014440433 0.016548463356973995 0.00631768953068592
10 0.6343577620173365 0.13402527075812273 0.01103230890464933 0.010830324909747292
10 0.5228526398739165 0.1371841155234657 0.018124507486209612 0.005415162454873646
10 0.6540583136327817 0.14056859205776173 0.017336485421591805 0.006768953068592058
10 0.5228526398739165 0.14553249097472923 0.018124507486209612 0.0058664259927797835
12 0.49566587864460204 0.1500451263537906 0.026792750197005517 0.013989169675090252
12 0.7257683215130024 0.15275270758122744 0.02206461780929866 0.014891696750902527
1 0.636327817178881 0.1559115523465704 0.014972419227738377 0.0194043321299639
1 0.5925925925925926 0.1565884476534296 0.03152088258471237 0.009927797833935019
12 0.5267927501970056 0.15997292418772563 0.026004728132387706 0.013086642599277979
12 0.4495665878644602 0.16335740072202165 0.054373522458628844 0.019855595667870037
12 0.7257683215130024 0.17215703971119134 0.02206461780929866 0.0157942238267148
1 0.17375886524822695 0.20171480144404333 0.01024428684003152 0.010830324909747292
12 0.7631993695823484 0.20622743682310468 0.05752561071710008 0.026173285198555957
1 0.7167060677698975 0.20645306859205775 0.01182033096926714 0.00947653429602888
10 0.1863672182821119 0.21502707581227437 0.01024428684003152 0.010379061371841155
1 0.17297084318360914 0.21547833935018051 0.01024428684003152 0.010379061371841155
10 0.18557919621749408 0.22563176895306858 0.01024428684003152 0.009927797833935019
10 0.5488573680063041 0.22811371841155234 0.016548463356973995 0.004963898916967509
2 0.27462568951930655 0.023691335740072202 0.06382978723404255 0.034747292418772564
1 0.5492513790386131 0.23465703971119134 0.018912529550827423 0.005415162454873646
10 0.5677698975571316 0.23578519855595667 0.018124507486209612 0.0058664259927797835
2 0.5654058313632782 0.024368231046931407 0.18991331757289204 0.03429602888086643
1 0.45271867612293143 0.24052346570397112 0.014972419227738377 0.00631768953068592
1 0.47123719464145 0.24052346570397112 0.015760441292356184 0.00631768953068592
1 0.5094562647754137 0.24097472924187727 0.016548463356973995 0.00631768953068592
1 0.4909377462568952 0.24097472924187727 0.017336485421591805 0.007220216606498195
1 0.529156816390859 0.24097472924187727 0.018124507486209612 0.00631768953068592
1 0.66548463356974 0.24187725631768953 0.019700551615445233 0.007220216606498195
10 0.5492513790386131 0.24232851985559567 0.018912529550827423 0.007220216606498195
12 0.7415287628053585 0.24684115523465705 0.04412923561859732 0.0351985559566787
1 0.8006304176516943 0.24729241877256317 0.018912529550827423 0.007220216606498195
1 0.3321513002364066 0.2477436823104693 0.014972419227738377 0.004512635379061372
1 0.3731284475965327 0.2477436823104693 0.018124507486209612 0.00631768953068592
1 0.2541371158392435 0.2477436823104693 0.0070921985815602835 0.009025270758122744
1 0.2785657998423956 0.24819494584837545 0.0070921985815602835 0.008122743682310469
1 0.30220646178092986 0.2486462093862816 0.008668242710795903 0.009025270758122744
1 0.2899921197793538 0.24887184115523467 0.007880220646178092 0.00947653429602888
1 0.26635145784081954 0.24842057761732853 0.0070921985815602835 0.008574007220216607
1 0.31560283687943264 0.24887184115523467 0.0070921985815602835 0.007671480144404332
1 0.3624901497241923 0.26534296028880866 0.017336485421591805 0.00631768953068592
12 0.6769109535066982 0.26895306859205775 0.04885736800630418 0.042418772563176894
1 0.7297084318360915 0.27166064981949456 0.018912529550827423 0.00631768953068592
1 0.7486209613869188 0.27166064981949456 0.015760441292356184 0.00631768953068592
5 0.5070921985815603 0.2833935018050541 0.1599684791174153 0.07129963898916968
12 0.7600472813238771 0.29851083032490977 0.019700551615445233 0.0157942238267148
5 0.2805358550039401 0.29873646209386284 0.12608353033884948 0.07310469314079422
12 0.18439716312056736 0.36958483754512633 0.02048857368006304 0.01263537906137184
12 0.2123719464144996 0.3700361010830325 0.019700551615445233 0.01263537906137184
10 0.2789598108747045 0.3720667870036101 0.018912529550827423 0.0058664259927797835
10 0.2773837667454689 0.37883574007220217 0.017336485421591805 0.006768953068592058
12 0.18360914105594955 0.38673285198555957 0.02048857368006304 0.013537906137184115
12 0.2119779353821907 0.38695848375451264 0.02048857368006304 0.013989169675090252
10 0.2773837667454689 0.388086642599278 0.016548463356973995 0.005415162454873646
2 0.9452324665090622 0.38966606498194944 0.05752561071710008 0.04016245487364621
12 0.18360914105594955 0.4038808664259928 0.02048857368006304 0.013537906137184115
12 0.21040189125295508 0.4038808664259928 0.02048857368006304 0.013537906137184115
2 0.10007880220646179 0.42125451263537905 0.08195429472025216 0.15027075812274368
12 0.18360914105594955 0.4217057761732852 0.02048857368006304 0.013989169675090252
12 0.2115839243498818 0.4217057761732852 0.02127659574468085 0.013989169675090252
1 0.6260835303388494 0.42915162454873645 0.018124507486209612 0.005415162454873646
12 0.21631205673758866 0.44065884476534295 0.02127659574468085 0.013989169675090252