1 0.44095940959409596 0.07741935483870968 0.03567035670356704 0.06881720430107527
1 0.3671586715867159 0.0489247311827957 0.038130381303813035 0.06774193548387097
1 0.25 0.015591397849462365 0.033825338253382534 0.03118279569892473
1 0.6703567035670357 0.18494623655913978 0.03690036900369004 0.08172043010752689
1 0.49969249692496925 0.11129032258064517 0.05842558425584256 0.06989247311827956
1 0.14237392373923738 0.015591397849462365 0.1002460024600246 0.03118279569892473
10 0.26322263222632225 0.08010752688172043 0.015990159901599015 0.05268817204301075
1 0.2773677736777368 0.08709677419354839 0.033210332103321034 0.07956989247311828
10 0.22355473554735547 0.06505376344086021 0.01783517835178352 0.046236559139784944
1 0.34870848708487084 0.12258064516129032 0.024600246002460024 0.07741935483870968
10 0.21125461254612546 0.06236559139784946 0.02029520295202952 0.04516129032258064
10 0.14821648216482164 0.037096774193548385 0.015990159901599015 0.05268817204301075
10 0.6248462484624846 0.24516129032258063 0.01845018450184502 0.053763440860215055
10 0.4252767527675277 0.1586021505376344 0.019065190651906518 0.05698924731182796
10 0.23831488314883148 0.07795698924731183 0.016605166051660517 0.04408602150537634
10 0.25153751537515373 0.08387096774193549 0.01845018450184502 0.06881720430107527
10 0.6119311193111932 0.2413978494623656 0.017220172201722016 0.046236559139784944
10 0.34009840098400984 0.12419354838709677 0.017220172201722016 0.046236559139784944
1 0.37115621156211565 0.13978494623655913 0.04981549815498155 0.11182795698924732
10 0.5716482164821648 0.22741935483870968 0.016605166051660517 0.03978494623655914
10 0.41113161131611314 0.15913978494623657 0.02152521525215252 0.060215053763440864
10 0.5977859778597786 0.2413978494623656 0.01968019680196802 0.03978494623655914
1 0.4388068880688807 0.17150537634408602 0.02152521525215252 0.07849462365591398
10 0.5587330873308733 0.22580645161290322 0.02029520295202952 0.04946236559139785
1 0.9446494464944649 0.3935483870967742 0.038130381303813035 0.053763440860215055
10 0.13714637146371464 0.04247311827956989 0.023370233702337023 0.06129032258064516
10 0.5854858548585485 0.23763440860215054 0.015990159901599015 0.05161290322580645
5 0.6998769987699877 0.2913978494623656 0.12546125461254612 0.13333333333333333
1 0.801660516605166 0.3365591397849462 0.02029520295202952 0.06236559139784946
5 0.4969249692496925 0.20483870967741935 0.1070110701107011 0.13655913978494624
1 0.7706027060270603 0.3247311827956989 0.024600246002460024 0.06666666666666667
1 0.7841328413284133 0.33064516129032256 0.023370233702337023 0.07204301075268817
5 0.2908979089790898 0.1596774193548387 0.004920049200492005 0.024731182795698924
1 0.23800738007380073 0.1827956989247312 0.03936039360393604 0.07311827956989247
5 0.9154366543665436 0.5419354838709678 0.13099630996309963 0.14623655913978495
10 0.5787207872078721 0.3951612903225806 0.014760147601476014 0.03118279569892473
5 0.12699876998769988 0.1989247311827957 0.11992619926199262 0.15913978494623657
10 0.6356088560885609 0.42311827956989245 0.022755227552275523 0.06559139784946237
5 0.5089175891758918 0.36989247311827955 0.12976629766297662 0.15913978494623657
5 0.30350553505535055 0.28978494623655915 0.12976629766297662 0.14516129032258066
5 0.7638376383763837 0.4956989247311828 0.1881918819188192 0.17419354838709677
5 0.8976014760147601 0.728494623655914 0.10639606396063961 0.13440860215053763
5 0.0971709717097171 0.38387096774193546 0.11685116851168512 0.13118279569892474
5 0.535670356703567 0.5774193548387097 0.23124231242312424 0.2645161290322581
10 0.34163591635916357 0.4946236559139785 0.015375153751537515 0.047311827956989246
5 0.28044280442804426 0.47043010752688175 0.13653136531365315 0.16666666666666666
5 0.7395448954489545 0.6752688172043011 0.14329643296432965 0.16989247311827957
5 0.25276752767527677 0.65 0.12300123001230012 0.14731182795698924
5 0.06703567035670356 0.5709677419354838 0.11316113161131611 0.13548387096774195
5 0.45510455104551045 0.9220430107526881 0.13899138991389914 0.15376344086021507
5 0.052583025830258305 0.7569892473118279 0.10516605166051661 0.14193548387096774
5 0.22878228782287824 0.839247311827957 0.11685116851168512 0.13655913978494624
10 0.28751537515375153 0.8650537634408603 0.027675276752767528 0.07849462365591398
10 0.5624231242312423 0.975268817204301 0.033825338253382534 0.047311827956989246