1 0.7217025257249766 0.5536894273127754 0.011225444340505144 0.007158590308370044
1 0.7207670720299345 0.5608480176211453 0.01028999064546305 0.006057268722466961
1 0.7207670720299345 0.5702092511013216 0.013096351730589336 0.004955947136563877
1 0.7207670720299345 0.57681718061674 0.011225444340505144 0.004955947136563877
10 0.5608044901777361 0.5831497797356828 0.01028999064546305 0.005506607929515419
10 0.5374181478016838 0.5839757709251101 0.00841908325537886 0.004955947136563877
10 0.5486435921421889 0.5842511013215859 0.00841908325537886 0.004405286343612335
10 0.49368568755846587 0.5870044052863436 0.005144995322731525 0.013215859030837005
10 0.4883068288119738 0.5872797356828194 0.004677268475210477 0.012665198237885462
10 0.5152011225444341 0.5881057268722467 0.00420954162768943 0.013215859030837005
10 0.5231524789522919 0.588931718061674 0.005144995322731525 0.010462555066079295
1 0.721000935453695 0.5894823788546255 0.012628624883068288 0.006057268722466961
10 0.5612722170252572 0.5894823788546255 0.009354536950420954 0.003854625550660793
10 0.5493451824134705 0.5900330396475771 0.008886810102899906 0.006057268722466961
10 0.5371842843779233 0.5911343612334802 0.009822263797942002 0.004955947136563877
1 0.04840972871842844 0.5908590308370044 0.010757717492984098 0.005506607929515419
10 0.48105706267539755 0.5955396475770925 0.00420954162768943 0.013766519823788546
10 0.4761459307764266 0.5958149779735683 0.002806361085126286 0.009911894273127754
1 0.7195977549111319 0.5977422907488987 0.014499532273152479 0.007158590308370044
10 0.5009354536950421 0.5977422907488987 0.011225444340505144 0.004955947136563877
1 0.04840972871842844 0.5982929515418502 0.010757717492984098 0.004955947136563877
10 0.4920486435921422 0.6026982378854625 0.0037418147801683817 0.011563876651982379
10 0.5750701590271281 0.6035242290748899 0.00420954162768943 0.013215859030837005
10 0.5292329279700655 0.6035242290748899 0.003274087932647334 0.014317180616740088
10 0.534845650140318 0.6032488986784141 0.005144995322731525 0.015969162995594713
10 0.5699251637043966 0.6035242290748899 0.003274087932647334 0.014317180616740088
10 0.5007015902712816 0.6037995594713657 0.009822263797942002 0.004955947136563877
10 0.5236202057998129 0.6040748898678414 0.00420954162768943 0.013215859030837005
10 0.5187090739008419 0.6054515418502202 0.0037418147801683817 0.012665198237885462
1 0.7214686623012161 0.6071035242290749 0.012628624883068288 0.006057268722466961
1 0.027595884003741813 0.6090308370044053 0.01683816651075772 0.009911894273127754
10 0.544200187090739 0.6120594713656388 0.010757717492984098 0.006057268722466961
1 0.7214686623012161 0.6139867841409692 0.012628624883068288 0.004405286343612335
12 0.6038353601496725 0.6225220264317181 0.013096351730589336 0.01817180616740088
1 0.7217025257249766 0.6277533039647577 0.01216089803554724 0.004405286343612335
10 0.07436856875584659 0.6291299559471366 0.004677268475210477 0.012665198237885462
1 0.4859681945743686 0.6291299559471366 0.005612722170252572 0.010462555066079295
1 0.5423292797006548 0.6343612334801763 0.003274087932647334 0.014317180616740088
1 0.7200654817586529 0.6349118942731278 0.012628624883068288 0.005506607929515419
10 0.6152946679139383 0.6376651982378855 0.005144995322731525 0.012114537444933921
1 0.6896632366697848 0.6379405286343612 0.008886810102899906 0.006057268722466961
10 0.5935453695042096 0.6379405286343612 0.01028999064546305 0.003854625550660793
1 0.6898971000935453 0.6434471365638766 0.01028999064546305 0.004955947136563877
10 0.07530402245088869 0.6448237885462555 0.006548175865294668 0.013215859030837005
1 0.3325537885874649 0.6492290748898678 0.002806361085126286 0.015418502202643172
1 0.33793264733395695 0.6511563876651982 0.003274087932647334 0.013766519823788546
1 0.34565014031805424 0.651431718061674 0.005144995322731525 0.018722466960352423
1 0.6188026192703461 0.6528083700440529 0.01216089803554724 0.012665198237885462
10 0.5921421889616464 0.6525330396475771 0.011225444340505144 0.004405286343612335
10 0.5907390084190832 0.6618942731277533 0.01216089803554724 0.004405286343612335
1 0.6377455565949486 0.664647577092511 0.011693171188026192 0.00881057268722467
10 0.5028063610851263 0.6665748898678414 0.011225444340505144 0.007158590308370044
10 0.5921421889616464 0.6674008810572687 0.011225444340505144 0.003303964757709251
10 0.5023386342376053 0.6737334801762115 0.011225444340505144 0.004955947136563877
10 0.5909728718428437 0.674284140969163 0.010757717492984098 0.006057268722466961
10 0.5014031805425632 0.6808920704845814 0.011225444340505144 0.004955947136563877
10 0.5989242282507016 0.6808920704845814 0.010757717492984098 0.0027533039647577094
10 0.2804022450888681 0.6861233480176211 0.010757717492984098 0.003303964757709251
10 0.2614593077642657 0.6891519823788547 0.01777362020579981 0.009361233480176211
10 0.5021047708138447 0.6888766519823789 0.012628624883068288 0.005506607929515419
10 0.5991580916744621 0.6891519823788547 0.01028999064546305 0.004955947136563877
10 0.19130028063610852 0.6891519823788547 0.014967259120673527 0.008259911894273128
5 0.5533208606173995 0.6908039647577092 0.04957904583723106 0.08755506607929515
1 0.2815715622076707 0.6927312775330396 0.011225444340505144 0.004405286343612335
1 0.20930776426566886 0.6932819383259912 0.011693171188026192 0.005506607929515419
10 0.5016370439663237 0.6935572687224669 0.010757717492984098 0.004955947136563877
10 0.4197848456501403 0.6963105726872246 0.012628624883068288 0.007158590308370044
10 0.5993919550982226 0.6965859030837004 0.011693171188026192 0.005506607929515419
1 0.4321796071094481 0.6968612334801763 0.00841908325537886 0.004955947136563877
10 0.5014031805425632 0.7009911894273128 0.01403180542563143 0.007709251101321586
12 0.026894293732460245 0.7020925110132159 0.015434985968194575 0.013215859030837005
10 0.5025724976613658 0.7075991189427313 0.011693171188026192 0.006607929515418502
1 0.59822263797942 0.7087004405286343 0.01028999064546305 0.004405286343612335
1 0.0254911131898971 0.7120044052863436 0.011693171188026192 0.004405286343612335
1 0.03578110383536015 0.713931718061674 0.007015902712815715 0.007158590308370044
10 0.5021047708138447 0.7161343612334802 0.012628624883068288 0.004955947136563877
1 0.5996258185219832 0.7210903083700441 0.011225444340505144 0.003854625550660793
1 0.01824134705332086 0.7221916299559471 0.005612722170252572 0.012665198237885462
1 0.5888681010289991 0.7252202643171806 0.005612722170252572 0.013215859030837005
1 0.5989242282507016 0.7265969162995595 0.011693171188026192 0.003854625550660793
10 0.5198783910196445 0.7287995594713657 0.008886810102899906 0.006057268722466961
12 0.03320860617399439 0.7307268722466961 0.019644527595884004 0.024229074889867842
1 0.5905051449953227 0.7359581497797357 0.007951356407857811 0.0027533039647577094
1 0.04724041159962582 0.736784140969163 0.004677268475210477 0.014317180616740088
1 0.018475210477081384 0.7381607929515418 0.00420954162768943 0.011563876651982379
1 0.5329747427502338 0.7414647577092511 0.008886810102899906 0.006057268722466961
1 0.5551917680074836 0.7411894273127754 0.00841908325537886 0.004405286343612335
10 0.5673526660430309 0.7409140969162996 0.00841908325537886 0.004955947136563877
10 0.5156688493919551 0.7444933920704846 0.00420954162768943 0.013215859030837005
1 0.04303086997193639 0.7480726872246696 0.011225444340505144 0.004955947136563877
12 0.028999064546304958 0.7513766519823789 0.014967259120673527 0.011563876651982379
10 0.04303086997193639 0.7560572687224669 0.00841908325537886 0.005506607929515419
10 0.24976613657623947 0.7582599118942731 0.006548175865294668 0.015418502202643172
10 0.2291861552853134 0.7582599118942731 0.005612722170252572 0.015418502202643172
10 0.25561272217025255 0.7582599118942731 0.003274087932647334 0.014317180616740088
10 0.22100093545369504 0.7588105726872246 0.005144995322731525 0.013215859030837005
1 0.5769410664172123 0.7610132158590308 0.009822263797942002 0.006607929515418502
10 0.46024321796071094 0.7706497797356828 0.004677268475210477 0.012665198237885462
5 0.240177736202058 0.07681718061674009 0.04443405051449953 0.03359030837004405
1 0.6873246024321796 0.7720264317180616 0.00420954162768943 0.014317180616740088
1 0.6800748362956034 0.7720264317180616 0.004677268475210477 0.014317180616740088
2 0.872310570626754 0.07791850220264317 0.07296538821328344 0.028083700440528634
2 0.94644527595884 0.07819383259911894 0.06875584658559401 0.030837004405286344
1 0.6690832553788587 0.7791850220264317 0.007015902712815715 0.004405286343612335
10 0.7207670720299345 0.7800110132158591 0.005612722170252572 0.011563876651982379
1 0.7343311506080449 0.7800110132158591 0.0205799812909261 0.011563876651982379
12 0.8863423760523854 0.7882709251101322 0.01403180542563143 0.017070484581497798
10 0.9258652946679139 0.7921255506607929 0.010757717492984098 0.006057268722466961
10 0.9443405051449953 0.7932268722466961 0.005612722170252572 0.012665198237885462
12 0.872778297474275 0.7943281938325991 0.01028999064546305 0.012665198237885462
1 0.6342376052385407 0.7940528634361234 0.01028999064546305 0.006607929515418502
10 0.9174462114125351 0.7990088105726872 0.003274087932647334 0.013215859030837005
1 0.6548175865294668 0.8009361233480177 0.01216089803554724 0.004955947136563877
1 0.6234798877455566 0.8056167400881057 0.007483629560336763 0.004405286343612335
1 0.7252104770813844 0.8061674008810573 0.011693171188026192 0.007709251101321586
10 0.9527595884003742 0.8072687224669604 0.0037418147801683817 0.013215859030837005
1 0.5301683816651076 0.8075440528634361 0.010757717492984098 0.008259911894273128
1 0.5023386342376053 0.8072687224669604 0.011225444340505144 0.005506607929515419
1 0.5177736202057999 0.8075440528634361 0.01028999064546305 0.006057268722466961
10 0.9581384471468662 0.8075440528634361 0.003274087932647334 0.015969162995594713
1 0.5425631431244153 0.8078193832599119 0.011225444340505144 0.006607929515418502
1 0.5551917680074836 0.8080947136563876 0.011225444340505144 0.007158590308370044
1 0.6000935453695042 0.8086453744493393 0.011225444340505144 0.004955947136563877
10 0.9193171188026192 0.8100220264317181 0.007951356407857811 0.003303964757709251
10 0.5708606173994387 0.811398678414097 0.011693171188026192 0.006057268722466961
1 0.43405051449953225 0.8122246696035242 0.005612722170252572 0.013215859030837005
1 0.7242750233863424 0.8138766519823789 0.010757717492984098 0.004405286343612335
10 0.9359214218896165 0.8152533039647577 0.004677268475210477 0.012665198237885462
1 0.6548175865294668 0.8182819383259912 0.01216089803554724 0.006607929515418502
10 0.9628157156220767 0.8191079295154186 0.005144995322731525 0.010462555066079295
10 0.9422357343311506 0.8226872246696035 0.003274087932647334 0.014317180616740088
10 0.9522918615528532 0.8226872246696035 0.004677268475210477 0.009911894273127754
10 0.9466791393826005 0.8229625550660793 0.0037418147801683817 0.013766519823788546
10 0.6578578110383536 0.08287444933920705 0.010757717492984098 0.007158590308370044
10 0.7588868101028999 0.8262665198237885 0.00420954162768943 0.012665198237885462
10 0.9630495790458372 0.8301211453744494 0.004677268475210477 0.012665198237885462
10 0.5792797006548176 0.8325991189427313 0.009822263797942002 0.00881057268722467
1 0.7217025257249766 0.8345264317180616 0.005612722170252572 0.01486784140969163
10 0.3023854069223573 0.8361784140969163 0.005144995322731525 0.01486784140969163
10 0.9567352666043031 0.8408590308370044 0.00420954162768943 0.011013215859030838
5 0.7998129092609916 0.8414096916299559 0.07296538821328344 0.11784140969162996
10 0.0724976613657624 0.8430616740088106 0.0037418147801683817 0.013215859030837005
10 0.0832553788587465 0.8436123348017621 0.0037418147801683817 0.01762114537444934
10 0.07740879326473339 0.8438876651982379 0.005144995322731525 0.015969162995594713
10 0.0666510757717493 0.8441629955947136 0.00608044901777362 0.013215859030837005
10 0.14055191768007483 0.8455396475770925 0.012628624883068288 0.006057268722466961
10 0.7532740879326474 0.8469162995594713 0.012628624883068288 0.005506607929515419
5 0.1038353601496726 0.8518722466960352 0.03367633302151544 0.03524229074889868
10 0.41440598690364827 0.8532488986784141 0.013096351730589336 0.004955947136563877
10 0.7048643592142189 0.8546255506607929 0.006548175865294668 0.012114537444933921
10 0.6529466791393826 0.8557268722466961 0.011225444340505144 0.005506607929515419
1 0.6824134705332086 0.8565528634361234 0.005612722170252572 0.015969162995594713
1 0.671421889616464 0.8573788546255506 0.005144995322731525 0.013215859030837005
1 0.6948082319925164 0.8571035242290749 0.005144995322731525 0.013766519823788546
1 0.6770346117867165 0.8573788546255506 0.003274087932647334 0.013215859030837005
1 0.6891955098222639 0.8579295154185022 0.00420954162768943 0.014317180616740088
1 0.6658091674462114 0.8587555066079295 0.00420954162768943 0.011563876651982379
10 0.9604770813844715 0.8741740088105727 0.003274087932647334 0.01486784140969163
10 0.9660898035547241 0.8741740088105727 0.005144995322731525 0.011563876651982379
1 0.9059869036482694 0.876101321585903 0.011225444340505144 0.007709251101321586
1 0.8898503274087932 0.8763766519823789 0.011693171188026192 0.007158590308370044
1 0.35523854069223576 0.8769273127753304 0.003274087932647334 0.01486784140969163
1 0.36576239476145933 0.8774779735682819 0.004677268475210477 0.017070484581497798
1 0.6990177736202058 0.8780286343612335 0.021047708138447148 0.011563876651982379
1 0.3755846585594013 0.8777533039647577 0.005612722170252572 0.01762114537444934
10 0.35056127221702527 0.8783039647577092 0.00420954162768943 0.016519823788546256
10 0.35968194574368567 0.878579295154185 0.004677268475210477 0.01486784140969163
10 0.3706735266604303 0.8794052863436124 0.003274087932647334 0.014317180616740088
1 0.8896164639850327 0.8827092511013216 0.011225444340505144 0.004405286343612335
1 0.9052853133769878 0.8832599118942731 0.011693171188026192 0.003303964757709251
10 0.4777829747427502 0.8849118942731278 0.005144995322731525 0.014317180616740088
1 0.8896164639850327 0.8887665198237885 0.01216089803554724 0.005506607929515419
1 0.9057530402245089 0.8904185022026432 0.010757717492984098 0.006607929515418502
1 0.36739943872778297 0.8950991189427313 0.00420954162768943 0.012665198237885462
1 0.8900841908325537 0.8950991189427313 0.01216089803554724 0.004955947136563877
1 0.35804490177736203 0.8956497797356828 0.005144995322731525 0.013766519823788546
1 0.906688493919551 0.8975770925110133 0.009822263797942002 0.006607929515418502
5 0.15598690364826942 0.0908590308370044 0.045369504209541625 0.03854625550660793
10 0.936155285313377 0.9088656387665198 0.00420954162768943 0.017070484581497798
10 0.9417680074836295 0.9094162995594713 0.0023386342376052385 0.017070484581497798
10 0.7993451824134705 0.9096916299559471 0.0037418147801683817 0.014317180616740088
1 0.9305425631431244 0.9102422907488987 0.00420954162768943 0.014317180616740088
1 0.9057530402245089 0.9107929515418502 0.021983161833489244 0.009911894273127754
1 0.37675397567820396 0.9118942731277533 0.00420954162768943 0.012114537444933921
1 0.382132834424696 0.9127202643171806 0.0037418147801683817 0.012665198237885462
1 0.867867165575304 0.913546255506608 0.014499532273152479 0.006607929515418502
1 0.6957436856875585 0.914647577092511 0.012628624883068288 0.005506607929515419
10 0.8395696913002806 0.0927863436123348 0.01028999064546305 0.004955947136563877
10 0.6573900841908326 0.0955396475770925 0.011693171188026192 0.004955947136563877
1 0.5173058933582788 0.09609030837004405 0.011225444340505144 0.004955947136563877
10 0.39055191768007486 0.10077092511013216 0.009354536950420954 0.004405286343612335
1 0.5430308699719364 0.1013215859030837 0.01028999064546305 0.006607929515418502
1 0.9141721234798877 0.1032488986784141 0.010757717492984098 0.006057268722466961
10 0.5168381665107578 0.10407488986784141 0.013096351730589336 0.005506607929515419
1 0.9331150608044901 0.10737885462555066 0.019644527595884004 0.009911894273127754
10 0.4593077642656688 0.11398678414096916 0.013096351730589336 0.006607929515418502
10 0.6012628624883068 0.11921806167400881 0.005144995322731525 0.011563876651982379
1 0.9132366697848456 0.11921806167400881 0.00420954162768943 0.011563876651982379
10 0.021515434985968196 0.12004405286343613 0.01216089803554724 0.005506607929515419
1 0.8246024321796072 0.1203193832599119 0.005612722170252572 0.01486784140969163
10 0.9188493919550982 0.12059471365638766 0.00420954162768943 0.013215859030837005
1 0.9083255378858747 0.12087004405286343 0.004677268475210477 0.013766519823788546
1 0.45884003741814783 0.12142070484581498 0.013096351730589336 0.007158590308370044
1 0.8599158091674463 0.12472466960352423 0.003274087932647334 0.011563876651982379
10 0.4586061739943873 0.134636563876652 0.00420954162768943 0.01486784140969163
10 0.3117399438727783 0.13683920704845814 0.03320860617399439 0.037995594713656385
1 0.3468194574368569 0.13794052863436124 0.013564078578110383 0.004955947136563877
1 0.7616931711880262 0.13849118942731278 0.011693171188026192 0.007158590308370044
10 0.45252572497661364 0.138215859030837 0.005144995322731525 0.014317180616740088
1 0.7621608980355472 0.14372246696035243 0.011693171188026192 0.003303964757709251
10 0.42726847521047706 0.14509911894273128 0.003274087932647334 0.010462555066079295
10 0.421421889616464 0.14537444933920704 0.004677268475210477 0.011013215859030838
10 0.41323666978484563 0.14537444933920704 0.003274087932647334 0.009911894273127754
1 0.7619270346117867 0.15115638766519823 0.011225444340505144 0.006057268722466961
1 0.7235734331150608 0.15115638766519823 0.005612722170252572 0.01486784140969163
12 0.7015902712815716 0.15721365638766518 0.015902712815715623 0.017070484581497798
1 0.7139850327408793 0.15748898678414097 0.00420954162768943 0.015418502202643172
10 0.7623947614593077 0.16024229074889867 0.01028999064546305 0.00881057268722467
10 0.36599625818521986 0.16051762114537446 0.003274087932647334 0.009361233480176211
10 0.372310570626754 0.16079295154185022 0.004677268475210477 0.00881057268722467
1 0.3578110383536015 0.16216960352422907 0.009354536950420954 0.006057268722466961
10 0.04677268475210477 0.1638215859030837 0.004677268475210477 0.01486784140969163
10 0.750467726847521 0.16629955947136563 0.00608044901777362 0.014317180616740088
10 0.7621608980355472 0.1696035242290749 0.011693171188026192 0.005506607929515419
1 0.9443405051449953 0.17483480176211455 0.005612722170252572 0.011563876651982379
10 0.9328811973807296 0.177863436123348 0.00420954162768943 0.013215859030837005
1 0.9253975678203928 0.18116740088105726 0.008886810102899906 0.005506607929515419
1 0.9235266604303087 0.18887665198237885 0.008886810102899906 0.006607929515418502
1 0.9324134705332086 0.1913546255506608 0.005144995322731525 0.012665198237885462
1 0.9244621141253508 0.1949339207048458 0.007015902712815715 0.005506607929515419
10 0.05402245088868101 0.19575991189427314 0.011693171188026192 0.006057268722466961
10 0.053086997193638914 0.20512114537444934 0.012628624883068288 0.004955947136563877
1 0.3606173994387278 0.21200440528634362 0.0037418147801683817 0.00881057268722467
1 0.34869036482694105 0.21227973568281938 0.00420954162768943 0.010462555066079295
1 0.3346585594013096 0.2131057268722467 0.005144995322731525 0.00881057268722467
1 0.3412067352666043 0.21338105726872247 0.003274087932647334 0.010462555066079295
1 0.32179607109448083 0.21365638766519823 0.006548175865294668 0.009911894273127754
1 0.38797942001870905 0.21420704845814978 0.007015902712815715 0.012114537444933921
10 0.05121608980355472 0.246420704845815 0.010757717492984098 0.006057268722466961
12 0.061038353601496724 0.2585352422907489 0.01637043966323667 0.01486784140969163
1 0.9279700654817586 0.26762114537444937 0.011225444340505144 0.006607929515418502
10 0.9384939195509823 0.2689977973568282 0.00420954162768943 0.017070484581497798
10 0.07623947614593078 0.27120044052863435 0.01216089803554724 0.004955947136563877
10 0.06244153414405987 0.2714757709251101 0.011693171188026192 0.004405286343612335
1 0.4324134705332086 0.27340308370044053 0.005144995322731525 0.013766519823788546
1 0.37184284377923293 0.27422907488986786 0.005612722170252572 0.011013215859030838
1 0.45135640785781106 0.2745044052863436 0.004677268475210477 0.013766519823788546
1 0.9272684752104771 0.2747797356828194 0.011693171188026192 0.006607929515418502
1 0.4076239476145931 0.27505506607929514 0.007015902712815715 0.011563876651982379
1 0.3117399438727783 0.2753303964757709 0.005144995322731525 0.012114537444933921
10 0.02853133769878391 0.28276431718061673 0.005612722170252572 0.012665198237885462
10 0.6613657623947614 0.30892070484581496 0.005612722170252572 0.012114537444933921
12 0.7001870907390084 0.31057268722466963 0.015902712815715623 0.014317180616740088
12 0.6739943872778298 0.31662995594713655 0.014967259120673527 0.015418502202643172
12 0.7144527595884004 0.31607929515418504 0.012628624883068288 0.019823788546255508
10 0.15411599625818523 0.3180066079295154 0.010757717492984098 0.006057268722466961
10 0.788353601496726 0.31993392070484583 0.005144995322731525 0.013215859030837005
10 0.6952759588400375 0.32048458149779735 0.010757717492984098 0.005506607929515419
10 0.6613657623947614 0.32158590308370044 0.006548175865294668 0.011013215859030838
10 0.1384471468662301 0.32158590308370044 0.01216089803554724 0.005506607929515419
10 0.6945743685687559 0.32626651982378857 0.01028999064546305 0.006057268722466961
10 0.8769878391019644 0.3284691629955947 0.006548175865294668 0.017070484581497798
10 0.1403180542563143 0.33370044052863435 0.0037418147801683817 0.012114537444933921
10 0.6608980355472404 0.33370044052863435 0.01028999064546305 0.006607929515418502
10 0.1557530402245089 0.3339757709251101 0.002806361085126286 0.013766519823788546
10 0.1508419083255379 0.3342511013215859 0.003274087932647334 0.012114537444933921
10 0.161599625818522 0.3345264317180617 0.00420954162768943 0.011563876651982379
10 0.6782039289055192 0.335352422907489 0.01216089803554724 0.005506607929515419
10 0.7184284377923292 0.33590308370044053 0.002806361085126286 0.014317180616740088
10 0.6990177736202058 0.3361784140969163 0.00420954162768943 0.011563876651982379
10 0.7834424695977549 0.3370044052863436 0.005612722170252572 0.013215859030837005
12 0.7088400374181478 0.3378303964757709 0.012628624883068288 0.019273127753303965
1 0.9583723105706268 0.3381057268722467 0.0037418147801683817 0.014317180616740088
12 0.03297474275023386 0.3397577092511013 0.021047708138447148 0.016519823788546256
10 0.10804490177736202 0.3496696035242291 0.0037418147801683817 0.014317180616740088
10 0.11435921421889617 0.34994493392070486 0.00420954162768943 0.012665198237885462
10 0.7072029934518241 0.35187224669603523 0.011225444340505144 0.007709251101321586
10 0.7186623012160898 0.35462555066079293 0.007951356407857811 0.014317180616740088
1 0.524087932647334 0.36123348017621143 0.007015902712815715 0.013215859030837005
1 0.5369504209541628 0.36123348017621143 0.007483629560336763 0.015418502202643172
1 0.46351730589335827 0.3667400881057269 0.01216089803554724 0.013215859030837005
10 0.02666043030869972 0.36756607929515417 0.0037418147801683817 0.013766519823788546
10 0.7072029934518241 0.3727973568281938 0.01028999064546305 0.004405286343612335
1 0.4307764265668849 0.375 0.009354536950420954 0.013215859030837005
12 0.03648269410664172 0.37747797356828194 0.01216089803554724 0.020374449339207047
10 0.026426566884939197 0.38188325991189426 0.00420954162768943 0.011563876651982379
10 0.6929373246024322 0.3832599118942731 0.00420954162768943 0.013215859030837005
10 0.6562207670720299 0.3843612334801762 0.0037418147801683817 0.015418502202643172
1 0.6826473339569691 0.3843612334801762 0.00420954162768943 0.014317180616740088
10 0.7013564078578111 0.38518722466960353 0.00420954162768943 0.011563876651982379
10 0.05215154349859682 0.38849118942731276 0.007951356407857811 0.003854625550660793
1 0.7195977549111319 0.39069383259911894 0.011693171188026192 0.006057268722466961
10 0.040458372310570624 0.3909691629955947 0.011693171188026192 0.005506607929515419
12 0.024555659494855005 0.3967511013215859 0.010757717492984098 0.01486784140969163
10 0.662535079513564 0.3975770925110132 0.003274087932647334 0.013215859030837005
1 0.7184284377923292 0.397852422907489 0.01028999064546305 0.007158590308370044
10 0.05425631431244153 0.39812775330396477 0.0037418147801683817 0.011013215859030838
10 0.04957904583723106 0.39812775330396477 0.0037418147801683817 0.011013215859030838
10 0.6564546304957904 0.39922907488986786 0.00420954162768943 0.012114537444933921
10 0.6679139382600561 0.39922907488986786 0.004677268475210477 0.015418502202643172
1 0.7188961646398503 0.4088656387665198 0.01216089803554724 0.006057268722466961
10 0.03437792329279701 0.4116189427312775 0.00420954162768943 0.013766519823788546
10 0.050514499532273154 0.4116189427312775 0.004677268475210477 0.010462555066079295
10 0.04420018709073901 0.4116189427312775 0.003274087932647334 0.013766519823788546
10 0.039990645463049576 0.4121696035242291 0.00420954162768943 0.012665198237885462
1 0.7198316183348924 0.41519823788546256 0.013096351730589336 0.004405286343612335
10 0.6297942001870908 0.4160242290748899 0.015434985968194575 0.006057268722466961
10 0.028765201122544434 0.4165748898678414 0.00420954162768943 0.012665198237885462
12 0.07319925163704397 0.4168502202643172 0.013564078578110383 0.011013215859030838
1 0.7195977549111319 0.4204295154185022 0.010757717492984098 0.004955947136563877
10 0.6295603367633302 0.42373348017621143 0.014967259120673527 0.003854625550660793
1 0.024555659494855005 0.42786343612334804 0.010757717492984098 0.005506607929515419
1 0.7212347988774556 0.4286894273127753 0.011225444340505144 0.006057268722466961
10 0.6286248830682881 0.42951541850220265 0.013096351730589336 0.005506607929515419
10 0.0872310570626754 0.43034140969163 0.003274087932647334 0.011563876651982379
12 0.07507015902712816 0.4308920704845815 0.01824134705332086 0.01486784140969163
10 0.034845650140318055 0.43116740088105726 0.003274087932647334 0.015418502202643172
5 0.04911131898971001 0.4325440528634361 0.018709073900841908 0.02477973568281938
10 0.024087932647333957 0.43502202643171806 0.012628624883068288 0.005506607929515419
10 0.023854069223573433 0.44218061674008813 0.013096351730589336 0.004405286343612335
10 0.07202993451824134 0.4424559471365639 0.00841908325537886 0.003854625550660793
10 0.03554724041159962 0.4463105726872247 0.004677268475210477 0.011563876651982379
5 0.09471468662301216 0.44768722466960353 0.019176800748362956 0.016519823788546256
1 0.02432179607109448 0.4479625550660793 0.011225444340505144 0.004955947136563877
12 0.9539289055191768 0.4496145374449339 0.012628624883068288 0.011563876651982379
1 0.04583723105706267 0.45126651982378857 0.013096351730589336 0.007158590308370044
10 0.060336763330215155 0.4526431718061674 0.0037418147801683817 0.014317180616740088
10 0.054957904583723106 0.4529185022026432 0.003274087932647334 0.01486784140969163
12 0.07530402245088869 0.4534691629955947 0.01777362020579981 0.01486784140969163
1 0.6466323666978484 0.4534691629955947 0.021047708138447148 0.010462555066079295
1 0.024087932647333957 0.45374449339207046 0.010757717492984098 0.004405286343612335
1 0.7212347988774556 0.4564977973568282 0.011225444340505144 0.005506607929515419
10 0.0460710944808232 0.45787444933920707 0.011693171188026192 0.003854625550660793
10 0.035079513564078575 0.4592511013215859 0.005612722170252572 0.011013215859030838
10 0.02432179607109448 0.460352422907489 0.01216089803554724 0.006607929515418502
12 0.9532273152478953 0.46172907488986786 0.015902712815715623 0.010462555066079295
1 0.7212347988774556 0.4642070484581498 0.011225444340505144 0.004405286343612335
5 0.09448082319925163 0.4650330396475771 0.01777362020579981 0.01486784140969163
1 0.7198316183348924 0.4686123348017621 0.01028999064546305 0.005506607929515419
12 0.9555659494855004 0.47494493392070486 0.01403180542563143 0.011563876651982379
10 0.09845650140318055 0.4754955947136564 0.007951356407857811 0.003854625550660793
1 0.721000935453695 0.47769823788546256 0.010757717492984098 0.006057268722466961
1 0.7198316183348924 0.48375550660792954 0.013096351730589336 0.004955947136563877
12 0.9553320860617399 0.4873348017621145 0.014499532273152479 0.009911894273127754
1 0.720533208606174 0.4911894273127753 0.012628624883068288 0.004405286343612335
1 0.720533208606174 0.49752202643171806 0.009822263797942002 0.004955947136563877
1 0.7202993451824135 0.5049559471365639 0.011225444340505144 0.007709251101321586
1 0.720533208606174 0.5129405286343612 0.012628624883068288 0.006057268722466961
1 0.721000935453695 0.5189977973568282 0.010757717492984098 0.004955947136563877
1 0.7207670720299345 0.525330396475771 0.01216089803554724 0.005506607929515419
1 0.721000935453695 0.5316629955947136 0.012628624883068288 0.006057268722466961
10 0.025724976613657625 0.5390969162995595 0.011225444340505144 0.006607929515418502
1 0.7202993451824135 0.5410242290748899 0.009354536950420954 0.004955947136563877
10 0.03858746492048644 0.545704845814978 0.011693171188026192 0.004405286343612335
1 0.02595884003741815 0.5465308370044053 0.010757717492984098 0.004955947136563877
1 0.7207670720299345 0.5470814977973568 0.01028999064546305 0.004955947136563877