1 0.9659323770491803 0.5819327731092437 0.004610655737704918 0.015406162464985995
10 0.647797131147541 0.06197478991596639 0.00973360655737705 0.0063025210084033615
1 0.9654200819672131 0.5994397759103641 0.004610655737704918 0.01680672268907563
1 0.8417008196721312 0.5976890756302521 0.006147540983606557 0.02030812324929972
1 0.5507172131147541 0.056022408963585436 0.007172131147540984 0.0196078431372549
10 0.48463114754098363 0.5878851540616247 0.01331967213114754 0.009103641456582634
1 0.9761782786885246 0.6390056022408963 0.01485655737704918 0.009103641456582634
10 0.4764344262295082 0.5969887955182073 0.004098360655737705 0.014705882352941176
5 0.5322745901639344 0.05707282913165266 0.030737704918032786 0.03011204481792717
12 0.12832991803278687 0.024509803921568627 0.030225409836065573 0.049019607843137254
10 0.484375 0.6025910364145658 0.012807377049180328 0.007703081232492998
2 0.7274590163934426 0.6257002801120448 0.06147540983606557 0.4068627450980392
2 0.8662909836065574 0.6400560224089635 0.06352459016393443 0.4019607843137255
2 0.9359631147540983 0.6474089635854342 0.06659836065573771 0.40826330532212884
2 0.65625 0.6207983193277311 0.05737704918032787 0.40406162464985995
2 0.795594262295082 0.6351540616246498 0.0625 0.4103641456582633
2 0.5868340163934426 0.6158963585434174 0.056864754098360656 0.4068627450980392
10 0.6465163934426229 0.06827731092436974 0.009221311475409836 0.0063025210084033615
1 0.4264856557377049 0.6221988795518207 0.012807377049180328 0.0063025210084033615
1 0.41290983606557374 0.6218487394957983 0.012295081967213115 0.00980392156862745
1 0.45440573770491804 0.6281512605042017 0.0194672131147541 0.014005602240896359
1 0.4405737704918033 0.6330532212885154 0.005122950819672131 0.01680672268907563
10 0.48258196721311475 0.6376050420168067 0.011270491803278689 0.0063025210084033615
10 0.4349385245901639 0.6369047619047619 0.004098360655737705 0.011904761904761904
10 0.4298155737704918 0.6379551820728291 0.005122950819672131 0.015406162464985995
10 0.47438524590163933 0.6460084033613446 0.006147540983606557 0.01610644257703081
10 0.4677254098360656 0.6460084033613446 0.005122950819672131 0.01610644257703081
1 0.4024077868852459 0.6404061624649859 0.004610655737704918 0.01750700280112045
10 0.4088114754098361 0.6407563025210085 0.005122950819672131 0.01680672268907563
10 0.6567622950819673 0.07492997198879552 0.004098360655737705 0.014005602240896359
10 0.47054303278688525 0.6715686274509803 0.004610655737704918 0.015406162464985995
10 0.7612704918032787 0.7034313725490197 0.01331967213114754 0.01050420168067227
10 0.48770491803278687 0.6796218487394958 0.005122950819672131 0.01610644257703081
10 0.6042520491803278 0.6915266106442577 0.008709016393442622 0.0063025210084033615
10 0.9016393442622951 0.7205882352941176 0.011270491803278689 0.0070028011204481795
10 0.07120901639344263 0.6421568627450981 0.004098360655737705 0.00980392156862745
10 0.06608606557377049 0.6425070028011205 0.004098360655737705 0.01330532212885154
10 0.1442110655737705 0.6502100840336135 0.004610655737704918 0.014705882352941176
10 0.057633196721311473 0.6414565826330533 0.0056352459016393444 0.014005602240896359
1 0.10527663934426229 0.6474089635854342 0.0056352459016393444 0.01750700280112045
10 0.09451844262295082 0.646358543417367 0.0056352459016393444 0.018207282913165267
1 0.10040983606557377 0.646358543417367 0.005122950819672131 0.01680672268907563
10 0.08965163934426229 0.646358543417367 0.004098360655737705 0.014005602240896359
10 0.08452868852459017 0.6467086834733894 0.005122950819672131 0.01750700280112045
10 0.9016393442622951 0.7272408963585434 0.010245901639344262 0.0063025210084033615
1 0.20133196721311475 0.6603641456582633 0.012295081967213115 0.0070028011204481795
10 0.6926229508196722 0.7086834733893558 0.012295081967213115 0.0070028011204481795
10 0.6229508196721312 0.7023809523809523 0.010245901639344262 0.0056022408963585435
1 0.1882684426229508 0.6607142857142857 0.012807377049180328 0.007703081232492998
10 0.6037397540983607 0.7006302521008403 0.008709016393442622 0.009103641456582634
10 0.6736680327868853 0.7072829131652661 0.009221311475409836 0.008403361344537815
5 0.6209016393442623 0.07387955182072829 0.036885245901639344 0.052521008403361345
10 0.8322233606557377 0.7251400560224089 0.010758196721311475 0.0063025210084033615
10 0.4848872950819672 0.6971288515406162 0.004610655737704918 0.01610644257703081
10 0.8319672131147541 0.7321428571428571 0.010245901639344262 0.004901960784313725
10 0.08888319672131148 0.6624649859943977 0.004610655737704918 0.015406162464985995
10 0.0942622950819672 0.6638655462184874 0.004098360655737705 0.014005602240896359
10 0.07710040983606557 0.6621148459383753 0.004610655737704918 0.011904761904761904
10 0.08247950819672131 0.6628151260504201 0.004098360655737705 0.01330532212885154
12 0.43084016393442626 0.6999299719887955 0.04405737704918033 0.08893557422969188
1 0.16342213114754098 0.6743697478991597 0.005122950819672131 0.01680672268907563
12 0.3890881147540984 0.6967787114845938 0.04456967213114754 0.09103641456582633
1 0.1708504098360656 0.6764705882352942 0.007684426229508197 0.02100840336134454
1 0.8311987704918032 0.740546218487395 0.012807377049180328 0.007703081232492998
10 0.10476434426229508 0.6719187675070029 0.003586065573770492 0.01330532212885154
10 0.09912909836065574 0.6733193277310925 0.003586065573770492 0.014705882352941176
1 0.13498975409836064 0.677170868347339 0.0056352459016393444 0.0196078431372549
1 0.13012295081967212 0.6775210084033614 0.005122950819672131 0.01750700280112045
1 0.1413934426229508 0.6792717086834734 0.007172131147540984 0.02100840336134454
5 0.1918545081967213 0.6838235294117647 0.03432377049180328 0.03851540616246499
1 0.6216700819672131 0.726890756302521 0.013831967213114754 0.008403361344537815
2 0.9764344262295082 0.7608543417366946 0.03381147540983607 0.2261904761904762
10 0.15061475409836064 0.6890756302521008 0.012295081967213115 0.008403361344537815
12 0.33452868852459017 0.7083333333333334 0.04405737704918033 0.08753501400560224
10 0.16316598360655737 0.6929271708683473 0.0117827868852459 0.009103641456582634
12 0.2943135245901639 0.7055322128851541 0.04456967213114754 0.08893557422969188
1 0.6903176229508197 0.7457983193277311 0.012807377049180328 0.008403361344537815
10 0.10348360655737705 0.696078431372549 0.004098360655737705 0.014005602240896359
10 0.18288934426229508 0.7062324929971989 0.014344262295081968 0.007703081232492998
1 0.20005122950819673 0.7090336134453782 0.01485655737704918 0.009103641456582634
1 0.49923155737704916 0.7598039215686274 0.012807377049180328 0.0070028011204481795
1 0.8972848360655737 0.7976190476190477 0.01485655737704918 0.008403361344537815
1 0.758452868852459 0.7864145658263305 0.012807377049180328 0.008403361344537815
10 0.4546618852459016 0.761204481792717 0.010758196721311475 0.0056022408963585435
10 0.6460040983606558 0.08368347338935574 0.011270491803278689 0.0063025210084033615
10 0.45389344262295084 0.7671568627450981 0.01331967213114754 0.007703081232492998
1 0.2807377049180328 0.7535014005602241 0.01331967213114754 0.008403361344537815
1 0.4536372950819672 0.7745098039215687 0.0117827868852459 0.0070028011204481795
1 0.5412397540983607 0.07492997198879552 0.010758196721311475 0.0070028011204481795
1 0.529969262295082 0.0742296918767507 0.0117827868852459 0.008403361344537815
10 0.4546618852459016 0.7818627450980392 0.012807377049180328 0.0063025210084033615
10 0.45338114754098363 0.7874649859943977 0.012295081967213115 0.0063025210084033615
1 0.37269467213114754 0.7797619047619048 0.008709016393442622 0.018907563025210083
1 0.5105020491803278 0.7955182072829131 0.0117827868852459 0.008403361344537815
5 0.4802766393442623 0.7962184873949579 0.043545081967213115 0.06582633053221289
1 0.4536372950819672 0.7951680672268907 0.012807377049180328 0.007703081232492998
10 0.43929303278688525 0.7962184873949579 0.004610655737704918 0.014005602240896359
1 0.4444159836065574 0.7969187675070029 0.0056352459016393444 0.015406162464985995
1 0.3563012295081967 0.7888655462184874 0.0117827868852459 0.0063025210084033615
1 0.33043032786885246 0.7874649859943977 0.007172131147540984 0.018907563025210083
1 0.30609631147540983 0.055322128851540614 0.004610655737704918 0.014005602240896359
1 0.4521004098360656 0.8014705882352942 0.010758196721311475 0.0063025210084033615
1 0.421875 0.7997198879551821 0.00665983606557377 0.018207282913165267
10 0.02817622950819672 0.03011204481792717 0.011270491803278689 0.008403361344537815
1 0.45133196721311475 0.8081232492997199 0.011270491803278689 0.0070028011204481795
10 0.3542520491803279 0.8000700280112045 0.004610655737704918 0.014705882352941176
10 0.35963114754098363 0.8011204481792717 0.005122950819672131 0.015406162464985995
1 0.2994364754098361 0.055322128851540614 0.007684426229508197 0.0196078431372549
1 0.45235655737704916 0.8158263305322129 0.011270491803278689 0.0070028011204481795
1 0.5087090163934426 0.8235294117647058 0.012295081967213115 0.0070028011204481795
5 0.39677254098360654 0.8140756302521008 0.04456967213114754 0.0665266106442577
10 0.6992827868852459 0.8445378151260504 0.01331967213114754 0.00980392156862745
1 0.7369364754098361 0.8525910364145658 0.0056352459016393444 0.01750700280112045
10 0.35297131147540983 0.8161764705882353 0.005122950819672131 0.01610644257703081
1 0.3201844262295082 0.058823529411764705 0.00819672131147541 0.022408963585434174
10 0.3583504098360656 0.8179271708683473 0.0056352459016393444 0.015406162464985995
1 0.7246413934426229 0.8529411764705882 0.0056352459016393444 0.0196078431372549
1 0.7302766393442623 0.8539915966386554 0.00665983606557377 0.018907563025210083
1 0.5676229508196722 0.08333333333333333 0.00819672131147541 0.02100840336134454
1 0.29866803278688525 0.8175770308123249 0.014344262295081968 0.007703081232492998
1 0.4208504098360656 0.8333333333333334 0.0056352459016393444 0.0196078431372549
1 0.7179815573770492 0.8665966386554622 0.00665983606557377 0.01610644257703081
1 0.6452356557377049 0.09173669467787114 0.010758196721311475 0.008403361344537815
10 0.28688524590163933 0.8266806722689075 0.005122950819672131 0.01330532212885154
10 0.5089651639344263 0.8515406162464986 0.010758196721311475 0.0056022408963585435
1 0.7246413934426229 0.8802521008403361 0.00665983606557377 0.01680672268907563
10 0.7141393442622951 0.8799019607843137 0.012295081967213115 0.0063025210084033615
10 0.27894467213114754 0.8413865546218487 0.0056352459016393444 0.01610644257703081
5 0.3037909836065574 0.8452380952380952 0.02971311475409836 0.047619047619047616
10 0.7128586065573771 0.8851540616246498 0.0117827868852459 0.008403361344537815
1 0.2551229508196721 0.8543417366946778 0.006147540983606557 0.01680672268907563
5 0.960297131147541 0.9254201680672269 0.024077868852459015 0.024509803921568627
1 0.7840676229508197 0.9086134453781513 0.012807377049180328 0.01050420168067227
1 0.5122950819672131 0.8823529411764706 0.005122950819672131 0.015406162464985995
5 0.10092213114754098 0.8438375350140056 0.028688524590163935 0.04341736694677871
1 0.4733606557377049 0.8834033613445378 0.01331967213114754 0.009103641456582634
1 0.49001024590163933 0.8851540616246498 0.00973360655737705 0.0056022408963585435
1 0.7838114754098361 0.9159663865546218 0.014344262295081968 0.011204481792717087
5 0.5940061475409836 0.9002100840336135 0.06813524590163934 0.11974789915966387
1 0.4884733606557377 0.8925070028011205 0.013831967213114754 0.009103641456582634
1 0.4733606557377049 0.8907563025210085 0.012295081967213115 0.0070028011204481795
1 0.2497438524590164 0.0584733893557423 0.0056352459016393444 0.01750700280112045
10 0.9521004098360656 0.9408263305322129 0.012807377049180328 0.007703081232492998
1 0.7838114754098361 0.9243697478991597 0.015368852459016393 0.011204481792717087
10 0.9641393442622951 0.9429271708683473 0.011270491803278689 0.007703081232492998
5 0.811219262295082 0.9296218487394958 0.03944672131147541 0.055322128851540614
10 0.04405737704918033 0.03956582633053221 0.012295081967213115 0.009103641456582634
1 0.25922131147540983 0.059873949579831935 0.006147540983606557 0.01610644257703081
1 0.47361680327868855 0.8995098039215687 0.012807377049180328 0.009103641456582634
1 0.21542008196721313 0.05672268907563025 0.00665983606557377 0.0196078431372549
1 0.22873975409836064 0.05812324929971989 0.007684426229508197 0.018207282913165267
1 0.7835553278688525 0.9352240896358543 0.013831967213114754 0.01050420168067227
1 0.2225922131147541 0.05812324929971989 0.007684426229508197 0.018207282913165267
1 0.27151639344262296 0.06302521008403361 0.006147540983606557 0.018207282913165267
1 0.28406762295081966 0.06372549019607843 0.004610655737704918 0.015406162464985995
1 0.29123975409836067 0.06547619047619048 0.007684426229508197 0.018907563025210083
1 0.24231557377049182 0.06092436974789916 0.007172131147540984 0.018207282913165267
10 0.6449795081967213 0.09908963585434173 0.012295081967213115 0.007703081232492998
1 0.7832991803278688 0.9464285714285714 0.01639344262295082 0.011904761904761904
1 0.40292008196721313 0.07668067226890757 0.00665983606557377 0.01610644257703081
1 0.4728483606557377 0.9247198879551821 0.014344262295081968 0.009103641456582634
1 0.7822745901639344 0.9555322128851541 0.014344262295081968 0.009103641456582634
1 0.8107069672131147 0.9639355742296919 0.012807377049180328 0.009103641456582634
1 0.47156762295081966 0.9331232492997199 0.013831967213114754 0.007703081232492998
1 0.796875 0.9653361344537815 0.0056352459016393444 0.014705882352941176
1 0.826844262295082 0.9681372549019608 0.005122950819672131 0.014705882352941176
1 0.7920081967213115 0.9653361344537815 0.007172131147540984 0.01750700280112045
1 0.8019979508196722 0.9660364145658263 0.0056352459016393444 0.01610644257703081
1 0.8217213114754098 0.9684873949579832 0.007172131147540984 0.018207282913165267
10 0.8327356557377049 0.9702380952380952 0.004610655737704918 0.01750700280112045
1 0.47105532786885246 0.9401260504201681 0.013831967213114754 0.007703081232492998
1 0.8081454918032787 0.9754901960784313 0.00665983606557377 0.018207282913165267
1 0.7840676229508197 0.9740896358543417 0.008709016393442622 0.022408963585434174
1 0.8142930327868853 0.976890756302521 0.007684426229508197 0.018207282913165267
1 0.47105532786885246 0.9485294117647058 0.013831967213114754 0.009103641456582634
10 0.8242827868852459 0.9831932773109243 0.011270491803278689 0.008403361344537815
1 0.7976434426229508 0.9803921568627451 0.012295081967213115 0.0070028011204481795
1 0.38985655737704916 0.0784313725490196 0.005122950819672131 0.014005602240896359
1 0.3391393442622951 0.0742296918767507 0.005122950819672131 0.01680672268907563
1 0.3475922131147541 0.07563025210084033 0.0056352459016393444 0.01680672268907563
1 0.37986680327868855 0.0784313725490196 0.00665983606557377 0.01680672268907563
1 0.4495389344262295 0.08543417366946779 0.0056352459016393444 0.018207282913165267
10 0.4334016393442623 0.08438375350140057 0.011270491803278689 0.0063025210084033615
1 0.36962090163934425 0.07878151260504201 0.008709016393442622 0.01750700280112045
1 0.3568135245901639 0.07878151260504201 0.00665983606557377 0.01750700280112045
1 0.13857581967213115 0.05742296918767507 0.007684426229508197 0.018207282913165267
10 0.4213627049180328 0.08473389355742297 0.010758196721311475 0.0070028011204481795
10 0.6457479508196722 0.10679271708683473 0.012807377049180328 0.007703081232492998
1 0.1255122950819672 0.05812324929971989 0.006147540983606557 0.0196078431372549
1 0.11116803278688525 0.05812324929971989 0.005122950819672131 0.01680672268907563
1 0.11808401639344263 0.0584733893557423 0.004610655737704918 0.01750700280112045
10 0.686219262295082 0.11589635854341737 0.00665983606557377 0.01610644257703081
10 0.4331454918032787 0.09208683473389356 0.010758196721311475 0.007703081232492998
1 0.6050204918032787 0.10854341736694678 0.00819672131147541 0.018207282913165267
1 0.6185963114754098 0.10994397759103641 0.007684426229508197 0.0196078431372549
1 0.10220286885245902 0.06162464985994398 0.007684426229508197 0.014005602240896359
1 0.6119364754098361 0.10994397759103641 0.0056352459016393444 0.018207282913165267
1 0.07658811475409837 0.058823529411764705 0.0056352459016393444 0.01680672268907563
1 0.6339651639344263 0.11239495798319328 0.007684426229508197 0.018907563025210083
1 0.06915983606557377 0.05917366946778711 0.006147540983606557 0.01750700280112045
1 0.0940061475409836 0.061274509803921566 0.0056352459016393444 0.018907563025210083
10 0.6723872950819673 0.117296918767507 0.00665983606557377 0.01610644257703081
1 0.08401639344262295 0.06197478991596639 0.007172131147540984 0.01750700280112045
10 0.6767418032786885 0.11869747899159663 0.006147540983606557 0.014705882352941176
1 0.05199795081967213 0.05952380952380952 0.017930327868852458 0.012605042016806723
10 0.24436475409836064 0.07773109243697479 0.005122950819672131 0.015406162464985995
10 0.2497438524590164 0.0780812324929972 0.003586065573770492 0.01330532212885154
10 0.16547131147540983 0.07948179271708683 0.005122950819672131 0.01610644257703081
10 0.1401127049180328 0.07738095238095238 0.0056352459016393444 0.014705882352941176
10 0.16905737704918034 0.08088235294117647 0.004098360655737705 0.01330532212885154
10 0.30917008196721313 0.09523809523809523 0.0056352459016393444 0.015406162464985995
10 0.31378073770491804 0.0976890756302521 0.0056352459016393444 0.01610644257703081
10 0.6659836065573771 0.13410364145658263 0.006147540983606557 0.01610644257703081
10 0.6713627049180327 0.13515406162464985 0.00665983606557377 0.014005602240896359
10 0.6775102459016393 0.13585434173669467 0.004610655737704918 0.015406162464985995
10 0.6969774590163934 0.13865546218487396 0.00665983606557377 0.01680672268907563
10 0.10399590163934426 0.0819327731092437 0.005122950819672131 0.01680672268907563
10 0.09861680327868852 0.0822829131652661 0.0056352459016393444 0.01610644257703081
10 0.9800204918032787 0.1715686274509804 0.011270491803278689 0.008403361344537815
1 0.9787397540983607 0.17857142857142858 0.010758196721311475 0.0056022408963585435
1 0.7907274590163934 0.16106442577030813 0.010758196721311475 0.0070028011204481795
1 0.8037909836065574 0.16246498599439776 0.012295081967213115 0.00980392156862745
10 0.9782274590163934 0.1873249299719888 0.012807377049180328 0.009103641456582634
1 0.725922131147541 0.16316526610644258 0.006147540983606557 0.018207282913165267
1 0.7210553278688525 0.16316526610644258 0.004610655737704918 0.01680672268907563
10 0.7154200819672131 0.16316526610644258 0.0056352459016393444 0.015406162464985995
10 0.9777151639344263 0.19292717086834735 0.0117827868852459 0.007703081232492998
1 0.9779713114754098 0.19887955182072828 0.012295081967213115 0.0070028011204481795
10 0.7210553278688525 0.18067226890756302 0.0056352459016393444 0.01680672268907563
10 0.7266905737704918 0.18172268907563024 0.003586065573770492 0.014705882352941176
1 0.9774590163934426 0.20693277310924368 0.011270491803278689 0.007703081232492998
1 0.7899590163934426 0.19432773109243698 0.011270491803278689 0.007703081232492998
1 0.9761782786885246 0.21428571428571427 0.012807377049180328 0.008403361344537815
10 0.8035348360655737 0.19922969187675071 0.0117827868852459 0.007703081232492998
10 0.7899590163934426 0.20063025210084034 0.011270491803278689 0.0063025210084033615
2 0.8611680327868853 0.20868347338935575 0.05122950819672131 0.27170868347338933
2 0.9259733606557377 0.21743697478991597 0.0466188524590164 0.2766106442577031
10 0.8027663934426229 0.20798319327731093 0.011270491803278689 0.0070028011204481795
10 0.7899590163934426 0.20763305322128853 0.010245901639344262 0.007703081232492998
10 0.8009733606557377 0.21533613445378152 0.0117827868852459 0.007703081232492998
1 0.9933401639344263 0.2349439775910364 0.012295081967213115 0.009103641456582634
10 0.8009733606557377 0.22443977591036415 0.00973360655737705 0.007703081232492998
10 0.9935963114754098 0.24369747899159663 0.010758196721311475 0.0070028011204481795
1 0.9892418032786885 0.25595238095238093 0.006147540983606557 0.018907563025210083
1 0.9961577868852459 0.25910364145658266 0.0056352459016393444 0.01680672268907563
10 0.7848360655737705 0.25175070028011204 0.011270491803278689 0.007703081232492998
10 0.798155737704918 0.2535014005602241 0.010245901639344262 0.0070028011204481795
10 0.8117315573770492 0.27521008403361347 0.013831967213114754 0.00980392156862745
10 0.7909836065573771 0.280812324929972 0.012295081967213115 0.0070028011204481795
1 0.8117315573770492 0.28361344537815125 0.012807377049180328 0.008403361344537815
10 0.789702868852459 0.2867647058823529 0.0117827868852459 0.007703081232492998
10 0.4405737704918033 0.2538515406162465 0.004098360655737705 0.011904761904761904
10 0.44415983606557374 0.2545518207282913 0.005122950819672131 0.014705882352941176
1 0.14626024590163936 0.2261904761904762 0.0056352459016393444 0.01680672268907563
10 0.3478483606557377 0.24544817927170867 0.005122950819672131 0.014705882352941176
10 0.4682377049180328 0.25700280112044815 0.005122950819672131 0.015406162464985995
10 0.4305840163934426 0.2542016806722689 0.003586065573770492 0.014005602240896359
10 0.4354508196721312 0.2549019607843137 0.004098360655737705 0.014005602240896359
10 0.3099385245901639 0.2426470588235294 0.004098360655737705 0.01330532212885154
10 0.39677254098360654 0.2510504201680672 0.004610655737704918 0.014705882352941176
10 0.4495389344262295 0.25595238095238093 0.003586065573770492 0.01610644257703081
10 0.3921618852459016 0.25140056022408963 0.003586065573770492 0.01680672268907563
10 0.31480532786885246 0.24404761904761904 0.0056352459016393444 0.01610644257703081
10 0.35297131147540983 0.24754901960784315 0.006147540983606557 0.01610644257703081
10 0.47361680327868855 0.25910364145658266 0.00665983606557377 0.018207282913165267
10 0.17341188524590165 0.23179271708683474 0.004610655737704918 0.015406162464985995
10 0.17904713114754098 0.23319327731092437 0.004610655737704918 0.015406162464985995
10 0.21209016393442623 0.23634453781512604 0.005122950819672131 0.01330532212885154
10 0.21670081967213115 0.23704481792717086 0.005122950819672131 0.01610644257703081
1 0.05891393442622951 0.2338935574229692 0.015368852459016393 0.0070028011204481795
10 0.9595286885245902 0.3228291316526611 0.009221311475409836 0.0056022408963585435
1 0.5960553278688525 0.28851540616246496 0.012807377049180328 0.0070028011204481795
10 0.05712090163934426 0.2426470588235294 0.0117827868852459 0.007703081232492998
1 0.6306352459016393 0.2976190476190476 0.012295081967213115 0.0070028011204481795
10 0.9592725409836066 0.33018207282913165 0.010758196721311475 0.007703081232492998
1 0.04328893442622951 0.24299719887955182 0.010758196721311475 0.0070028011204481795
1 0.5996413934426229 0.2972689075630252 0.0117827868852459 0.009103641456582634
10 0.06557377049180328 0.24684873949579833 0.005122950819672131 0.014705882352941176
1 0.5832479508196722 0.2976190476190476 0.0117827868852459 0.00980392156862745
1 0.6142418032786885 0.3004201680672269 0.010245901639344262 0.0056022408963585435
1 0.6672643442622951 0.30532212885154064 0.013831967213114754 0.008403361344537815
1 0.6401127049180327 0.3067226890756303 0.0117827868852459 0.0070028011204481795
1 0.056864754098360656 0.2507002801120448 0.010245901639344262 0.0070028011204481795
1 0.04328893442622951 0.25 0.00973360655737705 0.0056022408963585435
1 0.9592725409836066 0.33753501400560226 0.012807377049180328 0.008403361344537815
10 0.6273053278688525 0.3067226890756303 0.010758196721311475 0.0070028011204481795
1 0.6398565573770492 0.3126750700280112 0.012295081967213115 0.007703081232492998
10 0.02612704918032787 0.2552521008403361 0.005122950819672131 0.01610644257703081
10 0.6265368852459017 0.3137254901960784 0.010245901639344262 0.0056022408963585435
10 0.9585040983606558 0.34558823529411764 0.011270491803278689 0.0063025210084033615
10 0.02151639344262295 0.25700280112044815 0.005122950819672131 0.015406162464985995
10 0.03125 0.25805322128851543 0.005122950819672131 0.01610644257703081
1 0.5668545081967213 0.30952380952380953 0.0117827868852459 0.0070028011204481795
10 0.6257684426229508 0.31932773109243695 0.0117827868852459 0.0070028011204481795
10 0.9587602459016393 0.35189075630252103 0.0117827868852459 0.009103641456582634
1 0.639344262295082 0.32107843137254904 0.012295081967213115 0.01050420168067227
10 0.5665983606557377 0.3172268907563025 0.011270491803278689 0.0070028011204481795
1 0.6260245901639344 0.3277310924369748 0.010245901639344262 0.0070028011204481795
1 0.6949282786885246 0.33403361344537813 0.012807377049180328 0.008403361344537815
10 0.5660860655737705 0.3238795518207283 0.011270491803278689 0.0063025210084033615
10 0.7289959016393442 0.3399859943977591 0.005122950819672131 0.01610644257703081
10 0.751280737704918 0.34208683473389356 0.0056352459016393444 0.01610644257703081
1 0.7146516393442623 0.3385854341736695 0.006147540983606557 0.01610644257703081
10 0.686219262295082 0.33683473389355745 0.0056352459016393444 0.015406162464985995
10 0.7387295081967213 0.34173669467787116 0.005122950819672131 0.015406162464985995
10 0.7451331967213115 0.3431372549019608 0.004610655737704918 0.015406162464985995
1 0.7587090163934426 0.344187675070028 0.006147540983606557 0.01750700280112045
1 0.764344262295082 0.34593837535014005 0.005122950819672131 0.01680672268907563
1 0.9579918032786885 0.36729691876750703 0.01331967213114754 0.02030812324929972
10 0.5650614754098361 0.33123249299719887 0.010245901639344262 0.0070028011204481795
1 0.5655737704918032 0.33788515406162467 0.012295081967213115 0.0063025210084033615
1 0.6531762295081968 0.3473389355742297 0.01331967213114754 0.008403361344537815
10 0.7241290983606558 0.3539915966386555 0.012807377049180328 0.007703081232492998
5 0.595030737704918 0.34138655462184875 0.04456967213114754 0.07913165266106442
1 0.5058913934426229 0.33508403361344535 0.016905737704918034 0.01050420168067227
1 0.13063524590163936 0.30007002801120447 0.01331967213114754 0.007703081232492998
10 0.6109118852459017 0.037815126050420166 0.0056352459016393444 0.015406162464985995
1 0.6175717213114754 0.03851540616246499 0.00665983606557377 0.018207282913165267
10 0.6851946721311475 0.3546918767507003 0.0056352459016393444 0.01750700280112045
10 0.7587090163934426 0.36204481792717086 0.005122950819672131 0.01680672268907563
10 0.7446209016393442 0.36169467787114845 0.004610655737704918 0.014705882352941176
10 0.7505122950819673 0.36169467787114845 0.006147540983606557 0.01610644257703081
10 0.7382172131147541 0.36064425770308123 0.005122950819672131 0.01680672268907563
1 0.679047131147541 0.3553921568627451 0.00665983606557377 0.01750700280112045
1 0.7676741803278688 0.3641456582633053 0.0056352459016393444 0.015406162464985995
10 0.5653176229508197 0.34558823529411764 0.010758196721311475 0.0063025210084033615
10 0.6234631147540983 0.35329131652661067 0.011270491803278689 0.0063025210084033615
10 0.6365266393442623 0.3546918767507003 0.010758196721311475 0.007703081232492998
5 0.056864754098360656 0.3014705882352941 0.04815573770491803 0.09173669467787114
1 0.4994877049180328 0.3438375350140056 0.014344262295081968 0.008403361344537815
10 0.5648053278688525 0.35119047619047616 0.010758196721311475 0.007703081232492998
1 0.649077868852459 0.3627450980392157 0.011270491803278689 0.0070028011204481795
10 0.6224385245901639 0.3602941176470588 0.010245901639344262 0.0063025210084033615
10 0.6362704918032787 0.3630952380952381 0.011270491803278689 0.007703081232492998
1 0.4984631147540984 0.35014005602240894 0.01331967213114754 0.008403361344537815
10 0.5645491803278688 0.3592436974789916 0.009221311475409836 0.0056022408963585435
10 0.6226946721311475 0.36624649859943975 0.010758196721311475 0.0070028011204481795
1 0.647797131147541 0.3693977591036415 0.0117827868852459 0.007703081232492998
10 0.6357581967213115 0.3693977591036415 0.011270491803278689 0.007703081232492998
10 0.563780737704918 0.36589635854341734 0.00973360655737705 0.007703081232492998
10 0.6355020491803278 0.3757002801120448 0.0117827868852459 0.009103641456582634
10 0.3703893442622951 0.35014005602240894 0.005122950819672131 0.015406162464985995
1 0.6226946721311475 0.3739495798319328 0.012807377049180328 0.008403361344537815
1 0.6480532786885246 0.37675070028011204 0.012295081967213115 0.008403361344537815
1 0.36014344262295084 0.35154061624649857 0.006147540983606557 0.018207282913165267
10 0.01485655737704918 0.31862745098039214 0.006147540983606557 0.015406162464985995
10 0.563780737704918 0.37289915966386555 0.00973360655737705 0.0063025210084033615
10 0.765625 0.054971988795518206 0.003586065573770492 0.014705882352941176
10 0.7617827868852459 0.055322128851540614 0.005122950819672131 0.018207282913165267
1 0.24308401639344263 0.34698879551820727 0.013831967213114754 0.009103641456582634
1 0.6229508196721312 0.38340336134453784 0.012295081967213115 0.009103641456582634
10 0.5635245901639344 0.3788515406162465 0.009221311475409836 0.004201680672268907
10 0.7710040983606558 0.05672268907563025 0.005122950819672131 0.015406162464985995
10 0.5717213114754098 0.3869047619047619 0.005122950819672131 0.01610644257703081
10 0.4889856557377049 0.3792016806722689 0.0117827868852459 0.007703081232492998
1 0.6518954918032787 0.3949579831932773 0.0117827868852459 0.0070028011204481795
10 0.5630122950819673 0.3862044817927171 0.010245901639344262 0.004901960784313725
10 0.5007684426229508 0.38095238095238093 0.010758196721311475 0.0056022408963585435
1 0.8696209016393442 0.4163165266106443 0.013831967213114754 0.009103641456582634
10 0.2579405737704918 0.3641456582633053 0.0117827868852459 0.008403361344537815
10 0.2456454918032787 0.3627450980392157 0.0117827868852459 0.0070028011204481795
10 0.5619877049180327 0.39320728291316526 0.009221311475409836 0.004901960784313725
10 0.11654713114754098 0.35119047619047616 0.0117827868852459 0.007703081232492998
1 0.8160860655737705 0.4180672268907563 0.01331967213114754 0.008403361344537815
1 0.6285860655737705 0.40021008403361347 0.005122950819672131 0.01610644257703081
1 0.6229508196721312 0.40021008403361347 0.005122950819672131 0.01610644257703081
10 0.6396004098360656 0.04551820728291316 0.0117827868852459 0.0070028011204481795
1 0.6019467213114754 0.042717086834733894 0.012295081967213115 0.008403361344537815
1 0.6168032786885246 0.4019607843137255 0.006147540983606557 0.0196078431372549
10 0.4807889344262295 0.3914565826330532 0.00665983606557377 0.018207282913165267
10 0.5676229508196722 0.4005602240896359 0.010245901639344262 0.0056022408963585435
10 0.5530225409836066 0.39915966386554624 0.004610655737704918 0.015406162464985995
10 0.26024590163934425 0.37219887955182074 0.01331967213114754 0.009103641456582634
10 0.021772540983606557 0.35049019607843135 0.003586065573770492 0.014705882352941176
10 0.016137295081967214 0.34978991596638653 0.004610655737704918 0.01330532212885154
1 0.47515368852459017 0.39810924369747897 0.007684426229508197 0.01610644257703081
1 0.2771516393442623 0.38200280112044815 0.012295081967213115 0.007703081232492998
10 0.5581454918032787 0.4114145658263305 0.0056352459016393444 0.01610644257703081
1 0.5653176229508197 0.41351540616246496 0.00665983606557377 0.01610644257703081
1 0.570952868852459 0.41526610644257705 0.004610655737704918 0.015406162464985995
1 0.8486168032786885 0.4432773109243697 0.0056352459016393444 0.01680672268907563
10 0.27792008196721313 0.38900560224089636 0.012807377049180328 0.009103641456582634
10 0.49769467213114754 0.4100140056022409 0.0117827868852459 0.007703081232492998
1 0.4228995901639344 0.40756302521008403 0.012807377049180328 0.0070028011204481795
1 0.757172131147541 0.44362745098039214 0.005122950819672131 0.01610644257703081
10 0.42264344262295084 0.4173669467787115 0.010245901639344262 0.0070028011204481795
1 0.9892418032786885 0.47689075630252103 0.005122950819672131 0.01680672268907563
12 0.9792520491803278 0.47619047619047616 0.013831967213114754 0.022408963585434174
1 0.5599385245901639 0.4432773109243697 0.014344262295081968 0.00980392156862745
1 0.5010245901639344 0.4485294117647059 0.006147540983606557 0.01750700280112045
1 0.5589139344262295 0.45903361344537813 0.01331967213114754 0.009103641456582634
1 0.5965676229508197 0.04796918767507003 0.012807377049180328 0.007703081232492998
10 0.444672131147541 0.45623249299719887 0.010245901639344262 0.0063025210084033615
12 0.17059426229508196 0.014005602240896359 0.04610655737704918 0.028011204481792718
10 0.460297131147541 0.4642857142857143 0.00973360655737705 0.0056022408963585435
1 0.44825819672131145 0.4646358543417367 0.012295081967213115 0.0063025210084033615
10 0.6472848360655737 0.05427170868347339 0.0117827868852459 0.007703081232492998
1 0.5678790983606558 0.47829131652661067 0.00665983606557377 0.018207282913165267
1 0.2348872950819672 0.4481792717086835 0.00665983606557377 0.01680672268907563
1 0.44672131147540983 0.47128851540616246 0.012295081967213115 0.00980392156862745
10 0.460297131147541 0.4723389355742297 0.010758196721311475 0.007703081232492998
1 0.6375512295081968 0.49054621848739494 0.00665983606557377 0.01750700280112045
10 0.4336577868852459 0.47163865546218486 0.0117827868852459 0.007703081232492998
2 0.5233094262295082 0.48669467787114845 0.061987704918032786 0.46638655462184875
1 0.5002561475409836 0.484593837535014 0.0056352459016393444 0.018207282913165267
1 0.9866803278688525 0.5392156862745098 0.005122950819672131 0.015406162464985995
1 0.9818135245901639 0.5535714285714286 0.012807377049180328 0.009103641456582634
10 0.2671618852459016 0.4898459383753501 0.012807377049180328 0.007703081232492998
1 0.24154713114754098 0.48739495798319327 0.012807377049180328 0.008403361344537815
1 0.9667008196721312 0.5630252100840336 0.005122950819672131 0.01680672268907563
12 0.2617827868852459 0.022408963585434174 0.04610655737704918 0.0392156862745098
1 0.492827868852459 0.5224089635854342 0.01639344262295082 0.00980392156862745
12 0.3055840163934426 0.02696078431372549 0.04559426229508197 0.04131652661064426