12 0.803030303030303 0.483642578125 0.05723905723905724 0.02001953125
1 0.3877665544332211 0.48876953125 0.03254769921436588 0.0068359375
1 0.4898989898989899 0.490966796875 0.019079685746352413 0.00341796875
1 0.5263748597081931 0.497802734375 0.031425364758698095 0.02197265625
1 0.2760942760942761 0.5107421875 0.026936026936026935 0.005859375
1 0.4708193041526375 0.513427734375 0.06621773288439955 0.01611328125
1 0.2755331088664422 0.517333984375 0.019079685746352413 0.00244140625
12 0.9001122334455668 0.052001953125 0.031425364758698095 0.00634765625
1 0.2648709315375982 0.525390625 0.04264870931537598 0.0107421875
12 0.16722783389450055 0.536865234375 0.031425364758698095 0.01611328125
10 0.23232323232323232 0.537109375 0.020202020202020204 0.0048828125
1 0.8069584736251403 0.539794921875 0.03367003367003367 0.02197265625
10 0.2351290684624018 0.543212890625 0.019079685746352413 0.00341796875
1 0.2620650953984287 0.05419921875 0.016835016835016835 0.0107421875
5 0.8894500561167228 0.544189453125 0.11784511784511785 0.02978515625
10 0.4696969696969697 0.54443359375 0.007856341189674524 0.009765625
1 0.4012345679012346 0.54443359375 0.007856341189674524 0.0087890625
1 0.4618406285072952 0.544677734375 0.014590347923681257 0.00830078125
1 0.37485970819304154 0.54443359375 0.013468013468013467 0.0087890625
1 0.41245791245791247 0.54443359375 0.012345679012345678 0.0087890625
1 0.43097643097643096 0.545166015625 0.006734006734006734 0.01025390625
1 0.4837261503928171 0.544921875 0.01122334455667789 0.0087890625
1 0.44556677890011226 0.545166015625 0.01122334455667789 0.00732421875
1 0.35409652076318743 0.548828125 0.02356902356902357 0.0048828125
10 0.234006734006734 0.55029296875 0.019079685746352413 0.00390625
5 0.29124579124579125 0.5517578125 0.06621773288439955 0.037109375
10 0.234006734006734 0.555908203125 0.019079685746352413 0.00341796875
10 0.8063973063973064 0.556884765625 0.02356902356902357 0.00537109375
10 0.234006734006734 0.561767578125 0.019079685746352413 0.00341796875
12 0.16778900112233447 0.562744140625 0.028058361391694726 0.01611328125
10 0.8047138047138047 0.563720703125 0.024691358024691357 0.00537109375
10 0.234006734006734 0.5673828125 0.019079685746352413 0.00390625
10 0.3002244668911336 0.57861328125 0.014590347923681257 0.00390625
1 0.32098765432098764 0.5791015625 0.017957351290684626 0.0048828125
10 0.29854096520763185 0.5830078125 0.020202020202020204 0.0029296875
10 0.30303030303030304 0.58740234375 0.017957351290684626 0.0029296875
1 0.32098765432098764 0.588134765625 0.017957351290684626 0.00341796875
1 0.8395061728395061 0.588623046875 0.038159371492704826 0.03271484375
12 0.16778900112233447 0.5888671875 0.030303030303030304 0.0146484375
1 0.8720538720538721 0.59033203125 0.020202020202020204 0.01953125
2 0.0914702581369248 0.591064453125 0.10213243546576879 0.13330078125
1 0.32098765432098764 0.592529296875 0.015712682379349047 0.00341796875
10 0.3002244668911336 0.5927734375 0.019079685746352413 0.0029296875
5 0.43097643097643096 0.593505859375 0.1728395061728395 0.07373046875
1 0.6352413019079686 0.596923828125 0.020202020202020204 0.00341796875
10 0.2957351290684624 0.597900390625 0.016835016835016835 0.00244140625
1 0.9051627384960719 0.599365234375 0.007856341189674524 0.00830078125
1 0.8080808080808081 0.600830078125 0.02244668911335578 0.01904296875
10 0.2991021324354658 0.60302734375 0.019079685746352413 0.00390625
10 0.6335578002244668 0.603515625 0.025813692480359147 0.0068359375
1 0.9483726150392817 0.60546875 0.020202020202020204 0.00390625
10 0.29854096520763185 0.60791015625 0.020202020202020204 0.0029296875
1 0.3221099887766554 0.608154296875 0.020202020202020204 0.00341796875
10 0.6313131313131313 0.6103515625 0.02356902356902357 0.005859375
1 0.8585858585858586 0.61279296875 0.020202020202020204 0.0029296875
1 0.3221099887766554 0.613525390625 0.017957351290684626 0.00341796875
1 0.9483726150392817 0.614013671875 0.020202020202020204 0.00341796875
1 0.6335578002244668 0.615966796875 0.019079685746352413 0.00439453125
1 0.8041526374859708 0.61572265625 0.016835016835016835 0.005859375
1 0.8602693602693603 0.618408203125 0.019079685746352413 0.00341796875
1 0.3221099887766554 0.618408203125 0.020202020202020204 0.00439453125
1 0.8041526374859708 0.61962890625 0.016835016835016835 0.0029296875
1 0.8585858585858586 0.62255859375 0.020202020202020204 0.0029296875
10 0.6212121212121212 0.623779296875 0.02132435465768799 0.00537109375
10 0.8052749719416387 0.625244140625 0.016835016835016835 0.00341796875
1 0.7884399551066218 0.626953125 0.005611672278338945 0.0078125
1 0.8585858585858586 0.627685546875 0.02244668911335578 0.00341796875
10 0.7732884399551067 0.628662109375 0.01122334455667789 0.00927734375
1 0.622334455667789 0.629638671875 0.02132435465768799 0.00341796875
10 0.8052749719416387 0.630126953125 0.019079685746352413 0.00341796875
1 0.8591470258136925 0.632568359375 0.016835016835016835 0.00244140625
1 0.6857463524130191 0.63330078125 0.020202020202020204 0.00390625
1 0.7154882154882155 0.63330078125 0.02132435465768799 0.0048828125
10 0.7435465768799102 0.6337890625 0.02132435465768799 0.0048828125
1 0.6599326599326599 0.634033203125 0.020202020202020204 0.00439453125
1 0.8052749719416387 0.63525390625 0.019079685746352413 0.00390625
1 0.8574635241301908 0.63720703125 0.017957351290684626 0.0029296875
10 0.7749719416386083 0.6376953125 0.02132435465768799 0.005859375
10 0.3782267115600449 0.637939453125 0.020202020202020204 0.00341796875
10 0.35353535353535354 0.638427734375 0.020202020202020204 0.00439453125
1 0.8035914702581369 0.639404296875 0.017957351290684626 0.00244140625
10 0.8574635241301908 0.64208984375 0.017957351290684626 0.00390625
10 0.3771043771043771 0.643310546875 0.017957351290684626 0.00341796875
10 0.35297418630751964 0.64306640625 0.02132435465768799 0.00390625
1 0.39674523007856344 0.64306640625 0.010101010101010102 0.0087890625
1 0.7744107744107744 0.646484375 0.017957351290684626 0.00390625
10 0.8591470258136925 0.647216796875 0.016835016835016835 0.00341796875
5 0.2609427609427609 0.651123046875 0.04377104377104377 0.01220703125
5 0.3170594837261504 0.65185546875 0.04152637485970819 0.01171875
10 0.8237934904601572 0.65185546875 0.008978675645342313 0.0087890625
10 0.8013468013468014 0.653076171875 0.008978675645342313 0.00927734375
10 0.8125701459034792 0.65283203125 0.008978675645342313 0.0087890625
1 0.9107744107744108 0.653564453125 0.02132435465768799 0.00439453125
10 0.9354657687991021 0.65380859375 0.025813692480359147 0.005859375
5 0.9304152637485971 0.662353515625 0.03367003367003367 0.00927734375
10 0.6818181818181818 0.662109375 0.012345679012345678 0.0107421875
1 0.6531986531986532 0.66259765625 0.008978675645342313 0.0087890625
10 0.6661054994388328 0.662841796875 0.010101010101010102 0.01220703125
1 0.24971941638608305 0.662841796875 0.02356902356902357 0.00537109375
1 0.3063973063973064 0.6630859375 0.020202020202020204 0.0048828125
1 0.6964085297418631 0.696044921875 0.02356902356902357 0.00341796875
1 0.5218855218855218 0.705322265625 0.020202020202020204 0.00439453125
1 0.7384960718294051 0.705078125 0.020202020202020204 0.00390625
1 0.5454545454545454 0.706787109375 0.01122334455667789 0.00927734375
1 0.5836139169472503 0.707275390625 0.008978675645342313 0.00927734375
1 0.601010101010101 0.707275390625 0.010101010101010102 0.00927734375
1 0.7205387205387206 0.707275390625 0.008978675645342313 0.00927734375
1 0.5561167227833894 0.70703125 0.010101010101010102 0.009765625
1 0.6111111111111112 0.70703125 0.010101010101010102 0.009765625
1 0.675645342312009 0.70751953125 0.008978675645342313 0.0087890625
1 0.5712682379349046 0.707763671875 0.01122334455667789 0.01025390625
1 0.6335578002244668 0.707763671875 0.007856341189674524 0.00927734375
1 0.6644219977553311 0.707763671875 0.008978675645342313 0.00830078125
1 0.6857463524130191 0.707763671875 0.008978675645342313 0.00830078125
1 0.6515151515151515 0.707763671875 0.007856341189674524 0.00927734375
1 0.7087542087542088 0.708251953125 0.007856341189674524 0.00927734375
1 0.7351290684624018 0.710205078125 0.02244668911335578 0.00341796875
1 0.521324354657688 0.71337890625 0.019079685746352413 0.00390625
1 0.5224466891133558 0.718994140625 0.02132435465768799 0.00537109375
1 0.6475869809203143 0.72314453125 0.008978675645342313 0.0087890625
2 0.08754208754208755 0.730224609375 0.10549943883277217 0.13525390625
1 0.6593714927048261 0.73388671875 0.02132435465768799 0.0048828125
1 0.611672278338945 0.734375 0.020202020202020204 0.00390625
1 0.5224466891133558 0.737060546875 0.019079685746352413 0.00439453125
1 0.680695847362514 0.74169921875 0.010101010101010102 0.0078125
1 0.7379349046015713 0.741943359375 0.02132435465768799 0.00341796875
1 0.5224466891133558 0.74169921875 0.019079685746352413 0.0029296875
5 0.4051627384960718 0.74365234375 0.051627384960718295 0.033203125
1 0.5735129068462402 0.744873046875 0.008978675645342313 0.00830078125
1 0.7396184062850729 0.74658203125 0.020202020202020204 0.00390625
1 0.5600448933782267 0.753173828125 0.008978675645342313 0.00732421875
1 0.5162738496071829 0.75341796875 0.01122334455667789 0.0087890625
1 0.7390572390572391 0.760498046875 0.019079685746352413 0.00439453125
1 0.680695847362514 0.76220703125 0.010101010101010102 0.0087890625
1 0.5202020202020202 0.763427734375 0.019079685746352413 0.00341796875
1 0.7390572390572391 0.765625 0.02132435465768799 0.00390625
1 0.5735129068462402 0.766845703125 0.008978675645342313 0.00830078125
1 0.5218855218855218 0.768798828125 0.020202020202020204 0.00341796875
1 0.43097643097643096 0.7734375 0.020202020202020204 0.00390625
1 0.5998877665544332 0.779052734375 0.019079685746352413 0.00341796875
1 0.6492704826038159 0.779541015625 0.02132435465768799 0.00439453125
1 0.7373737373737373 0.787109375 0.020202020202020204 0.0029296875
5 0.42480359147025815 0.78759765625 0.025813692480359147 0.017578125
1 0.5207631874298541 0.788818359375 0.020202020202020204 0.00439453125
1 0.521324354657688 0.79345703125 0.02132435465768799 0.00390625
10 0.39281705948372614 0.79638671875 0.017957351290684626 0.00390625
1 0.7424242424242424 0.80078125 0.010101010101010102 0.0087890625
1 0.6167227833894501 0.801025390625 0.010101010101010102 0.00927734375
1 0.643658810325477 0.801025390625 0.007856341189674524 0.00927734375
1 0.6565656565656566 0.80126953125 0.01122334455667789 0.0087890625
1 0.5465768799102132 0.801513671875 0.01122334455667789 0.01123046875
1 0.6049382716049383 0.80126953125 0.01122334455667789 0.0087890625
1 0.7093153759820426 0.80126953125 0.008978675645342313 0.0087890625
5 0.35185185185185186 0.801513671875 0.04152637485970819 0.01416015625
1 0.7255892255892256 0.8017578125 0.007856341189674524 0.0087890625
10 0.39337822671156003 0.802001953125 0.016835016835016835 0.00244140625
1 0.5218855218855218 0.803955078125 0.02244668911335578 0.00439453125
1 0.39337822671156003 0.806640625 0.019079685746352413 0.0029296875
10 0.42592592592592593 0.8095703125 0.02132435465768799 0.0048828125
10 0.42592592592592593 0.81494140625 0.019079685746352413 0.00390625
10 0.5196408529741863 0.81591796875 0.020202020202020204 0.00390625
10 0.42536475869809204 0.820068359375 0.020202020202020204 0.00341796875
10 0.5179573512906847 0.82080078125 0.019079685746352413 0.0048828125
10 0.42536475869809204 0.82568359375 0.020202020202020204 0.0029296875
10 0.5202020202020202 0.826416015625 0.02132435465768799 0.00439453125
10 0.4943883277216611 0.826416015625 0.02132435465768799 0.00439453125
2 0.9421997755331089 0.826171875 0.11335578002244669 0.3134765625
1 0.24186307519640854 0.82861328125 0.02356902356902357 0.005859375
10 0.42592592592592593 0.830810546875 0.016835016835016835 0.00244140625
2 0.12401795735129069 0.833984375 0.18967452300785634 0.0615234375
5 0.5157126823793491 0.8388671875 0.03254769921436588 0.009765625
10 0.4601571268237935 0.84228515625 0.006734006734006734 0.0078125
10 0.5387205387205387 0.84716796875 0.008978675645342313 0.009765625
10 0.4904601571268238 0.847412109375 0.008978675645342313 0.00927734375
12 0.29124579124579125 0.085205078125 0.028058361391694726 0.01513671875
1 0.24186307519640854 0.854248046875 0.025813692480359147 0.00830078125
12 0.5162738496071829 0.854736328125 0.03367003367003367 0.01611328125
1 0.3148148148148148 0.086181640625 0.010101010101010102 0.01123046875
1 0.8585858585858586 0.08740234375 0.024691358024691357 0.00390625
1 0.6397306397306397 0.87939453125 0.015712682379349047 0.0126953125
1 0.6582491582491582 0.8798828125 0.016835016835016835 0.0126953125
1 0.574635241301908 0.889404296875 0.04040404040404041 0.00830078125
1 0.8838383838383839 0.0888671875 0.02132435465768799 0.0029296875
10 0.4691358024691358 0.8994140625 0.020202020202020204 0.00390625
2 0.12177328843995511 0.900390625 0.08641975308641975 0.03515625
1 0.8131313131313131 0.9033203125 0.03254769921436588 0.0048828125
10 0.4696969696969697 0.90380859375 0.02132435465768799 0.00390625
10 0.4691358024691358 0.908935546875 0.020202020202020204 0.00341796875
5 0.19865319865319866 0.913330078125 0.03367003367003367 0.00927734375
10 0.468013468013468 0.914306640625 0.017957351290684626 0.00341796875
10 0.4713804713804714 0.918701171875 0.020202020202020204 0.00341796875
1 0.5712682379349046 0.921875 0.029180695847362513 0.0068359375
5 0.2255892255892256 0.9345703125 0.08305274971941638 0.0283203125
1 0.7749719416386083 0.941162109375 0.016835016835016835 0.01416015625
1 0.8041526374859708 0.946044921875 0.030303030303030304 0.00634765625
10 0.5998877665544332 0.947021484375 0.028058361391694726 0.00634765625
1 0.6487093153759821 0.952880859375 0.015712682379349047 0.01220703125
1 0.6285072951739619 0.953369140625 0.015712682379349047 0.01416015625
1 0.2895622895622896 0.098876953125 0.017957351290684626 0.00341796875
12 0.8647586980920314 0.10107421875 0.05499438832772166 0.017578125
5 0.4057239057239057 0.1064453125 0.0707070707070707 0.01953125
2 0.14983164983164984 0.107666015625 0.16722783389450055 0.05322265625
1 0.2895622895622896 0.11083984375 0.024691358024691357 0.00390625
1 0.3277216610549944 0.114990234375 0.031425364758698095 0.00830078125
10 0.8597081930415263 0.1201171875 0.024691358024691357 0.0048828125
1 0.8832772166105499 0.12158203125 0.020202020202020204 0.00390625
12 0.8647586980920314 0.1337890625 0.05723905723905724 0.0185546875
12 0.37037037037037035 0.138916015625 0.03367003367003367 0.01318359375
12 0.4388327721661055 0.140380859375 0.03367003367003367 0.01318359375
12 0.2615039281705948 0.169189453125 0.03591470258136925 0.01220703125
2 0.1644219977553311 0.17724609375 0.12682379349046016 0.0634765625
1 0.8686868686868687 0.177978515625 0.02244668911335578 0.00830078125
12 0.25982042648709314 0.185546875 0.03928170594837262 0.0146484375
12 0.8815937149270483 0.220458984375 0.03254769921436588 0.01611328125
12 0.8322109988776656 0.22314453125 0.03928170594837262 0.013671875
2 0.11560044893378227 0.243896484375 0.19753086419753085 0.04248046875
12 0.25084175084175087 0.24560546875 0.030303030303030304 0.0166015625
1 0.8608305274971941 0.26025390625 0.02244668911335578 0.0068359375
1 0.8120089786756454 0.28271484375 0.005611672278338945 0.0078125
1 0.7800224466891134 0.28955078125 0.024691358024691357 0.0048828125
10 0.8799102132435466 0.2919921875 0.020202020202020204 0.00390625
10 0.8237934904601572 0.292236328125 0.020202020202020204 0.00439453125
10 0.845679012345679 0.293212890625 0.016835016835016835 0.00244140625
10 0.8815937149270483 0.29638671875 0.019079685746352413 0.00390625
1 0.7800224466891134 0.3017578125 0.024691358024691357 0.0068359375
1 0.18742985409652077 0.306396484375 0.017957351290684626 0.00341796875
10 0.18799102132435466 0.31103515625 0.019079685746352413 0.00390625
1 0.3569023569023569 0.34423828125 0.01122334455667789 0.0107421875
5 0.30808080808080807 0.357177734375 0.07744107744107744 0.02880859375
1 0.45454545454545453 0.37109375 0.10998877665544332 0.0224609375
1 0.25982042648709314 0.039306640625 0.019079685746352413 0.01025390625
10 0.7087542087542088 0.407958984375 0.014590347923681257 0.01123046875
1 0.6930415263748597 0.407958984375 0.010101010101010102 0.00927734375
2 0.09090909090909091 0.412109375 0.13019079685746351 0.16015625
1 0.7890011223344556 0.412353515625 0.024691358024691357 0.00537109375
1 0.8372615039281706 0.41943359375 0.017957351290684626 0.00390625
1 0.6930415263748597 0.423095703125 0.010101010101010102 0.00927734375
10 0.7081930415263749 0.423095703125 0.017957351290684626 0.01025390625
5 0.7811447811447811 0.431396484375 0.07407407407407407 0.02978515625
5 0.4674523007856341 0.4345703125 0.14702581369248036 0.060546875
1 0.7306397306397306 0.43994140625 0.01122334455667789 0.0087890625
1 0.7794612794612794 0.450927734375 0.02356902356902357 0.00537109375
1 0.754769921436588 0.451416015625 0.02132435465768799 0.00537109375
2 0.15544332210998876 0.04638671875 0.16722783389450055 0.0556640625