10 0.3471030042918455 0.45115681233933164 0.011802575107296138 0.007712082262210797
10 0.3465665236051502 0.45758354755784064 0.011802575107296138 0.008997429305912597
1 0.41416309012875535 0.502892030848329 0.011802575107296138 0.008354755784061696
1 0.40155579399141633 0.5009640102827764 0.013412017167381975 0.009640102827763496
10 0.401019313304721 0.5089974293059126 0.011266094420600859 0.007712082262210797
10 0.4007510729613734 0.515745501285347 0.012875536480686695 0.008354755784061696
1 0.49624463519313305 0.537917737789203 0.013948497854077254 0.008997429305912597
1 0.4809549356223176 0.5359897172236504 0.013412017167381975 0.010282776349614395
1 0.47129828326180256 0.5343830334190232 0.008047210300429184 0.017352185089974295
10 0.39967811158798283 0.5228149100257069 0.01072961373390558 0.007069408740359897
1 0.48256437768240346 0.5437017994858612 0.011266094420600859 0.007712082262210797
1 0.4957081545064378 0.5472365038560412 0.012875536480686695 0.009640102827763496
5 0.16148068669527896 0.4897172236503856 0.028969957081545063 0.03984575835475578
5 0.20332618025751073 0.5016066838046273 0.027896995708154508 0.036632390745501286
1 0.6107832618025751 0.5996143958868895 0.012339055793991416 0.008997429305912597
5 0.10085836909871244 0.4961439588688946 0.06866952789699571 0.08097686375321336
1 0.5139484978540773 0.5848329048843187 0.008583690987124463 0.016709511568123392
1 0.6137339055793991 0.6079691516709511 0.013948497854077254 0.008997429305912597
10 0.005633047210300429 0.48553984575835474 0.011266094420600859 0.009640102827763496
10 0.6140021459227468 0.6153598971722365 0.014484978540772532 0.009640102827763496
10 0.0045600858369098714 0.4929305912596401 0.009120171673819743 0.008997429305912597
1 0.5139484978540773 0.6015424164524421 0.006437768240343348 0.016709511568123392
10 0.5021459227467812 0.5996143958868895 0.0075107296137339056 0.015424164524421594
10 0.5083154506437768 0.6012210796915167 0.006974248927038627 0.014781491002570694
5 0.32966738197424894 0.5684447300771208 0.054184549356223174 0.07904884318766067
2 0.8044527896995708 0.09672236503856041 0.2119098712446352 0.12017994858611825
1 0.5136802575107297 0.62853470437018 0.008047210300429184 0.016709511568123392
5 0.17301502145922748 0.5678020565552699 0.08100858369098712 0.11503856041131105
10 0.32242489270386265 0.612146529562982 0.0075107296137339056 0.014781491002570694
10 0.64431330472103 0.695694087403599 0.006437768240343348 0.014781491002570694
10 0.7199570815450643 0.711439588688946 0.008583690987124463 0.014138817480719794
10 0.6802575107296137 0.7030848329048843 0.00536480686695279 0.012853470437017995
10 0.6499463519313304 0.6973007712082262 0.006974248927038627 0.014138817480719794
10 0.6746244635193133 0.7030848329048843 0.006974248927038627 0.015424164524421594
10 0.5732296137339056 0.6815552699228792 0.005901287553648069 0.013496143958868894
10 0.5885193133047211 0.6857326478149101 0.0075107296137339056 0.012853470437017995
10 0.5828862660944206 0.6854113110539846 0.006974248927038627 0.014781491002570694
10 0.5367489270386266 0.6754498714652957 0.006974248927038627 0.014138817480719794
10 0.5775214592274678 0.6847686375321337 0.006974248927038627 0.014781491002570694
10 0.5415772532188842 0.6776992287917738 0.005901287553648069 0.013496143958868894
10 0.4991952789699571 0.6696658097686375 0.005901287553648069 0.014138817480719794
10 0.5048283261802575 0.6712724935732648 0.00536480686695279 0.014781491002570694
10 0.4737124463519313 0.6661311053984575 0.006437768240343348 0.016066838046272493
10 0.2886266094420601 0.6311053984575835 0.013948497854077254 0.007712082262210797
10 0.2875536480686695 0.6375321336760925 0.012875536480686695 0.010282776349614395
10 0.35380901287553645 0.6687017994858612 0.012339055793991416 0.008354755784061696
1 0.3403969957081545 0.6667737789203085 0.011266094420600859 0.008354755784061696
1 0.3374463519313305 0.7130462724935732 0.006437768240343348 0.016066838046272493
10 0.3487124463519313 0.7156169665809768 0.0075107296137339056 0.016066838046272493
10 0.3320815450643777 0.7117609254498715 0.0075107296137339056 0.014781491002570694
10 0.34334763948497854 0.7143316195372751 0.006437768240343348 0.014781491002570694
2 0.5992489270386266 0.06426735218508997 0.16523605150214593 0.12853470437017994
1 0.20466738197424894 0.6973007712082262 0.006974248927038627 0.012853470437017995
1 0.23417381974248927 0.7188303341902313 0.008047210300429184 0.007069408740359897
1 0.21378755364806867 0.7143316195372751 0.009120171673819743 0.017352185089974295
1 0.24651287553648069 0.721401028277635 0.011266094420600859 0.008354755784061696
1 0.3157188841201717 0.7442159383033419 0.008047210300429184 0.016709511568123392
10 0.17033261802575106 0.7233290488431876 0.011266094420600859 0.008354755784061696
1 0.3135729613733906 0.756426735218509 0.006974248927038627 0.015424164524421594
10 0.1684549356223176 0.7297557840616966 0.011802575107296138 0.008354755784061696
10 0.1684549356223176 0.7368251928020566 0.012875536480686695 0.009640102827763496
1 0.3505901287553648 0.7763496143958869 0.005901287553648069 0.016709511568123392
1 0.32027896995708155 0.772172236503856 0.008583690987124463 0.008354755784061696
1 0.30364806866952787 0.7728149100257069 0.0075107296137339056 0.017352185089974295
1 0.30472103004291845 0.785025706940874 0.01072961373390558 0.008354755784061696
1 0.4053111587982833 0.004820051413881748 0.013412017167381975 0.009640102827763496
10 0.1781115879828326 0.7647814910025706 0.01072961373390558 0.007712082262210797
1 0.3165236051502146 0.8097686375321337 0.01072961373390558 0.007712082262210797
5 0.23953862660944206 0.7959511568123393 0.11427038626609443 0.13046272493573266
1 0.34120171673819744 0.8178020565552699 0.011802575107296138 0.008354755784061696
10 0.17435622317596566 0.7856683804627249 0.01072961373390558 0.007069408740359897
1 0.32859442060085836 0.8187660668380463 0.012339055793991416 0.006426735218508998
1 0.34120171673819744 0.8251928020565553 0.013948497854077254 0.008997429305912597
10 0.3280579399141631 0.8255141388174807 0.0101931330472103 0.009640102827763496
10 0.3133047210300429 0.8248714652956298 0.01072961373390558 0.007069408740359897
10 0.3417381974248927 0.8332262210796915 0.01072961373390558 0.007069408740359897
1 0.3511266094420601 0.8386889460154242 0.008047210300429184 0.016709511568123392
1 0.31223175965665234 0.8309768637532133 0.011802575107296138 0.008997429305912597
10 0.2980150214592275 0.8312982005141388 0.011266094420600859 0.007069408740359897
10 0.3395922746781116 0.8412596401028277 0.011802575107296138 0.007712082262210797
1 0.3116952789699571 0.8380462724935732 0.011802575107296138 0.007712082262210797
1 0.32564377682403434 0.8431876606683805 0.009656652360515022 0.006426735218508998
1 0.29640557939914164 0.8390102827763496 0.013412017167381975 0.008354755784061696
1 0.3382510729613734 0.8499357326478149 0.011266094420600859 0.007069408740359897
10 0.2956008583690987 0.846401028277635 0.01072961373390558 0.007712082262210797
5 0.6408261802575107 0.9251285347043702 0.054184549356223174 0.07776349614395887
10 0.5405042918454935 0.9318766066838047 0.012339055793991416 0.007712082262210797
10 0.5525751072961373 0.9341259640102828 0.011802575107296138 0.007069408740359897
1 0.5654506437768241 0.9379820051413882 0.01072961373390558 0.007069408740359897
10 0.5284334763948498 0.9305912596401028 0.013948497854077254 0.008997429305912597
1 0.40477467811158796 0.013817480719794344 0.014484978540772532 0.010925449871465296
1 0.17837982832618027 0.8615038560411311 0.004828326180257511 0.013496143958868894
1 0.5378218884120172 0.9389460154241646 0.014484978540772532 0.008997429305912597
1 0.18910944206008584 0.8660025706940874 0.008047210300429184 0.017352185089974295
10 0.5270922746781116 0.9373393316195373 0.012339055793991416 0.008354755784061696
10 0.5643776824034334 0.945694087403599 0.013948497854077254 0.009640102827763496
1 0.17703862660944206 0.87853470437018 0.00536480686695279 0.012853470437017995
10 0.1515557939914163 0.8737146529562982 0.004828326180257511 0.014781491002570694
1 0.18320815450643776 0.8811053984575835 0.005901287553648069 0.014138817480719794
1 0.12660944206008584 0.8724293059125964 0.011802575107296138 0.009640102827763496
10 0.5182403433476395 0.9929305912596401 0.0075107296137339056 0.012853470437017995
10 0.5072424892703863 0.9922879177377892 0.009120171673819743 0.014138817480719794
10 0.21298283261802575 0.9354113110539846 0.0075107296137339056 0.014781491002570694
10 0.1968884120171674 0.9325192802056556 0.006437768240343348 0.014138817480719794
10 0.17006437768240343 0.9270565552699229 0.0075107296137339056 0.016066838046272493
1 0.19179184549356224 0.9318766066838047 0.006974248927038627 0.014138817480719794
10 0.1869635193133047 0.9302699228791774 0.005901287553648069 0.016066838046272493
10 0.4248927038626609 0.9813624678663239 0.006437768240343348 0.014138817480719794
10 0.164431330472103 0.9264138817480719 0.006974248927038627 0.014781491002570694
10 0.15370171673819744 0.9251285347043702 0.005901287553648069 0.014781491002570694
10 0.4136266094420601 0.9800771208226221 0.006437768240343348 0.014138817480719794
10 0.43910944206008584 0.9855398457583547 0.008047210300429184 0.016066838046272493
10 0.4187231759656652 0.9816838046272494 0.008047210300429184 0.016066838046272493
5 0.48605150214592274 0.9893958868894601 0.03540772532188841 0.01992287917737789
1 0.42221030042918456 0.9900385604113111 0.011802575107296138 0.004498714652956298
1 0.4042381974248927 0.030205655526992288 0.012339055793991416 0.010282776349614395
5 0.3642703862660944 0.02924164524421594 0.0407725321888412 0.04562982005141388
1 0.40370171673819744 0.038560411311053984 0.012339055793991416 0.008997429305912597
10 0.4187231759656652 0.04627249357326478 0.012339055793991416 0.008997429305912597
1 0.40236051502145925 0.04466580976863753 0.01072961373390558 0.007069408740359897
5 0.21164163090128754 0.02667095115681234 0.06920600858369098 0.05334190231362468
5 0.1786480686695279 0.05784061696658098 0.028969957081545063 0.02570694087403599
2 0.927843347639485 0.25803341902313626 0.1432403433476395 0.07133676092544987
10 0.09951716738197425 0.13946015424164523 0.012339055793991416 0.008997429305912597
10 0.08476394849785408 0.1449228791773779 0.0203862660944206 0.012210796915167094
2 0.3905579399141631 0.3129820051413882 0.09763948497854077 0.3740359897172236
2 0.32135193133047213 0.3017352185089974 0.09334763948497854 0.3708226221079691
2 0.10997854077253219 0.2596401028277635 0.09763948497854077 0.36632390745501286
2 0.17837982832618027 0.2750642673521851 0.0971030042918455 0.36889460154241643
2 0.252950643776824 0.2911311053984576 0.10032188841201717 0.37532133676092544
10 0.5826180257510729 0.36825192802056556 0.012875536480686695 0.011568123393316195
1 0.569206008583691 0.3660025706940874 0.011802575107296138 0.008354755784061696
10 0.5678648068669528 0.37275064267352187 0.012339055793991416 0.008997429305912597
1 0.5823497854077253 0.3756426735218509 0.013412017167381975 0.009640102827763496
1 0.5804721030042919 0.3833547557840617 0.011802575107296138 0.008354755784061696
1 0.5689377682403434 0.381426735218509 0.012339055793991416 0.009640102827763496
5 0.06920600858369098 0.2795629820051414 0.03862660944206009 0.04755784061696658
1 0.5675965665236051 0.38688946015424164 0.011802575107296138 0.007712082262210797
1 0.5807403433476395 0.3897814910025707 0.011266094420600859 0.007069408740359897