12 0.3783284023668639 0.4568926807364167 0.008136094674556213 0.010327795240233499
10 0.36519970414201186 0.4598114054782218 0.0018491124260355029 0.00898069151324652
10 0.3598372781065089 0.4604849573417153 0.005177514792899409 0.012123933542882801
1 0.6630917159763313 0.46138302649303997 0.006656804733727811 0.004939380332285586
1 0.7100591715976331 0.46138302649303997 0.0022189349112426036 0.008531656937584195
1 0.6205621301775148 0.46744499326448136 0.0036982248520710057 0.00898069151324652
1 0.6150147928994083 0.46856757970363716 0.0036982248520710057 0.010327795240233499
1 0.727810650887574 0.47036371800628646 0.005177514792899409 0.003143242029636282
10 0.4245562130177515 0.4719353390211046 0.010355029585798817 0.007184553210597216
1 0.30288461538461536 0.4719353390211046 0.027366863905325445 0.038616973506960035
10 0.3657544378698225 0.47305792546026043 0.005917159763313609 0.012123933542882801
1 0.3720414201183432 0.4732824427480916 0.005917159763313609 0.011674898967220475
1 0.10669378698224852 0.4737314773237539 0.03069526627218935 0.03322855859901212
10 0.3603920118343195 0.47418051189941623 0.0033284023668639054 0.00898069151324652
1 0.4587647928994083 0.4750785810507409 0.03365384615384615 0.03682083520431073
10 0.4240014792899408 0.4791198922317018 0.009985207100591717 0.006286484059272564
10 0.4371301775147929 0.4854063762909744 0.011094674556213017 0.006286484059272564
10 0.42418639053254437 0.48563089357880557 0.011094674556213017 0.00673551863493489
1 0.5987426035502958 0.49371351594072743 0.005177514792899409 0.004939380332285586
10 0.4360207100591716 0.49416255051638974 0.010355029585798817 0.0058374494836102376
10 0.42418639053254437 0.49483610237988324 0.011094674556213017 0.007184553210597216
5 0.37037721893491127 0.4975303098338572 0.020340236686390532 0.01347103726986978
10 0.4369452662721893 0.5020206555904805 0.010724852071005916 0.006286484059272564
10 0.4249260355029586 0.5031432420296362 0.011094674556213017 0.007633587786259542
1 0.22855029585798817 0.5094297260889088 0.011834319526627219 0.009429726088908847
1 0.16272189349112426 0.5114503816793893 0.011834319526627219 0.00898069151324652
10 0.5763683431952663 0.5121239335428828 0.0070266272189349116 0.013920071845532105
1 0.5832100591715976 0.5125729681185451 0.005917159763313609 0.013022002694207453
1 0.5687869822485208 0.5134710372698698 0.0029585798816568047 0.008531656937584195
1 0.18213757396449703 0.5163897620116749 0.009985207100591717 0.007184553210597216
5 0.9609837278106509 0.5170633138751684 0.013683431952662722 0.02828917826672654
10 0.35706360946745563 0.5199820386169735 0.005547337278106509 0.014369106421194431
10 0.4240014792899408 0.5199820386169735 0.008505917159763314 0.005388414907947912
10 0.3812869822485207 0.5215536596317917 0.006656804733727811 0.013022002694207453
5 0.9031065088757396 0.5233497979344409 0.01849112426035503 0.01571621014818141
1 0.5906065088757396 0.5280646609788954 0.006656804733727811 0.011674898967220475
1 0.5562130177514792 0.5282891782667265 0.0029585798816568047 0.007633587786259542
10 0.5639792899408284 0.5285136955545577 0.005177514792899409 0.012572968118545127
10 0.5506656804733728 0.5282891782667265 0.006656804733727811 0.013920071845532105
1 0.5695266272189349 0.5285136955545577 0.006656804733727811 0.01347103726986978
1 0.5830251479289941 0.5282891782667265 0.0070266272189349116 0.014818140996856757
1 0.9169748520710059 0.5298607992815447 0.0025887573964497044 0.008082622361921869
10 0.42474112426035504 0.5321059721598563 0.009985207100591717 0.008082622361921869
1 0.38221153846153844 0.537269869779973 0.008505917159763314 0.004041311180960934
1 0.8740754437869822 0.5383924562191289 0.0033284023668639054 0.010776829815895825
10 0.4243713017751479 0.5392905253704535 0.009985207100591717 0.006286484059272564
10 0.3809171597633136 0.5442299057027391 0.011094674556213017 0.006286484059272564
10 0.5602810650887574 0.5493938033228558 0.0073964497041420114 0.004041311180960934
1 0.38110207100591714 0.5507409070498428 0.011464497041420118 0.0058374494836102376
1 0.9484097633136095 0.5541086663673103 0.0040680473372781065 0.007184553210597216
12 0.959689349112426 0.5545577009429726 0.008875739644970414 0.010776829815895825
1 0.9754068047337278 0.5545577009429726 0.0025887573964497044 0.008082622361921869
1 0.8735207100591716 0.5547822182308038 0.0036982248520710057 0.00673551863493489
1 0.7901257396449705 0.5547822182308038 0.0025887573964497044 0.007633587786259542
1 0.9373150887573964 0.5552312528064661 0.0018491124260355029 0.007633587786259542
1 0.8169378698224852 0.5554557700942973 0.0022189349112426036 0.010776829815895825
1 0.8230399408284024 0.5565783565334531 0.0025887573964497044 0.007633587786259542
1 0.8291420118343196 0.5565783565334531 0.0029585798816568047 0.007633587786259542
1 0.42769970414201186 0.5570273911091154 0.009985207100591717 0.0058374494836102376
1 0.8846153846153846 0.5572519083969466 0.0029585798816568047 0.00898069151324652
10 0.3807322485207101 0.5574764256847777 0.010724852071005916 0.0058374494836102376
1 0.8365384615384616 0.5577009429726089 0.004437869822485207 0.009878760664571173
10 0.4397189349112426 0.5635383924562192 0.01257396449704142 0.007184553210597216
10 0.5625 0.5651100134710373 0.0022189349112426036 0.008531656937584195
10 0.5748890532544378 0.5648854961832062 0.0033284023668639054 0.007184553210597216
10 0.3809171597633136 0.5651100134710373 0.009615384615384616 0.0058374494836102376
1 0.5689718934911243 0.5655590480466995 0.005547337278106509 0.013920071845532105
10 0.5556582840236687 0.5657835653345308 0.0025887573964497044 0.009878760664571173
10 0.5467825443786982 0.5660080826223619 0.00628698224852071 0.012123933542882801
10 0.5404955621301775 0.566232599910193 0.00628698224852071 0.01347103726986978
10 0.5334689349112426 0.5666816344858554 0.00628698224852071 0.01347103726986978
1 0.7675665680473372 0.5673551863493489 0.0033284023668639054 0.01122586439155815
1 0.27163461538461536 0.5678042209250113 0.00628698224852071 0.013022002694207453
1 0.24870562130177515 0.5680287382128424 0.005547337278106509 0.01347103726986978
1 0.25499260355029585 0.5684777727885048 0.0070266272189349116 0.014369106421194431
1 0.2958579881656805 0.5693758419398294 0.011834319526627219 0.018859452177817693
1 0.24260355029585798 0.5693758419398294 0.0073964497041420114 0.014369106421194431
1 0.7736686390532544 0.5700493938033229 0.0022189349112426036 0.010327795240233499
1 0.7836538461538461 0.5700493938033229 0.0029585798816568047 0.00673551863493489
10 0.4393491124260355 0.5698248765154917 0.011834319526627219 0.006286484059272564
10 0.38202662721893493 0.5718455321059721 0.009615384615384616 0.0058374494836102376
1 0.23224852071005916 0.5722945666816345 0.011834319526627219 0.019308486753480018
1 0.4389792899408284 0.5776829815895824 0.01257396449704142 0.008531656937584195
12 0.039755917159763315 0.5783565334530759 0.010724852071005916 0.011674898967220475
1 0.38147189349112426 0.5792546026044005 0.009985207100591717 0.007184553210597216
1 0.33986686390532544 0.5790300853165694 0.005917159763313609 0.013920071845532105
1 0.35170118343195267 0.5792546026044005 0.005177514792899409 0.016165244723843737
1 0.34615384615384615 0.5792546026044005 0.005917159763313609 0.014369106421194431
1 0.35761834319526625 0.5794791198922317 0.005917159763313609 0.014818140996856757
12 0.053994082840236685 0.579928154467894 0.013313609467455622 0.017512348450830714
1 0.5623150887573964 0.579928154467894 0.005547337278106509 0.013022002694207453
1 0.5691568047337278 0.5808262236192187 0.006656804733727811 0.014818140996856757
1 0.2995562130177515 0.5864391558149977 0.005917159763313609 0.012572968118545127
1 0.2930843195266272 0.588010776829816 0.007766272189349112 0.014818140996856757
10 0.4844674556213018 0.588010776829816 0.009615384615384616 0.003143242029636282
1 0.27847633136094674 0.5884598114054782 0.006656804733727811 0.013920071845532105
10 0.26017011834319526 0.5891333632689717 0.00628698224852071 0.016165244723843737
1 0.49463757396449703 0.5913785361472833 0.00628698224852071 0.015267175572519083
5 0.09245562130177515 0.592276605298608 0.059911242603550297 0.07274360125729681
10 0.5686020710059172 0.592276605298608 0.0025887573964497044 0.008082622361921869
10 0.5621301775147929 0.5929501571621015 0.0036982248520710057 0.008531656937584195
1 0.5454881656804734 0.5940727436012573 0.027366863905325445 0.03592276605298608
10 0.48354289940828404 0.5956443646160754 0.005547337278106509 0.004041311180960934
12 0.04031065088757396 0.5969914683430624 0.01257396449704142 0.02020655590480467
12 0.05343934911242604 0.5965424337674001 0.012943786982248521 0.017512348450830714
1 0.35539940828402367 0.6039515042658284 0.005177514792899409 0.011674898967220475
1 0.3496671597633136 0.6046250561293219 0.00628698224852071 0.013920071845532105
1 0.3742603550295858 0.6077682981589583 0.03106508875739645 0.037269869779973056
1 0.5691568047337278 0.6077682981589583 0.006656804733727811 0.013022002694207453
1 0.22984467455621302 0.6138302649303996 0.007766272189349112 0.00449034575662326
10 0.02625739644970414 0.615626403233049 0.011834319526627219 0.005388414907947912
10 0.026627218934911243 0.6221374045801527 0.010355029585798817 0.004939380332285586
1 0.9460059171597633 0.6237090255949708 0.031804733727810654 0.03682083520431073
12 0.040680473372781065 0.6246070947462955 0.013313609467455622 0.015267175572519083
1 0.5465976331360947 0.6320161652447238 0.031804733727810654 0.0327795240233498
10 0.11224112426035503 0.6380781320161653 0.01220414201183432 0.008082622361921869
10 0.09726331360946745 0.6383026493039964 0.010355029585798817 0.008531656937584195
10 0.05787721893491124 0.6389762011674899 0.009985207100591717 0.007184553210597216
1 0.08450443786982248 0.6392007184553211 0.013683431952662722 0.008531656937584195
12 0.04049556213017751 0.6423439604849573 0.011464497041420118 0.02020655590480467
10 0.1882396449704142 0.6427929950606197 0.005177514792899409 0.004041311180960934
1 0.35613905325443784 0.6436910642119443 0.009615384615384616 0.004041311180960934
5 0.4868713017751479 0.6436910642119443 0.018121301775147928 0.022900763358778626
1 0.3406065088757396 0.6441400987876067 0.011834319526627219 0.004939380332285586
1 0.11020710059171597 0.6463852716659183 0.013313609467455622 0.009429726088908847
1 0.3422707100591716 0.6499775482712169 0.011464497041420118 0.00673551863493489
1 0.3555843195266272 0.650202065559048 0.008505917159763314 0.006286484059272564
10 0.2250369822485207 0.654243376740009 0.007766272189349112 0.003592276605298608
10 0.34282544378698226 0.6576111360574765 0.006656804733727811 0.00224517287831163
10 0.3541050295857988 0.6580601706331387 0.004807692307692308 0.001347103726986978
1 0.9461908284023669 0.6591827570722946 0.02551775147928994 0.03951504265828469
1 0.43731508875739644 0.6632240682532555 0.02477810650887574 0.030534351145038167
1 0.8406065088757396 0.6636731028289178 0.029585798816568046 0.032330489447687474
1 0.3426405325443787 0.6645711719802425 0.00628698224852071 0.002694207453973956
10 0.3918269230769231 0.06690615177368657 0.005547337278106509 0.001796138302649304
1 0.19027366863905326 0.6697350696003592 0.00628698224852071 0.004041311180960934
1 0.34097633136094674 0.6710821733273462 0.005917159763313609 0.003143242029636282
1 0.40421597633136097 0.0673551863493489 0.008875739644970414 0.005388414907947912
10 0.33136094674556216 0.06780422092501123 0.008136094674556213 0.00449034575662326
1 0.3430103550295858 0.06825325550067356 0.007766272189349112 0.005388414907947912
10 0.21819526627218935 0.680511899416255 0.004437869822485207 0.003143242029636282
1 0.9058801775147929 0.6912887292321509 0.0033284023668639054 0.00673551863493489
10 0.8942307692307693 0.6917377638078132 0.0036982248520710057 0.010327795240233499
10 0.21930473372781065 0.6917377638078132 0.005917159763313609 0.00224517287831163
10 0.8463387573964497 0.6917377638078132 0.0018491124260355029 0.007633587786259542
1 0.5007396449704142 0.6921867983834755 0.022928994082840236 0.02918724741805119
10 0.7542529585798816 0.6921867983834755 0.0033284023668639054 0.007633587786259542
10 0.8751849112426036 0.6924113156713066 0.0025887573964497044 0.008082622361921869
10 0.853180473372781 0.6924113156713066 0.0022189349112426036 0.00898069151324652
10 0.652551775147929 0.692860350246969 0.0025887573964497044 0.007184553210597216
10 0.7805103550295858 0.6933093848226314 0.0033284023668639054 0.00898069151324652
1 0.8999630177514792 0.6933093848226314 0.0040680473372781065 0.00898069151324652
10 0.7477810650887574 0.6935339021104625 0.0029585798816568047 0.008531656937584195
10 0.6695636094674556 0.6937584193982936 0.0018491124260355029 0.006286484059272564
10 0.6307322485207101 0.6937584193982936 0.0025887573964497044 0.008082622361921869
10 0.7745931952662722 0.6935339021104625 0.0033284023668639054 0.009429726088908847
10 0.5506656804733728 0.6937584193982936 0.0014792899408284023 0.007184553210597216
10 0.6627218934911243 0.6939829366861249 0.0022189349112426036 0.008531656937584195
10 0.6580991124260355 0.694207453973956 0.0018491124260355029 0.00898069151324652
10 0.2065458579881657 0.694207453973956 0.00628698224852071 0.002694207453973956
10 0.6262943786982249 0.6946564885496184 0.0018491124260355029 0.007184553210597216
10 0.6017011834319527 0.6944319712617871 0.0029585798816568047 0.007633587786259542
10 0.34356508875739644 0.6953300404131119 0.005177514792899409 0.004041311180960934
10 0.5556582840236687 0.695554557700943 0.0025887573964497044 0.009878760664571173
10 0.5449334319526628 0.6953300404131119 0.0018491124260355029 0.007633587786259542
10 0.6061390532544378 0.695554557700943 0.0022189349112426036 0.008082622361921869
10 0.7239275147928994 0.6960035922766054 0.0018491124260355029 0.008082622361921869
10 0.6919378698224852 0.69690166142793 0.0014792899408284023 0.007184553210597216
10 0.6871301775147929 0.6971261787157611 0.0022189349112426036 0.00673551863493489
10 0.6802884615384616 0.698248765154917 0.0011094674556213018 0.00898069151324652
10 0.21893491124260356 0.698248765154917 0.005917159763313609 0.002694207453973956
10 0.6752958579881657 0.6984732824427481 0.0022189349112426036 0.009429726088908847
10 0.20617603550295857 0.7027391109115402 0.0070266272189349116 0.00449034575662326
10 0.42677514792899407 0.7029636281993713 0.0073964497041420114 0.004041311180960934
10 0.4400887573964497 0.7040862146385272 0.005177514792899409 0.002694207453973956
10 0.21967455621301776 0.7045352492141895 0.005177514792899409 0.002694207453973956
10 0.20562130177514792 0.7083520431073193 0.005177514792899409 0.00224517287831163
10 0.4404585798816568 0.7099236641221374 0.005917159763313609 0.002694207453973956
10 0.4260355029585799 0.7103726986977997 0.005177514792899409 0.001796138302649304
10 0.2202292899408284 0.7137404580152672 0.005547337278106509 0.004041311180960934
10 0.20562130177514792 0.7144140098787607 0.0073964497041420114 0.003592276605298608
1 0.4400887573964497 0.7166591827570723 0.008875739644970414 0.003592276605298608
10 0.4280695266272189 0.7177817691962282 0.007766272189349112 0.004041311180960934
1 0.25980029585798814 0.07207004939380332 0.004807692307692308 0.012123933542882801
10 0.21930473372781065 0.7193533902110463 0.0073964497041420114 0.005388414907947912
10 0.20543639053254437 0.7213740458015268 0.0070266272189349116 0.004041311180960934
1 0.24778106508875739 0.07229456668163449 0.0036982248520710057 0.011674898967220475
1 0.25388313609467456 0.07229456668163449 0.004807692307692308 0.011674898967220475
1 0.2644230769230769 0.07251908396946564 0.004437869822485207 0.012123933542882801
1 0.04955621301775148 0.7229456668163449 0.0022189349112426036 0.008082622361921869
10 0.07230029585798817 0.7229456668163449 0.0025887573964497044 0.007184553210597216
10 0.08284023668639054 0.7240682532555007 0.004437869822485207 0.009429726088908847
1 0.07803254437869822 0.7242927705433319 0.004437869822485207 0.011674898967220475
1 0.4254807692307692 0.7247418051189941 0.005547337278106509 0.003592276605298608
10 0.4400887573964497 0.72586439155815 0.006656804733727811 0.004041311180960934
10 0.2198594674556213 0.7263134261338123 0.00628698224852071 0.004041311180960934
10 0.2853180473372781 0.7265379434216435 0.0025887573964497044 0.006286484059272564
1 0.29031065088757396 0.727211495285137 0.0029585798816568047 0.007633587786259542
1 0.24204881656804733 0.07296811854512797 0.004807692307692308 0.01122586439155815
1 0.27588757396449703 0.07296811854512797 0.004437869822485207 0.013022002694207453
10 0.27403846153846156 0.7278850471486304 0.0022189349112426036 0.00898069151324652
10 0.2797707100591716 0.7285585990121239 0.0025887573964497044 0.008531656937584195
1 0.19471153846153846 0.7290076335877863 0.005547337278106509 0.003143242029636282
10 0.20747041420118342 0.7294566681634486 0.006656804733727811 0.003143242029636282
1 0.17252218934911243 0.7303547373147732 0.02329881656804734 0.025594970812752582
1 0.07766272189349112 0.07341715312079031 0.0029585798816568047 0.008531656937584195
1 0.4400887573964497 0.732824427480916 0.005917159763313609 0.003592276605298608
10 0.3515162721893491 0.7334979793444095 0.0033284023668639054 0.008531656937584195
10 0.3455991124260355 0.734171531207903 0.0018491124260355029 0.006286484059272564
10 0.2198594674556213 0.7346205657835654 0.005547337278106509 0.003592276605298608
10 0.3328402366863905 0.7348450830713965 0.0036982248520710057 0.007633587786259542
10 0.3396819526627219 0.7348450830713965 0.0025887573964497044 0.009429726088908847
1 0.1473742603550296 0.7359676695105523 0.0025887573964497044 0.00898069151324652
1 0.08912721893491124 0.07364167040862146 0.0029585798816568047 0.009878760664571173
10 0.08302514792899408 0.07409070498428379 0.0025887573964497044 0.008082622361921869
1 0.24056952662721892 0.7393354288280197 0.005547337278106509 0.010327795240233499
1 0.22078402366863906 0.7404580152671756 0.011094674556213017 0.003592276605298608
1 0.3905325443786982 0.07386618769645263 0.006656804733727811 0.004041311180960934
1 0.44027366863905326 0.7411315671306691 0.0070266272189349116 0.004041311180960934
1 0.05824704142011834 0.7447238437359677 0.021079881656804734 0.022900763358778626
10 0.3319156804733728 0.07566232599910193 0.007766272189349112 0.004939380332285586
1 0.20432692307692307 0.7516838796587337 0.009245562130177515 0.01347103726986978
10 0.34393491124260356 0.07566232599910193 0.005917159763313609 0.004041311180960934
10 0.18361686390532544 0.761787157611136 0.00628698224852071 0.004041311180960934
10 0.19600591715976332 0.7620116748989673 0.005177514792899409 0.002694207453973956
1 0.20802514792899407 0.767175572519084 0.0040680473372781065 0.009429726088908847
1 0.18435650887573965 0.7687471935339021 0.00628698224852071 0.00449034575662326
10 0.1971153846153846 0.7700942972608891 0.005177514792899409 0.002694207453973956
1 0.1845414201183432 0.7763807813201616 0.004437869822485207 0.002694207453973956
1 0.18472633136094674 0.7855859901212393 0.005547337278106509 0.003143242029636282
10 0.27958579881656803 0.7970363718006287 0.011834319526627219 0.01347103726986978
10 0.1819526627218935 0.804445442299057 0.0036982248520710057 0.009429726088908847
1 0.05732248520710059 0.8127525819488101 0.023668639053254437 0.024247867085765602
1 0.402551775147929 0.08149977548271217 0.008505917159763314 0.004041311180960934
10 0.34393491124260356 0.08239784463403682 0.0073964497041420114 0.003143242029636282
1 0.16605029585798817 0.8365514144589133 0.011094674556213017 0.00449034575662326
1 0.11131656804733728 0.8390211046250561 0.015532544378698224 0.004939380332285586
1 0.14940828402366865 0.8394701392007184 0.014053254437869823 0.008531656937584195
1 0.13997781065088757 0.08396946564885496 0.007766272189349112 0.003592276605298608
1 0.0308801775147929 0.8403682083520431 0.0070266272189349116 0.0058374494836102376
1 0.1658653846153846 0.844409519533004 0.007766272189349112 0.004939380332285586
1 0.10946745562130178 0.845756623259991 0.0073964497041420114 0.003143242029636282
1 0.9145710059171598 0.858105074090705 0.0073964497041420114 0.007184553210597216
10 0.17566568047337278 0.8612483161203413 0.005177514792899409 0.00449034575662326
1 0.09245562130177515 0.867759317467445 0.005177514792899409 0.003143242029636282
1 0.9378698224852071 0.867759317467445 0.009615384615384616 0.007633587786259542
10 0.08006656804733728 0.8749438706780422 0.008505917159763314 0.021104625056129322
10 0.0933801775147929 0.8758419398293669 0.00628698224852071 0.004041311180960934
1 0.5159023668639053 0.8789851818590031 0.030325443786982247 0.0327795240233498
10 0.0915310650887574 0.883026493039964 0.00628698224852071 0.00224517287831163
10 0.09245562130177515 0.8890884598114055 0.004437869822485207 0.002694207453973956
1 0.887758875739645 0.8904355635383925 0.00628698224852071 0.007184553210597216
1 0.7840236686390533 0.8922317018410417 0.0036982248520710057 0.00898069151324652
1 0.9049556213017751 0.892456219128873 0.0036982248520710057 0.013022002694207453
1 0.8982988165680473 0.8922317018410417 0.004437869822485207 0.011674898967220475
1 0.8520710059171598 0.892456219128873 0.0036982248520710057 0.007633587786259542
1 0.772189349112426 0.8926807364167041 0.005917159763313609 0.012572968118545127
1 0.8740754437869822 0.8929052537045352 0.0033284023668639054 0.007633587786259542
1 0.9112426035502958 0.8931297709923665 0.004437869822485207 0.015267175572519083
1 0.8080621301775148 0.8931297709923665 0.004437869822485207 0.00898069151324652
1 0.7429733727810651 0.8931297709923665 0.004437869822485207 0.008082622361921869
1 0.8293269230769231 0.8933542882801976 0.0040680473372781065 0.008531656937584195
1 0.840051775147929 0.8935788055680287 0.0040680473372781065 0.008082622361921869
1 0.6693786982248521 0.8935788055680287 0.008136094674556213 0.01706331387516839
1 0.06416420118343195 0.8940278401436911 0.013683431952662722 0.007184553210597216
1 0.8646449704142012 0.89380332285586 0.0022189349112426036 0.008531656937584195
1 0.05103550295857988 0.89380332285586 0.006656804733727811 0.004939380332285586
1 0.8182322485207101 0.89380332285586 0.0025887573964497044 0.008531656937584195
1 0.7193047337278107 0.8942523574315222 0.0036982248520710057 0.00673551863493489
1 0.7612795857988166 0.8942523574315222 0.007766272189349112 0.01122586439155815
1 0.7954881656804734 0.8942523574315222 0.006656804733727811 0.01122586439155815
1 0.7067307692307693 0.8949259092950157 0.0022189349112426036 0.014369106421194431
1 0.6364644970414202 0.8947013920071846 0.005917159763313609 0.014818140996856757
1 0.6015162721893491 0.8951504265828468 0.00628698224852071 0.013022002694207453
1 0.6569896449704142 0.8951504265828468 0.005547337278106509 0.013022002694207453
1 0.7488905325443787 0.8949259092950157 0.008875739644970414 0.011674898967220475
10 0.09245562130177515 0.8951504265828468 0.004437869822485207 0.00224517287831163
1 0.5697115384615384 0.8953749438706781 0.005547337278106509 0.010776829815895825
1 0.5780325443786982 0.8953749438706781 0.0073964497041420114 0.014369106421194431
1 0.6133505917159763 0.8951504265828468 0.0070266272189349116 0.01571621014818141
1 0.5467825443786982 0.8955994611585092 0.0040680473372781065 0.014818140996856757
1 0.5575073964497042 0.8958239784463403 0.0033284023668639054 0.012572968118545127
5 0.9313979289940828 0.8962730130220027 0.015902366863905327 0.020655590480466997
1 0.646819526627219 0.8969465648854962 0.0036982248520710057 0.01571621014818141
1 0.5889423076923077 0.8969465648854962 0.0070266272189349116 0.014818140996856757
1 0.06453402366863906 0.9009878760664571 0.0070266272189349116 0.003143242029636282
1 0.11889792899408284 0.9012123933542883 0.008505917159763314 0.002694207453973956
10 0.0930103550295858 0.9014369106421194 0.004807692307692308 0.00224517287831163
1 0.06527366863905325 0.9086214638527167 0.009245562130177515 0.004041311180960934
1 0.7198594674556213 0.9104176021553659 0.015902366863905327 0.01571621014818141
10 0.402551775147929 0.09115401885945218 0.004807692307692308 0.003592276605298608
10 0.34504437869822485 0.0916030534351145 0.005917159763313609 0.005388414907947912
1 0.6932322485207101 0.9117647058823529 0.029215976331360947 0.03188145487202514
1 0.7322485207100592 0.9122137404580153 0.0036982248520710057 0.003143242029636282
1 0.7871671597633136 0.9122137404580153 0.008505917159763314 0.003143242029636282
1 0.06564349112426035 0.9149079479119893 0.009985207100591717 0.00673551863493489
1 0.8709319526627219 0.9155814997754828 0.027366863905325445 0.03143242029636282
10 0.3916420118343195 0.0916030534351145 0.0073964497041420114 0.005388414907947912
1 0.9040310650887574 0.9220925011225864 0.029215976331360947 0.02828917826672654
10 0.053069526627218935 0.9279299506061967 0.009245562130177515 0.004041311180960934
12 0.8132396449704142 0.9295015716210148 0.008875739644970414 0.00898069151324652
10 0.43324704142011833 0.931073192635833 0.008505917159763314 0.003143242029636282
1 0.7072855029585798 0.9330938482263135 0.009245562130177515 0.01347103726986978
1 0.7871671597633136 0.9351145038167938 0.01220414201183432 0.0058374494836102376
1 0.05232988165680473 0.9357880556802873 0.007766272189349112 0.005388414907947912
12 0.6815828402366864 0.9369106421194432 0.005917159763313609 0.01122586439155815
10 0.7193047337278107 0.9384822631342613 0.005177514792899409 0.002694207453973956
1 0.7316937869822485 0.9387067804220925 0.010724852071005916 0.00673551863493489
5 0.7592455621301775 0.9420745397395599 0.02440828402366864 0.05478221823080377
10 0.19748520710059173 0.9427480916030534 0.0014792899408284023 0.00673551863493489
10 0.19323224852071005 0.9438706780422093 0.0018491124260355029 0.007184553210597216
10 0.09578402366863906 0.9447687471935339 0.0022189349112426036 0.006286484059272564
10 0.15458579881656806 0.9461158509205209 0.008136094674556213 0.00449034575662326
1 0.7300295857988166 0.9467894027840144 0.0073964497041420114 0.00224517287831163
10 0.71875 0.9467894027840144 0.005547337278106509 0.003143242029636282
1 0.786612426035503 0.9465648854961832 0.010355029585798817 0.007184553210597216
1 0.055288461538461536 0.9474629546475078 0.011464497041420118 0.007184553210597216
1 0.9336168639053254 0.9485855410866637 0.008505917159763314 0.01571621014818141
10 0.6808431952662722 0.9497081275258195 0.005177514792899409 0.002694207453973956
1 0.052144970414201186 0.9528513695554558 0.01257396449704142 0.007184553210597216
1 0.6993343195266272 0.9539739559946115 0.016272189349112426 0.019308486753480018
10 0.678439349112426 0.9566681634485855 0.00628698224852071 0.00224517287831163
10 0.9034763313609467 0.9575662325999101 0.004437869822485207 0.008531656937584195
12 0.15199704142011836 0.9577907498877414 0.008875739644970414 0.011674898967220475
12 0.20710059171597633 0.9591378536147284 0.006656804733727811 0.010776829815895825
10 0.16919378698224852 0.9591378536147284 0.0018491124260355029 0.00898069151324652
10 0.14201183431952663 0.9595868881903906 0.0014792899408284023 0.008082622361921869
12 0.1904585798816568 0.9595868881903906 0.006656804733727811 0.011674898967220475
10 0.16420118343195267 0.9595868881903906 0.0029585798816568047 0.008082622361921869
10 0.1812130177514793 0.9595868881903906 0.0022189349112426036 0.009878760664571173
10 0.11298076923076923 0.9595868881903906 0.0025887573964497044 0.008082622361921869
10 0.13036242603550297 0.9595868881903906 0.0025887573964497044 0.00898069151324652
10 0.10743343195266272 0.9598114054782219 0.0018491124260355029 0.00673551863493489
10 0.13590976331360946 0.9598114054782219 0.0025887573964497044 0.00673551863493489
10 0.08949704142011834 0.960035922766053 0.0014792899408284023 0.00898069151324652
10 0.10114644970414201 0.9602604400538841 0.0025887573964497044 0.007633587786259542
10 0.1246301775147929 0.9604849573417154 0.0029585798816568047 0.008082622361921869
1 0.09578402366863906 0.9609339919173776 0.0022189349112426036 0.008082622361921869
10 0.11908284023668639 0.96138302649304 0.0029585798816568047 0.009878760664571173
10 0.6910133136094675 0.9645262685226762 0.00628698224852071 0.001796138302649304
10 0.6797337278106509 0.9649753030983386 0.006656804733727811 0.002694207453973956
1 0.7324334319526628 0.966995958688819 0.011464497041420118 0.007633587786259542
1 0.9288091715976331 0.9678940278401437 0.009985207100591717 0.01122586439155815
10 0.4291789940828402 0.9692411315671307 0.008505917159763314 0.004041311180960934
1 0.8886834319526628 0.9701392007184553 0.0073964497041420114 0.004939380332285586
10 0.4406434911242604 0.97103726986978 0.0070266272189349116 0.004041311180960934
1 0.9005177514792899 0.9708127525819488 0.006656804733727811 0.00449034575662326
10 0.6799186390532544 0.9708127525819488 0.005547337278106509 0.002694207453973956
10 0.6913831360946746 0.97103726986978 0.007766272189349112 0.00224517287831163
12 0.9473002958579881 0.9708127525819488 0.018121301775147928 0.02334979793444095
12 0.21042899408284024 0.9744050291872475 0.006656804733727811 0.007184553210597216
10 0.4286242603550296 0.9777727885047148 0.008136094674556213 0.003143242029636282
10 0.4389792899408284 0.9791198922317018 0.0073964497041420114 0.003143242029636282
10 0.44286242603550297 0.9854063762909744 0.009985207100591717 0.004041311180960934
10 0.21875 0.9874270318814549 0.005547337278106509 0.003592276605298608
10 0.20673076923076922 0.9878760664571172 0.005917159763313609 0.005388414907947912
10 0.4055103550295858 0.09878760664571172 0.009985207100591717 0.005388414907947912
10 0.3925665680473373 0.09968567579703637 0.008505917159763314 0.003592276605298608
10 0.3901627218934911 0.10552312528064661 0.0036982248520710057 0.001796138302649304
10 0.4032914201183432 0.10731926358329591 0.0070266272189349116 0.002694207453973956
1 0.30232988165680474 0.10911540188594522 0.010724852071005916 0.006286484059272564
1 0.27662721893491127 0.11180960933991918 0.013313609467455622 0.01796138302649304
1 0.20099852071005916 0.11360574764256848 0.014423076923076924 0.007184553210597216
10 0.04659763313609468 0.11427929950606197 0.0073964497041420114 0.004041311180960934
1 0.060650887573964495 0.11540188594521779 0.01257396449704142 0.005388414907947912
10 0.17825443786982248 0.11629995509654244 0.0070266272189349116 0.00449034575662326
1 0.28994082840236685 0.11697350696003592 0.011834319526627219 0.0058374494836102376
1 0.3032544378698225 0.11742254153569825 0.010355029585798817 0.008531656937584195
1 0.21745562130177515 0.11876964526268523 0.014053254437869823 0.013022002694207453
1 0.8542899408284024 0.11944319712617872 0.005177514792899409 0.009878760664571173
10 0.0602810650887574 0.12236192186798384 0.006656804733727811 0.004041311180960934
1 0.2906804733727811 0.12415806017063313 0.010355029585798817 0.007633587786259542
1 0.3025147928994083 0.12415806017063313 0.011094674556213017 0.0058374494836102376
1 0.17880917159763313 0.12528064660978896 0.0070266272189349116 0.003592276605298608
10 0.060650887573964495 0.12887292321508756 0.005917159763313609 0.002694207453973956
5 0.8402366863905325 0.13022002694207455 0.016272189349112426 0.01706331387516839
1 0.29031065088757396 0.13066906151773686 0.005917159763313609 0.002694207453973956
1 0.30177514792899407 0.1315671306690615 0.006656804733727811 0.003592276605298608
1 0.22725591715976332 0.13403682083520432 0.015902366863905327 0.01661427929950606
5 0.1261094674556213 0.1347103726986978 0.08210059171597633 0.05837449483610238
10 0.0602810650887574 0.13650651100134711 0.004437869822485207 0.002694207453973956
1 0.261094674556213 0.13695554557700942 0.0029585798816568047 0.009878760664571173
1 0.32747781065088755 0.13740458015267176 0.011464497041420118 0.007184553210597216
10 0.31527366863905326 0.13762909744050292 0.011464497041420118 0.00673551863493489
1 0.27921597633136097 0.13785361472833407 0.0036982248520710057 0.009878760664571173
1 0.2912352071005917 0.13762909744050292 0.00628698224852071 0.004041311180960934
1 0.2727440828402367 0.13807813201616526 0.0033284023668639054 0.008531656937584195
1 0.3021449704142012 0.13807813201616526 0.006656804733727811 0.00224517287831163
1 0.2675665680473373 0.1383026493039964 0.0025887573964497044 0.007184553210597216
1 0.25610207100591714 0.1383026493039964 0.00628698224852071 0.016165244723843737
1 0.2444526627218935 0.1383026493039964 0.006656804733727811 0.01347103726986978
10 0.2505547337278107 0.1389762011674899 0.00628698224852071 0.014818140996856757
1 0.3025147928994083 0.14301751234845084 0.004437869822485207 0.00224517287831163
10 0.0610207100591716 0.14369106421194433 0.006656804733727811 0.00449034575662326
1 0.17899408284023668 0.14391558149977549 0.011834319526627219 0.010327795240233499
1 0.32747781065088755 0.14458913336326898 0.010724852071005916 0.007184553210597216
10 0.3150887573964497 0.14481365065110013 0.011834319526627219 0.007633587786259542
1 0.29031065088757396 0.14548720251459363 0.005917159763313609 0.003592276605298608
1 0.9182692307692307 0.14773237539290526 0.0036982248520710057 0.007184553210597216
12 0.8953402366863905 0.1486304445442299 0.0073964497041420114 0.01347103726986978
1 0.8709319526627219 0.14907947911989222 0.0029585798816568047 0.008082622361921869
10 0.06157544378698225 0.14952851369555456 0.0070266272189349116 0.003592276605298608
1 0.8522559171597633 0.15020206555904805 0.0033284023668639054 0.007633587786259542
1 0.84375 0.1511001347103727 0.00628698224852071 0.004041311180960934
10 0.2760724852071006 0.15446789402784014 0.004807692307692308 0.012572968118545127
10 0.28254437869822485 0.1553659631791648 0.005177514792899409 0.011674898967220475
10 0.270155325443787 0.15603951504265828 0.0033284023668639054 0.009429726088908847
10 0.0610207100591716 0.15738661876964527 0.006656804733727811 0.004041311180960934
1 0.9103180473372781 0.16636731028289178 0.0040680473372781065 0.009429726088908847
1 0.858542899408284 0.16726537943421643 0.0025887573964497044 0.00673551863493489
1 0.8407914201183432 0.1674898967220476 0.0033284023668639054 0.007184553210597216
1 0.8862795857988166 0.1674898967220476 0.0033284023668639054 0.007184553210597216
1 0.8526257396449705 0.16816344858554108 0.0029585798816568047 0.00673551863493489
1 0.8688979289940828 0.16816344858554108 0.0025887573964497044 0.0058374494836102376
1 0.834689349112426 0.16906151773686573 0.0014792899408284023 0.007633587786259542
10 0.0602810650887574 0.1692860350246969 0.005917159763313609 0.003592276605298608
10 0.07230029585798817 0.17063313875168387 0.005547337278106509 0.003592276605298608
10 0.0610207100591716 0.17759317467444993 0.006656804733727811 0.004041311180960934
10 0.07377958579881656 0.17826672653794343 0.005547337278106509 0.003592276605298608
1 0.09393491124260354 0.18073641670408622 0.014053254437869823 0.021104625056129322
1 0.7017381656804734 0.18118545127974853 0.029955621301775148 0.04176021553659632
1 0.13535502958579881 0.18073641670408622 0.006656804733727811 0.014818140996856757
5 0.7949334319526628 0.18343062415806016 0.01886094674556213 0.01661427929950606
12 0.863905325443787 0.1838796587337225 0.005917159763313609 0.007633587786259542
10 0.07267011834319527 0.1843286933093848 0.0070266272189349116 0.00224517287831163
12 0.8783284023668639 0.18477772788504715 0.006656804733727811 0.01122586439155815
12 0.8927514792899408 0.1852267624607095 0.0073964497041420114 0.009429726088908847
12 0.9069896449704142 0.1856757970363718 0.008505917159763314 0.010327795240233499
1 0.8354289940828402 0.18612483161203414 0.0029585798816568047 0.007633587786259542
1 0.853180473372781 0.18657386618769645 0.0036982248520710057 0.010327795240233499
1 0.8276627218934911 0.1874719353390211 0.0014792899408284023 0.008531656937584195
1 0.6486686390532544 0.1874719353390211 0.0029585798816568047 0.00673551863493489
10 0.6421967455621301 0.18881903906600808 0.0025887573964497044 0.008531656937584195
1 0.8150887573964497 0.18949259092950158 0.0022189349112426036 0.00898069151324652
10 0.8282174556213018 0.1984732824427481 0.0018491124260355029 0.009878760664571173
10 0.8345044378698225 0.1984732824427481 0.0025887573964497044 0.009878760664571173
12 0.9289940828402367 0.20296362819937136 0.008875739644970414 0.011674898967220475
1 0.7339127218934911 0.20318814548720252 0.027736686390532544 0.030983385720700495
1 0.9489644970414202 0.203861697350696 0.0029585798816568047 0.010776829815895825
1 0.6046597633136095 0.20408621463852716 0.006656804733727811 0.004041311180960934
10 0.941198224852071 0.20431073192635832 0.0029585798816568047 0.00898069151324652
10 0.821930473372781 0.205208801077683 0.0025887573964497044 0.008082622361921869
1 0.807137573964497 0.2063313875168388 0.0033284023668639054 0.009429726088908847
10 0.8422707100591716 0.2070049393803323 0.0033284023668639054 0.009878760664571173
10 0.8160133136094675 0.20722945666816345 0.0018491124260355029 0.010327795240233499
10 0.8542899408284024 0.20722945666816345 0.0029585798816568047 0.007633587786259542
1 0.41383136094674555 0.2070049393803323 0.011834319526627219 0.008082622361921869
10 0.8480029585798816 0.20722945666816345 0.0029585798816568047 0.008531656937584195
10 0.8607618343195266 0.20722945666816345 0.0025887573964497044 0.007633587786259542
1 0.3999630177514793 0.2074539739559946 0.011464497041420118 0.008082622361921869
1 0.3875739644970414 0.20767849124382579 0.011834319526627219 0.007633587786259542
1 0.7897559171597633 0.20835204310731925 0.0033284023668639054 0.009878760664571173
1 0.6033653846153846 0.20925011225864393 0.00628698224852071 0.003592276605298608
5 0.5857988165680473 0.21082173327346207 0.005917159763313609 0.013920071845532105
10 0.4400887573964497 0.21329142343960486 0.011094674556213017 0.006286484059272564
1 0.38720414201183434 0.21463852716659182 0.010355029585798817 0.007184553210597216
1 0.09985207100591716 0.214863044454423 0.028106508875739646 0.04445442299057027
10 0.6044748520710059 0.21755725190839695 0.008505917159763314 0.004041311180960934
10 0.4404585798816568 0.2195779074988774 0.01257396449704142 0.007184553210597216
1 0.45247781065088755 0.21980242478670858 0.01220414201183432 0.00673551863493489
10 0.8541050295857988 0.2202514593623709 0.0025887573964497044 0.00673551863493489
10 0.8492973372781065 0.22070049393803323 0.0018491124260355029 0.007633587786259542
10 0.8603920118343196 0.22047597665020208 0.0033284023668639054 0.007184553210597216
10 0.9188239644970414 0.2209250112258644 0.0003698224852071006 0.008082622361921869
10 0.946560650887574 0.2209250112258644 0.0018491124260355029 0.008082622361921869
10 0.9421227810650887 0.22114952851369554 0.0011094674556213018 0.008531656937584195
10 0.375 0.22114952851369554 0.009615384615384616 0.00673551863493489
10 0.9369452662721893 0.22114952851369554 0.0011094674556213018 0.008531656937584195
10 0.9511834319526628 0.22137404580152673 0.0022189349112426036 0.008082622361921869
10 0.821930473372781 0.22137404580152673 0.0033284023668639054 0.00898069151324652
10 0.9249260355029586 0.22137404580152673 0.0022189349112426036 0.00898069151324652
1 0.8296967455621301 0.22159856308935788 0.0018491124260355029 0.009429726088908847
10 0.3875739644970414 0.22204759766502022 0.011094674556213017 0.00673551863493489
10 0.8158284023668639 0.22182308037718904 0.0029585798816568047 0.008082622361921869
1 0.3635355029585799 0.22159856308935788 0.006656804733727811 0.004939380332285586
10 0.9295488165680473 0.22227211495285137 0.0011094674556213018 0.008082622361921869
1 0.8354289940828402 0.22227211495285137 0.0022189349112426036 0.00898069151324652
10 0.8424556213017751 0.22317018410417602 0.0029585798816568047 0.008082622361921869
1 0.8084319526627219 0.224517287831163 0.004437869822485207 0.015267175572519083
1 0.7013683431952663 0.22608890884598115 0.027736686390532544 0.040862146385271664
1 0.45340236686390534 0.2263134261338123 0.011834319526627219 0.006286484059272564
10 0.4408284023668639 0.2269869779973058 0.011834319526627219 0.007633587786259542
10 0.38738905325443784 0.22833408172429276 0.008505917159763314 0.003143242029636282
1 0.23206360946745563 0.22833408172429276 0.03217455621301775 0.04355635383924562
10 0.3757396449704142 0.22855859901212394 0.010355029585798817 0.007184553210597216
1 0.3620562130177515 0.22968118545127975 0.006656804733727811 0.004041311180960934
12 0.6316568047337278 0.23035473731477324 0.022928994082840236 0.028738212842388863
1 0.45340236686390534 0.23394701392007183 0.011834319526627219 0.007184553210597216
1 0.441198224852071 0.23439604849573417 0.010355029585798817 0.007184553210597216
10 0.3864644970414201 0.23439604849573417 0.006656804733727811 0.002694207453973956
10 0.3755547337278107 0.23551863493488998 0.0070266272189349116 0.003143242029636282
1 0.3635355029585799 0.23574315222272116 0.004437869822485207 0.002694207453973956
10 0.48409763313609466 0.24135608441850023 0.005917159763313609 0.004041311180960934
1 0.4530325443786982 0.24113156713066905 0.0073964497041420114 0.003592276605298608
10 0.441198224852071 0.24113156713066905 0.010355029585798817 0.007184553210597216
5 0.413646449704142 0.24292770543331837 0.01960059171597633 0.05208801077682981
1 0.1786242603550296 0.24382577458464302 0.0073964497041420114 0.00449034575662326
12 0.5726701183431953 0.24449932644813652 0.021819526627218935 0.03188145487202514
10 0.602810650887574 0.24651998203861697 0.005177514792899409 0.005388414907947912
10 0.44138313609467456 0.24831612034126627 0.010724852071005916 0.008082622361921869
1 0.4532174556213018 0.24854063762909745 0.004807692307692308 0.003143242029636282
1 0.3875739644970414 0.24921418949259094 0.010355029585798817 0.007184553210597216
10 0.4796597633136095 0.25056129321957793 0.005917159763313609 0.003592276605298608
1 0.16161242603550297 0.2541535698248765 0.004437869822485207 0.005388414907947912
1 0.45340236686390534 0.25482712168837 0.0036982248520710057 0.00224517287831163
1 0.441198224852071 0.256174225415357 0.008875739644970414 0.004939380332285586
10 0.37518491124260356 0.2568477772788505 0.005547337278106509 0.003592276605298608
1 0.5330991124260355 0.2570722945666816 0.03439349112426036 0.03367759317467445
1 0.36372041420118345 0.2577458464301751 0.0070266272189349116 0.00449034575662326
1 0.48095414201183434 0.25819488100583743 0.004807692307692308 0.002694207453973956
1 0.4526627218934911 0.2622361921867984 0.006656804733727811 0.002694207453973956
10 0.44175295857988167 0.2626852267624607 0.012943786982248521 0.007184553210597216
10 0.6020710059171598 0.2633587786259542 0.0073964497041420114 0.004939380332285586
10 0.6505177514792899 0.26493039964077236 0.0036982248520710057 0.00898069151324652
1 0.3744452662721893 0.26493039964077236 0.008505917159763314 0.003592276605298608
1 0.3635355029585799 0.2651549169286035 0.005917159763313609 0.00224517287831163
10 0.45395710059171596 0.26986977997305794 0.010724852071005916 0.006286484059272564
10 0.441198224852071 0.27031881454872025 0.011834319526627219 0.007184553210597216
1 0.7069156804733728 0.27099236641221375 0.028476331360946745 0.03547373147732375
1 0.3624260355029586 0.27144140098787606 0.006656804733727811 0.004939380332285586
1 0.5695266272189349 0.27144140098787606 0.008136094674556213 0.004939380332285586
10 0.37370562130177515 0.27166591827570724 0.0070266272189349116 0.003592276605298608
1 0.4415680473372781 0.276829815895824 0.011094674556213017 0.0058374494836102376
1 0.6497781065088757 0.2784014369106421 0.004437869822485207 0.009878760664571173
10 0.37333579881656803 0.2792995060619668 0.0070266272189349116 0.003592276605298608
1 0.6035502958579881 0.2792995060619668 0.008136094674556213 0.00449034575662326
1 0.5689718934911243 0.2797485406376291 0.005547337278106509 0.002694207453973956
5 0.5856139053254438 0.2801975752132914 0.00628698224852071 0.015267175572519083
1 0.11427514792899408 0.2853614728334082 0.008136094674556213 0.004939380332285586
1 0.17991863905325445 0.2871576111360575 0.007766272189349112 0.003143242029636282
1 0.5658284023668639 0.28783116299955097 0.006656804733727811 0.003592276605298608
1 0.46671597633136097 0.28805568028738215 0.011834319526627219 0.0058374494836102376
10 0.44138313609467456 0.2882801975752133 0.01220414201183432 0.006286484059272564
10 0.45377218934911245 0.28850471486304446 0.011094674556213017 0.0058374494836102376
10 0.4282544378698225 0.28850471486304446 0.008875739644970414 0.004939380332285586
1 0.11335059171597633 0.29254602604400537 0.00628698224852071 0.00224517287831163
1 0.45284763313609466 0.2954647507858105 0.005547337278106509 0.001796138302649304
1 0.4293639053254438 0.2954647507858105 0.0073964497041420114 0.003592276605298608
1 0.44212278106508873 0.29591378536147284 0.004807692307692308 0.002694207453973956
1 0.46708579881656803 0.29591378536147284 0.010355029585798817 0.00898069151324652
10 0.18010355029585798 0.296138302649304 0.005917159763313609 0.003143242029636282
1 0.11205621301775148 0.2990570273911091 0.005177514792899409 0.002694207453973956
5 0.49463757396449703 0.3022002694207454 0.04105029585798817 0.07723394701392007
12 0.6312869822485208 0.3024247867085766 0.019970414201183433 0.0327795240233498
10 0.4665310650887574 0.3024247867085766 0.0040680473372781065 0.003143242029636282
10 0.4532174556213018 0.3024247867085766 0.0070266272189349116 0.003143242029636282
1 0.8058431952662722 0.3024247867085766 0.008875739644970414 0.0058374494836102376
1 0.8611316568047337 0.30309833857207 0.00628698224852071 0.003592276605298608
10 0.17917899408284024 0.3042209250112259 0.00628698224852071 0.004041311180960934
1 0.8443047337278107 0.304445442299057 0.0014792899408284023 0.007184553210597216
1 0.8241494082840237 0.3046699595868882 0.0025887573964497044 0.00673551863493489
1 0.8180473372781065 0.3051189941625505 0.0029585798816568047 0.00673551863493489
1 0.8339497041420119 0.3053435114503817 0.0022189349112426036 0.005388414907947912
1 0.840051775147929 0.3060170633138752 0.0033284023668639054 0.007633587786259542
1 0.8291420118343196 0.3060170633138752 0.0029585798816568047 0.00673551863493489
1 0.45395710059171596 0.3093848226313426 0.007766272189349112 0.005388414907947912
10 0.46671597633136097 0.3100583744948361 0.005917159763313609 0.003143242029636282
1 0.16161242603550297 0.3111809609339919 0.005917159763313609 0.00449034575662326
12 0.5732248520710059 0.3114054782218231 0.021449704142011833 0.027391109115401886
1 0.09504437869822485 0.31207903008531657 0.006656804733727811 0.003592276605298608
1 0.8592825443786982 0.31275258194881006 0.007766272189349112 0.004939380332285586
1 0.8067677514792899 0.31409968567579705 0.0070266272189349116 0.004041311180960934
10 0.6039201183431953 0.31544678940278403 0.0073964497041420114 0.004939380332285586
10 0.4656065088757396 0.31589582397844634 0.005177514792899409 0.003143242029636282
10 0.4535872781065089 0.3161203412662775 0.00628698224852071 0.002694207453973956
1 0.7106139053254438 0.31701841041760215 0.026997041420118342 0.028738212842388863
1 0.8468934911242604 0.31836551414458913 0.0029585798816568047 0.005388414907947912
1 0.8293269230769231 0.31903906600808263 0.0033284023668639054 0.00673551863493489
1 0.8404215976331361 0.3197126178715761 0.0018491124260355029 0.007184553210597216
1 0.8171227810650887 0.31993713515940725 0.0025887573964497044 0.004939380332285586
1 0.8350591715976331 0.3197126178715761 0.0029585798816568047 0.006286484059272564
1 0.8234097633136095 0.3203861697350696 0.0025887573964497044 0.007633587786259542
1 0.8043639053254438 0.3208352043107319 0.005177514792899409 0.003143242029636282
1 0.8637204142011834 0.32195779074988773 0.0040680473372781065 0.002694207453973956
10 0.4526627218934911 0.3228558599012124 0.004437869822485207 0.002694207453973956
10 0.4669008875739645 0.32308037718904353 0.009985207100591717 0.00673551863493489
10 0.3805473372781065 0.3246519982038617 0.011834319526627219 0.007184553210597216
1 0.8045488165680473 0.3275707229456668 0.0033284023668639054 0.00224517287831163
1 0.8633505917159763 0.3289178266726538 0.005547337278106509 0.00224517287831163
10 0.45377218934911245 0.3293668612483161 0.005917159763313609 0.003143242029636282
10 0.4672707100591716 0.3295913785361473 0.010724852071005916 0.005388414907947912
1 0.8150887573964497 0.3295913785361473 0.004437869822485207 0.001796138302649304
10 0.4297337278106509 0.33048944768747196 0.005177514792899409 0.003592276605298608
1 0.44175295857988167 0.3313875168387966 0.007766272189349112 0.003592276605298608
10 0.3807322485207101 0.3320610687022901 0.010724852071005916 0.007633587786259542
1 0.6740014792899408 0.33340817242927706 0.007766272189349112 0.003143242029636282
1 0.8028846153846154 0.33363268971710824 0.005177514792899409 0.003592276605298608
10 0.6018860946745562 0.33363268971710824 0.009985207100591717 0.00449034575662326
10 0.46597633136094674 0.33542882801975754 0.004437869822485207 0.003592276605298608
1 0.8648298816568047 0.33632689717108216 0.005547337278106509 0.002694207453973956
10 0.45395710059171596 0.33655141445891334 0.00628698224852071 0.003143242029636282
1 0.8152736686390533 0.3367759317467445 0.005547337278106509 0.002694207453973956
10 0.4415680473372781 0.33834755276156264 0.005917159763313609 0.004041311180960934
10 0.38147189349112426 0.33947013920071845 0.01220414201183432 0.007184553210597216
1 0.8036242603550295 0.34059272563987425 0.005177514792899409 0.00224517287831163
10 0.4656065088757396 0.34193982936686124 0.005917159763313609 0.001347103726986978
1 0.6741863905325444 0.34261338123035473 0.006656804733727811 0.003592276605298608
1 0.8642751479289941 0.3428378985181859 0.006656804733727811 0.00224517287831163
1 0.45395710059171596 0.3432869330938482 0.0070266272189349116 0.003143242029636282
1 0.816198224852071 0.3435114503816794 0.005177514792899409 0.002694207453973956
10 0.44212278106508873 0.344409519533004 0.0070266272189349116 0.003592276605298608
1 0.3809171597633136 0.3462056578356533 0.011834319526627219 0.007184553210597216
1 0.4661612426035503 0.3480017961383027 0.004807692307692308 0.003592276605298608
1 0.8049186390532544 0.3486753480017961 0.007766272189349112 0.00224517287831163
1 0.5342085798816568 0.349797934440952 0.029215976331360947 0.042209250112258644
5 0.5876479289940828 0.3500224517287831 0.008136094674556213 0.014818140996856757
1 0.8156434911242604 0.3500224517287831 0.005547337278106509 0.003143242029636282
1 0.8650147928994083 0.3513695554557701 0.005917159763313609 0.003143242029636282
1 0.3809171597633136 0.3524921418949259 0.011834319526627219 0.007184553210597216
1 0.6055843195266272 0.35294117647058826 0.007766272189349112 0.007184553210597216
1 0.8036242603550295 0.3549618320610687 0.005177514792899409 0.00224517287831163
1 0.6497781065088757 0.35585990121239336 0.0022189349112426036 0.009429726088908847
1 0.8633505917159763 0.3574315222272115 0.005547337278106509 0.002694207453973956
2 0.13775887573964496 0.35900314324202964 0.02625739644970414 0.33722496632240684
1 0.7104289940828402 0.35945217781769195 0.03550295857988166 0.037269869779973056
1 0.8406065088757396 0.36012572968118545 0.0022189349112426036 0.008082622361921869
1 0.8171227810650887 0.36012572968118545 0.0025887573964497044 0.008082622361921869
10 0.3805473372781065 0.36057476425684776 0.009615384615384616 0.006286484059272564
1 0.8226701183431953 0.36124831612034125 0.0040680473372781065 0.007633587786259542
1 0.8293269230769231 0.3610237988325101 0.0025887573964497044 0.007184553210597216
1 0.834689349112426 0.36124831612034125 0.0022189349112426036 0.00673551863493489
10 0.6050295857988166 0.36147283340817243 0.008136094674556213 0.003592276605298608
1 0.8043639053254438 0.36124831612034125 0.006656804733727811 0.00224517287831163
2 0.2718195266272189 0.36147283340817243 0.04437869822485207 0.33947013920071845
10 0.4230769230769231 0.3621463852716659 0.010355029585798817 0.008531656937584195
2 0.3356139053254438 0.3628199371351594 0.035133136094674555 0.3421643466546924
2 0.06971153846153846 0.36304445442299055 0.035133136094674555 0.33991917377638076
2 0.20229289940828402 0.36551414458913334 0.03328402366863906 0.3421643466546924
10 0.38110207100591714 0.3668612483161203 0.011464497041420118 0.006286484059272564
1 0.8073224852071006 0.370453524921419 0.008875739644970414 0.006286484059272564
1 0.4230769230769231 0.3722496632240683 0.006656804733727811 0.006286484059272564
1 0.8574334319526628 0.3720251459362371 0.0040680473372781065 0.009429726088908847
1 0.865569526627219 0.37292321508756177 0.004807692307692308 0.012123933542882801
1 0.44803994082840237 0.3731477323753929 0.03143491124260355 0.0431073192635833
1 0.3812869822485207 0.37404580152671757 0.011834319526627219 0.00898069151324652
1 0.8407914201183432 0.3756174225415357 0.0033284023668639054 0.007633587786259542
1 0.8352440828402367 0.3762909744050292 0.0025887573964497044 0.007184553210597216
1 0.8293269230769231 0.3762909744050292 0.0025887573964497044 0.006286484059272564
1 0.8239644970414202 0.37606645711719805 0.0029585798816568047 0.007633587786259542
1 0.8180473372781065 0.3762909744050292 0.0036982248520710057 0.006286484059272564
12 0.6283284023668639 0.37876066457117197 0.020710059171597635 0.026493039964077234
1 0.8078772189349113 0.37943421643466546 0.007766272189349112 0.00449034575662326
12 0.5741494082840237 0.38145487202514594 0.020340236686390532 0.02918724741805119
10 0.42270710059171596 0.3816793893129771 0.005917159763313609 0.00449034575662326
10 0.4228920118343195 0.3881903906600808 0.00628698224852071 0.003143242029636282
1 0.38036242603550297 0.3913336326897171 0.009985207100591717 0.007633587786259542
10 0.6018860946745562 0.40345756623259993 0.009245562130177515 0.004041311180960934
1 0.7130177514792899 0.40637629097440503 0.026627218934911243 0.03771890435563539
1 0.38110207100591714 0.4101930848675348 0.009985207100591717 0.00673551863493489
1 0.4223372781065089 0.417377638078132 0.0073964497041420114 0.0058374494836102376
1 0.4532174556213018 0.41962281095644366 0.03217455621301775 0.03816793893129771
10 0.4223372781065089 0.429726088908846 0.0073964497041420114 0.002694207453973956
1 0.3805473372781065 0.42995060619667713 0.009615384615384616 0.00673551863493489
10 0.42418639053254437 0.4375841939829367 0.006656804733727811 0.004041311180960934
10 0.37666420118343197 0.4418500224517288 0.0025887573964497044 0.00898069151324652
1 0.38295118343195267 0.44207453973955996 0.005547337278106509 0.012123933542882801
1 0.4243713017751479 0.44521778176919624 0.005547337278106509 0.004041311180960934
1 0.6632766272189349 0.44701392007184554 0.007766272189349112 0.0058374494836102376