1 0.916294088425236 0.3749535488665923 0.014406358668653751 0.005202526941657376
10 0.6788375558867362 0.0379041248606466 0.009438648782911079 0.013377926421404682
1 0.9153005464480874 0.3799702712746191 0.015399900645802286 0.005574136008918618
10 0.273224043715847 0.039204756596060944 0.006954793840039742 0.010776662950575994
10 0.2819175360158967 0.039204756596060944 0.007451564828614009 0.012263099219620958
10 0.4210134128166915 0.3909327387588257 0.017386984600099353 0.006688963210702341
10 0.2630402384500745 0.039576365663322184 0.007451564828614009 0.010776662950575994
1 0.5380029806259314 0.4052396878483835 0.18082463984103328 0.13117800074321814
10 0.26105315449577743 0.4115570419918246 0.015399900645802286 0.004830917874396135
1 0.2938400397416791 0.41174284652545523 0.015399900645802286 0.005202526941657376
1 0.3102334823646299 0.4123002601263471 0.014406358668653751 0.005574136008918618
1 0.9118231495280675 0.4182460052025269 0.015399900645802286 0.005574136008918618
1 0.31892697466467956 0.42177629134150874 0.00894187779433681 0.011148272017837236
10 0.2873820168902136 0.4223337049424006 0.008445106805762544 0.010033444816053512
10 0.29582712369597614 0.42251950947603123 0.00546448087431694 0.00966183574879227
10 0.342026825633383 0.42251950947603123 0.007451564828614009 0.010405053883314752
1 0.3286140089418778 0.4227053140096618 0.006458022851465474 0.010033444816053512
10 0.33482364629905614 0.4230769230769231 0.005961251862891207 0.010033444816053512
10 0.312220566318927 0.4230769230769231 0.006458022851465474 0.00929022668153103
10 0.30228514654744165 0.4230769230769231 0.007451564828614009 0.008547008547008548
10 0.2707401887729757 0.4232627276105537 0.007948335817188276 0.00966183574879227
10 0.2799304520615996 0.4236343366778149 0.007451564828614009 0.011148272017837236
1 0.9118231495280675 0.4241917502787068 0.014406358668653751 0.0063173541434411
2 0.9547938400397417 0.4243775548123374 0.058618976651763535 0.15384615384615385
10 0.2627918529557874 0.42456335934596806 0.006954793840039742 0.008547008547008548
1 0.43616492796820666 0.431438127090301 0.01788375558867362 0.006688963210702341
10 0.28315946348733234 0.4331103678929766 0.007948335817188276 0.010033444816053512
10 0.2968206656731247 0.4334819769602378 0.006458022851465474 0.010776662950575994
10 0.3301043219076006 0.43403939056112967 0.006458022851465474 0.011148272017837236
1 0.32389468455042225 0.4342251950947603 0.005961251862891207 0.011519881085098476
10 0.27049180327868855 0.43403939056112967 0.007451564828614009 0.011891490152359718
10 0.30402384500745155 0.43403939056112967 0.006954793840039742 0.011148272017837236
1 0.2906110283159464 0.4342251950947603 0.006954793840039742 0.012263099219620958
1 0.31718827620466966 0.4342251950947603 0.006458022851465474 0.010776662950575994
10 0.3107302533532042 0.4344109996283909 0.007451564828614009 0.011891490152359718
10 0.27719821162444114 0.43459680416202157 0.006954793840039742 0.011519881085098476
10 0.2635370094386488 0.4360832404310665 0.007451564828614009 0.010776662950575994
1 0.3452558370591157 0.442214790040877 0.014903129657228018 0.005202526941657376
1 0.912816691505216 0.44704570791527315 0.014406358668653751 0.004459308807134894
1 0.34575260804769004 0.44797473058342624 0.015896671634376552 0.005574136008918618
1 0.4056135121708892 0.45020438498699367 0.01639344262295082 0.005574136008918618
10 0.34475906607054146 0.45261984392419174 0.013909587680079483 0.004459308807134894
10 0.41604570293094884 0.04552211073950204 0.015399900645802286 0.005574136008918618
10 0.3455042225534029 0.45726495726495725 0.015399900645802286 0.004830917874396135
1 0.399652260307998 0.458379784466741 0.007451564828614009 0.00929022668153103
10 0.9133134624937904 0.4591230026012635 0.006458022851465474 0.010033444816053512
1 0.9197714853452559 0.45968041620215533 0.006458022851465474 0.011148272017837236
10 0.3455042225534029 0.46246748420661465 0.014406358668653751 0.004830917874396135
1 0.6870342771982116 0.04663693794128577 0.006954793840039742 0.010033444816053512
1 0.3452558370591157 0.4674842066146414 0.015896671634376552 0.004459308807134894
10 0.594883258817685 0.4708286882199926 0.015399900645802286 0.005202526941657376
10 0.34575260804769004 0.47250092902266816 0.014903129657228018 0.004830917874396135
10 0.9157973174366617 0.4739873652917131 0.013412816691505217 0.004087699739873653
10 0.3455042225534029 0.47788926049795616 0.01639344262295082 0.005945745076179859
1 0.5293094883258818 0.4777034559643255 0.006458022851465474 0.010776662950575994
1 0.45976154992548435 0.47881828316610925 0.006458022851465474 0.011519881085098476
10 0.9165424739195231 0.4791898922333705 0.012916045702930949 0.004830917874396135
10 0.3455042225534029 0.4845782237086585 0.014406358668653751 0.005945745076179859
10 0.916294088425236 0.4845782237086585 0.013412816691505217 0.004459308807134894
10 0.30104321907600595 0.48773690078037907 0.005961251862891207 0.011519881085098476
1 0.28812717337307503 0.48810850984764026 0.004967709885742673 0.010033444816053512
10 0.3353204172876304 0.48810850984764026 0.006954793840039742 0.010033444816053512
10 0.29508196721311475 0.4882943143812709 0.006954793840039742 0.011148272017837236
10 0.3075012419274714 0.4884801189149015 0.005961251862891207 0.010776662950575994
10 0.3214108296075509 0.4884801189149015 0.006954793840039742 0.012263099219620958
1 0.3286140089418778 0.4884801189149015 0.007451564828614009 0.010776662950575994
10 0.3144560357675112 0.4884801189149015 0.006954793840039742 0.011519881085098476
1 0.26328862394436164 0.48866592344853216 0.005961251862891207 0.010405053883314752
1 0.3464977645305514 0.48978075065031584 0.014406358668653751 0.004459308807134894
10 0.916294088425236 0.4901523597175771 0.013412816691505217 0.004459308807134894
1 0.3482364629905613 0.49646971386101824 0.014903129657228018 0.004459308807134894
10 0.39940387481371087 0.4981419546636938 0.006954793840039742 0.011519881085098476
10 0.33383010432190763 0.498513563730955 0.013909587680079483 0.004830917874396135
10 0.3929458519622454 0.498513563730955 0.007948335817188276 0.011519881085098476
10 0.40586189766517633 0.49888517279821626 0.007948335817188276 0.013006317354143442
1 0.3591654247391952 0.49962839093273875 0.006954793840039742 0.010033444816053512
1 0.3037754595131644 0.5007432181345225 0.006458022851465474 0.010776662950575994
10 0.2906110283159464 0.5007432181345225 0.007948335817188276 0.010776662950575994
1 0.2836562344759066 0.5005574136008919 0.006954793840039742 0.010405053883314752
1 0.27719821162444114 0.5009290226681531 0.006954793840039742 0.010405053883314752
10 0.310481867858917 0.5009290226681531 0.006954793840039742 0.011148272017837236
1 0.26999503229011423 0.5009290226681531 0.007451564828614009 0.011148272017837236
1 0.2635370094386488 0.501486436269045 0.006458022851465474 0.010033444816053512
1 0.2968206656731247 0.501486436269045 0.006458022851465474 0.011519881085098476
1 0.3161947342275211 0.5018580453363062 0.006458022851465474 0.010776662950575994
1 0.323397913561848 0.5024154589371981 0.004967709885742673 0.011148272017837236
10 0.33383010432190763 0.5033444816053512 0.014903129657228018 0.004830917874396135
10 0.4155489319423746 0.05128205128205128 0.014406358668653751 0.005202526941657376
10 0.37655240933929457 0.5096618357487923 0.00894187779433681 0.011519881085098476
10 0.36959761549925485 0.5096618357487923 0.006954793840039742 0.010776662950575994
1 0.312220566318927 0.510776662950576 0.01639344262295082 0.004830917874396135
10 0.2660208643815201 0.5111482720178372 0.017386984600099353 0.004087699739873653
1 0.2948335817188276 0.5111482720178372 0.015399900645802286 0.004830917874396135
10 0.2814207650273224 0.5113340765514679 0.013412816691505217 0.005202526941657376
1 0.34177844013909586 0.5115198810850985 0.013909587680079483 0.004087699739873653
10 0.5655737704918032 0.5128205128205128 0.007451564828614009 0.013377926421404682
10 0.5757575757575758 0.5133779264214047 0.00894187779433681 0.010033444816053512
10 0.47168405365126675 0.5133779264214047 0.007451564828614009 0.010776662950575994
10 0.3859910581222057 0.5135637309550353 0.007948335817188276 0.010405053883314752
10 0.4155489319423746 0.513749535488666 0.008445106805762544 0.010776662950575994
12 0.6741182314952807 0.05202526941657377 0.015896671634376552 0.013377926421404682
1 0.33979135618479883 0.5169082125603864 0.014903129657228018 0.004459308807134894
1 0.20069547938400398 0.5267558528428093 0.007948335817188276 0.010776662950575994
10 0.35842026825633383 0.05369751021924935 0.014406358668653751 0.005574136008918618
5 0.14605067064083457 0.5373467112597548 0.03378042722305018 0.031958379784466744
5 0.1810730253353204 0.5379041248606466 0.03427719821162444 0.030100334448160536
1 0.2282662692498758 0.540133779264214 0.007451564828614009 0.010033444816053512
1 0.12170889220069547 0.5464511334076552 0.007948335817188276 0.011519881085098476
10 0.8238946845504223 0.5531400966183575 0.02136115250869349 0.0063173541434411
10 0.8410332836562344 0.5533259011519881 0.012916045702930949 0.005202526941657376
10 0.8544461003477397 0.5533259011519881 0.015896671634376552 0.005202526941657376
10 0.3740685543964232 0.05555555555555555 0.014903129657228018 0.005574136008918618
10 0.8546944858420268 0.5585284280936454 0.01639344262295082 0.005202526941657376
1 0.15747640337804272 0.5592716462281679 0.007948335817188276 0.011891490152359718
12 0.780675608544461 0.5618729096989966 0.017386984600099353 0.014121144555927164
12 0.7978142076502732 0.5620587142326273 0.018877297565822158 0.015235971757710888
12 0.8383010432190761 0.5637309550353029 0.015399900645802286 0.013377926421404682
10 0.5978638847491307 0.5641025641025641 0.013412816691505217 0.005202526941657376
12 0.821410829607551 0.5641025641025641 0.019374068554396422 0.014121144555927164
1 0.14555389965226032 0.5641025641025641 0.015896671634376552 0.005202526941657376
10 0.5824639841033283 0.5641025641025641 0.012419274714356682 0.004459308807134894
1 0.6862891207153502 0.05667038275733928 0.00546448087431694 0.010033444816053512
1 0.08320914058618976 0.5694908955778522 0.015399900645802286 0.005574136008918618
10 0.5779930452061599 0.5702341137123745 0.014406358668653751 0.005574136008918618
10 0.7988077496274217 0.5728353771832033 0.013909587680079483 0.005574136008918618
10 0.7839046199701938 0.5732069862504645 0.014903129657228018 0.004087699739873653
10 0.5601092896174863 0.5733927907840951 0.015399900645802286 0.005945745076179859
10 0.06706408345752608 0.5745076179858789 0.01689021361152509 0.006688963210702341
10 0.23497267759562843 0.5798959494611668 0.00894187779433681 0.010033444816053512
1 0.2667660208643815 0.5826830174656261 0.015896671634376552 0.005202526941657376
1 0.8713363139592648 0.5916016350798959 0.013909587680079483 0.005202526941657376
10 0.851465474416294 0.5936454849498328 0.005961251862891207 0.011519881085098476
10 0.858668653750621 0.594017094017094 0.006458022851465474 0.013006317354143442
10 0.07128663686040736 0.5977331846897064 0.017386984600099353 0.004830917874396135
1 0.3589170392449081 0.06001486436269045 0.014406358668653751 0.005574136008918618
10 0.07103825136612021 0.6034931252322556 0.01689021361152509 0.005202526941657376
2 0.39120715350223545 0.6040505388331475 0.3760556383507203 0.029357116313638052
10 0.7372081470442127 0.6046079524340394 0.005961251862891207 0.00966183574879227
1 0.7521112767014406 0.6053511705685619 0.007948335817188276 0.010405053883314752
10 0.7449080973671137 0.6053511705685619 0.006458022851465474 0.011148272017837236
10 0.7888723298559364 0.6068376068376068 0.00894187779433681 0.010405053883314752
10 0.38723298559364133 0.06094388703084355 0.015399900645802286 0.005202526941657376
5 0.15623447590660705 0.6094388703084356 0.09388971684053651 0.08695652173913043
1 0.7521112767014406 0.6183574879227053 0.005961251862891207 0.010405053883314752
1 0.8221559860904123 0.6189149015235972 0.006954793840039742 0.010033444816053512
1 0.6850471932439146 0.6189149015235972 0.041728763040238454 0.029357116313638052
10 0.8144560357675111 0.6191007060572278 0.008445106805762544 0.011891490152359718
1 0.7312468951813215 0.6192865105908584 0.005961251862891207 0.011519881085098476
1 0.7888723298559364 0.6194723151244891 0.007948335817188276 0.010405053883314752
1 0.7459016393442623 0.6196581196581197 0.006458022851465474 0.011519881085098476
1 0.7391952309985097 0.6196581196581197 0.00894187779433681 0.013006317354143442
1 0.7235469448584203 0.6200297287253809 0.007451564828614009 0.010776662950575994
1 0.9113263785394933 0.6300631735414344 0.006458022851465474 0.010776662950575994
1 0.07153502235469449 0.6319212188777407 0.027819175360158967 0.016722408026755852
1 0.10879284649776454 0.6321070234113713 0.006954793840039742 0.011148272017837236
10 0.8447590660705415 0.6330360460795244 0.012419274714356682 0.004830917874396135
10 0.2148534525583706 0.6339650687476774 0.019374068554396422 0.005945745076179859
1 0.8442622950819673 0.6387959866220736 0.01639344262295082 0.005945745076179859
1 0.10904123199205167 0.6443701226309922 0.006458022851465474 0.010405053883314752
1 0.20963735717834078 0.6454849498327759 0.012916045702930949 0.005945745076179859
5 0.6629408842523596 0.6458565589000371 0.05514157973174367 0.023782980304719436
1 0.06979632389468456 0.6497584541062802 0.022354694485842028 0.015235971757710888
1 0.09264778936910084 0.6525455221107395 0.022354694485842028 0.020066889632107024
1 0.8447590660705415 0.6540319583797845 0.014406358668653751 0.005202526941657376
1 0.10953800298062594 0.6551467855815681 0.006458022851465474 0.00966183574879227
1 0.1815697963238947 0.6566332218506131 0.013412816691505217 0.005202526941657376
1 0.16070541480377545 0.6596060943887031 0.007451564828614009 0.011148272017837236
10 0.12593144560357675 0.6599777034559643 0.007451564828614009 0.011891490152359718
10 0.11823149528067561 0.6599777034559643 0.006954793840039742 0.0126347082868822
1 0.6917536015896671 0.6662950575994054 0.015399900645802286 0.005945745076179859
10 0.6761053154495777 0.6666666666666666 0.015896671634376552 0.005945745076179859
1 0.8442622950819673 0.6692679301374953 0.014406358668653751 0.005202526941657376
1 0.6470442126179831 0.6696395392047566 0.033283656234475906 0.021553325901151988
2 0.3907103825136612 0.6713117800074322 0.3780427223050174 0.033073206986250464
5 0.7685047193243915 0.6755852842809364 0.1381023348236463 0.09959123002601264
10 0.6924987580725286 0.6859903381642513 0.013909587680079483 0.004459308807134894
10 0.8474913065077 0.6878483835005574 0.012916045702930949 0.006688963210702341
10 0.369846000993542 0.0694908955778521 0.014406358668653751 0.005945745076179859
1 0.6892697466467959 0.6917502787068004 0.01639344262295082 0.0063173541434411
1 0.6689021361152508 0.6923076923076923 0.014406358668653751 0.005202526941657376
1 0.8442622950819673 0.6978818283166109 0.014406358668653751 0.005202526941657376
1 0.8447590660705415 0.7028985507246377 0.015399900645802286 0.005574136008918618
1 0.5561351217088922 0.7036417688591602 0.014406358668653751 0.007803790412486065
10 0.6917536015896671 0.7064288368636195 0.014406358668653751 0.005202526941657376
1 0.2776949826130154 0.708101077666295 0.014903129657228018 0.005574136008918618
10 0.8445106805762543 0.7082868821999256 0.014903129657228018 0.004459308807134894
10 0.3857426726279185 0.07116313638052768 0.008445106805762544 0.010033444816053512
1 0.856929955290611 0.7103307320698625 0.007948335817188276 0.010776662950575994
1 0.06631892697466468 0.7114455592716462 0.029309488325881768 0.014492753623188406
1 0.6920019870839543 0.7125603864734299 0.012916045702930949 0.004830917874396135
10 0.8678589170392449 0.7125603864734299 0.013909587680079483 0.004087699739873653
10 0.8450074515648286 0.7136752136752137 0.013909587680079483 0.004830917874396135
10 0.8450074515648286 0.7181345224823485 0.013909587680079483 0.004087699739873653
1 0.6902632886239444 0.7183203270159791 0.017386984600099353 0.0037160906726124115
10 0.8464977645305514 0.7229654403567447 0.01689021361152509 0.004830917874396135
1 0.07998012916045703 0.725752508361204 0.02384500745156483 0.016350798959494612
1 0.8204172876304023 0.7302118171683389 0.014406358668653751 0.005202526941657376
1 0.7888723298559364 0.7339279078409513 0.007948335817188276 0.0126347082868822
1 0.7811723795330353 0.7339279078409513 0.008445106805762544 0.010405053883314752
2 0.39021361152508693 0.7372723894463025 0.3820168902136115 0.03939056112969157
10 0.821410829607551 0.7378298030471944 0.006458022851465474 0.008547008547008548
10 0.8144560357675111 0.738944630248978 0.006458022851465474 0.012263099219620958
10 0.784401390958768 0.7435897435897436 0.014903129657228018 0.004459308807134894
5 0.08693492300049677 0.7447045707915273 0.04669647292598112 0.026755852842809364
10 0.8206656731246895 0.749721293199554 0.00894187779433681 0.010033444816053512
10 0.8139592647789369 0.7495354886659235 0.006458022851465474 0.010405053883314752
10 0.7841530054644809 0.7500929022668154 0.015399900645802286 0.005574136008918618
10 0.8062593144560357 0.7552954292084727 0.007948335817188276 0.011519881085098476
10 0.41629408842523596 0.7567818654775177 0.005961251862891207 0.010033444816053512
1 0.42498758072528564 0.7571534745447789 0.006458022851465474 0.011519881085098476
10 0.8375558867362146 0.7575250836120402 0.006954793840039742 0.012263099219620958
1 0.40933929458519625 0.7575250836120402 0.006954793840039742 0.00929022668153103
10 0.8181818181818182 0.7588257153474545 0.012916045702930949 0.005202526941657376
10 0.08917039244908097 0.7603121516164995 0.017386984600099353 0.005202526941657376
10 0.1092896174863388 0.7603121516164995 0.014903129657228018 0.005202526941657376
10 0.10904123199205167 0.7662578966926793 0.014406358668653751 0.004459308807134894
10 0.09587680079483359 0.7664437012263099 0.014903129657228018 0.004830917874396135
1 0.33209140586189767 0.7683017465626161 0.04818678589170392 0.02564102564102564
10 0.6962245404868356 0.7697881828316611 0.009438648782911079 0.010033444816053512
1 0.7382016890213612 0.7725752508361204 0.012916045702930949 0.006688963210702341
1 0.09413810233482364 0.772761055369751 0.015399900645802286 0.004830917874396135
10 0.1092896174863388 0.7729468599033816 0.015896671634376552 0.005202526941657376
10 0.7203179334326876 0.7735042735042735 0.018877297565822158 0.007803790412486065
1 0.10953800298062594 0.7775919732441472 0.015399900645802286 0.0033444816053511705
1 0.09413810233482364 0.7785209959123003 0.01639344262295082 0.004459308807134894
1 0.5052160953800298 0.7788926049795615 0.015896671634376552 0.005202526941657376
1 0.43169398907103823 0.7798216276477146 0.015896671634376552 0.005574136008918618
1 0.12444113263785395 0.7946859903381642 0.013412816691505217 0.005574136008918618
1 0.13909587680079483 0.7946859903381642 0.014903129657228018 0.005574136008918618
10 0.15474416294088425 0.7948717948717948 0.015399900645802286 0.005202526941657376
10 0.8817685047193244 0.7961724266072092 0.00894187779433681 0.010776662950575994
2 0.39120715350223545 0.8010033444816054 0.3840039741679086 0.03604607952434039
1 0.11872826626924987 0.8024897807506504 0.014903129657228018 0.004087699739873653
1 0.08246398410332836 0.8063916759568933 0.015896671634376552 0.005202526941657376
1 0.09985096870342772 0.8069490895577852 0.014903129657228018 0.005574136008918618
10 0.3529557873820169 0.0811965811965812 0.01639344262295082 0.0063173541434411
1 0.08097367113760556 0.8123374210330732 0.014903129657228018 0.005202526941657376
10 0.6458022851465475 0.813452248234857 0.015896671634376552 0.005202526941657376
10 0.6614505712866369 0.8140096618357487 0.014406358668653751 0.004830917874396135
10 0.06656731246895181 0.8156819026384243 0.012916045702930949 0.004459308807134894
1 0.9123199205166418 0.8166109253065775 0.006458022851465474 0.011519881085098476
1 0.08171882762046696 0.8171683389074693 0.015399900645802286 0.005945745076179859
1 0.73224043715847 0.8188405797101449 0.007948335817188276 0.010776662950575994
10 0.7116244411326379 0.8216276477146043 0.007451564828614009 0.011891490152359718
1 0.7262791852955788 0.8216276477146043 0.005961251862891207 0.011148272017837236
10 0.7496274217585693 0.8216276477146043 0.012916045702930949 0.005202526941657376
10 0.7049180327868853 0.8218134522482349 0.006954793840039742 0.012263099219620958
10 0.6661698956780924 0.8223708658491267 0.006954793840039742 0.010405053883314752
10 0.6318926974664679 0.8225566703827574 0.004967709885742673 0.010776662950575994
1 0.6395926477893691 0.822742474916388 0.006458022851465474 0.010405053883314752
1 0.6535022354694486 0.8225566703827574 0.00546448087431694 0.010033444816053512
10 0.646795827123696 0.8225566703827574 0.007948335817188276 0.010033444816053512
1 0.6599602583209141 0.8231140839836492 0.00546448087431694 0.011148272017837236
10 0.8201689021361153 0.8229282794500186 0.012916045702930949 0.005574136008918618
1 0.6241927471435668 0.8231140839836492 0.008445106805762544 0.011891490152359718
10 0.7632886239443617 0.8234856930509105 0.013412816691505217 0.004459308807134894
1 0.08047690014903129 0.8234856930509105 0.013909587680079483 0.005202526941657376
1 0.06631892697466468 0.8240431066518022 0.01639344262295082 0.004830917874396135
10 0.7391952309985097 0.8244147157190636 0.006954793840039742 0.011519881085098476
1 0.18132141082960754 0.8262727610553697 0.01689021361152509 0.007060572277963582
10 0.3174366616989568 0.08286882199925678 0.006954793840039742 0.011148272017837236
10 0.32463984103328364 0.08305462653288741 0.008445106805762544 0.010776662950575994
1 0.08072528564331843 0.8288740245261984 0.013412816691505217 0.004087699739873653
10 0.06507699950322901 0.8298030471943515 0.014903129657228018 0.005202526941657376
1 0.07973174366616989 0.8346339650687477 0.015399900645802286 0.005202526941657376
10 0.06582215598609041 0.8344481605351171 0.014406358668653751 0.004087699739873653
10 0.620715350223547 0.8366778149386845 0.013412816691505217 0.0063173541434411
1 0.06532538499751614 0.8385358602749907 0.014406358668653751 0.004830917874396135
1 0.6214605067064084 0.8416945373467113 0.013909587680079483 0.004459308807134894
10 0.6035767511177347 0.8415087328130806 0.014903129657228018 0.005574136008918618
10 0.7764530551415797 0.8420661464139725 0.01689021361152509 0.005945745076179859
10 0.7550919026328863 0.8420661464139725 0.014903129657228018 0.005202526941657376
1 0.08022851465474416 0.8424377554812338 0.015399900645802286 0.005202526941657376
1 0.06607054148037754 0.84429580081754 0.012916045702930949 0.005202526941657376
1 0.6214605067064084 0.846711259754738 0.013909587680079483 0.004087699739873653
10 0.6050670640834576 0.846711259754738 0.012916045702930949 0.004087699739873653
10 0.7558370591157476 0.8474544778892605 0.015399900645802286 0.005574136008918618
1 0.06532538499751614 0.8493125232255667 0.014406358668653751 0.004830917874396135
1 0.07998012916045703 0.8493125232255667 0.014903129657228018 0.004830917874396135
5 0.13214108296075508 0.8517279821627648 0.08544461003477397 0.08249721293199554
10 0.7560854446100348 0.8547008547008547 0.014903129657228018 0.005202526941657376
10 0.08022851465474416 0.8558156819026385 0.015399900645802286 0.004459308807134894
10 0.06209637357178341 0.8567447045707915 0.006954793840039742 0.010033444816053512
10 0.7555886736214605 0.8599033816425121 0.013909587680079483 0.004459308807134894
10 0.08047690014903129 0.8612040133779264 0.014903129657228018 0.005574136008918618
5 0.6875310481867859 0.8623188405797102 0.11823149528067561 0.06651802303976218
1 0.06557377049180328 0.8649201040505389 0.014903129657228018 0.004830917874396135
10 0.08072528564331843 0.8664065403195838 0.014406358668653751 0.004830917874396135
1 0.18132141082960754 0.8677071720549981 0.014903129657228018 0.004459308807134894
2 0.39120715350223545 0.8680787811222593 0.3740685543964232 0.04162021553325901
10 0.7570789865871833 0.8678929765886287 0.015896671634376552 0.004830917874396135
1 0.06656731246895181 0.8699368264585656 0.014903129657228018 0.005202526941657376
10 0.7563338301043219 0.8747677443329617 0.015399900645802286 0.004459308807134894
10 0.06582215598609041 0.8756967670011149 0.015399900645802286 0.004830917874396135
10 0.756582215598609 0.8808992939427722 0.014903129657228018 0.004830917874396135
10 0.06656731246895181 0.8812709030100334 0.013909587680079483 0.0063173541434411
1 0.2069051167411823 0.885916016350799 0.015399900645802286 0.005945745076179859
1 0.28539493293591656 0.8907469342251951 0.015399900645802286 0.004459308807134894
10 0.2088922006954794 0.8913043478260869 0.014406358668653751 0.005574136008918618
10 0.2707401887729757 0.8911185432924563 0.014903129657228018 0.005202526941657376
1 0.7550919026328863 0.8926049795615013 0.014903129657228018 0.005202526941657376
1 0.2848981619473423 0.8959494611668525 0.013412816691505217 0.004459308807134894
1 0.16666666666666666 0.8963210702341137 0.015399900645802286 0.005202526941657376
10 0.2707401887729757 0.8963210702341137 0.014903129657228018 0.004459308807134894
1 0.14803775459513163 0.8985507246376812 0.007948335817188276 0.00966183574879227
10 0.13537009438648784 0.8987365291713117 0.006458022851465474 0.010776662950575994
1 0.2848981619473423 0.9007803790412486 0.013412816691505217 0.004459308807134894
10 0.5707898658718331 0.9007803790412486 0.013909587680079483 0.005202526941657376
10 0.27049180327868855 0.9015235971757711 0.014406358668653751 0.004459308807134894
10 0.7151018380526577 0.9017094017094017 0.006458022851465474 0.00929022668153103
1 0.9150521609538003 0.9018952062430323 0.006954793840039742 0.011891490152359718
1 0.7218082463984103 0.9020810107766629 0.006954793840039742 0.00929022668153103
10 0.7799304520615996 0.9024526198439242 0.006954793840039742 0.011519881085098476
1 0.708147044212618 0.9024526198439242 0.006458022851465474 0.010776662950575994
10 0.6738698460009935 0.9026384243775548 0.006458022851465474 0.011891490152359718
1 0.7009438648782911 0.9026384243775548 0.006954793840039742 0.010405053883314752
1 0.1418281172379533 0.9026384243775548 0.006458022851465474 0.010405053883314752
10 0.5568802781917536 0.9028242289111854 0.015896671634376552 0.005574136008918618
10 0.7372081470442127 0.9028242289111854 0.007948335817188276 0.012263099219620958
1 0.7302533532041728 0.9026384243775548 0.00894187779433681 0.010405053883314752
10 0.6676602086438153 0.9028242289111854 0.005961251862891207 0.010033444816053512
10 0.6612021857923497 0.9035674470457079 0.006954793840039742 0.011519881085098476
1 0.65424739195231 0.9033816425120773 0.006954793840039742 0.00966183574879227
1 0.28539493293591656 0.9063545150501672 0.014406358668653751 0.005202526941657376
10 0.2707401887729757 0.905982905982906 0.014903129657228018 0.004459308807134894
10 0.8845007451564829 0.9070977331846897 0.006458022851465474 0.011148272017837236
10 0.7213114754098361 0.9106280193236715 0.014903129657228018 0.004830917874396135
10 0.65424739195231 0.9121144555927164 0.012916045702930949 0.005574136008918618
1 0.19448584202682564 0.9130434782608695 0.014406358668653751 0.005202526941657376
10 0.7016890213611525 0.9143441099962839 0.006458022851465474 0.010033444816053512
10 0.3194237456532539 0.09197324414715718 0.01689021361152509 0.004830917874396135
10 0.14157973174366617 0.9143441099962839 0.005961251862891207 0.00929022668153103
10 0.7086438152011922 0.9145299145299145 0.006458022851465474 0.010405053883314752
10 0.1482861400894188 0.9145299145299145 0.007451564828614009 0.010405053883314752
10 0.13487332339791355 0.9147157190635451 0.006458022851465474 0.010776662950575994
10 0.7213114754098361 0.9158305462653289 0.01689021361152509 0.004830917874396135
1 0.19746646795827125 0.9251207729468599 0.014406358668653751 0.005574136008918618
1 0.8939393939393939 0.9316239316239316 0.015399900645802286 0.005202526941657376
1 0.8785394932935916 0.931438127090301 0.013412816691505217 0.005574136008918618
2 0.39344262295081966 0.9355258268301747 0.38152011922503726 0.04124860646599777
10 0.33581718827620466 0.09345968041620216 0.013909587680079483 0.005574136008918618
10 0.8144560357675111 0.9381270903010034 0.006458022851465474 0.011519881085098476
10 0.643070044709389 0.9390561129691565 0.007451564828614009 0.00966183574879227
1 0.16517635370094386 0.9390561129691565 0.012419274714356682 0.004459308807134894
10 0.6353700943864878 0.9394277220364177 0.007948335817188276 0.010405053883314752
1 0.8229011425732737 0.9418431809736157 0.006458022851465474 0.010033444816053512
1 0.16517635370094386 0.9448160535117057 0.014406358668653751 0.004087699739873653
1 0.16542473919523099 0.9492753623188406 0.013909587680079483 0.004087699739873653
10 0.6361152508693493 0.9498327759197325 0.006458022851465474 0.011148272017837236
10 0.6435668156979633 0.9509476031215162 0.007451564828614009 0.011148272017837236
1 0.16517635370094386 0.9546636937941286 0.013412816691505217 0.004459308807134894
10 0.7183308494783904 0.9546636937941286 0.006954793840039742 0.00966183574879227
1 0.8144560357675111 0.9546636937941286 0.00546448087431694 0.010405053883314752
10 0.7116244411326379 0.9552211073950204 0.004470938897168405 0.010033444816053512
1 0.18057625434674615 0.9594946116685247 0.013412816691505217 0.004459308807134894
1 0.18032786885245902 0.9650687476774433 0.013909587680079483 0.004459308807134894
1 0.18082463984103328 0.9698996655518395 0.013909587680079483 0.005202526941657376
1 0.7632886239443617 0.9710144927536232 0.01639344262295082 0.005945745076179859
1 0.18057625434674615 0.9741731698253437 0.015399900645802286 0.004830917874396135
10 0.47764530551415796 0.9749163879598662 0.011425732737208148 0.011519881085098476
1 0.7625434674615003 0.9756596060943887 0.014903129657228018 0.0063173541434411
10 0.16641828117237953 0.979933110367893 0.013909587680079483 0.005202526941657376
1 0.18032786885245902 0.9797473058342624 0.013909587680079483 0.004830917874396135
1 0.18057625434674615 0.9838350055741361 0.014406358668653751 0.004830917874396135
10 0.16691505216095381 0.9840208101077667 0.01689021361152509 0.004459308807134894
10 0.14406358668653751 0.10144927536231885 0.00894187779433681 0.011891490152359718
10 0.11947342275211127 0.10572277963582312 0.017386984600099353 0.005574136008918618
10 0.5864381520119225 0.10850984764028242 0.01639344262295082 0.005945745076179859
10 0.5563835072031793 0.10832404310665181 0.015896671634376552 0.007803790412486065
10 0.5725285643318431 0.10888145670754366 0.012419274714356682 0.005202526941657376
10 0.11773472429210134 0.11222593831289483 0.01689021361152509 0.005202526941657376
10 0.14431197218082464 0.11296915644741731 0.007451564828614009 0.011891490152359718
10 0.11798310978638847 0.11761426978818283 0.01639344262295082 0.004830917874396135
1 0.5640834575260805 0.13656633221850614 0.007451564828614009 0.010033444816053512
1 0.449826130153999 0.18171683389074694 0.009438648782911079 0.016350798959494612
10 0.42374565325385 0.18766257896692679 0.014903129657228018 0.005202526941657376
10 0.43765524093392943 0.18747677443329616 0.013909587680079483 0.004087699739873653
1 0.1770988574267263 0.19658119658119658 0.006458022851465474 0.011891490152359718
1 0.22627918529557875 0.1986250464511334 0.008445106805762544 0.014492753623188406
5 0.2009438648782911 0.20382757339279078 0.039244908097367116 0.03530286138981791
1 0.17635370094386488 0.20717205499814195 0.006954793840039742 0.00929022668153103
1 0.3392945851962245 0.21460423634336678 0.005961251862891207 0.008547008547008548
10 0.2237953303527074 0.2157190635451505 0.010432190760059613 0.010776662950575994
10 0.17759562841530055 0.21962095875139354 0.009438648782911079 0.014864362690449646
10 0.21311475409836064 0.2255667038275734 0.02185792349726776 0.008175399479747306
1 0.3770491803278688 0.23076923076923078 0.007948335817188276 0.011891490152359718
1 0.38350720317933434 0.23169825343738387 0.006954793840039742 0.011519881085098476
10 0.2163437655240934 0.23578595317725753 0.007451564828614009 0.010776662950575994
10 0.37655240933929457 0.24117428465254553 0.014903129657228018 0.005945745076179859
10 0.6862891207153502 0.024526198439241916 0.008445106805762544 0.011891490152359718
1 0.3693492300049677 0.2463768115942029 0.015399900645802286 0.005202526941657376
10 0.6773472429210134 0.02489780750650316 0.00546448087431694 0.00966183574879227
12 0.19473422752111277 0.26198439241917504 0.05663189269746647 0.046822742474916385
2 0.8546944858420268 0.2692307692307692 0.06308991554893194 0.5340022296544036
2 0.7573273720814705 0.28130806391675955 0.06308991554893194 0.5328874024526199
2 0.8057625434674615 0.28651059085841696 0.03974167908594138 0.5432924563359346
10 0.21063089915548933 0.2931995540691193 0.015896671634376552 0.005945745076179859
12 0.1855439642324888 0.3115942028985507 0.03427719821162444 0.042735042735042736
12 0.6462990561351217 0.03121516164994426 0.05563835072031793 0.026012634708286884
10 0.12742175856929955 0.3309178743961353 0.014406358668653751 0.004830917874396135
1 0.12742175856929955 0.3357487922705314 0.014406358668653751 0.004830917874396135
1 0.14008941877794337 0.33612040133779264 0.006954793840039742 0.010776662950575994
10 0.9138102334823647 0.34838350055741363 0.013412816691505217 0.004830917874396135
10 0.6862891207153502 0.03567447045707915 0.006458022851465474 0.010405053883314752
10 0.9150521609538003 0.35321441843180973 0.013909587680079483 0.004830917874396135
1 0.9153005464480874 0.3582311408398365 0.013412816691505217 0.004459308807134894
1 0.9153005464480874 0.36399108138238573 0.013412816691505217 0.004830917874396135
1 0.9155489319423745 0.36919360832404313 0.015896671634376552 0.004830917874396135