2 0.3867102396514161 0.5069444444444444 0.4139433551198257 0.12944444444444445
2 0.3292483660130719 0.017222222222222222 0.056100217864923745 0.034444444444444444
1 0.25272331154684097 0.5136111111111111 0.04030501089324619 0.018333333333333333
2 0.36574074074074076 0.605 0.41230936819172115 0.13111111111111112
5 0.11628540305010893 0.5861111111111111 0.11819172113289761 0.22333333333333333
1 0.2235838779956427 0.6080555555555556 0.041938997821350764 0.021666666666666667
5 0.9863834422657952 0.14055555555555554 0.026143790849673203 0.10555555555555556
5 0.6407952069716776 0.7072222222222222 0.1770152505446623 0.18
5 0.04493464052287582 0.59 0.08986928104575163 0.2722222222222222
10 0.33850762527233114 0.6583333333333333 0.020152505446623094 0.013333333333333334
1 0.2167755991285403 0.6388888888888888 0.023965141612200435 0.017777777777777778
1 0.24046840958605664 0.6441666666666667 0.02559912854030501 0.017222222222222222
10 0.8924291938997821 0.8016666666666666 0.014705882352941176 0.01888888888888889
10 0.8616557734204793 0.7958333333333333 0.010893246187363835 0.020555555555555556
10 0.7668845315904139 0.7783333333333333 0.014161220043572984 0.02
10 0.9166666666666666 0.8080555555555555 0.016339869281045753 0.019444444444444445
10 0.7761437908496732 0.7802777777777777 0.013071895424836602 0.020555555555555556
10 0.8793572984749455 0.8008333333333333 0.01252723311546841 0.017222222222222222
10 0.7374727668845316 0.7730555555555556 0.013071895424836602 0.019444444444444445
10 0.7472766884531591 0.7755555555555556 0.015250544662309368 0.022222222222222223
10 0.9041394335511983 0.8075 0.013071895424836602 0.018333333333333333
10 0.8687363834422658 0.8011111111111111 0.013071895424836602 0.022222222222222223
2 0.34667755991285404 0.7008333333333333 0.4133986928104575 0.12944444444444445
10 0.2957516339869281 0.7319444444444444 0.034858387799564274 0.015
2 0.6922657952069716 0.07666666666666666 0.5566448801742919 0.15222222222222223
2 0.3801742919389978 0.7847222222222222 0.6699346405228758 0.1938888888888889
5 0.014161220043572984 0.7361111111111112 0.02832244008714597 0.04888888888888889
5 0.28921568627450983 0.815 0.14161220043572983 0.06
5 0.16857298474945534 0.7922222222222223 0.11056644880174292 0.052222222222222225
5 0.5438453159041394 0.8675 0.11383442265795207 0.05611111111111111
5 0.4210239651416122 0.8438888888888889 0.13398692810457516 0.056666666666666664
5 0.008714596949891068 0.7847222222222222 0.017429193899782137 0.04611111111111111
2 0.3622004357298475 0.8788888888888889 0.6655773420479303 0.18777777777777777
2 0.3488562091503268 0.9411111111111111 0.6628540305010894 0.11666666666666667
2 0.3837145969498911 0.07027777777777777 0.06917211328976035 0.14055555555555554
5 0.2627995642701525 0.034166666666666665 0.06917211328976035 0.06833333333333333
2 0.6805555555555556 0.12361111111111112 0.559368191721133 0.1527777777777778
2 0.31263616557734203 0.08055555555555556 0.06535947712418301 0.10666666666666667
2 0.670751633986928 0.1725 0.559368191721133 0.15611111111111112
5 0.9724945533769063 0.2561111111111111 0.05392156862745098 0.12
5 0.24509803921568626 0.1075 0.06971677559912855 0.07388888888888889
2 0.6200980392156863 0.21722222222222223 0.7369281045751634 0.18777777777777777
10 0.6236383442265795 0.2525 0.020697167755991286 0.01611111111111111
2 0.40223311546840956 0.22361111111111112 0.25435729847494554 0.09833333333333333
10 0.704520697167756 0.3055555555555556 0.039760348583877995 0.027777777777777776
10 0.6497821350762527 0.2980555555555556 0.02178649237472767 0.015
5 0.19471677559912853 0.21444444444444444 0.11274509803921569 0.14222222222222222
2 0.40631808278867104 0.275 0.28431372549019607 0.1
10 0.24863834422657952 0.24694444444444444 0.017973856209150325 0.013888888888888888
5 0.9833877995642701 0.39861111111111114 0.03213507625272331 0.13166666666666665
5 0.9153050108932462 0.3838888888888889 0.10729847494553377 0.13777777777777778
5 0.6007625272331155 0.32555555555555554 0.07625272331154684 0.10666666666666667
5 0.7568082788671024 0.3597222222222222 0.061546840958605666 0.09722222222222222
10 0.639161220043573 0.3452777777777778 0.029956427015250545 0.07166666666666667
10 0.6993464052287581 0.3663888888888889 0.011982570806100218 0.021666666666666667
10 0.12881263616557734 0.2536111111111111 0.013616557734204794 0.02277777777777778
2 0.6985294117647058 0.055 0.5571895424836601 0.11
2 0.3967864923747277 0.3386111111111111 0.28594771241830064 0.10277777777777777
10 0.5460239651416122 0.3858333333333333 0.023420479302832243 0.02388888888888889
1 0.06427015250544663 0.3113888888888889 0.011982570806100218 0.020555555555555556
1 0.05310457516339869 0.30916666666666665 0.01252723311546841 0.02277777777777778
2 0.40522875816993464 0.4083333333333333 0.4106753812636166 0.13
5 0.6862745098039216 0.49666666666666665 0.1786492374727669 0.18444444444444444
10 0.24782135076252723 0.41555555555555557 0.020697167755991286 0.023333333333333334
1 0.2704248366013072 0.42083333333333334 0.02886710239651416 0.025
10 0.5610021786492375 0.48333333333333334 0.04030501089324619 0.02
5 0.07679738562091504 0.43222222222222223 0.05337690631808279 0.043333333333333335