1 0.8896239554317549 0.3338541666666667 0.016016713091922007 0.007291666666666667
10 0.5414345403899722 0.021614583333333333 0.013231197771587743 0.015104166666666667
1 0.8903203342618384 0.33958333333333335 0.017409470752089137 0.008333333333333333
10 0.1190807799442897 0.09036458333333333 0.009749303621169917 0.011979166666666667
10 0.12813370473537605 0.0890625 0.011142061281337047 0.013541666666666667
10 0.3774373259052925 0.43307291666666664 0.019498607242339833 0.009895833333333333
10 0.10828690807799443 0.09244791666666667 0.010445682451253482 0.011979166666666667
1 0.5038300835654597 0.42864583333333334 0.2277158774373259 0.16666666666666666
10 0.21727019498607242 0.48072916666666665 0.016713091922005572 0.007291666666666667
1 0.25104456824512533 0.47578125 0.017409470752089137 0.0078125
1 0.2681058495821727 0.47369791666666666 0.016713091922005572 0.0078125
1 0.8972841225626741 0.3802083333333333 0.017409470752089137 0.008333333333333333
1 0.2802924791086351 0.48203125 0.011838440111420613 0.013020833333333334
10 0.24721448467966572 0.4875 0.011142061281337047 0.011458333333333333
10 0.2562674094707521 0.4864583333333333 0.008356545961002786 0.010416666666666666
10 0.30396935933147634 0.47890625 0.010445682451253482 0.011979166666666667
1 0.290041782729805 0.48151041666666666 0.009052924791086351 0.0109375
10 0.2963091922005571 0.48046875 0.009052924791086351 0.0109375
10 0.2736768802228412 0.484375 0.009749303621169917 0.010416666666666666
10 0.26323119777158777 0.4861979166666667 0.009749303621169917 0.009895833333333333
10 0.2298050139275766 0.49140625 0.011142061281337047 0.0109375
10 0.2402506963788301 0.4903645833333333 0.011142061281337047 0.013020833333333334
1 0.9000696378830083 0.38619791666666664 0.016016713091922007 0.008854166666666666
2 0.9446378830083565 0.37916666666666665 0.10654596100278552 0.17083333333333334
10 0.22249303621169916 0.4940104166666667 0.009052924791086351 0.009895833333333333
1 0.40564066852367686 0.47239583333333335 0.0201949860724234 0.009375
10 0.24686629526462395 0.5 0.010445682451253482 0.011458333333333333
10 0.2600974930362117 0.4979166666666667 0.009052924791086351 0.011458333333333333
10 0.29526462395543174 0.49270833333333336 0.009749303621169917 0.0125
1 0.2889972144846797 0.49375 0.009749303621169917 0.0125
10 0.23328690807799443 0.5026041666666666 0.011142061281337047 0.013541666666666667
10 0.2681058495821727 0.496875 0.009749303621169917 0.0125
1 0.25452646239554316 0.49973958333333335 0.010445682451253482 0.0140625
1 0.28168523676880225 0.49557291666666664 0.009052924791086351 0.011979166666666667
10 0.27506963788300837 0.49635416666666665 0.011142061281337047 0.013541666666666667
10 0.23990250696378831 0.5018229166666667 0.010445682451253482 0.013020833333333334
10 0.22667130919220055 0.5057291666666667 0.010445682451253482 0.0125
1 0.314066852367688 0.49895833333333334 0.016713091922005572 0.007291666666666667
1 0.907033426183844 0.40989583333333335 0.016016713091922007 0.00625
1 0.31545961002785516 0.5052083333333334 0.018105849582172703 0.008333333333333333
1 0.3788300835654596 0.496875 0.018105849582172703 0.008333333333333333
10 0.3161559888579387 0.5096354166666667 0.01532033426183844 0.0067708333333333336
10 0.2698467966573816 0.0734375 0.017409470752089137 0.008333333333333333
10 0.31824512534818944 0.5145833333333333 0.016713091922005572 0.007291666666666667
1 0.37569637883008355 0.50703125 0.010445682451253482 0.0109375
10 0.911908077994429 0.42265625 0.009052924791086351 0.0109375
1 0.9185236768802229 0.421875 0.009749303621169917 0.0125
10 0.3203342618384401 0.5203125 0.016713091922005572 0.007291666666666667
1 0.552924791086351 0.0296875 0.009749303621169917 0.011458333333333333
1 0.32172701949860727 0.5255208333333333 0.016713091922005572 0.007291666666666667
10 0.5825208913649025 0.48776041666666664 0.017409470752089137 0.0078125
10 0.3227715877437326 0.53046875 0.016016713091922007 0.0067708333333333336
10 0.9188718662952646 0.4375 0.014623955431754874 0.00625
10 0.3245125348189415 0.5359375 0.018105849582172703 0.008333333333333333
1 0.5167130919220055 0.5057291666666667 0.009749303621169917 0.0125
1 0.443941504178273 0.51796875 0.010445682451253482 0.013020833333333334
10 0.9206128133704735 0.44296875 0.013927576601671309 0.0067708333333333336
10 0.32625348189415043 0.54296875 0.016016713091922007 0.0078125
10 0.9216573816155988 0.4484375 0.014623955431754874 0.00625
10 0.28133704735376047 0.5536458333333333 0.009749303621169917 0.0125
1 0.26775766016713093 0.5565104166666667 0.00766016713091922 0.0109375
10 0.3168523676880223 0.5484375 0.009749303621169917 0.011458333333333333
10 0.2743732590529248 0.5552083333333333 0.009749303621169917 0.0125
10 0.2883008356545961 0.5533854166666666 0.008356545961002786 0.011979166666666667
10 0.3025766016713092 0.5513020833333333 0.010445682451253482 0.0140625
1 0.3102367688022284 0.55 0.010445682451253482 0.0125
10 0.29491643454038996 0.55234375 0.010445682451253482 0.013020833333333334
1 0.241991643454039 0.5609375 0.009052924791086351 0.011458333333333333
1 0.32973537604456826 0.5481770833333334 0.016016713091922007 0.0067708333333333336
10 0.9237465181058496 0.45416666666666666 0.014623955431754874 0.00625
1 0.3325208913649025 0.5549479166666667 0.016016713091922007 0.0067708333333333336
10 0.3868384401114206 0.5486979166666667 0.010445682451253482 0.013020833333333334
10 0.31824512534818944 0.5598958333333334 0.01532033426183844 0.007291666666666667
10 0.37952646239554316 0.5502604166666667 0.011142061281337047 0.013020833333333334
10 0.3934540389972145 0.5479166666666667 0.011142061281337047 0.014583333333333334
1 0.34540389972144847 0.5567708333333333 0.009749303621169917 0.011458333333333333
1 0.2879526462395543 0.5666666666666667 0.009052924791086351 0.011458333333333333
10 0.2743732590529248 0.5690104166666666 0.011142061281337047 0.011979166666666667
1 0.2667130919220056 0.5700520833333333 0.009749303621169917 0.011979166666666667
1 0.25974930362116994 0.57109375 0.009749303621169917 0.011979166666666667
10 0.2945682451253482 0.565625 0.009749303621169917 0.0125
1 0.2527855153203343 0.5731770833333333 0.011142061281337047 0.013020833333333334
1 0.24547353760445684 0.57421875 0.009052924791086351 0.0109375
1 0.28064066852367686 0.56875 0.009749303621169917 0.0125
1 0.30118384401114207 0.565625 0.009052924791086351 0.011458333333333333
1 0.3088440111420613 0.5653645833333333 0.00766016713091922 0.011979166666666667
10 0.31963788300835655 0.5645833333333333 0.016713091922005572 0.007291666666666667
10 0.270891364902507 0.07916666666666666 0.016713091922005572 0.007291666666666667
10 0.3659470752089137 0.5638020833333334 0.011838440111420613 0.013020833333333334
10 0.3593314763231198 0.5653645833333333 0.009749303621169917 0.011979166666666667
1 0.29979108635097496 0.5763020833333333 0.018802228412256268 0.0078125
10 0.25104456824512533 0.5841145833333333 0.018802228412256268 0.0067708333333333336
1 0.28098885793871864 0.57890625 0.017409470752089137 0.0078125
10 0.26740947075208915 0.5817708333333333 0.01532033426183844 0.007291666666666667
1 0.3307799442896936 0.571875 0.01532033426183844 0.00625
10 0.5647632311977716 0.5361979166666667 0.011142061281337047 0.015104166666666667
10 0.5755571030640668 0.5348958333333333 0.011838440111420613 0.011458333333333333
10 0.46692200557103064 0.55234375 0.010445682451253482 0.011979166666666667
10 0.3770891364902507 0.56640625 0.010445682451253482 0.011979166666666667
10 0.40807799442896936 0.5614583333333333 0.011142061281337047 0.0125
12 0.5407381615598886 0.03723958333333333 0.0201949860724234 0.016145833333333335
1 0.32973537604456826 0.5776041666666667 0.016016713091922007 0.00625
1 0.18802228412256267 0.6109375 0.011142061281337047 0.0125
10 0.21204735376044567 0.09192708333333334 0.016016713091922007 0.0078125
5 0.13405292479108635 0.63125 0.04387186629526462 0.03854166666666667
5 0.17061281337047354 0.6260416666666667 0.04456824512534819 0.036458333333333336
1 0.22040389972144847 0.6208333333333333 0.010445682451253482 0.011458333333333333
1 0.11107242339832869 0.64453125 0.011838440111420613 0.013020833333333334
10 0.846100278551532 0.5348958333333333 0.023676880222841225 0.009375
10 0.8638579387186629 0.5322916666666667 0.014623955431754874 0.007291666666666667
10 0.878133704735376 0.53046875 0.018105849582172703 0.0078125
10 0.22876044568245124 0.09114583333333333 0.017409470752089137 0.008333333333333333
10 0.879874651810585 0.5361979166666667 0.018802228412256268 0.0078125
1 0.15285515320334261 0.6520833333333333 0.011838440111420613 0.013541666666666667
12 0.8039693593314763 0.5513020833333333 0.02158774373259053 0.0171875
12 0.8217270194986073 0.5489583333333333 0.023676880222841225 0.01875
12 0.8642061281337048 0.5440104166666667 0.019498607242339833 0.016145833333333335
10 0.6128133704735376 0.584375 0.01532033426183844 0.007291666666666667
12 0.8467966573816156 0.5471354166666667 0.023676880222841225 0.0171875
1 0.1413649025069638 0.6596354166666667 0.018105849582172703 0.0078125
10 0.5974930362116991 0.58671875 0.013927576601671309 0.0067708333333333336
1 0.5550139275766016 0.040364583333333336 0.008356545961002786 0.0109375
1 0.07764623955431754 0.6755208333333333 0.017409470752089137 0.008333333333333333
10 0.5947075208913649 0.5940104166666667 0.016713091922005572 0.0078125
10 0.8255571030640668 0.56015625 0.016016713091922007 0.0078125
10 0.8095403899721448 0.5625 0.016016713091922007 0.00625
10 0.5769498607242339 0.6005208333333333 0.017409470752089137 0.008333333333333333
10 0.06232590529247911 0.6833333333333333 0.018802228412256268 0.009375
10 0.23990250696378831 0.6609375 0.011838440111420613 0.011458333333333333
1 0.27298050139275765 0.6580729166666667 0.018105849582172703 0.0078125
1 0.9063370473537604 0.5677083333333334 0.016016713091922007 0.007291666666666667
10 0.8864902506963789 0.5729166666666666 0.009749303621169917 0.0125
10 0.8941504178272981 0.5721354166666667 0.009749303621169917 0.0140625
10 0.07381615598885793 0.7065104166666667 0.019498607242339833 0.0078125
1 0.21448467966573817 0.09765625 0.016713091922005572 0.0078125
10 0.07486072423398328 0.71328125 0.018802228412256268 0.0078125
2 0.40947075208913647 0.6604166666666667 0.4011142061281337 0.09270833333333334
10 0.770891364902507 0.6036458333333333 0.008356545961002786 0.010416666666666666
1 0.786908077994429 0.6013020833333333 0.011142061281337047 0.011979166666666667
10 0.7785515320334262 0.6026041666666667 0.009749303621169917 0.0125
10 0.8255571030640668 0.59765625 0.011838440111420613 0.011979166666666667
10 0.24477715877437325 0.09401041666666667 0.017409470752089137 0.0078125
5 0.16608635097493035 0.7052083333333333 0.12325905292479108 0.10625
1 0.7907381615598886 0.6151041666666667 0.009052924791086351 0.011458333333333333
1 0.8635097493036211 0.6041666666666666 0.009749303621169917 0.011458333333333333
1 0.7207520891364902 0.6268229166666667 0.05153203342618384 0.03697916666666667
10 0.8555013927576601 0.6057291666666667 0.011838440111420613 0.013541666666666667
1 0.7688022284122563 0.6197916666666666 0.009749303621169917 0.0125
1 0.8290389972144847 0.61015625 0.010445682451253482 0.011979166666666667
1 0.7844707520891365 0.61796875 0.010445682451253482 0.013020833333333334
1 0.7771587743732591 0.61875 0.012534818941504178 0.014583333333333334
1 0.7607938718662952 0.6213541666666667 0.010445682451253482 0.0125
1 0.959958217270195 0.6013020833333333 0.009052924791086351 0.011979166666666667
1 0.08426183844011143 0.7424479166666667 0.033426183844011144 0.021354166666666667
1 0.12325905292479108 0.7364583333333333 0.009749303621169917 0.0125
10 0.8917130919220055 0.6151041666666667 0.014623955431754874 0.007291666666666667
10 0.23467966573816157 0.7208333333333333 0.022284122562674095 0.009375
1 0.8927576601671309 0.6216145833333333 0.018105849582172703 0.008854166666666666
1 0.12743732590529247 0.74921875 0.009749303621169917 0.011979166666666667
1 0.23224233983286907 0.7330729166666666 0.014623955431754874 0.0078125
5 0.7054317548746518 0.6588541666666666 0.06406685236768803 0.03333333333333333
1 0.08774373259052924 0.7611979166666667 0.027855153203342618 0.019270833333333334
1 0.11211699164345404 0.7606770833333333 0.02924791086350975 0.024479166666666666
1 0.8979805013927576 0.6369791666666667 0.016016713091922007 0.007291666666666667
1 0.13057103064066852 0.76015625 0.009052924791086351 0.0109375
1 0.20682451253481896 0.7494791666666667 0.01532033426183844 0.007291666666666667
1 0.18593314763231197 0.7559895833333333 0.011142061281337047 0.013020833333333334
10 0.149025069637883 0.7625 0.011142061281337047 0.013541666666666667
10 0.14171309192200557 0.7635416666666667 0.010445682451253482 0.014583333333333334
1 0.7412952646239555 0.6752604166666667 0.017409470752089137 0.008854166666666666
10 0.7249303621169917 0.6783854166666666 0.018105849582172703 0.008854166666666666
1 0.9014623955431755 0.653125 0.016016713091922007 0.007291666666666667
1 0.6960306406685237 0.6864583333333333 0.04108635097493036 0.028125
2 0.42896935933147634 0.7302083333333333 0.403899721448468 0.096875
5 0.8248607242339833 0.6723958333333333 0.1733983286908078 0.12604166666666666
10 0.7486072423398329 0.69609375 0.01532033426183844 0.0067708333333333336
10 0.9108635097493036 0.6716145833333333 0.01532033426183844 0.008854166666666666
10 0.22841225626740946 0.10625 0.016713091922005572 0.008333333333333333
1 0.7465181058495822 0.70234375 0.018105849582172703 0.008854166666666666
1 0.7256267409470752 0.7059895833333333 0.016713091922005572 0.0078125
1 0.9101671309192201 0.6828125 0.016713091922005572 0.007291666666666667
1 0.9126044568245125 0.6880208333333333 0.017409470752089137 0.008333333333333333
1 0.6110724233983287 0.7369791666666666 0.017409470752089137 0.010416666666666666
10 0.7538300835654597 0.7174479166666666 0.016016713091922007 0.0078125
1 0.32207520891364905 0.7875 0.017409470752089137 0.008333333333333333
10 0.9139972144846796 0.6934895833333333 0.016016713091922007 0.0067708333333333336
10 0.24582172701949861 0.10572916666666667 0.011142061281337047 0.011458333333333333
1 0.9275766016713092 0.69375 0.011142061281337047 0.0125
1 0.10201949860724234 0.8260416666666667 0.034122562674094706 0.019791666666666666
1 0.7555710306406686 0.7236979166666667 0.013927576601671309 0.0067708333333333336
10 0.939066852367688 0.6942708333333333 0.014623955431754874 0.00625
10 0.9153899721448467 0.6994791666666667 0.016016713091922007 0.007291666666666667
10 0.9171309192200557 0.7036458333333333 0.01532033426183844 0.00625
1 0.7552228412256268 0.7302083333333333 0.018802228412256268 0.00625
10 0.91991643454039 0.7088541666666667 0.018105849582172703 0.007291666666666667
1 0.12116991643454039 0.8390625 0.02924791086350975 0.020833333333333332
1 0.8944986072423399 0.7208333333333333 0.016016713091922007 0.007291666666666667
1 0.8631615598885793 0.7299479166666667 0.011838440111420613 0.0140625
1 0.8548050139275766 0.7315104166666667 0.011838440111420613 0.011979166666666667
2 0.44881615598885793 0.7994791666666666 0.4101671309192201 0.10416666666666667
10 0.8983286908077994 0.728125 0.008356545961002786 0.009375
10 0.8913649025069638 0.7307291666666667 0.009749303621169917 0.013541666666666667
10 0.8614206128133705 0.7411458333333333 0.016713091922005572 0.007291666666666667
5 0.1333565459610028 0.8575520833333333 0.056406685236768804 0.0359375
10 0.900766016713092 0.7411458333333333 0.011838440111420613 0.011458333333333333
10 0.8944986072423399 0.7421875 0.009052924791086351 0.011458333333333333
10 0.8631615598885793 0.7473958333333334 0.017409470752089137 0.008333333333333333
10 0.8875348189415042 0.7486979166666666 0.011838440111420613 0.013020833333333334
10 0.4815459610027855 0.8153645833333333 0.009052924791086351 0.0109375
1 0.49059888579387184 0.8143229166666667 0.010445682451253482 0.013020833333333334
10 0.9209610027855153 0.74609375 0.010445682451253482 0.0140625
1 0.4735376044568245 0.8171875 0.009749303621169917 0.010416666666666666
10 0.9011142061281338 0.7505208333333333 0.01532033426183844 0.007291666666666667
10 0.14066852367688024 0.8736979166666666 0.019498607242339833 0.0078125
10 0.16190807799442897 0.8700520833333333 0.017409470752089137 0.0078125
10 0.16364902506963788 0.8763020833333334 0.01532033426183844 0.0067708333333333336
10 0.149025069637883 0.8786458333333333 0.016713091922005572 0.007291666666666667
1 0.39623955431754876 0.8416666666666667 0.057103064066852366 0.034375
10 0.7771587743732591 0.7822916666666667 0.012534818941504178 0.011458333333333333
1 0.8213788300835655 0.77890625 0.014623955431754874 0.008854166666666666
1 0.15006963788300837 0.8856770833333333 0.017409470752089137 0.0078125
10 0.16573816155988857 0.8833333333333333 0.018105849582172703 0.008333333333333333
10 0.8032729805013927 0.7825520833333334 0.02158774373259053 0.0109375
1 0.1671309192200557 0.88828125 0.016713091922005572 0.005729166666666666
1 0.15181058495821728 0.8916666666666667 0.018105849582172703 0.007291666666666667
1 0.58008356545961 0.8236979166666667 0.018105849582172703 0.0078125
1 0.5041782729805014 0.8364583333333333 0.018105849582172703 0.008333333333333333
1 0.1873259052924791 0.9033854166666667 0.01532033426183844 0.0078125
1 0.20299442896935932 0.9010416666666666 0.017409470752089137 0.008333333333333333
10 0.21901114206128133 0.8986979166666667 0.017409470752089137 0.0078125
10 0.9780640668523677 0.7794270833333333 0.011838440111420613 0.011979166666666667
2 0.467966573816156 0.865625 0.41086350974930363 0.10104166666666667
1 0.1834958217270195 0.9125 0.016016713091922007 0.00625
1 0.14763231197771587 0.92265625 0.018105849582172703 0.0078125
1 0.16608635097493035 0.9203125 0.017409470752089137 0.008333333333333333
10 0.21448467966573817 0.12109375 0.018105849582172703 0.008854166666666666
1 0.14763231197771587 0.9286458333333333 0.016713091922005572 0.007291666666666667
10 0.7378133704735376 0.83671875 0.017409470752089137 0.0078125
10 0.7538300835654597 0.8341145833333333 0.016016713091922007 0.0067708333333333336
10 0.133008356545961 0.93515625 0.013927576601671309 0.0067708333333333336
1 0.15006963788300837 0.93359375 0.017409470752089137 0.008854166666666666
1 0.8293871866295265 0.8276041666666667 0.011142061281337047 0.0125
10 0.807799442896936 0.8338541666666667 0.011142061281337047 0.013541666666666667
1 0.8234679665738162 0.8315104166666667 0.009052924791086351 0.011979166666666667
10 0.8481894150417827 0.828125 0.01532033426183844 0.007291666666666667
10 0.8018802228412256 0.8356770833333333 0.010445682451253482 0.0140625
10 0.7611420612813371 0.8424479166666666 0.009749303621169917 0.011979166666666667
10 0.725974930362117 0.8479166666666667 0.00766016713091922 0.011458333333333333
1 0.733983286908078 0.8466145833333333 0.009749303621169917 0.011979166666666667
1 0.7486072423398329 0.84453125 0.008356545961002786 0.0109375
10 0.7416434540389972 0.8458333333333333 0.011142061281337047 0.011458333333333333
1 0.754874651810585 0.8440104166666667 0.008356545961002786 0.011979166666666667
10 0.9220055710306406 0.8174479166666667 0.01532033426183844 0.0078125
1 0.7176183844011143 0.85 0.011838440111420613 0.013541666666666667
10 0.8631615598885793 0.8270833333333333 0.014623955431754874 0.00625
1 0.15076601671309192 0.9408854166666667 0.016016713091922007 0.0078125
1 0.13579387186629527 0.9434895833333333 0.018105849582172703 0.0078125
10 0.838091922005571 0.8325520833333333 0.010445682451253482 0.013020833333333334
1 0.2566155988857939 0.9268229166666667 0.018802228412256268 0.009895833333333333
10 0.17827298050139276 0.12864583333333332 0.009749303621169917 0.0125
10 0.18523676880222842 0.12734375 0.011142061281337047 0.011979166666666667
1 0.15215877437325906 0.9463541666666667 0.014623955431754874 0.00625
10 0.13579387186629527 0.95 0.016713091922005572 0.007291666666666667
1 0.15215877437325906 0.9528645833333333 0.017409470752089137 0.0078125
10 0.13823119777158774 0.9546875 0.016016713091922007 0.00625
10 0.717966573816156 0.8651041666666667 0.01532033426183844 0.008333333333333333
1 0.13857938718662952 0.9591145833333333 0.01532033426183844 0.0067708333333333336
1 0.7200557103064067 0.8697916666666666 0.01532033426183844 0.00625
10 0.7016016713091922 0.8729166666666667 0.017409470752089137 0.008333333333333333
10 0.8823119777158774 0.84453125 0.019498607242339833 0.008854166666666666
10 0.8603760445682451 0.8481770833333333 0.017409470752089137 0.0078125
1 0.1556406685236769 0.9606770833333333 0.017409470752089137 0.0078125
1 0.14171309192200557 0.9645833333333333 0.014623955431754874 0.007291666666666667
1 0.7224930362116991 0.8755208333333333 0.014623955431754874 0.00625
10 0.7047353760445683 0.878125 0.013927576601671309 0.00625
10 0.8617688022284122 0.8536458333333333 0.017409470752089137 0.008333333333333333
1 0.14240947075208912 0.96953125 0.016016713091922007 0.0067708333333333336
1 0.1573816155988858 0.9677083333333333 0.016713091922005572 0.007291666666666667
5 0.21274373259052926 0.95546875 0.11350974930362116 0.08802083333333334
10 0.8649025069637883 0.8614583333333333 0.016713091922005572 0.007291666666666667
10 0.1594707520891365 0.97421875 0.016713091922005572 0.0067708333333333336
10 0.1413649025069638 0.978125 0.009749303621169917 0.011458333333333333
10 0.8655988857938719 0.8669270833333333 0.01532033426183844 0.0067708333333333336
10 0.1615598885793872 0.98046875 0.016713091922005572 0.0078125
5 0.7952646239554317 0.8807291666666667 0.14206128133704735 0.08854166666666667
1 0.1472841225626741 0.98671875 0.017409470752089137 0.0078125
10 0.16295264623955433 0.9854166666666667 0.016713091922005572 0.007291666666666667
1 0.26915041782729804 0.96953125 0.016016713091922007 0.0067708333333333336
2 0.4881615598885794 0.9356770833333333 0.4025069637883008 0.1046875
10 0.8694289693593314 0.875 0.017409470752089137 0.007291666666666667
1 0.149025069637883 0.9916666666666667 0.016713091922005572 0.007291666666666667
10 0.8704735376044568 0.8822916666666667 0.016713091922005572 0.007291666666666667
10 0.15076601671309192 0.9966145833333333 0.017409470752089137 0.005729166666666666
10 0.8732590529247911 0.8885416666666667 0.016713091922005572 0.007291666666666667
1 0.3004874651810585 0.9848958333333333 0.017409470752089137 0.008333333333333333
1 0.38440111420612816 0.9770833333333333 0.016713091922005572 0.007291666666666667
10 0.30396935933147634 0.9903645833333333 0.016016713091922007 0.0078125
10 0.36908077994428967 0.9802083333333333 0.016713091922005572 0.007291666666666667
1 0.8743036211699164 0.90078125 0.017409470752089137 0.0078125
1 0.3854456824512535 0.98203125 0.014623955431754874 0.0067708333333333336
1 0.2618384401114206 0.9986979166666666 0.018105849582172703 0.0015625
10 0.37012534818941506 0.9848958333333333 0.016016713091922007 0.00625
1 0.3868384401114206 0.9875 0.014623955431754874 0.00625
10 0.6848885793871866 0.9401041666666666 0.016016713091922007 0.007291666666666667
10 0.3722144846796657 0.9908854166666666 0.016016713091922007 0.0067708333333333336
10 0.8356545961002786 0.9171875 0.009749303621169917 0.010416666666666666
1 0.8433147632311978 0.9161458333333333 0.009749303621169917 0.010416666666666666
10 0.9035515320334262 0.9065104166666667 0.010445682451253482 0.013020833333333334
1 0.8283426183844012 0.9192708333333334 0.009052924791086351 0.011458333333333333
10 0.7928272980501393 0.925 0.010445682451253482 0.013541666666666667
1 0.8210306406685237 0.9205729166666666 0.009749303621169917 0.011979166666666667
10 0.6713091922005571 0.9442708333333333 0.018105849582172703 0.008333333333333333
10 0.8596796657381616 0.9145833333333333 0.011838440111420613 0.013541666666666667
1 0.8520194986072424 0.9158854166666667 0.011838440111420613 0.011979166666666667
10 0.7865598885793872 0.9263020833333333 0.009052924791086351 0.0109375
10 0.7795961002785515 0.9278645833333333 0.010445682451253482 0.013020833333333334
1 0.7729805013927576 0.9291666666666667 0.009749303621169917 0.011458333333333333
1 0.38823119777158777 0.9927083333333333 0.016016713091922007 0.007291666666666667
10 0.3729108635097493 0.9950520833333333 0.016016713091922007 0.0067708333333333336
10 0.8447075208913649 0.925 0.016713091922005572 0.007291666666666667
10 0.7747214484679665 0.9377604166666667 0.014623955431754874 0.0078125
10 0.8255571030640668 0.9325520833333333 0.009052924791086351 0.0109375
10 0.18245125348189414 0.1375 0.018105849582172703 0.007291666666666667
10 0.8325208913649025 0.93125 0.009052924791086351 0.011458333333333333
10 0.8467966573816156 0.9307291666666667 0.018105849582172703 0.007291666666666667
2 0.508008356545961 0.9760416666666667 0.40598885793871864 0.046875
10 0.20020891364902507 0.13671875 0.016016713091922007 0.0078125
10 0.950208913649025 0.9356770833333333 0.009052924791086351 0.0078125
10 0.770891364902507 0.9653645833333333 0.009749303621169917 0.005729166666666666
10 0.7635793871866295 0.9666666666666667 0.010445682451253482 0.00625
10 0.004526462395543176 0.17682291666666666 0.009052924791086351 0.0140625
10 0.4662256267409471 0.1109375 0.018802228412256268 0.008333333333333333
10 0.43419220055710306 0.11588541666666667 0.018802228412256268 0.0109375
10 0.451949860724234 0.1140625 0.013927576601671309 0.007291666666666667
10 0.006267409470752089 0.1890625 0.011142061281337047 0.013541666666666667
1 0.4516016713091922 0.14375 0.010445682451253482 0.011458333333333333
1 0.34575208913649025 0.21015625 0.014623955431754874 0.018229166666666668
10 0.3203342618384401 0.2203125 0.016713091922005572 0.007291666666666667
10 0.3342618384401114 0.21822916666666667 0.01532033426183844 0.00625
1 0.06476323119777158 0.27057291666666666 0.009749303621169917 0.013020833333333334
1 0.116991643454039 0.2643229166666667 0.012534818941504178 0.016145833333333335
5 0.09296657381615599 0.2734375 0.05083565459610028 0.042708333333333334
1 0.06754874651810584 0.28125 0.009749303621169917 0.010416666666666666
1 0.23990250696378831 0.2625 0.00766016713091922 0.009375
10 0.11977715877437325 0.2828125 0.013927576601671309 0.0125
10 0.07311977715877438 0.2942708333333333 0.013927576601671309 0.016666666666666666
10 0.11142061281337047 0.2950520833333333 0.025069637883008356 0.011979166666666667
1 0.2837743732590529 0.27291666666666664 0.011838440111420613 0.013541666666666667
1 0.29143454038997213 0.27317708333333335 0.010445682451253482 0.013020833333333334
10 0.11803621169916434 0.30520833333333336 0.010445682451253482 0.0125
10 0.2862116991643454 0.28411458333333334 0.016713091922005572 0.0078125
10 0.5459610027855153 0.0067708333333333336 0.012534818941504178 0.013541666666666667
1 0.2802924791086351 0.2908854166666667 0.017409470752089137 0.0078125
10 0.536908077994429 0.008854166666666666 0.008356545961002786 0.010416666666666666
12 0.10306406685236769 0.3359375 0.07242339832869081 0.058333333333333334
2 0.7938718662952646 0.25885416666666666 0.22423398328690808 0.5177083333333333
2 0.6963788300835655 0.27317708333333335 0.22423398328690808 0.5463541666666667
2 0.7482590529247911 0.27369791666666665 0.20264623955431754 0.5473958333333333
10 0.1288300835654596 0.365625 0.018105849582172703 0.008333333333333333
12 0.10828690807799443 0.3890625 0.04805013927576602 0.05
12 0.5062674094707521 0.0203125 0.06545961002785515 0.036458333333333336
10 0.05327298050139276 0.41901041666666666 0.016016713091922007 0.0067708333333333336
1 0.05466573816155989 0.4236979166666667 0.016016713091922007 0.0067708333333333336
1 0.06824512534818941 0.42239583333333336 0.009749303621169917 0.0125
10 0.8795264623955432 0.3067708333333333 0.01532033426183844 0.007291666666666667
10 0.5487465181058496 0.01796875 0.009749303621169917 0.011979166666666667
10 0.8812674094707521 0.31145833333333334 0.016016713091922007 0.007291666666666667
1 0.8840529247910863 0.31692708333333336 0.014623955431754874 0.0067708333333333336
1 0.8857938718662952 0.3229166666666667 0.01532033426183844 0.007291666666666667
1 0.8868384401114207 0.32864583333333336 0.017409470752089137 0.007291666666666667