1 0.766357421875 0.5447882736156352 0.00244140625 0.008143322475570033
1 0.762939453125 0.5451954397394136 0.00146484375 0.008957654723127036
1 0.77099609375 0.5468241042345277 0.001953125 0.008957654723127036
1 0.774658203125 0.5464169381107492 0.00244140625 0.008143322475570033
10 0.916748046875 0.5476384364820847 0.00537109375 0.004071661237785016
10 0.571044921875 0.5480456026058632 0.00244140625 0.011400651465798045
1 0.908203125 0.5484527687296417 0.0048828125 0.004071661237785016
1 0.77978515625 0.5517100977198697 0.001953125 0.007328990228013029
1 0.782958984375 0.5525244299674267 0.00244140625 0.008957654723127036
10 0.91650390625 0.5521172638436482 0.0048828125 0.003257328990228013
10 0.514404296875 0.5521172638436482 0.00439453125 0.003257328990228013
10 0.811279296875 0.5545602605863192 0.00244140625 0.008143322475570033
10 0.51416015625 0.5578175895765473 0.005859375 0.004885993485342019
5 0.45751953125 0.5594462540716613 0.087890625 0.15146579804560262
10 0.514404296875 0.5667752442996743 0.00634765625 0.004885993485342019
1 0.86376953125 0.5688110749185668 0.001953125 0.007328990228013029
1 0.88232421875 0.5696254071661238 0.0048828125 0.004071661237785016
1 0.875 0.5716612377850163 0.001953125 0.008143322475570033
10 0.51416015625 0.5785830618892508 0.0068359375 0.005700325732899023
1 0.91943359375 0.5785830618892508 0.0029296875 0.008957654723127036
1 0.8818359375 0.5810260586319218 0.0048828125 0.0024429967426710096
10 0.514404296875 0.5830618892508144 0.00634765625 0.003257328990228013
1 0.927490234375 0.5846905537459284 0.00537109375 0.004885993485342019
10 0.514404296875 0.5887622149837134 0.00732421875 0.003257328990228013
1 0.515380859375 0.5964983713355049 0.00244140625 0.008957654723127036
10 0.513671875 0.6078990228013029 0.0048828125 0.004071661237785016
10 0.513671875 0.613599348534202 0.0048828125 0.004071661237785016
1 0.513671875 0.6180781758957655 0.0048828125 0.003257328990228013
1 0.513916015625 0.6237785016286646 0.00439453125 0.003257328990228013
1 0.513671875 0.628257328990228 0.0048828125 0.004071661237785016
1 0.513671875 0.633957654723127 0.0048828125 0.004071661237785016
10 0.191162109375 0.6441368078175895 0.00341796875 0.008143322475570033
10 0.172607421875 0.6449511400651465 0.00244140625 0.009771986970684038
10 0.175048828125 0.6445439739413681 0.00244140625 0.010586319218241042
10 0.168701171875 0.6453583061889251 0.00244140625 0.010586319218241042
10 0.178466796875 0.6457654723127035 0.00244140625 0.011400651465798045
1 0.181884765625 0.6453583061889251 0.00244140625 0.008957654723127036
10 0.2158203125 0.6453583061889251 0.0029296875 0.013843648208469055
10 0.1875 0.6453583061889251 0.001953125 0.010586319218241042
10 0.2080078125 0.6478013029315961 0.0029296875 0.008957654723127036
10 0.22119140625 0.6494299674267101 0.0029296875 0.010586319218241042
1 0.5341796875 0.6592019543973942 0.005859375 0.004071661237785016
10 0.3857421875 0.06677524429967427 0.009765625 0.008143322475570033
1 0.146728515625 0.6775244299674267 0.01123046875 0.013029315960912053
5 0.04833984375 0.6791530944625407 0.0126953125 0.03745928338762215
1 0.327880859375 0.6885179153094463 0.00341796875 0.012214983713355049
1 0.253662109375 0.7003257328990228 0.00341796875 0.013029315960912053
1 0.40576171875 0.07003257328990228 0.0029296875 0.014657980456026058
1 0.38427734375 0.7092833876221498 0.001953125 0.009771986970684038
5 0.088623046875 0.7162052117263844 0.06396484375 0.05781758957654723
10 0.153564453125 0.7166123778501629 0.00634765625 0.004885993485342019
5 0.3623046875 0.7166123778501629 0.033203125 0.06188925081433225
5 0.198486328125 0.7227198697068404 0.07763671875 0.12296416938110749
10 0.154541015625 0.7243485342019544 0.00732421875 0.005700325732899023
10 0.15380859375 0.7280130293159609 0.005859375 0.003257328990228013
10 0.1533203125 0.7333061889250815 0.005859375 0.004071661237785016
10 0.146728515625 0.7381921824104235 0.00732421875 0.0024429967426710096
10 0.1533203125 0.7390065146579805 0.0048828125 0.004071661237785016
10 0.153564453125 0.7447068403908795 0.00634765625 0.004071661237785016
10 0.1455078125 0.7455211726384365 0.005859375 0.005700325732899023
1 0.298095703125 0.7455211726384365 0.00927734375 0.010586319218241042
1 0.30810546875 0.7463355048859935 0.0087890625 0.008957654723127036
2 0.557373046875 0.749185667752443 0.02294921875 0.13680781758957655
2 0.411376953125 0.7487785016286646 0.02685546875 0.1490228013029316
1 0.28857421875 0.751628664495114 0.0068359375 0.004885993485342019
10 0.385498046875 0.07695439739413681 0.01025390625 0.010586319218241042
5 0.307861328125 0.7728013029315961 0.02783203125 0.03908794788273615
1 0.55419921875 0.07776872964169382 0.0078125 0.007328990228013029
1 0.564697265625 0.07776872964169382 0.01025390625 0.010586319218241042
10 0.12451171875 0.7768729641693811 0.0078125 0.003257328990228013
10 0.116943359375 0.7764657980456026 0.00732421875 0.004071661237785016
10 0.12451171875 0.7817589576547231 0.005859375 0.0016286644951140066
10 0.1171875 0.7817589576547231 0.0078125 0.0016286644951140066
10 0.123046875 0.7850162866449512 0.005859375 0.0016286644951140066
10 0.116455078125 0.7878664495114006 0.00537109375 0.005700325732899023
10 0.1240234375 0.7886807817589576 0.0087890625 0.0024429967426710096
10 0.19091796875 0.7935667752442996 0.001953125 0.010586319218241042
10 0.116943359375 0.7947882736156352 0.00732421875 0.004885993485342019
10 0.1240234375 0.7947882736156352 0.005859375 0.0016286644951140066
10 0.180908203125 0.7943811074918566 0.00244140625 0.010586319218241042
1 0.188232421875 0.7943811074918566 0.00146484375 0.008957654723127036
1 0.164794921875 0.7956026058631922 0.00146484375 0.011400651465798045
10 0.17626953125 0.7956026058631922 0.0029296875 0.011400651465798045
1 0.1845703125 0.7964169381107492 0.001953125 0.009771986970684038
1 0.195556640625 0.7964169381107492 0.00244140625 0.011400651465798045
5 0.141357421875 0.7984527687296417 0.02197265625 0.04804560260586319
1 0.096435546875 0.8045602605863192 0.00830078125 0.006514657980456026
5 0.155029296875 0.8041530944625407 0.00244140625 0.010586319218241042
1 0.28955078125 0.8049674267100977 0.001953125 0.010586319218241042
1 0.29296875 0.8049674267100977 0.0029296875 0.010586319218241042
10 0.18505859375 0.8057817589576547 0.0029296875 0.008957654723127036
5 0.158203125 0.8061889250814332 0.001953125 0.011400651465798045
1 0.127197265625 0.8122964169381107 0.00244140625 0.010586319218241042
5 0.353759765625 0.8135179153094463 0.01611328125 0.021172638436482084
1 0.259521484375 0.8224755700325733 0.00732421875 0.006514657980456026
1 0.127197265625 0.8228827361563518 0.00146484375 0.008957654723127036
1 0.14013671875 0.8298045602605864 0.0068359375 0.004885993485342019
1 0.095703125 0.8314332247557004 0.005859375 0.004885993485342019
1 0.294677734375 0.8326547231270358 0.00830078125 0.005700325732899023
1 0.42333984375 0.8363192182410424 0.0029296875 0.009771986970684038
1 0.096435546875 0.8383550488599348 0.00830078125 0.004071661237785016
5 0.35302734375 0.8395765472312704 0.01171875 0.02768729641693811
10 0.423583984375 0.8456840390879479 0.00244140625 0.008957654723127036
5 0.28759765625 0.8493485342019544 0.0302734375 0.02280130293159609
1 0.572509765625 0.8493485342019544 0.00244140625 0.009771986970684038
10 0.425048828125 0.8550488599348535 0.00634765625 0.004885993485342019
10 0.38427734375 0.08550488599348534 0.0078125 0.004885993485342019
10 0.4296875 0.8587133550488599 0.0029296875 0.010586319218241042
10 0.4423828125 0.8599348534201955 0.0029296875 0.013029315960912053
10 0.4345703125 0.8607491856677525 0.001953125 0.008143322475570033
10 0.438232421875 0.8603420195439739 0.00244140625 0.008957654723127036
1 0.366943359375 0.865228013029316 0.00537109375 0.0024429967426710096
1 0.960693359375 0.870114006514658 0.00244140625 0.008957654723127036
10 0.586181640625 0.884771986970684 0.00244140625 0.012214983713355049
10 0.571044921875 0.886400651465798 0.00244140625 0.012214983713355049
10 0.586669921875 0.8957654723127035 0.00244140625 0.009771986970684038
10 0.571044921875 0.9014657980456026 0.00244140625 0.011400651465798045
10 0.476318359375 0.9189739413680782 0.00244140625 0.010586319218241042
10 0.48291015625 0.9185667752442996 0.0029296875 0.009771986970684038
10 0.512939453125 0.9210097719869706 0.00244140625 0.013029315960912053
10 0.455078125 0.9222312703583062 0.009765625 0.010586319218241042
10 0.535400390625 0.9238599348534202 0.00341796875 0.010586319218241042
10 0.384521484375 0.09242671009771987 0.00830078125 0.005700325732899023
1 0.400146484375 0.9385179153094463 0.00537109375 0.0024429967426710096
1 0.39990234375 0.9446254071661238 0.005859375 0.004885993485342019
1 0.400146484375 0.9515472312703583 0.00634765625 0.004071661237785016
1 0.399658203125 0.9576547231270358 0.00439453125 0.004885993485342019
1 0.38427734375 0.1005700325732899 0.0087890625 0.007328990228013029
5 0.59326171875 0.10708469055374593 0.0146484375 0.038273615635179156
5 0.6103515625 0.10749185667752444 0.013671875 0.035830618892508145
1 0.389404296875 0.13802931596091206 0.00732421875 0.005700325732899023
10 0.3896484375 0.1449511400651466 0.0078125 0.008143322475570033
1 0.536376953125 0.1469869706840391 0.00341796875 0.015472312703583062
1 0.5478515625 0.1473941368078176 0.0068359375 0.004885993485342019
1 0.5302734375 0.1482084690553746 0.001953125 0.013029315960912053
1 0.54150390625 0.1482084690553746 0.00390625 0.014657980456026058
10 0.404296875 0.1490228013029316 0.0078125 0.006514657980456026
10 0.389892578125 0.15228013029315962 0.00732421875 0.006514657980456026
1 0.412841796875 0.16123778501628663 0.01025390625 0.008143322475570033
10 0.40380859375 0.16123778501628663 0.0029296875 0.013029315960912053
1 0.3994140625 0.16164495114006514 0.0029296875 0.015472312703583062
10 0.52978515625 0.18444625407166124 0.001953125 0.008957654723127036
10 0.801513671875 0.19136807817589577 0.00244140625 0.008143322475570033
1 0.805419921875 0.19096091205211727 0.00244140625 0.008957654723127036
1 0.968017578125 0.20806188925081434 0.00732421875 0.007328990228013029
1 0.9697265625 0.21335504885993486 0.01171875 0.0016286644951140066
5 0.40087890625 0.2186482084690554 0.0224609375 0.025244299674267102
1 0.8359375 0.22068403908794787 0.0048828125 0.003257328990228013
1 0.795654296875 0.22149837133550487 0.00830078125 0.006514657980456026
1 0.81396484375 0.22394136807817588 0.0048828125 0.003257328990228013
1 0.8232421875 0.22434853420195439 0.0048828125 0.004071661237785016
1 0.794677734375 0.2284201954397394 0.00634765625 0.004071661237785016
1 0.83154296875 0.2292345276872964 0.0048828125 0.004071661237785016
1 0.814208984375 0.2292345276872964 0.00537109375 0.004071661237785016
10 0.79443359375 0.23493485342019543 0.005859375 0.004071661237785016
1 0.794189453125 0.24104234527687296 0.00537109375 0.003257328990228013
1 0.81640625 0.24307817589576547 0.00390625 0.01710097719869707
1 0.940673828125 0.24429967426710097 0.00439453125 0.016286644951140065
1 0.967041015625 0.24429967426710097 0.00439453125 0.017915309446254073
5 0.59912109375 0.24674267100977199 0.0146484375 0.03745928338762215
1 0.86083984375 0.24633550488599348 0.00390625 0.015472312703583062
5 0.613525390625 0.248371335504886 0.01318359375 0.03908794788273615
1 0.49951171875 0.2487785016286645 0.009765625 0.007328990228013029
1 0.49951171875 0.25855048859934854 0.0087890625 0.005700325732899023
1 0.822265625 0.25936482084690554 0.00390625 0.013843648208469055
1 0.952392578125 0.2666938110749186 0.00537109375 0.004071661237785016
1 0.49853515625 0.2707654723127036 0.0068359375 0.005700325732899023
10 0.9521484375 0.2740228013029316 0.005859375 0.004071661237785016
1 0.890380859375 0.2764657980456026 0.00244140625 0.013843648208469055
1 0.922607421875 0.2780944625407166 0.00537109375 0.004071661237785016
2 0.436767578125 0.27931596091205213 0.02880859375 0.3469055374592834
2 0.478515625 0.27972312703583063 0.025390625 0.33631921824104233
1 0.498291015625 0.28175895765472314 0.00634765625 0.006514657980456026
10 0.663330078125 0.2899022801302932 0.00244140625 0.008143322475570033
10 0.660400390625 0.2899022801302932 0.00244140625 0.008143322475570033
1 0.5 0.2894951140065147 0.0087890625 0.007328990228013029
10 0.68798828125 0.2919381107491857 0.001953125 0.008957654723127036
10 0.691650390625 0.2923452768729642 0.00244140625 0.008143322475570033
1 0.745361328125 0.2927524429967427 0.00244140625 0.008957654723127036
10 0.735595703125 0.2927524429967427 0.00244140625 0.008957654723127036
10 0.7314453125 0.2939739413680782 0.0029296875 0.008143322475570033
1 0.740478515625 0.2964169381107492 0.00439453125 0.014657980456026058
1 0.830322265625 0.2984527687296417 0.00439453125 0.012214983713355049
1 0.821044921875 0.3004885993485342 0.00244140625 0.011400651465798045
1 0.836669921875 0.3008957654723127 0.00244140625 0.013843648208469055
5 0.8466796875 0.30211726384364823 0.0107421875 0.03420195439739414
5 0.891845703125 0.30618892508143325 0.01611328125 0.024429967426710098
1 0.875 0.30863192182410426 0.0087890625 0.004885993485342019
10 0.697509765625 0.3127035830618892 0.00244140625 0.008143322475570033
1 0.937744140625 0.3127035830618892 0.00341796875 0.009771986970684038
10 0.700927734375 0.3135179153094462 0.00244140625 0.008143322475570033
1 0.837158203125 0.31433224755700323 0.00244140625 0.011400651465798045
1 0.875244140625 0.31433224755700323 0.01123046875 0.006514657980456026
1 0.94384765625 0.32003257328990226 0.005859375 0.003257328990228013
10 0.745849609375 0.32084690553745926 0.00537109375 0.004885993485342019
10 0.73876953125 0.32125407166123776 0.0048828125 0.004071661237785016
1 0.82470703125 0.32288273615635177 0.0048828125 0.004071661237785016
10 0.7392578125 0.3273615635179153 0.005859375 0.003257328990228013
10 0.74560546875 0.3269543973941368 0.0048828125 0.004071661237785016
10 0.395263671875 0.3273615635179153 0.00244140625 0.013029315960912053
1 0.398681640625 0.3277687296416938 0.00341796875 0.010586319218241042
1 0.8251953125 0.3285830618892508 0.0048828125 0.004071661237785016
1 0.40673828125 0.3298045602605863 0.001953125 0.013029315960912053
10 0.73876953125 0.3326547231270358 0.0048828125 0.004071661237785016
1 0.928955078125 0.3346905537459283 0.00244140625 0.008143322475570033
1 0.85986328125 0.34446254071661236 0.005859375 0.004885993485342019
1 0.889404296875 0.34527687296416937 0.00732421875 0.004885993485342019
1 0.87548828125 0.34527687296416937 0.0048828125 0.003257328990228013
10 0.8818359375 0.34486970684039087 0.0048828125 0.004071661237785016
1 0.842529296875 0.3469055374592834 0.00244140625 0.008143322475570033
1 0.412109375 0.3513843648208469 0.0078125 0.007328990228013029
5 0.396728515625 0.35993485342019543 0.01806640625 0.026058631921824105
1 0.416748046875 0.36685667752442996 0.00439453125 0.015472312703583062
1 0.4111328125 0.36807817589576547 0.00390625 0.017915309446254073
10 0.38427734375 0.3697068403908795 0.001953125 0.011400651465798045
10 0.38671875 0.3786644951140065 0.005859375 0.004885993485342019
1 0.392822265625 0.38355048859934854 0.00244140625 0.011400651465798045
10 0.399169921875 0.38355048859934854 0.00732421875 0.003257328990228013
10 0.387451171875 0.38477198697068404 0.00830078125 0.004071661237785016
5 0.929931640625 0.39047231270358307 0.04052734375 0.08876221498371335
10 0.71337890625 0.4140879478827362 0.0048828125 0.004071661237785016
10 0.7197265625 0.4157166123778502 0.0048828125 0.004071661237785016
5 0.80322265625 0.4185667752442997 0.0283203125 0.05374592833876222
10 0.71337890625 0.4197882736156352 0.0048828125 0.004071661237785016
1 0.846923828125 0.4201954397394137 0.00244140625 0.011400651465798045
10 0.719970703125 0.4230456026058632 0.00537109375 0.004071661237785016
10 0.71337890625 0.4246742671009772 0.0048828125 0.004071661237785016
10 0.71337890625 0.42915309446254074 0.0048828125 0.003257328990228013
1 0.91455078125 0.44788273615635177 0.00390625 0.013029315960912053
1 0.904296875 0.4535830618892508 0.0029296875 0.009771986970684038
1 0.84521484375 0.46579804560260585 0.0029296875 0.008143322475570033
5 0.928466796875 0.49307817589576547 0.03076171875 0.0496742671009772
10 0.837646484375 0.495928338762215 0.00537109375 0.003257328990228013
1 0.711181640625 0.498371335504886 0.00244140625 0.008143322475570033
1 0.845703125 0.500814332247557 0.001953125 0.008143322475570033
1 0.74072265625 0.506514657980456 0.005859375 0.004885993485342019
1 0.740234375 0.512214983713355 0.0048828125 0.003257328990228013
10 0.81640625 0.5134364820846905 0.005859375 0.005700325732899023
10 0.82275390625 0.5232084690553745 0.001953125 0.010586319218241042
1 0.61083984375 0.5248371335504886 0.0068359375 0.005700325732899023
1 0.875732421875 0.5256514657980456 0.00439453125 0.004071661237785016
1 0.73046875 0.5256514657980456 0.001953125 0.008957654723127036
1 0.734130859375 0.5260586319218241 0.00146484375 0.008143322475570033
1 0.62158203125 0.5264657980456026 0.001953125 0.007328990228013029
1 0.624755859375 0.5260586319218241 0.00146484375 0.008143322475570033
1 0.64404296875 0.5268729641693811 0.001953125 0.008143322475570033
1 0.901611328125 0.5272801302931596 0.00537109375 0.004071661237785016
1 0.65380859375 0.5272801302931596 0.001953125 0.008957654723127036
1 0.66064453125 0.5268729641693811 0.001953125 0.006514657980456026
1 0.663818359375 0.5272801302931596 0.00244140625 0.007328990228013029
1 0.6474609375 0.5272801302931596 0.001953125 0.008957654723127036
1 0.657470703125 0.5268729641693811 0.00146484375 0.008143322475570033
1 0.651123046875 0.5272801302931596 0.00244140625 0.008957654723127036
1 0.669921875 0.5268729641693811 0.001953125 0.008143322475570033
1 0.6669921875 0.5272801302931596 0.001953125 0.007328990228013029
1 0.6767578125 0.5276872964169381 0.001953125 0.008143322475570033
1 0.6796875 0.5276872964169381 0.001953125 0.008143322475570033
1 0.67333984375 0.5276872964169381 0.001953125 0.008143322475570033
1 0.683349609375 0.5280944625407166 0.00244140625 0.008957654723127036
1 0.686767578125 0.5280944625407166 0.00244140625 0.008957654723127036
1 0.689453125 0.5289087947882736 0.001953125 0.008957654723127036
1 0.69287109375 0.5285016286644951 0.001953125 0.009771986970684038
1 0.6298828125 0.5301302931596091 0.00390625 0.013029315960912053
1 0.739501953125 0.5325732899022801 0.00244140625 0.008143322475570033
1 0.7421875 0.5325732899022801 0.001953125 0.008143322475570033
10 0.56689453125 0.5354234527687296 0.0029296875 0.008957654723127036
10 0.571044921875 0.5358306188925082 0.00244140625 0.008143322475570033
1 0.7470703125 0.5358306188925082 0.001953125 0.008143322475570033
1 0.75048828125 0.5362377850162866 0.001953125 0.008957654723127036
10 0.514404296875 0.5358306188925082 0.00634765625 0.004885993485342019
1 0.826171875 0.5374592833876222 0.0048828125 0.004885993485342019
1 0.701416015625 0.5378664495114006 0.00732421875 0.007328990228013029
1 0.7548828125 0.5390879478827362 0.001953125 0.008143322475570033
1 0.7578125 0.5399022801302932 0.001953125 0.008143322475570033