1 0.28354357798165136 0.40094836670179135 0.005160550458715597 0.01053740779768177
1 0.6149655963302753 0.48603793466807166 0.01548165137614679 0.008956796628029505
10 0.7110091743119266 0.038724973656480505 0.006880733944954129 0.008956796628029505
1 0.125 0.3703898840885142 0.0045871559633027525 0.006322444678609062
1 0.8073394495412844 0.5392518440463646 0.0045871559633027525 0.012118018967334035
10 0.7216169724770642 0.04188619599578504 0.0028669724770642203 0.007903055848261328
1 0.8772935779816514 0.5603266596417281 0.009174311926605505 0.013171759747102213
10 0.9162844036697247 0.5703371970495258 0.008027522935779817 0.012118018967334035
1 0.3709862385321101 0.4375658587987355 0.016055045871559634 0.010010537407797681
5 0.15825688073394495 0.3856691253951528 0.06307339449541284 0.07165437302423604
1 0.5871559633027523 0.00922023182297155 0.011467889908256881 0.00684931506849315
10 0.6482224770642202 0.024499473129610115 0.008600917431192661 0.005795574288724974
10 0.3523509174311927 0.43940990516332984 0.014334862385321102 0.007376185458377239
1 0.6100917431192661 0.01554267650158061 0.011467889908256881 0.004741833508956797
1 0.349197247706422 0.4430979978925184 0.013761467889908258 0.009483667017913594
10 0.36840596330275227 0.44968387776606955 0.01548165137614679 0.010010537407797681
1 0.1938073394495413 0.4083245521601686 0.010321100917431193 0.006322444678609062
1 0.6576834862385321 0.027660695468914646 0.0034403669724770644 0.0015806111696522655
1 0.632454128440367 0.02160168598524763 0.010321100917431193 0.007376185458377239
10 0.7514334862385321 0.5474183350895679 0.014334862385321102 0.008429926238145416
1 0.2726490825688073 0.4307165437302424 0.005160550458715597 0.010010537407797681
1 0.3477637614678899 0.44968387776606955 0.014334862385321102 0.008956796628029505
1 0.3669724770642202 0.4560063224446786 0.014908256880733946 0.008956796628029505
1 0.1184059633027523 0.3951527924130664 0.006307339449541285 0.009483667017913594
10 0.7494266055045872 0.553213909378293 0.013761467889908258 0.007376185458377239
1 0.849197247706422 0.5814014752370916 0.01261467889908257 0.007903055848261328
1 0.26920871559633025 0.4446786090621707 0.005160550458715597 0.009483667017913594
10 0.16743119266055045 0.4272918861959958 0.008027522935779817 0.004214963119072708
1 0.13847477064220184 0.42096944151738674 0.005160550458715597 0.003161222339304531
1 0.12643348623853212 0.4178082191780822 0.007454128440366973 0.004214963119072708
10 0.1510894495412844 0.4246575342465753 0.005160550458715597 0.004214963119072708
1 0.8655389908256881 0.6016859852476291 0.008600917431192661 0.012644889357218124
10 0.612098623853211 0.5395152792413066 0.014334862385321102 0.008429926238145416
10 0.12442660550458716 0.4238672286617492 0.009174311926605505 0.005795574288724974
1 0.26519495412844035 0.4596944151738672 0.0040137614678899085 0.007903055848261328
12 0.31995412844036697 0.4739199157007376 0.058486238532110095 0.04162276080084299
1 0.6034977064220184 0.5434668071654373 0.01548165137614679 0.008956796628029505
10 0.6198394495412844 0.5474183350895679 0.01261467889908257 0.008429926238145416
1 0.09604357798165138 0.4207060063224447 0.005160550458715597 0.007903055848261328
1 0.3706995412844037 0.48998946259220233 0.01548165137614679 0.009483667017913594
1 0.6777522935779816 0.5661222339304531 0.016055045871559634 0.010010537407797681
10 0.35493119266055045 0.48840885142255 0.008027522935779817 0.012644889357218124
1 0.8623853211009175 0.6138040042149632 0.008027522935779817 0.012644889357218124
1 0.2606077981651376 0.47233930453108536 0.0040137614678899085 0.005795574288724974
10 0.7396788990825688 0.5932560590094836 0.013761467889908258 0.007376185458377239
10 0.10980504587155963 0.4399367755532139 0.012041284403669725 0.006322444678609062
1 0.8580848623853211 0.6256585879873551 0.007454128440366973 0.011064278187565859
10 0.3331422018348624 0.4971022128556375 0.014908256880733946 0.007903055848261328
10 0.36410550458715596 0.5050052687038988 0.009174311926605505 0.012118018967334035
10 0.7385321100917431 0.5987881981032666 0.013761467889908258 0.007903055848261328
10 0.10407110091743119 0.4433614330874605 0.006307339449541285 0.0036880927291886197
10 0.3305619266055046 0.5023709167544784 0.01548165137614679 0.008956796628029505
1 0.25602064220183485 0.4857744994731296 0.0040137614678899085 0.007376185458377239
10 0.1080848623853211 0.45100105374077976 0.006307339449541285 0.005268703898840885
1 0.14936926605504589 0.4623287671232877 0.007454128440366973 0.005795574288724974
1 0.854644495412844 0.6375131717597471 0.00974770642201835 0.012644889357218124
1 0.3044724770642202 0.5026343519494204 0.010321100917431193 0.014752370916754479
1 0.10579128440366972 0.45626975763962063 0.006307339449541285 0.003161222339304531
1 0.10349770642201835 0.4623287671232877 0.008600917431192661 0.0036880927291886197
1 0.2514334862385321 0.5026343519494204 0.005160550458715597 0.009483667017913594
1 0.729644495412844 0.6224973656480506 0.01548165137614679 0.008956796628029505
1 0.10120412844036697 0.4686512118018967 0.008600917431192661 0.004741833508956797
1 0.7279243119266054 0.631190727081138 0.01548165137614679 0.01053740779768177
1 0.35607798165137616 0.5395152792413066 0.016055045871559634 0.009483667017913594
1 0.1172591743119266 0.48419388830347737 0.005160550458715597 0.003161222339304531
1 0.11467889908256881 0.4897260273972603 0.0045871559633027525 0.0036880927291886197
12 0.8314220183486238 0.66622760800843 0.04243119266055046 0.052160168598524764
1 0.20527522935779816 0.5126448893572181 0.008027522935779817 0.012644889357218124
1 0.19810779816513763 0.5113277133825079 0.00974770642201835 0.01422550052687039
10 0.37672018348623854 0.5566385669125395 0.008027522935779817 0.012118018967334035
10 0.3701261467889908 0.5547945205479452 0.00974770642201835 0.0136986301369863
1 0.42001146788990823 0.5695468914646997 0.00974770642201835 0.0136986301369863
1 0.5590596330275229 0.6051106427818757 0.008027522935779817 0.012118018967334035
10 0.5533256880733946 0.6037934668071654 0.008027522935779817 0.011591148577449948
10 0.5467316513761468 0.6027397260273972 0.008600917431192661 0.0136986301369863
10 0.5407110091743119 0.601159114857745 0.008027522935779817 0.012644889357218124
1 0.5335435779816514 0.5993150684931506 0.010894495412844037 0.01422550052687039
1 0.5627866972477065 0.613277133825079 0.008600917431192661 0.012644889357218124
12 0.3357224770642202 0.5582191780821918 0.0625 0.04267650158061117
1 0.3704128440366973 0.5682297154899895 0.013761467889908258 0.008956796628029505
1 0.5736811926605505 0.6195995785036881 0.00974770642201835 0.0136986301369863
10 0.5817087155963303 0.6222339304531085 0.008600917431192661 0.012644889357218124
1 0.3706995412844037 0.5785036880927292 0.010894495412844037 0.0136986301369863
12 0.8202408256880734 0.696786090621707 0.02236238532110092 0.016332982086406742
10 0.8428899082568807 0.702845100105374 0.009174311926605505 0.012644889357218124
10 0.8357224770642202 0.7017913593256059 0.008600917431192661 0.012644889357218124
1 0.16685779816513763 0.5497892518440464 0.010321100917431193 0.01422550052687039
10 0.28841743119266056 0.5798208640674394 0.009174311926605505 0.013171759747102213
1 0.2823967889908257 0.5790305584826133 0.008600917431192661 0.012644889357218124
1 0.39908256880733944 0.6098524762908325 0.009174311926605505 0.011064278187565859
1 0.7044151376146789 0.6870389884088515 0.01548165137614679 0.009483667017913594
1 0.040424311926605505 0.5489989462592202 0.01548165137614679 0.009483667017913594
10 0.7973050458715596 0.7418335089567967 0.008600917431192661 0.012644889357218124
10 0.047591743119266054 0.5576923076923077 0.009174311926605505 0.013171759747102213
1 0.03813073394495413 0.5553213909378293 0.014334862385321102 0.008429926238145416
10 0.8122133027522935 0.7460484720758693 0.008600917431192661 0.012644889357218124
10 0.8047591743119266 0.7447312961011591 0.008600917431192661 0.012118018967334035
10 0.05418577981651376 0.5600632244467861 0.008600917431192661 0.0136986301369863
1 0.20212155963302753 0.600895679662803 0.014334862385321102 0.008956796628029505
10 0.03583715596330275 0.5621707060063225 0.014334862385321102 0.009483667017913594
10 0.7981651376146789 0.7571127502634352 0.008027522935779817 0.012644889357218124
10 0.8047591743119266 0.7597471022128557 0.008600917431192661 0.012644889357218124
10 0.7907110091743119 0.756059009483667 0.009174311926605505 0.012644889357218124
1 0.18520642201834864 0.607218124341412 0.010321100917431193 0.01422550052687039
10 0.7838302752293578 0.7555321390937829 0.006880733944954129 0.011591148577449948
1 0.5493119266055045 0.7049525816649105 0.010321100917431193 0.005268703898840885
1 0.5668004587155964 0.7091675447839831 0.008600917431192661 0.004214963119072708
1 0.4690366972477064 0.684931506849315 0.013761467889908258 0.007376185458377239
1 0.4481077981651376 0.6804531085353003 0.010894495412844037 0.004741833508956797
10 0.28469036697247707 0.6422550052687039 0.0040137614678899085 0.007376185458377239
12 0.33371559633027525 0.6554267650158061 0.010321100917431193 0.009483667017913594
1 0.512901376146789 0.6999473129610115 0.005160550458715597 0.008956796628029505
10 0.2993119266055046 0.6469968387776607 0.0045871559633027525 0.008429926238145416
1 0.4148509174311927 0.6762381454162276 0.007454128440366973 0.011064278187565859
1 0.5051605504587156 0.6981032665964173 0.005733944954128441 0.009483667017913594
12 0.31422018348623854 0.6514752370916754 0.011467889908256881 0.008956796628029505
1 0.5220756880733946 0.7033719704952581 0.005160550458715597 0.008429926238145416
1 0.5928899082568807 0.7231296101159115 0.006880733944954129 0.008956796628029505
10 0.4896788990825688 0.6978398314014752 0.008027522935779817 0.004741833508956797
1 0.6132454128440367 0.7294520547945206 0.007454128440366973 0.008956796628029505
1 0.6204128440366973 0.7310326659641728 0.0045871559633027525 0.008956796628029505
1 0.6958142201834863 0.7494731296101159 0.0028669724770642203 0.00684931506849315
1 0.5845756880733946 0.7220758693361433 0.005160550458715597 0.010010537407797681
1 0.5994839449541285 0.726027397260274 0.005160550458715597 0.009483667017913594
1 0.6272935779816514 0.7328767123287672 0.0045871559633027525 0.009483667017913594
1 0.6490825688073395 0.738145416227608 0.0045871559633027525 0.008429926238145416
1 0.6771788990825688 0.7449947312961012 0.0045871559633027525 0.008429926238145416
1 0.682052752293578 0.7468387776606955 0.0040137614678899085 0.007903055848261328
1 0.6338876146788991 0.7347207586933614 0.005160550458715597 0.010010537407797681
1 0.6702981651376146 0.744204425711275 0.0045871559633027525 0.008956796628029505
1 0.5762614678899083 0.7210221285563752 0.006880733944954129 0.008956796628029505
1 0.7009747706422018 0.7521074815595363 0.0040137614678899085 0.008956796628029505
1 0.6049311926605505 0.7281348788198103 0.005733944954128441 0.008429926238145416
1 0.6436353211009175 0.737881981032666 0.0040137614678899085 0.008956796628029505
1 0.5412844036697247 0.7128556375131717 0.011467889908256881 0.005268703898840885
1 0.6883600917431193 0.7492096944151738 0.0040137614678899085 0.008429926238145416
1 0.17975917431192662 0.6240779768177028 0.010894495412844037 0.01422550052687039
1 0.7072821100917431 0.7542149631190727 0.005160550458715597 0.008956796628029505
10 0.8021788990825688 0.7776606954689147 0.009174311926605505 0.011591148577449948
10 0.7950114678899083 0.7760800842992623 0.008600917431192661 0.012644889357218124
1 0.5404243119266054 0.719968387776607 0.01548165137614679 0.00684931506849315
10 0.3176605504587156 0.666754478398314 0.0034403669724770644 0.007903055848261328
10 0.34030963302752293 0.672286617492097 0.006307339449541285 0.01053740779768177
10 0.32482798165137616 0.6693888303477344 0.0040137614678899085 0.007903055848261328
10 0.3334288990825688 0.6714963119072708 0.006307339449541285 0.011064278187565859
12 0.30504587155963303 0.6657007376185459 0.011467889908256881 0.010010537407797681
10 0.2892775229357798 0.6617492096944152 0.0040137614678899085 0.008429926238145416
10 0.2818233944954128 0.6612223393045311 0.007454128440366973 0.01053740779768177
1 0.5653669724770642 0.7331401475237092 0.0045871559633027525 0.008956796628029505
1 0.6080848623853211 0.7444678609062171 0.007454128440366973 0.009483667017913594
1 0.6224197247706422 0.7481559536354057 0.005160550458715597 0.01053740779768177
1 0.917144495412844 0.8208640674394099 0.014334862385321102 0.009483667017913594
1 0.5705275229357798 0.7349841938883035 0.005733944954128441 0.008429926238145416
1 0.5378440366972477 0.7270811380400422 0.010321100917431193 0.005268703898840885
1 0.0014334862385321102 0.5998419388830347 0.0028669724770642203 0.012118018967334035
10 0.035263761467889905 0.6093256059009484 0.007454128440366973 0.011064278187565859
1 0.029529816513761468 0.6080084299262382 0.007454128440366973 0.01053740779768177
1 0.0043004587155963305 0.6022128556375131 0.007454128440366973 0.011591148577449948
1 0.01118119266055046 0.6040569020021075 0.007454128440366973 0.011064278187565859
1 0.016628440366972478 0.6053740779768177 0.008027522935779817 0.012644889357218124
1 0.02264908256880734 0.6080084299262382 0.007454128440366973 0.011591148577449948
1 0.5249426605504587 0.7323498419388831 0.010894495412844037 0.005268703898840885
1 0.5126146788990825 0.7328767123287672 0.0045871559633027525 0.008429926238145416
1 0.25630733944954126 0.6712328767123288 0.014908256880733946 0.008429926238145416
10 0.034977064220183485 0.6193361433087461 0.008027522935779817 0.004741833508956797
1 0.5240825688073395 0.7402528977871443 0.009174311926605505 0.004214963119072708
10 0.908256880733945 0.8374604847207587 0.014908256880733946 0.007903055848261328
1 0.742545871559633 0.7984720758693361 0.009174311926605505 0.013171759747102213
10 0.7302178899082569 0.7958377239199157 0.008600917431192661 0.012118018967334035
1 0.034690366972477064 0.6246048472075869 0.00974770642201835 0.004741833508956797
10 0.760894495412844 0.803740779768177 0.008027522935779817 0.012118018967334035
10 0.7356651376146789 0.7974183350895679 0.008027522935779817 0.012118018967334035
1 0.7227637614678899 0.7950474183350895 0.00974770642201835 0.012644889357218124
1 0.5217889908256881 0.7468387776606955 0.011467889908256881 0.005795574288724974
1 0.5372706422018348 0.7505268703898841 0.009174311926605505 0.004741833508956797
1 0.03125 0.6306638566912539 0.007454128440366973 0.002107481559536354
10 0.03153669724770642 0.6338250790305585 0.006880733944954129 0.004214963119072708
1 0.5358371559633027 0.7613277133825079 0.006307339449541285 0.008429926238145416
1 0.7563073394495413 0.8169125395152792 0.009174311926605505 0.01422550052687039
10 0.7497133027522935 0.815595363540569 0.007454128440366973 0.011591148577449948
10 0.7155963302752294 0.8074288724973656 0.009174311926605505 0.01422550052687039
1 0.7276376146788991 0.8103266596417281 0.009174311926605505 0.012644889357218124
1 0.7216169724770642 0.8090094836670179 0.008600917431192661 0.013171759747102213
1 0.7350917431192661 0.8119072708113804 0.008027522935779817 0.012644889357218124
1 0.7419724770642202 0.8137513171759747 0.008027522935779817 0.012118018967334035
5 0.5814220183486238 0.7747629083245522 0.08371559633027523 0.05532139093782929
1 0.028956422018348624 0.6404109589041096 0.007454128440366973 0.0036880927291886197
5 0.01404816513761468 0.6322444678609063 0.02809633027522936 0.0547945205479452
1 0.6872133027522935 0.803213909378293 0.00974770642201835 0.00684931506849315
10 0.6734518348623854 0.8011064278187566 0.008600917431192661 0.004741833508956797
1 0.027522935779816515 0.6469968387776607 0.009174311926605505 0.005268703898840885
2 0.3018922018348624 0.7152265542676501 0.3606651376146789 0.11116965226554268
10 0.024655963302752295 0.6527924130663857 0.008027522935779817 0.004214963119072708
1 0.02436926605504587 0.6585879873551106 0.01548165137614679 0.008429926238145416
1 0.645355504587156 0.8129610115911485 0.006307339449541285 0.003161222339304531
1 0.979644495412844 0.13672286617492097 0.013188073394495414 0.007903055848261328
1 0.529243119266055 0.7847734457323499 0.0045871559633027525 0.008956796628029505
1 0.8030389908256881 0.8585353003161222 0.007454128440366973 0.012118018967334035
10 0.3302752293577982 0.7426238145416227 0.011467889908256881 0.00684931506849315
10 0.0169151376146789 0.666754478398314 0.00974770642201835 0.013171759747102213
10 0.010034403669724771 0.6651738672286618 0.008600917431192661 0.013171759747102213
10 0.5665137614678899 0.8063751317175974 0.01261467889908257 0.007903055848261328
10 0.5885894495412844 0.8126975763962065 0.005160550458715597 0.008956796628029505
1 0.5805619266055045 0.8108535300316122 0.005160550458715597 0.009483667017913594
1 0.5344036697247706 0.8003161222339304 0.0045871559633027525 0.008429926238145416
10 0.5951834862385321 0.8161222339304531 0.006880733944954129 0.009483667017913594
1 0.6267201834862385 0.8248155953635405 0.005733944954128441 0.0026343519494204425
1 0.6052178899082569 0.8192834562697576 0.005160550458715597 0.006322444678609062
1 0.5997706422018348 0.8190200210748156 0.0034403669724770644 0.00684931506849315
10 0.5647935779816514 0.8129610115911485 0.006880733944954129 0.004214963119072708
10 0.023509174311926607 0.684404636459431 0.008027522935779817 0.012644889357218124
10 0.03641055045871559 0.6883561643835616 0.0040137614678899085 0.007903055848261328
10 0.030103211009174312 0.6865121180189674 0.0040137614678899085 0.007376185458377239
10 0.017488532110091742 0.6838777660695469 0.008600917431192661 0.012644889357218124
10 0.7760894495412844 0.08851422550052687 0.014334862385321102 0.008429926238145416
1 0.5315366972477065 0.8137513171759747 0.006880733944954129 0.011064278187565859
1 0.5447247706422018 0.8179662802950474 0.005733944954128441 0.008956796628029505
1 0.5372706422018348 0.8169125395152792 0.005733944954128441 0.008956796628029505
1 0.5507454128440367 0.8200737618545838 0.0040137614678899085 0.007903055848261328
1 0.5914564220183486 0.8306111696522656 0.0040137614678899085 0.007903055848261328
1 0.5851490825688074 0.8298208640674394 0.0040137614678899085 0.008429926238145416
10 0.7998853211009175 0.8885669125395153 0.014908256880733946 0.007903055848261328
10 0.8153669724770642 0.892781875658588 0.013761467889908258 0.007903055848261328
1 0.5688073394495413 0.8385142255005269 0.009174311926605505 0.005795574288724974
1 0.7984518348623854 0.8954162276080084 0.01548165137614679 0.008956796628029505
1 0.5189220183486238 0.827186512118019 0.01261467889908257 0.008429926238145416
1 0.5498853211009175 0.8371970495258166 0.005733944954128441 0.011591148577449948
1 0.5573394495412844 0.8395679662802951 0.0045871559633027525 0.011064278187565859
1 0.5389908256880734 0.8364067439409906 0.0045871559633027525 0.012118018967334035
10 0.04443807339449541 0.7146996838777661 0.013188073394495414 0.019494204425711276
10 0.05791284403669725 0.719968387776607 0.008027522935779817 0.012118018967334035
10 0.06422018348623854 0.7215489989462592 0.006880733944954129 0.012118018967334035
1 0.7958715596330275 0.9056902002107482 0.016055045871559634 0.009483667017913594
5 0.7127293577981652 0.8912012644889358 0.12614678899082568 0.11538461538461539
10 0.8087729357798165 0.9146469968387777 0.012041284403669725 0.007376185458377239
10 0.794151376146789 0.9117492096944152 0.014908256880733946 0.007903055848261328
1 0.05647935779816514 0.7344573234984194 0.008600917431192661 0.012644889357218124
10 0.04988532110091743 0.7334035827186512 0.008027522935779817 0.012644889357218124
10 0.03841743119266055 0.7307692307692307 0.008027522935779817 0.011591148577449948
1 0.06163990825688073 0.7368282402528978 0.008600917431192661 0.013171759747102213
10 0.03182339449541284 0.7307692307692307 0.007454128440366973 0.011591148577449948
10 0.024655963302752295 0.7297154899894626 0.009174311926605505 0.012644889357218124
10 0.7924311926605505 0.9185985247629084 0.014908256880733946 0.008956796628029505
10 0.8064793577981652 0.9225500526870389 0.013188073394495414 0.007376185458377239
10 0.7898509174311926 0.9241306638566913 0.014334862385321102 0.008429926238145416
10 0.8056192660550459 0.928609062170706 0.013761467889908258 0.007903055848261328
2 0.27522935779816515 0.8034773445732349 0.356651376146789 0.11275026343519494
10 0.7875573394495413 0.9301896733403583 0.013188073394495414 0.00684931506849315
10 0.9770642201834863 0.1440990516332982 0.011467889908256881 0.007903055848261328
10 0.7901376146788991 0.09799789251844046 0.013761467889908258 0.008429926238145416
10 0.7740825688073395 0.09457323498419389 0.014908256880733946 0.007903055848261328
10 0.7861238532110092 0.9367755532139094 0.013761467889908258 0.007376185458377239
10 0.5851490825688074 0.8883034773445733 0.013188073394495414 0.007376185458377239
1 0.8526376146788991 0.9591675447839831 0.010321100917431193 0.01422550052687039
1 0.8454701834862385 0.9578503688092729 0.00974770642201835 0.0136986301369863
1 0.8606651376146789 0.9620653319283456 0.010321100917431193 0.0136986301369863
1 0.8678325688073395 0.9636459430979979 0.00974770642201835 0.0136986301369863
10 0.06536697247706422 0.7663329820864068 0.008027522935779817 0.013171759747102213
1 0.14506880733944955 0.791095890410959 0.014908256880733946 0.008956796628029505
1 0.12012614678899082 0.78609062170706 0.01548165137614679 0.009483667017913594
1 0.27293577981651373 0.8237618545837724 0.014908256880733946 0.007903055848261328
10 0.78125 0.95231822971549 0.013188073394495414 0.007903055848261328
10 0.7964449541284404 0.9570600632244468 0.013761467889908258 0.008956796628029505
1 0.7798165137614679 0.9623287671232876 0.016055045871559634 0.010010537407797681
1 0.7955848623853211 0.9660168598524763 0.012041284403669725 0.008956796628029505
10 0.5584862385321101 0.9128029504741834 0.016055045871559634 0.010010537407797681
1 0.47190366972477066 0.8922550052687039 0.014908256880733946 0.010010537407797681
1 0.841743119266055 0.9928872497365648 0.010321100917431193 0.013171759747102213
1 0.8351490825688074 0.9913066385669126 0.008600917431192661 0.012118018967334035
1 0.8509174311926605 0.994204425711275 0.009174311926605505 0.01053740779768177
1 0.20269495412844038 0.8361433087460485 0.00974770642201835 0.014752370916754479
1 0.8580848623853211 0.9949947312961012 0.00974770642201835 0.008956796628029505
10 0.19065366972477063 0.8342992623814541 0.007454128440366973 0.012118018967334035
5 0.03268348623853211 0.7897787144362487 0.06536697247706422 0.12750263435194942
10 0.7299311926605505 0.9720758693361433 0.01261467889908257 0.008429926238145416
5 0.5653669724770642 0.9312434141201265 0.04128440366972477 0.03108535300316122
1 0.6401949541284404 0.9499473129610115 0.01548165137614679 0.009483667017913594
1 0.46186926605504586 0.9072708113804004 0.014334862385321102 0.009483667017913594
10 0.7026949541284404 0.9665437302423604 0.008600917431192661 0.012118018967334035
10 0.6969610091743119 0.9657534246575342 0.008600917431192661 0.012644889357218124
10 0.7084288990825688 0.9686512118018967 0.008600917431192661 0.012118018967334035
10 0.7176032110091743 0.9710221285563752 0.00974770642201835 0.012644889357218124
10 0.682052752293578 0.9623287671232876 0.008600917431192661 0.012118018967334035
10 0.7522935779816514 0.9802423603793466 0.014908256880733946 0.010010537407797681
1 0.6903669724770642 0.9646996838777661 0.008027522935779817 0.012644889357218124
10 0.6717316513761468 0.9628556375131717 0.008600917431192661 0.012118018967334035
10 0.7282110091743119 0.9783983140147524 0.01261467889908257 0.006322444678609062
1 0.5934633027522935 0.9525816649104321 0.014908256880733946 0.008429926238145416
10 0.7153096330275229 0.982086406743941 0.012041284403669725 0.007376185458377239
10 0.6955275229357798 0.9776080084299262 0.013761467889908258 0.007903055848261328
1 0.7047018348623854 0.981822971548999 0.009174311926605505 0.013171759747102213
10 0.9753440366972477 0.15094836670179135 0.011467889908256881 0.00684931506849315
10 0.6829128440366973 0.9783983140147524 0.008027522935779817 0.012644889357218124
10 0.6760321100917431 0.9770811380400422 0.009174311926605505 0.013171759747102213
1 0.6189793577981652 0.9633825079030558 0.014334862385321102 0.008956796628029505
1 0.6628440366972477 0.9747102212855637 0.010321100917431193 0.0136986301369863
10 0.7127293577981652 0.9884088514225501 0.01261467889908257 0.006322444678609062
10 0.6935206422018348 0.9836670179135932 0.013188073394495414 0.007376185458377239
10 0.42918577981651373 0.017123287671232876 0.008600917431192661 0.011064278187565859
2 0.24856651376146788 0.8851422550052687 0.34461009174311924 0.11275026343519494
1 0.43577981651376146 0.01975763962065332 0.006880733944954129 0.012118018967334035
10 0.5874426605504587 0.9923603793466808 0.007454128440366973 0.012118018967334035
10 0.6143922018348624 0.9965753424657534 0.008600917431192661 0.005795574288724974
10 0.5931766055045872 0.994204425711275 0.008600917431192661 0.01053740779768177
10 0.6003440366972477 0.9949947312961012 0.008027522935779817 0.008956796628029505
10 0.6069380733944955 0.9960484720758693 0.008600917431192661 0.00684931506849315
10 0.5676605504587156 0.9928872497365648 0.006880733944954129 0.012118018967334035
1 0.45384174311926606 0.0273972602739726 0.008600917431192661 0.004214963119072708
12 0.286697247706422 0.928872497365648 0.02408256880733945 0.018967334035827187
1 0.22591743119266056 0.9143835616438356 0.011467889908256881 0.007903055848261328
1 0.21272935779816513 0.9112223393045311 0.013761467889908258 0.007903055848261328
1 0.23881880733944955 0.9172813487881981 0.013188073394495414 0.007376185458377239
12 0.7760894495412844 0.10721812434141201 0.018922018348623854 0.01422550052687039
10 0.23795871559633028 0.922813487881981 0.013761467889908258 0.007903055848261328
1 0.21014908256880735 0.917017913593256 0.014334862385321102 0.007903055848261328
1 0.2095756880733945 0.922813487881981 0.013188073394495414 0.00684931506849315
1 0.2069954128440367 0.9272918861959958 0.014908256880733946 0.008429926238145416
5 0.007740825688073395 0.8740779768177028 0.01548165137614679 0.040042149631190724
1 0.20527522935779816 0.9328240252897787 0.013761467889908258 0.007903055848261328
1 0.2029816513761468 0.9386195995785037 0.013761467889908258 0.008956796628029505
10 0.7697821100917431 0.11591148577449947 0.01548165137614679 0.007376185458377239
12 0.442947247706422 0.03898840885142255 0.010894495412844037 0.014752370916754479
10 0.7674885321100917 0.12118018967334036 0.013188073394495414 0.008429926238145416
10 0.8704128440366973 0.1464699683877766 0.01261467889908257 0.008429926238145416
10 0.7502866972477065 0.12355110642781876 0.014334862385321102 0.008956796628029505
10 0.8684059633027523 0.1535827186512118 0.014334862385321102 0.008956796628029505
1 0.8294151376146789 0.14357218124341412 0.014334862385321102 0.008956796628029505
10 0.7666284403669725 0.1285563751317176 0.014908256880733946 0.009483667017913594
1 0.7365252293577982 0.12460484720758694 0.00974770642201835 0.013171759747102213
10 0.4644495412844037 0.059272918861959956 0.006880733944954129 0.011064278187565859
12 0.3881880733944954 0.04214963119072708 0.03211009174311927 0.03161222339304531
1 0.9799311926605505 0.19863013698630136 0.016055045871559634 0.008429926238145416
1 0.7861238532110092 0.15463645943097998 0.011467889908256881 0.015279241306638568
1 0.46158256880733944 0.07560590094836671 0.005733944954128441 0.010010537407797681
10 0.7434059633027523 0.14567966280295047 0.014334862385321102 0.007903055848261328
1 0.7416857798165137 0.15147523709167546 0.01548165137614679 0.010010537407797681
1 0.9773509174311926 0.22207586933614332 0.00974770642201835 0.01422550052687039
10 0.8557912844036697 0.19309799789251844 0.014334862385321102 0.007903055848261328
10 0.3483371559633027 0.07402528977871443 0.006307339449541285 0.004741833508956797
10 0.854644495412844 0.19968387776606955 0.014334862385321102 0.008429926238145416
10 0.3890481651376147 0.08825079030558483 0.006307339449541285 0.008956796628029505
1 0.8268348623853211 0.196522655426765 0.014908256880733946 0.009483667017913594
10 0.38159403669724773 0.0874604847207587 0.006307339449541285 0.009483667017913594
1 0.9730504587155964 0.23893572181243414 0.014908256880733946 0.008956796628029505
10 0.4068233944954128 0.10010537407797682 0.007454128440366973 0.009483667017913594
1 0.34948394495412843 0.08614330874604847 0.006307339449541285 0.010010537407797681
10 0.41456422018348627 0.10300316122233931 0.0045871559633027525 0.008956796628029505
1 0.8469036697247706 0.22391991570073763 0.013761467889908258 0.007376185458377239
10 0.44036697247706424 0.12513171759747102 0.008027522935779817 0.0036880927291886197
1 0.9770642201834863 0.2589567966280295 0.010321100917431193 0.01422550052687039
10 0.43979357798165136 0.13119072708113805 0.008027522935779817 0.005268703898840885
10 0.5174885321100917 0.15147523709167546 0.010894495412844037 0.016332982086406742
10 0.5235091743119266 0.1535827186512118 0.005733944954128441 0.010010537407797681
1 0.622993119266055 0.18071654373024237 0.008600917431192661 0.0136986301369863
10 0.43434633027522934 0.13672286617492097 0.010894495412844037 0.005795574288724974
1 0.5475917431192661 0.16464699683877765 0.006880733944954129 0.011064278187565859
10 0.5358371559633027 0.1620126448893572 0.007454128440366973 0.0036880927291886197
1 0.5541857798165137 0.16649104320337196 0.007454128440366973 0.01053740779768177
1 0.5587729357798165 0.16991570073761855 0.005160550458715597 0.010010537407797681
5 0.369552752293578 0.12407797681770284 0.08314220183486239 0.05532139093782929
1 0.9655963302752294 0.2726554267650158 0.016055045871559634 0.008956796628029505
10 0.5802752293577982 0.1780821917808219 0.006880733944954129 0.009483667017913594
10 0.5335435779816514 0.1678082191780822 0.010894495412844037 0.005795574288724974
1 0.5143348623853211 0.16517386722866176 0.010321100917431193 0.012118018967334035
10 0.8405963302752294 0.2457850368809273 0.014908256880733946 0.008956796628029505
10 0.41456422018348627 0.14199157007376184 0.0045871559633027525 0.010010537407797681
10 0.8380160550458715 0.2518440463645943 0.010894495412844037 0.006322444678609062
1 0.5309633027522935 0.17650158061116966 0.013761467889908258 0.008429926238145416
1 0.9673165137614679 0.28609062170706007 0.010321100917431193 0.0136986301369863
1 0.6146788990825688 0.20126448893572182 0.0045871559633027525 0.008429926238145416
1 0.5908830275229358 0.1970495258166491 0.01548165137614679 0.007376185458377239
1 0.40940366972477066 0.1530558482613277 0.0045871559633027525 0.007903055848261328
10 0.42775229357798167 0.1596417281348788 0.009174311926605505 0.006322444678609062
1 0.5088876146788991 0.18177028451001054 0.006307339449541285 0.008429926238145416
1 0.4283256880733945 0.16491043203371972 0.009174311926605505 0.005268703898840885
1 0.997993119266055 0.3090094836670179 0.0028669724770642203 0.01422550052687039
10 0.9936926605504587 0.30742887249736567 0.009174311926605505 0.01422550052687039
1 0.9561353211009175 0.2995258166491043 0.008600917431192661 0.013171759747102213
1 0.42631880733944955 0.17175974710221287 0.008600917431192661 0.005268703898840885
1 0.3747133027522936 0.1620126448893572 0.005160550458715597 0.010010537407797681
10 0.3555045871559633 0.15806111696522657 0.006880733944954129 0.009483667017913594
10 0.36926605504587157 0.1612223393045311 0.0045871559633027525 0.008429926238145416
10 0.39965596330275227 0.16859852476290832 0.006880733944954129 0.01053740779768177
10 0.3927752293577982 0.16701791359325605 0.005733944954128441 0.008429926238145416
10 0.4243119266055046 0.1757112750263435 0.010321100917431193 0.00684931506849315
1 0.3271215596330275 0.15147523709167546 0.007454128440366973 0.012118018967334035
1 0.3394495412844037 0.15489989462592202 0.006880733944954129 0.004214963119072708
1 0.36381880733944955 0.1612223393045311 0.007454128440366973 0.007376185458377239
10 0.3801605504587156 0.16596417281348788 0.0045871559633027525 0.008429926238145416
1 0.6100917431192661 0.22312961011591148 0.006880733944954129 0.011064278187565859
10 0.38646788990825687 0.1691253951527924 0.0045871559633027525 0.008429926238145416
1 0.5263761467889908 0.2041622760800843 0.014908256880733946 0.010010537407797681
1 0.9529816513761468 0.3119072708113804 0.009174311926605505 0.0136986301369863
1 0.5874426605504587 0.22576396206533192 0.01548165137614679 0.010010537407797681
1 0.5 0.20442571127502634 0.006880733944954129 0.01053740779768177
10 0.33629587155963303 0.16517386722866176 0.00974770642201835 0.004741833508956797
10 0.3517775229357798 0.17044257112750263 0.00974770642201835 0.005795574288724974
10 0.3216743119266055 0.16807165437302424 0.010321100917431193 0.006322444678609062
5 0.9902522935779816 0.3377239199157007 0.01834862385321101 0.0410958904109589
1 0.3348623853211009 0.172550052687039 0.006880733944954129 0.004741833508956797
1 0.604644495412844 0.2410432033719705 0.007454128440366973 0.011064278187565859
10 0.8231077981651376 0.2979452054794521 0.014334862385321102 0.008956796628029505
1 0.20212155963302753 0.14567966280295047 0.005160550458715597 0.010010537407797681
1 0.21100917431192662 0.14910432033719706 0.008027522935779817 0.012644889357218124
10 0.8225344036697247 0.3040042149631191 0.013188073394495414 0.007376185458377239
1 0.5154816513761468 0.22892518440463647 0.013761467889908258 0.007903055848261328
1 0.4954128440366973 0.22471022128556375 0.005733944954128441 0.012118018967334035
1 0.8741399082568807 0.31822971548998946 0.005160550458715597 0.009483667017913594
1 0.5805619266055045 0.2476290832455216 0.012041284403669725 0.007376185458377239
12 0.24684633027522937 0.16570073761854584 0.02809633027522936 0.026870389884088516
1 0.3976490825688073 0.20574288724973658 0.006307339449541285 0.004741833508956797
10 0.19868119266055045 0.15990516332982085 0.005160550458715597 0.008956796628029505
10 0.205848623853211 0.16148577449947313 0.0045871559633027525 0.005795574288724974
1 0.6003440366972477 0.25922023182297155 0.008027522935779817 0.011591148577449948
1 0.41255733944954126 0.21496311907270813 0.006307339449541285 0.003161222339304531
1 0.9418004587155964 0.3466807165437302 0.00974770642201835 0.0136986301369863
1 0.5344036697247706 0.2523709167544784 0.008027522935779817 0.003161222339304531
1 0.5217889908256881 0.24894625922023184 0.010321100917431193 0.007903055848261328
1 0.49655963302752293 0.24367755532139093 0.011467889908256881 0.00684931506849315
12 0.3176605504587156 0.1999473129610116 0.027522935779816515 0.02897787144362487
1 0.5493119266055045 0.2576396206533193 0.011467889908256881 0.006322444678609062
1 0.3787270642201835 0.21733403582718652 0.00974770642201835 0.005795574288724974
10 0.12012614678899082 0.1535827186512118 0.006307339449541285 0.008956796628029505
10 0.12729357798165136 0.15569020021074817 0.0045871559633027525 0.008956796628029505
10 0.14277522935779816 0.1601685985247629 0.006880733944954129 0.009483667017913594
10 0.1338876146788991 0.1577976817702845 0.0040137614678899085 0.007903055848261328
1 0.39134174311926606 0.22866174920969443 0.006307339449541285 0.004214963119072708
1 0.9372133027522935 0.3635405690200211 0.00974770642201835 0.0136986301369863
1 0.3698394495412844 0.22523709167544784 0.013761467889908258 0.007903055848261328
1 0.11525229357798165 0.16464699683877765 0.009174311926605505 0.011064278187565859
1 0.1252866972477064 0.16833508956796628 0.005160550458715597 0.008956796628029505
1 0.14277522935779816 0.1743940990516333 0.005733944954128441 0.006322444678609062
1 0.13704128440366972 0.17281348788198103 0.005733944954128441 0.006322444678609062
1 0.13216743119266056 0.1720231822971549 0.0040137614678899085 0.007903055848261328
5 0.9839449541284404 0.3890937829293994 0.03096330275229358 0.04056902002107481
10 0.24311926605504589 0.21048472075869337 0.010321100917431193 0.00684931506849315
1 0.9317660550458715 0.38171759747102213 0.010321100917431193 0.01422550052687039
1 0.8563646788990825 0.3753951527924131 0.006307339449541285 0.012118018967334035
2 0.8340022935779816 0.3746048472075869 0.17488532110091742 0.5258166491043204
10 0.9974197247706422 0.4191253951527924 0.0040137614678899085 0.012118018967334035
1 0.9833715596330275 0.41517386722866173 0.009174311926605505 0.0136986301369863
10 0.9931192660550459 0.41807165437302424 0.008027522935779817 0.012118018967334035
1 0.3583715596330275 0.26343519494204426 0.009174311926605505 0.007376185458377239
1 0.3930619266055046 0.27370916754478397 0.010894495412844037 0.007903055848261328
2 0.8735665137614679 0.3969968387776607 0.1783256880733945 0.5379346680716544
10 0.20097477064220184 0.2328767123287671 0.008600917431192661 0.008429926238145416
1 0.1875 0.24236037934668073 0.010321100917431193 0.007376185458377239
1 0.20126146788990826 0.24631190727081137 0.006880733944954129 0.004741833508956797
1 0.6777522935779816 0.3677555321390938 0.014908256880733946 0.009483667017913594
1 0.18319954128440366 0.25210748155953633 0.007454128440366973 0.0036880927291886197
1 0.19610091743119265 0.2568493150684932 0.010321100917431193 0.004741833508956797
1 0.17947247706422018 0.26106427818756583 0.006880733944954129 0.010010537407797681
1 0.913704128440367 0.4423076923076923 0.008600917431192661 0.013171759747102213
1 0.1872133027522936 0.26396206533192834 0.005160550458715597 0.008429926238145416
10 0.7901376146788991 0.41675447839831403 0.013761467889908258 0.007376185458377239
10 0.7884174311926605 0.42281348788198103 0.014908256880733946 0.008956796628029505
1 0.4286123853211009 0.33587987355110643 0.006307339449541285 0.010010537407797681
1 0.3113532110091743 0.3090094836670179 0.005733944954128441 0.011064278187565859
1 0.9094036697247706 0.45732349841938885 0.010321100917431193 0.014752370916754479
1 0.8342889908256881 0.4499473129610116 0.005733944954128441 0.008429926238145416
1 0.30647935779816515 0.3206006322444679 0.005160550458715597 0.010010537407797681
1 0.45871559633027525 0.3635405690200211 0.005733944954128441 0.008429926238145416
1 0.24025229357798164 0.31111696522655424 0.006880733944954129 0.011064278187565859
1 0.904243119266055 0.4747102212855637 0.010321100917431193 0.0136986301369863
10 0.9432339449541285 0.4857744994731296 0.008027522935779817 0.011591148577449948
1 0.4701834862385321 0.37091675447839834 0.005733944954128441 0.006322444678609062
1 0.30275229357798167 0.3329820864067439 0.0045871559633027525 0.008429926238145416
5 0.6857798165137615 0.03108535300316122 0.02981651376146789 0.012644889357218124
5 0.16370412844036697 0.3071654373024236 0.04529816513761468 0.030558482613277135
1 0.8993692660550459 0.4910432033719705 0.008600917431192661 0.0136986301369863
1 0.1275802752293578 0.30163329820864065 0.010894495412844037 0.004741833508956797
1 0.299598623853211 0.34562697576396206 0.005160550458715597 0.009483667017913594
10 0.12442660550458716 0.30742887249736567 0.008027522935779817 0.004741833508956797
1 0.8271215596330275 0.4810326659641728 0.006307339449541285 0.012644889357218124
10 0.9346330275229358 0.5094836670179136 0.009174311926605505 0.0136986301369863
10 0.12012614678899082 0.3108535300316122 0.008600917431192661 0.004214963119072708
1 0.8939220183486238 0.5079030558482613 0.009174311926605505 0.0136986301369863
1 0.29243119266055045 0.3656480505795574 0.005733944954128441 0.011591148577449948
1 0.6622706422018348 0.02344573234984194 0.008027522935779817 0.0036880927291886197
10 0.1172591743119266 0.32639620653319285 0.006307339449541285 0.004741833508956797
10 0.1705848623853211 0.3411485774499473 0.0028669724770642203 0.005795574288724974
1 0.19552752293577982 0.34747102212855635 0.0045871559633027525 0.007903055848261328
1 0.17775229357798164 0.3432560590094837 0.005733944954128441 0.007903055848261328
10 0.9297591743119266 0.5292413066385669 0.007454128440366973 0.012118018967334035
1 0.19036697247706422 0.3472075869336143 0.005733944954128441 0.008429926238145416
1 0.16427752293577982 0.3403582718651212 0.006307339449541285 0.008429926238145416
10 0.15510321100917432 0.33877766069546894 0.005160550458715597 0.006322444678609062
10 0.1834862385321101 0.3458904109589041 0.005733944954128441 0.010010537407797681
10 0.14535550458715596 0.3364067439409905 0.005160550458715597 0.00684931506849315
1 0.13761467889908258 0.3364067439409905 0.0045871559633027525 0.008956796628029505
10 0.11553899082568807 0.333508956796628 0.007454128440366973 0.005268703898840885
1 0.8887614678899083 0.5247629083245522 0.008027522935779817 0.012644889357218124
10 0.7669151376146789 0.4952581664910432 0.013188073394495414 0.008429926238145416
1 0.2892775229357798 0.3788198103266596 0.006307339449541285 0.01053740779768177
1 0.19954128440366972 0.3582718651211802 0.005733944954128441 0.009483667017913594
10 0.7651949541284404 0.5010537407797682 0.013188073394495414 0.008429926238145416
1 0.8838876146788991 0.5426765015806112 0.008600917431192661 0.012644889357218124
10 0.7164564220183486 0.040042149631190724 0.005160550458715597 0.008429926238145416
1 0.13102064220183487 0.35800842992623816 0.005160550458715597 0.008956796628029505