10 0.212890625 0.4654737903225806 0.0107421875 0.015625
2 0.02099609375 0.46799395161290325 0.033203125 0.23336693548387097
1 0.2939453125 0.4725302419354839 0.0087890625 0.014616935483870967
10 0.116455078125 0.4730342741935484 0.01220703125 0.013608870967741936
10 0.595458984375 0.047631048387096774 0.01025390625 0.003528225806451613
10 0.580322265625 0.047379032258064516 0.01220703125 0.017137096774193547
2 0.0625 0.4737903225806452 0.0380859375 0.23286290322580644
10 0.86669921875 0.4747983870967742 0.01171875 0.005040322580645161
10 0.851318359375 0.4753024193548387 0.01318359375 0.007056451612903226
1 0.103759765625 0.47631048387096775 0.01513671875 0.007056451612903226
1 0.20166015625 0.47807459677419356 0.001953125 0.014616935483870967
10 0.211181640625 0.4816028225806452 0.01123046875 0.015625
10 0.865966796875 0.4826108870967742 0.01318359375 0.005544354838709678
10 0.850830078125 0.48286290322580644 0.01220703125 0.004032258064516129
10 0.850830078125 0.4873991935483871 0.01220703125 0.007056451612903226
10 0.866943359375 0.4886592741935484 0.01220703125 0.005544354838709678
1 0.2119140625 0.4939516129032258 0.013671875 0.004032258064516129
10 0.1162109375 0.4944556451612903 0.01171875 0.014112903225806451
1 0.61962890625 0.4967237903225806 0.0185546875 0.02066532258064516
1 0.864013671875 0.05015120967741935 0.01318359375 0.005544354838709678
1 0.2919921875 0.49924395161290325 0.0087890625 0.01663306451612903
10 0.211181640625 0.5 0.00927734375 0.005040322580645161
1 0.200439453125 0.5012600806451613 0.00732421875 0.013608870967741936
10 0.2109375 0.5057963709677419 0.01171875 0.0045362903225806455
10 0.117431640625 0.5110887096774194 0.01220703125 0.016129032258064516
10 0.21044921875 0.5161290322580645 0.0107421875 0.016129032258064516
10 0.086181640625 0.5176411290322581 0.00341796875 0.01310483870967742
10 0.2119140625 0.5282258064516129 0.0126953125 0.006048387096774193
10 0.11669921875 0.5284778225806451 0.0107421875 0.01663306451612903
1 0.107421875 0.5299899193548387 0.00390625 0.012600806451612902
1 0.19970703125 0.5315020161290323 0.005859375 0.011592741935483871
2 0.91943359375 0.53125 0.1025390625 0.06451612903225806
10 0.210693359375 0.5330141129032258 0.01025390625 0.007560483870967742
10 0.08642578125 0.5332661290322581 0.005859375 0.011088709677419355
5 0.624755859375 0.05367943548387097 0.04052734375 0.018649193548387098
10 0.211181640625 0.5448588709677419 0.01123046875 0.014112903225806451
10 0.115478515625 0.545866935483871 0.01220703125 0.016129032258064516
10 0.0859375 0.5481350806451613 0.00390625 0.014616935483870967
12 0.74658203125 0.5488911290322581 0.033203125 0.055443548387096774
12 0.787353515625 0.5504032258064516 0.03369140625 0.05141129032258065
10 0.849365234375 0.05493951612903226 0.01025390625 0.005040322580645161
1 0.655029296875 0.5526713709677419 0.03173828125 0.03477822580645161
10 0.862060546875 0.5551915322580645 0.00048828125 0.0005040322580645161
10 0.909423828125 0.05619959677419355 0.01513671875 0.00655241935483871
10 0.8525390625 0.5604838709677419 0.0048828125 0.012096774193548387
10 0.85791015625 0.5612399193548387 0.0048828125 0.011592741935483871
10 0.8486328125 0.5617439516129032 0.0048828125 0.013608870967741936
10 0.8642578125 0.5617439516129032 0.0048828125 0.009576612903225807
10 0.20947265625 0.561491935483871 0.0126953125 0.016129032258064516
10 0.086181640625 0.5637600806451613 0.00537109375 0.012600806451612902
10 0.11572265625 0.5642641129032258 0.01171875 0.015625
1 0.2001953125 0.5645161290322581 0.0048828125 0.014112903225806451
1 0.103759765625 0.5672883064516129 0.01416015625 0.007560483870967742
10 0.209228515625 0.5778729838709677 0.01123046875 0.014616935483870967
10 0.116455078125 0.5793850806451613 0.01025390625 0.015625
10 0.92626953125 0.05821572580645161 0.013671875 0.00655241935483871
1 0.19384765625 0.5851814516129032 0.005859375 0.015120967741935484
1 0.653076171875 0.5859375 0.03173828125 0.041834677419354836
1 0.078369140625 0.5932459677419355 0.01416015625 0.005040322580645161
1 0.068603515625 0.5962701612903226 0.00439453125 0.012096774193548387
1 0.05615234375 0.5962701612903226 0.0048828125 0.01310483870967742
10 0.116455078125 0.5967741935483871 0.01416015625 0.014112903225806451
10 0.063232421875 0.5967741935483871 0.00341796875 0.011088709677419355
1 0.831787109375 0.5987903225806451 0.04248046875 0.04032258064516129
10 0.20703125 0.600554435483871 0.0146484375 0.01663306451612903
1 0.197265625 0.6030745967741935 0.005859375 0.013608870967741936
1 0.116943359375 0.6071068548387096 0.01220703125 0.003528225806451613
2 0.912353515625 0.6088709677419355 0.11865234375 0.08568548387096774
1 0.83544921875 0.061743951612903226 0.0126953125 0.0045362903225806455
10 0.20751953125 0.6176915322580645 0.0078125 0.013608870967741936
10 0.11572265625 0.6184475806451613 0.009765625 0.015120967741935484
1 0.197509765625 0.6194556451612904 0.00537109375 0.01310483870967742
10 0.9111328125 0.0625 0.013671875 0.005040322580645161
10 0.226806640625 0.06300403225806452 0.01611328125 0.016129032258064516
1 0.115478515625 0.6297883064516129 0.01220703125 0.005544354838709678
10 0.20703125 0.6323084677419355 0.013671875 0.014616935483870967
10 0.115966796875 0.6401209677419355 0.01416015625 0.018145161290322582
1 0.102783203125 0.6456653225806451 0.01318359375 0.007056451612903226
1 0.83056640625 0.6486895161290323 0.0400390625 0.047379032258064516
10 0.210205078125 0.6504536290322581 0.01318359375 0.015625
10 0.92626953125 0.06577620967741936 0.0087890625 0.00655241935483871
1 0.1982421875 0.657258064516129 0.0048828125 0.016129032258064516
10 0.115478515625 0.6577620967741935 0.01318359375 0.015120967741935484
1 0.723876953125 0.6597782258064516 0.03955078125 0.04233870967741935
10 0.170654296875 0.06653225806451613 0.01611328125 0.017137096774193547
10 0.20849609375 0.6716229838709677 0.013671875 0.01663306451612903
10 0.11474609375 0.6746471774193549 0.01171875 0.01663306451612903
1 0.854736328125 0.6761592741935484 0.03369140625 0.030745967741935484
1 0.1025390625 0.6784274193548387 0.0146484375 0.004032258064516129
10 0.90966796875 0.06829637096774194 0.009765625 0.003528225806451613
10 0.843017578125 0.06829637096774194 0.00927734375 0.0045362903225806455
1 0.643310546875 0.6842237903225806 0.02392578125 0.011592741935483871
10 0.20849609375 0.6890120967741935 0.01171875 0.015120967741935484
10 0.115234375 0.6895161290322581 0.0126953125 0.017137096774193547
1 0.19873046875 0.6897681451612904 0.0078125 0.013608870967741936
1 0.101806640625 0.694304435483871 0.01513671875 0.008568548387096774
10 0.92431640625 0.06955645161290322 0.0107421875 0.0030241935483870967
1 0.648681640625 0.6955645161290323 0.01318359375 0.006048387096774193
2 0.061279296875 0.7026209677419355 0.03662109375 0.1875
1 0.725341796875 0.7023689516129032 0.03271484375 0.03377016129032258
10 0.208251953125 0.7074092741935484 0.00927734375 0.013608870967741936
10 0.189208984375 0.07132056451612903 0.00537109375 0.013608870967741936
1 0.1005859375 0.709929435483871 0.015625 0.009576612903225807
2 0.01708984375 0.7106854838709677 0.0341796875 0.21068548387096775
1 0.198486328125 0.7127016129032258 0.00537109375 0.014112903225806451
10 0.205810546875 0.07182459677419355 0.00341796875 0.015625
10 0.114501953125 0.7139616935483871 0.01220703125 0.014616935483870967
1 0.85107421875 0.07207661290322581 0.0048828125 0.01310483870967742
1 0.10107421875 0.7273185483870968 0.013671875 0.008064516129032258
10 0.208740234375 0.7290826612903226 0.01025390625 0.017641129032258066
10 0.11474609375 0.7310987903225806 0.01171875 0.013608870967741936
1 0.197509765625 0.7313508064516129 0.00341796875 0.017137096774193547
10 0.2001953125 0.07358870967741936 0.0048828125 0.01310483870967742
10 0.909912109375 0.07384072580645161 0.01220703125 0.003528225806451613
1 0.148193359375 0.07358870967741936 0.01318359375 0.008064516129032258
1 0.7294921875 0.7358870967741935 0.03125 0.03326612903225806
10 0.2109375 0.07358870967741936 0.0029296875 0.017137096774193547
1 0.113525390625 0.7429435483870968 0.01220703125 0.0030241935483870967
1 0.10302734375 0.7462197580645161 0.005859375 0.011592741935483871
1 0.19091796875 0.7469758064516129 0.0087890625 0.015120967741935484
1 0.115478515625 0.7492439516129032 0.01220703125 0.005544354838709678
10 0.20703125 0.7515120967741935 0.0126953125 0.005040322580645161
1 0.4541015625 0.7537802419354839 0.01171875 0.0045362903225806455
1 0.113037109375 0.7550403225806451 0.01123046875 0.004032258064516129
10 0.208251953125 0.7560483870967742 0.01220703125 0.0030241935483870967
10 0.207275390625 0.7610887096774194 0.01123046875 0.005040322580645161
1 0.454833984375 0.7608366935483871 0.01220703125 0.003528225806451613
1 0.440185546875 0.7613407258064516 0.01318359375 0.0045362903225806455
5 0.877197265625 0.07636088709677419 0.02880859375 0.029737903225806453
10 0.114501953125 0.7651209677419355 0.01416015625 0.016129032258064516
1 0.103271484375 0.765625 0.00634765625 0.016129032258064516
10 0.45361328125 0.766633064516129 0.01171875 0.005040322580645161
1 0.197509765625 0.7681451612903226 0.00634765625 0.015120967741935484
1 0.731689453125 0.7691532258064516 0.03759765625 0.03225806451612903
10 0.440185546875 0.7696572580645161 0.01220703125 0.006048387096774193
1 0.5263671875 0.774445564516129 0.0107421875 0.02066532258064516
1 0.573974609375 0.7752016129032258 0.01025390625 0.023185483870967742
10 0.208740234375 0.7774697580645161 0.01318359375 0.01663306451612903
2 0.939453125 0.780241935483871 0.111328125 0.22782258064516128
1 0.448974609375 0.7832661290322581 0.02001953125 0.010080645161290322
10 0.113525390625 0.7870463709677419 0.01220703125 0.01663306451612903
5 0.559326171875 0.7893145161290323 0.01513671875 0.024193548387096774
1 0.19677734375 0.7908266129032258 0.0048828125 0.015120967741935484
10 0.2294921875 0.07913306451612903 0.0048828125 0.014112903225806451
1 0.103759765625 0.7915826612903226 0.00830078125 0.017641129032258066
1 0.248291015625 0.07988911290322581 0.00634765625 0.015625
10 0.223876953125 0.07963709677419355 0.00537109375 0.01310483870967742
10 0.90869140625 0.08014112903225806 0.0126953125 0.008064516129032258
1 0.4462890625 0.8021673387096774 0.0234375 0.009576612903225807
10 0.039794921875 0.8044354838709677 0.00634765625 0.015120967741935484
10 0.113037109375 0.8041834677419355 0.01220703125 0.014616935483870967
1 0.75048828125 0.8041834677419355 0.033203125 0.03578629032258065
10 0.071044921875 0.8046875 0.00244140625 0.011592741935483871
1 0.194091796875 0.8054435483870968 0.00244140625 0.011088709677419355
10 0.083251953125 0.8054435483870968 0.00537109375 0.012096774193548387
10 0.204345703125 0.8054435483870968 0.00927734375 0.016129032258064516
1 0.058837890625 0.8059475806451613 0.00732421875 0.015120967741935484
1 0.052978515625 0.805695564516129 0.00634765625 0.013608870967741936
1 0.573974609375 0.811491935483871 0.00830078125 0.020161290322580645
1 0.52392578125 0.8117439516129032 0.0068359375 0.02066532258064516
1 0.92529296875 0.08165322580645161 0.013671875 0.006048387096774193
1 0.065673828125 0.8188004032258065 0.00341796875 0.011592741935483871
10 0.076904296875 0.8198084677419355 0.00341796875 0.011592741935483871
10 0.083251953125 0.8200604838709677 0.00439453125 0.012096774193548387
10 0.03564453125 0.8205645161290323 0.0048828125 0.01310483870967742
10 0.112548828125 0.8203125 0.01123046875 0.014616935483870967
1 0.102783203125 0.8203125 0.00439453125 0.014616935483870967
1 0.04833984375 0.8215725806451613 0.0048828125 0.014112903225806451
1 0.44775390625 0.8225806451612904 0.0205078125 0.009072580645161291
10 0.204345703125 0.8228326612903226 0.01025390625 0.01663306451612903
10 0.373291015625 0.8238407258064516 0.01123046875 0.00655241935483871
10 0.354736328125 0.8245967741935484 0.00537109375 0.012096774193548387
1 0.361572265625 0.8245967741935484 0.00537109375 0.012096774193548387
1 0.383544921875 0.8251008064516129 0.00439453125 0.011088709677419355
1 0.195068359375 0.8273689516129032 0.00341796875 0.014616935483870967
10 0.11279296875 0.836945564516129 0.013671875 0.01663306451612903
10 0.204345703125 0.8389616935483871 0.01123046875 0.018649193548387098
10 0.350830078125 0.8397177419354839 0.00439453125 0.015120967741935484
1 0.838134765625 0.8412298387096774 0.04150390625 0.04233870967741935
10 0.378173828125 0.8419858870967742 0.01220703125 0.013608870967741936
10 0.36181640625 0.8429939516129032 0.0146484375 0.01663306451612903
1 0.194091796875 0.8442540322580645 0.00537109375 0.014112903225806451
1 0.7236328125 0.8472782258064516 0.0380859375 0.03528225806451613
10 0.11376953125 0.8543346774193549 0.0126953125 0.014112903225806451
1 0.101806640625 0.8555947580645161 0.00439453125 0.014616935483870967
10 0.203857421875 0.8555947580645161 0.01220703125 0.015625
10 0.1748046875 0.08644153225806452 0.0048828125 0.014616935483870967
1 0.01318359375 0.8634072580645161 0.0068359375 0.016129032258064516
1 0.1455078125 0.0871975806451613 0.0068359375 0.018145161290322582
10 0.200927734375 0.08744959677419355 0.00439453125 0.011592741935483871
10 0.114013671875 0.8717237903225806 0.01318359375 0.015625
10 0.20458984375 0.8729838709677419 0.01171875 0.016129032258064516
1 0.1923828125 0.8734879032258065 0.0048828125 0.015120967741935484
5 0.353759765625 0.8737399193548387 0.01806640625 0.02066532258064516
10 0.195556640625 0.08770161290322581 0.00439453125 0.01310483870967742
10 0.207275390625 0.08770161290322581 0.00537109375 0.011088709677419355
1 0.908935546875 0.08770161290322581 0.01416015625 0.006048387096774193
1 0.308349609375 0.8747479838709677 0.03759765625 0.03780241935483871
5 0.053955078125 0.8772681451612904 0.06396484375 0.09324596774193548
10 0.012939453125 0.8785282258064516 0.00634765625 0.012096774193548387
10 0.1875 0.08770161290322581 0.005859375 0.015120967741935484
1 0.833251953125 0.8835685483870968 0.04345703125 0.04435483870967742
10 0.923583984375 0.08870967741935484 0.01220703125 0.004032258064516129
10 0.203369140625 0.8888608870967742 0.01513671875 0.01663306451612903
10 0.01171875 0.891633064516129 0.00390625 0.01310483870967742
1 0.096923828125 0.9054939516129032 0.00732421875 0.018649193548387098
1 0.01171875 0.9080141129032258 0.005859375 0.01663306451612903
1 0.270751953125 0.09299395161290322 0.02001953125 0.009576612903225807
5 0.360107421875 0.9276713709677419 0.03173828125 0.031754032258064516
1 0.08740234375 0.9362399193548387 0.00390625 0.014616935483870967
10 0.015625 0.936491935483871 0.013671875 0.017137096774193547
1 0.201171875 0.9372479838709677 0.0419921875 0.04788306451612903
10 0.034912109375 0.9425403225806451 0.01611328125 0.012096774193548387
10 0.92431640625 0.09425403225806452 0.01171875 0.005040322580645161
1 0.9091796875 0.09475806451612903 0.0126953125 0.007056451612903226
10 0.05078125 0.9445564516129032 0.013671875 0.015120967741935484
1 0.0625 0.9475806451612904 0.00390625 0.015120967741935484
1 0.076904296875 0.9488407258064516 0.00537109375 0.017641129032258066
1 0.06982421875 0.9506048387096774 0.005859375 0.014112903225806451
2 0.91748046875 0.9581653225806451 0.1005859375 0.06350806451612903
10 0.025390625 0.9609375 0.0126953125 0.01663306451612903
10 0.04541015625 0.9611895161290323 0.0146484375 0.016129032258064516
1 0.164306640625 0.10584677419354839 0.01708984375 0.006048387096774193
1 0.909912109375 0.1063508064516129 0.01513671875 0.008064516129032258
1 0.14794921875 0.1081149193548387 0.013671875 0.008568548387096774
5 0.836181640625 0.11038306451612903 0.00927734375 0.017137096774193547
1 0.8896484375 0.11214717741935484 0.0078125 0.015625
1 0.90966796875 0.11441532258064516 0.0126953125 0.005040322580645161
2 0.032958984375 0.11542338709677419 0.04443359375 0.07963709677419355
1 0.16552734375 0.11668346774193548 0.015625 0.007560483870967742
1 0.56787109375 0.11895161290322581 0.0390625 0.046370967741935484
1 0.6025390625 0.11995967741935484 0.0087890625 0.012096774193548387
5 0.8212890625 0.12046370967741936 0.0107421875 0.018145161290322582
1 0.6337890625 0.12096774193548387 0.0078125 0.011088709677419355
1 0.909423828125 0.12121975806451613 0.01220703125 0.0045362903225806455
1 0.163818359375 0.12298387096774194 0.01513671875 0.004032258064516129
1 0.14697265625 0.12449596774193548 0.01171875 0.007056451612903226
10 0.33544921875 0.12525201612903225 0.013671875 0.01965725806451613
5 0.86181640625 0.1267641129032258 0.0185546875 0.013608870967741936
1 0.509521484375 0.1280241935483871 0.03466796875 0.036290322580645164
1 0.16259765625 0.12953629032258066 0.015625 0.006048387096774193
10 0.314453125 0.13634072580645162 0.013671875 0.01663306451612903
5 0.80615234375 0.13785282258064516 0.0166015625 0.017641129032258066
1 0.6171875 0.14440524193548387 0.005859375 0.012600806451612902
5 0.832275390625 0.15498991935483872 0.02099609375 0.015625
1 0.31005859375 0.15700604838709678 0.0146484375 0.007560483870967742
1 0.155029296875 0.15902217741935484 0.00830078125 0.015625
5 0.239013671875 0.16129032258064516 0.11279296875 0.09879032258064516
10 0.33935546875 0.16683467741935484 0.01171875 0.03225806451612903
1 0.3251953125 0.1743951612903226 0.0126953125 0.005040322580645161
1 0.31005859375 0.17641129032258066 0.0126953125 0.008064516129032258
1 0.918212890625 0.2013608870967742 0.01416015625 0.008568548387096774
1 0.1611328125 0.20186491935483872 0.0166015625 0.009576612903225807
1 0.159423828125 0.20892137096774194 0.01416015625 0.007560483870967742
1 0.520751953125 0.20892137096774194 0.04052734375 0.03377016129032258
5 0.861328125 0.21421370967741934 0.078125 0.056451612903225805
1 0.337158203125 0.21900201612903225 0.01220703125 0.007560483870967742
10 0.594482421875 0.22454637096774194 0.01025390625 0.011592741935483871
10 0.75634765625 0.2283266129032258 0.0166015625 0.015120967741935484
1 0.766357421875 0.2290826612903226 0.00537109375 0.014616935483870967
1 0.3095703125 0.2290826612903226 0.0126953125 0.007560483870967742
1 0.297607421875 0.2361391129032258 0.01513671875 0.0045362903225806455
1 0.445556640625 0.23714717741935484 0.03076171875 0.029737903225806453
5 0.1748046875 0.2399193548387097 0.013671875 0.016129032258064516
1 0.243896484375 0.24067540322580644 0.00830078125 0.015625
1 0.271240234375 0.24143145161290322 0.00537109375 0.01310483870967742
1 0.033935546875 0.24319556451612903 0.03759765625 0.03377016129032258
10 0.20068359375 0.2474798387096774 0.013671875 0.018145161290322582
1 0.241455078125 0.2540322580645161 0.01123046875 0.007056451612903226
1 0.60205078125 0.2835181451612903 0.005859375 0.013608870967741936
1 0.595703125 0.2842741935483871 0.005859375 0.014112903225806451
1 0.591064453125 0.2842741935483871 0.00439453125 0.016129032258064516
1 0.526611328125 0.2857862903225806 0.02099609375 0.011088709677419355
1 0.38232421875 0.2923387096774194 0.029296875 0.034274193548387094
10 0.89013671875 0.2920866935483871 0.013671875 0.003528225806451613
1 0.704345703125 0.29536290322580644 0.00634765625 0.01310483870967742
1 0.5263671875 0.2973790322580645 0.0048828125 0.011088709677419355
1 0.51513671875 0.29788306451612906 0.0029296875 0.010080645161290322
10 0.890380859375 0.29889112903225806 0.01318359375 0.004032258064516129
1 0.862060546875 0.02998991935483871 0.01611328125 0.005544354838709678
1 0.491455078125 0.2991431451612903 0.01123046875 0.007560483870967742
10 0.6181640625 0.3014112903225806 0.015625 0.017137096774193547
1 0.501953125 0.3024193548387097 0.005859375 0.014112903225806451
1 0.441162109375 0.30216733870967744 0.02685546875 0.03780241935483871
5 0.264404296875 0.3024193548387097 0.04052734375 0.03528225806451613
10 0.669189453125 0.30267137096774194 0.01708984375 0.017641129032258066
1 0.050048828125 0.3034274193548387 0.03466796875 0.03528225806451613
10 0.64111328125 0.30393145161290325 0.0126953125 0.019153225806451613
1 0.58447265625 0.30393145161290325 0.0068359375 0.015120967741935484
1 0.68994140625 0.31048387096774194 0.0068359375 0.009072580645161291
1 0.889892578125 0.31098790322580644 0.01220703125 0.005040322580645161
10 0.889404296875 0.3162802419354839 0.01220703125 0.005544354838709678
5 0.833984375 0.3326612903225806 0.0751953125 0.05443548387096774
1 0.886474609375 0.03377016129032258 0.02880859375 0.02620967741935484
1 0.209228515625 0.3467741935483871 0.03564453125 0.03326612903225806
1 0.109619140625 0.3480342741935484 0.03564453125 0.04284274193548387
10 0.72900390625 0.35080645161290325 0.00390625 0.012096774193548387
10 0.30859375 0.3548387096774194 0.0205078125 0.016129032258064516
10 0.71142578125 0.3634072580645161 0.0146484375 0.01310483870967742
1 0.59619140625 0.03679435483870968 0.013671875 0.005040322580645161
10 0.723876953125 0.36466733870967744 0.00537109375 0.009576612903225807
10 0.740234375 0.36567540322580644 0.0048828125 0.011592741935483871
10 0.73486328125 0.36617943548387094 0.005859375 0.010584677419354838
10 0.6708984375 0.36920362903225806 0.015625 0.0045362903225806455
10 0.405029296875 0.37298387096774194 0.00537109375 0.016129032258064516
1 0.410888671875 0.37424395161290325 0.00732421875 0.014616935483870967
10 0.116943359375 0.37575604838709675 0.01123046875 0.015625
1 0.104248046875 0.38029233870967744 0.01123046875 0.005544354838709678
1 0.916748046875 0.038558467741935484 0.02978515625 0.027721774193548387
10 0.609375 0.38356854838709675 0.029296875 0.012096774193548387
10 0.212646484375 0.3855846774193548 0.01513671875 0.016129032258064516
10 0.798095703125 0.3911290322580645 0.00537109375 0.012096774193548387
2 0.931396484375 0.39213709677419356 0.10009765625 0.04939516129032258
10 0.829833984375 0.3923891129032258 0.00537109375 0.01663306451612903
10 0.823486328125 0.39264112903225806 0.00537109375 0.015120967741935484
10 0.835693359375 0.39264112903225806 0.00244140625 0.01310483870967742
10 0.81005859375 0.3933971774193548 0.0048828125 0.014616935483870967
10 0.1171875 0.3939012096774194 0.01171875 0.013608870967741936
10 0.792236328125 0.3939012096774194 0.00341796875 0.011592741935483871
10 0.817626953125 0.3946572580645161 0.00341796875 0.010080645161290322
2 0.047119140625 0.039818548387096774 0.03564453125 0.07560483870967742
5 0.71533203125 0.40045362903225806 0.0625 0.04485887096774194
10 0.804931640625 0.4075100806451613 0.00537109375 0.011592741935483871
10 0.797607421875 0.40877016129032256 0.00439453125 0.014112903225806451
10 0.212890625 0.4102822580645161 0.0107421875 0.015120967741935484
10 0.117919921875 0.41607862903225806 0.00927734375 0.015625
1 0.105224609375 0.4183467741935484 0.01220703125 0.006048387096774193
1 0.6259765625 0.42263104838709675 0.0302734375 0.029737903225806453
1 0.196533203125 0.4248991935483871 0.00830078125 0.015120967741935484
10 0.5966796875 0.04284274193548387 0.0126953125 0.0030241935483870967
10 0.212646484375 0.4319556451612903 0.01123046875 0.017137096774193547
10 0.11767578125 0.4327116935483871 0.01171875 0.015625
1 0.104248046875 0.4380040322580645 0.01123046875 0.005040322580645161
1 0.862060546875 0.043850806451612906 0.01318359375 0.009072580645161291
1 0.861083984375 0.4475806451612903 0.02490234375 0.025201612903225805
10 0.210693359375 0.4490927419354839 0.01123046875 0.015120967741935484
1 0.637451171875 0.4508568548387097 0.01904296875 0.018649193548387098
1 0.201171875 0.4561491935483871 0.005859375 0.016129032258064516
10 0.117431640625 0.4564012096774194 0.01123046875 0.017641129032258066
2 0.9365234375 0.4579133064516129 0.12109375 0.05796370967741935
1 0.10498046875 0.45992943548387094 0.015625 0.007560483870967742