1 0.2953813104189044 0.42645607107601186 0.004296455424274973 0.009871668311944718
1 0.6109022556390977 0.4856860809476802 0.014500537056928034 0.007897334649555774
10 0.6694414607948442 0.06219151036525173 0.005907626208378088 0.007897334649555774
1 0.14473684210526316 0.4076999012833169 0.0037593984962406013 0.005923000987166831
1 0.7948442534908701 0.523938795656466 0.00322234156820623 0.011352418558736426
10 0.6793770139634802 0.06441263573543929 0.0021482277121374865 0.007403751233958539
1 0.8614393125671321 0.5394866732477789 0.007518796992481203 0.011846001974333662
10 0.8987647690655209 0.5468904244817374 0.006981740064446832 0.01085883514313919
1 0.37996777658431796 0.4550839091806515 0.014500537056928034 0.008884501480750246
5 0.17749731471535982 0.41954590325765057 0.05531686358754028 0.06515301085883514
1 0.5512889366272825 0.041954590325765054 0.01020408163265306 0.005923000987166831
10 0.6095596133190118 0.05231984205330701 0.007518796992481203 0.004935834155972359
10 0.3622448979591837 0.45804540967423496 0.01342642320085929 0.005923000987166831
1 0.5730397422126745 0.04639684106614018 0.010741138560687433 0.003948667324777887
1 0.36009667024704617 0.46224086870681147 0.012352309344790547 0.00839091806515301
10 0.37808807733619765 0.4666831194471866 0.013963480128893663 0.00839091806515301
1 0.2121374865735768 0.43854886475814414 0.00966702470461869 0.005429417571569595
1 0.6181525241675617 0.055034550839091805 0.00322234156820623 0.0014807502467917078
1 0.5945220193340494 0.051085883514313916 0.00966702470461869 0.006416584402764067
10 0.742749731471536 0.5350444225074038 0.01288936627282492 0.006910167818361303
1 0.2878625134264232 0.45483711747285294 0.004296455424274973 0.009378084896347482
1 0.35848549946294306 0.46767028627838103 0.01342642320085929 0.007403751233958539
1 0.37755102040816324 0.4726061204343534 0.013963480128893663 0.007403751233958539
1 0.14070891514500536 0.430898321816387 0.0053705692803437165 0.008884501480750246
10 0.74140708915145 0.540720631786772 0.012352309344790547 0.006416584402764067
1 0.8367346938775511 0.56071076011846 0.011815252416756176 0.006910167818361303
10 0.3461331901181525 0.008144126357354392 0.004833512352309345 0.00839091806515301
1 0.28517722878625135 0.4684106614017769 0.004296455424274973 0.008884501480750246
10 0.18904403866809882 0.4582922013820336 0.007518796992481203 0.0034550839091806516
1 0.16138560687432868 0.45384995064165845 0.004833512352309345 0.0024679170779861796
1 0.15010741138560688 0.45138203356367224 0.006981740064446832 0.0034550839091806516
10 0.17320085929108486 0.4563178677196446 0.004833512352309345 0.0034550839091806516
1 0.8533834586466166 0.5789733464955578 0.007518796992481203 0.011846001974333662
10 0.6122448979591837 0.5360315893385982 0.01288936627282492 0.006910167818361303
10 0.14876476906552094 0.4575518262586377 0.008592910848549946 0.004935834155972359
1 0.2822234156820623 0.4824777887462981 0.0037593984962406013 0.007403751233958539
12 0.33431793770139634 0.4921026653504442 0.05316863587540279 0.03652517275419546
1 0.6044575725026853 0.5404738400789734 0.014500537056928034 0.007897334649555774
10 0.6203007518796992 0.5431885488647581 0.011815252416756176 0.007403751233958539
1 0.12164339419978518 0.4563178677196446 0.004833512352309345 0.007403751233958539
1 0.3831901181525242 0.5041954590325765 0.014500537056928034 0.00839091806515301
1 0.6758861439312567 0.5572556762092794 0.014500537056928034 0.008884501480750246
10 0.36868958109559613 0.5037018756169793 0.006981740064446832 0.011352418558736426
1 0.8515037593984962 0.5905725567620927 0.006981740064446832 0.011352418558736426
1 0.27900107411385605 0.49432379072063176 0.0037593984962406013 0.005429417571569595
10 0.7349624060150376 0.5787265547877591 0.012352309344790547 0.006416584402764067
10 0.1361439312567132 0.47309970384995065 0.011278195488721804 0.005429417571569595
1 0.8485499462943072 0.601431391905232 0.00644468313641246 0.010365251727541954
10 0.34828141783029 0.5130799605133267 0.01342642320085929 0.006416584402764067
10 0.37781954887218044 0.5185093780848964 0.008055853920515575 0.011352418558736426
10 0.7346938775510204 0.5839091806515301 0.01288936627282492 0.006910167818361303
10 0.1307733619763695 0.47704837117472854 0.005907626208378088 0.0034550839091806516
10 0.3466702470461869 0.5182625863770978 0.014500537056928034 0.007897334649555774
1 0.27604726100966703 0.5074037512339585 0.00322234156820623 0.006910167818361303
10 0.1348012889366273 0.4837117472852912 0.0053705692803437165 0.004935834155972359
1 0.17400644468313642 0.491609081934847 0.00644468313641246 0.004935834155972359
1 0.8458646616541353 0.6130306021717671 0.008592910848549946 0.011846001974333662
1 0.32250268528464016 0.5202369200394866 0.009129967776584319 0.013820335636722606
1 0.13345864661654136 0.4888943731490622 0.005907626208378088 0.0024679170779861796
1 0.13131041890440387 0.4945705824284304 0.008055853920515575 0.0029615004935834156
1 0.2725563909774436 0.5231984205330701 0.0037593984962406013 0.008884501480750246
1 0.7279806659505907 0.6066140177690029 0.014500537056928034 0.007897334649555774
1 0.12969924812030076 0.5002467917077986 0.008055853920515575 0.004442250740375123
1 0.7271750805585392 0.6145113524185587 0.013963480128893663 0.008884501480750246
1 0.3732545649838883 0.5515794669299111 0.015037593984962405 0.00839091806515301
1 0.1458109559613319 0.5140671273445212 0.004833512352309345 0.0024679170779861796
1 0.14446831364124596 0.5197433366238894 0.004296455424274973 0.0029615004935834156
12 0.8262620837808807 0.6411648568608095 0.03705692803437164 0.04738400789733465
1 0.22986036519871106 0.5355380059230009 0.00644468313641246 0.011846001974333662
1 0.22341568206229862 0.5347976307996052 0.008592910848549946 0.01332675222112537
10 0.3939312567132116 0.5661401776900297 0.006981740064446832 0.01085883514313919
10 0.38748657357679916 0.5651530108588352 0.008055853920515575 0.012833168805528134
1 0.43474758324382384 0.5755182625863771 0.008055853920515575 0.012833168805528134
1 0.5674006444683136 0.6006910167818361 0.006981740064446832 0.01085883514313919
10 0.5614930182599356 0.599457058242843 0.006981740064446832 0.010365251727541954
10 0.5555853920515574 0.5989634748272458 0.006981740064446832 0.012339585389930898
10 0.5499462943071965 0.5982230997038499 0.00644468313641246 0.011846001974333662
1 0.543233082706767 0.5967423494570583 0.009129967776584319 0.012833168805528134
1 0.5714285714285714 0.6080947680157947 0.007518796992481203 0.011846001974333662
12 0.35553168635875404 0.5703356367226061 0.05692803437164339 0.037018756169792694
1 0.38882921589688507 0.577492596248766 0.01288936627282492 0.007897334649555774
1 0.582438238453276 0.6135241855873642 0.008055853920515575 0.012833168805528134
10 0.58968850698174 0.6150049358341559 0.007518796992481203 0.011846001974333662
1 0.3890977443609023 0.5871174728529122 0.009129967776584319 0.012339585389930898
12 0.817937701396348 0.670533070088845 0.02040816326530612 0.014313919052319843
10 0.83968850698174 0.6747285291214216 0.008055853920515575 0.011846001974333662
10 0.832438238453276 0.6742349457058243 0.007518796992481203 0.011846001974333662
1 0.19736842105263158 0.5723099703849951 0.009129967776584319 0.01332675222112537
10 0.3131041890440387 0.5932872655478776 0.007518796992481203 0.011846001974333662
1 0.3071965628356606 0.5927936821322803 0.007518796992481203 0.011846001974333662
1 0.41836734693877553 0.6147581441263573 0.007518796992481203 0.010365251727541954
1 0.7091836734693877 0.6680651530108588 0.014500537056928034 0.00839091806515301
1 0.07921589688506982 0.5792201382033564 0.014500537056928034 0.00839091806515301
10 0.7996777658431794 0.7142152023692004 0.007518796992481203 0.011846001974333662
10 0.08592910848549946 0.5868706811451135 0.007518796992481203 0.011846001974333662
1 0.07733619763694952 0.5853899308983218 0.01288936627282492 0.006910167818361303
10 0.8141783029001074 0.7171767028627838 0.007518796992481203 0.011846001974333662
10 0.8066595059076263 0.7164363277393879 0.007518796992481203 0.011352418558736426
10 0.09237379162191192 0.5888450148075025 0.007518796992481203 0.012833168805528134
1 0.23335123523093448 0.6177196446199408 0.01342642320085929 0.007403751233958539
10 0.07518796992481203 0.5915597235932872 0.01288936627282492 0.00839091806515301
10 0.8015574650912997 0.7282823297137216 0.006981740064446832 0.011352418558736426
10 0.8082706766917294 0.730009871668312 0.007518796992481203 0.011846001974333662
10 0.7945757250268528 0.7275419545903258 0.008055853920515575 0.011846001974333662
1 0.21831364124597208 0.6251233958538993 0.009129967776584319 0.01332675222112537
10 0.7881310418904404 0.7275419545903258 0.005907626208378088 0.01085883514313919
1 0.564983888292159 0.6942250740375123 0.00966702470461869 0.004442250740375123
1 0.5819011815252417 0.6974333662388944 0.008055853920515575 0.003948667324777887
1 0.48899033297529537 0.6804047384007897 0.012352309344790547 0.006416584402764067
1 0.46911922663802363 0.6776900296150049 0.01020408163265306 0.003948667324777887
10 0.31364124597207305 0.6520236920039487 0.00322234156820623 0.006910167818361303
12 0.3603651987110634 0.6614017769002961 0.00966702470461869 0.008884501480750246
1 0.5311493018259935 0.6917571569595261 0.004296455424274973 0.00839091806515301
10 0.3278732545649839 0.6552319842053307 0.0037593984962406013 0.007403751233958539
1 0.4377013963480129 0.6754689042448174 0.00644468313641246 0.010365251727541954
1 0.5238990332975295 0.6910167818361304 0.004833512352309345 0.008884501480750246
12 0.34183673469387754 0.6584402764067128 0.01020408163265306 0.007897334649555774
1 0.5397422126745435 0.6949654491609082 0.004296455424274973 0.007897334649555774
1 0.6076799140708915 0.7087857847976308 0.005907626208378088 0.007897334649555774
10 0.5091299677765844 0.6910167818361304 0.007518796992481203 0.003948667324777887
1 0.6267454350161117 0.713228035538006 0.00644468313641246 0.007897334649555774
1 0.6334586466165414 0.7144619940769991 0.0037593984962406013 0.00839091806515301
1 0.7051557465091299 0.7272951628825272 0.0021482277121374865 0.006416584402764067
1 0.5993555316863588 0.7085389930898321 0.004296455424274973 0.009378084896347482
1 0.6135875402792696 0.7107601184600197 0.0037593984962406013 0.008884501480750246
1 0.640171858216971 0.7156959526159921 0.00322234156820623 0.008884501480750246
1 0.6608485499462943 0.71964461994077 0.0037593984962406013 0.007897334649555774
1 0.6877013963480129 0.7240868706811451 0.0037593984962406013 0.007897334649555774
1 0.6925349087003222 0.7258144126357354 0.0037593984962406013 0.007403751233958539
1 0.6466165413533834 0.7174234945705824 0.004296455424274973 0.009378084896347482
1 0.6812567132116004 0.7243336623889437 0.0037593984962406013 0.00839091806515301
1 0.5915682062298604 0.7082922013820335 0.005907626208378088 0.007897334649555774
1 0.7105263157894737 0.7292694965449161 0.00322234156820623 0.00839091806515301
1 0.6194951664876477 0.7127344521224087 0.004833512352309345 0.007897334649555774
1 0.6557465091299678 0.7193978282329714 0.00322234156820623 0.00839091806515301
1 0.5585392051557465 0.7021224086870681 0.010741138560687433 0.004442250740375123
1 0.6987110633727175 0.7275419545903258 0.00322234156820623 0.007897334649555774
1 0.2140171858216971 0.6411648568608095 0.009129967776584319 0.012833168805528134
1 0.7164339419978518 0.7307502467917077 0.004296455424274973 0.00839091806515301
10 0.8069280343716434 0.7472852912142152 0.008055853920515575 0.01085883514313919
10 0.7996777658431794 0.7462981243830207 0.007518796992481203 0.011846001974333662
1 0.5582706766917294 0.7090325765054294 0.014500537056928034 0.005429417571569595
10 0.3466702470461869 0.6730009871668312 0.0026852846401718583 0.007403751233958539
10 0.3678839957035446 0.6767028627838104 0.0053705692803437165 0.009871668311944718
10 0.3531149301825994 0.6744817374136229 0.0037593984962406013 0.007403751233958539
10 0.36143931256713213 0.6759624876604146 0.0053705692803437165 0.010365251727541954
12 0.33458646616541354 0.6727541954590326 0.010741138560687433 0.008884501480750246
10 0.31901181525241673 0.6697926949654491 0.00322234156820623 0.007897334649555774
10 0.31203007518796994 0.6695459032576505 0.00644468313641246 0.009378084896347482
1 0.582438238453276 0.7198914116485686 0.0037593984962406013 0.00839091806515301
1 0.6229860365198711 0.7277887462981244 0.00644468313641246 0.00839091806515301
1 0.6369495166487648 0.730009871668312 0.004296455424274973 0.009871668311944718
1 0.9186358754027927 0.7806021717670286 0.014500537056928034 0.00839091806515301
1 0.5872717508055854 0.7211253701875617 0.004833512352309345 0.007897334649555774
1 0.556390977443609 0.7159427443237907 0.00966702470461869 0.004442250740375123
1 0.043501611170784105 0.6293188548864758 0.00644468313641246 0.01085883514313919
10 0.07841031149301826 0.6359822309970385 0.00644468313641246 0.010365251727541954
1 0.07277121374865736 0.6347482724580454 0.005907626208378088 0.009871668311944718
1 0.04887218045112782 0.6312931885488647 0.00644468313641246 0.01085883514313919
1 0.02443609022556391 0.6268509378084897 0.008055853920515575 0.012833168805528134
1 0.05531686358754028 0.6325271470878578 0.00644468313641246 0.010365251727541954
1 0.030343716433941997 0.6280848963474828 0.006981740064446832 0.011352418558736426
1 0.03678839957035446 0.6288252714708786 0.006981740064446832 0.01085883514313919
1 0.06068743286788399 0.6332675222112537 0.00644468313641246 0.011846001974333662
1 0.06659505907626208 0.6352418558736427 0.00644468313641246 0.01085883514313919
1 0.5448442534908701 0.7218657453109576 0.01020408163265306 0.004442250740375123
1 0.5330290010741139 0.722852912142152 0.0037593984962406013 0.007403751233958539
1 0.2892051557465091 0.6806515301085884 0.01342642320085929 0.006910167818361303
10 0.07894736842105263 0.6451135241855873 0.007518796992481203 0.003948667324777887
1 0.5443071965628357 0.7292694965449161 0.008055853920515575 0.0034550839091806516
10 0.9100429645542427 0.7963968410661402 0.01342642320085929 0.006416584402764067
1 0.7524167561761547 0.7704837117472852 0.007518796992481203 0.011846001974333662
10 0.7411385606874329 0.7682625863770978 0.007518796992481203 0.011352418558736426
1 0.07867883995703545 0.6500493583415597 0.009129967776584319 0.003948667324777887
10 0.7698711063372717 0.773938795656466 0.006981740064446832 0.01085883514313919
10 0.7462406015037594 0.769990128331688 0.006981740064446832 0.01085883514313919
1 0.734156820622986 0.7680157946692991 0.008592910848549946 0.011846001974333662
1 0.5429645542427497 0.7349457058242843 0.010741138560687433 0.004935834155972359
1 0.5569280343716434 0.7374136229022705 0.008592910848549946 0.003948667324777887
1 0.012620837808807734 0.6433859822309971 0.011278195488721804 0.006416584402764067
1 0.07599355531686358 0.6562191510365252 0.006981740064446832 0.0014807502467917078
10 0.07626208378088077 0.6591806515301086 0.00644468313641246 0.0034550839091806516
1 0.011278195488721804 0.648568608094768 0.01288936627282492 0.006910167818361303
1 0.5569280343716434 0.7482724580454096 0.0053705692803437165 0.007897334649555774
1 0.7666487647690655 0.786771964461994 0.008055853920515575 0.012833168805528134
10 0.7604726100966702 0.7857847976307996 0.00644468313641246 0.01085883514313919
10 0.7279806659505907 0.78035538005923 0.008055853920515575 0.012833168805528134
1 0.7397959183673469 0.782329713721619 0.008055853920515575 0.011846001974333662
1 0.7338882921589689 0.7813425468904245 0.006981740064446832 0.011846001974333662
1 0.7465091299677766 0.7833168805528135 0.00644468313641246 0.011846001974333662
1 0.7526852846401718 0.7847976307996052 0.006981740064446832 0.01085883514313919
5 0.6004296455424275 0.7578973346495558 0.07733619763694952 0.047877591312931886
1 0.07438238453276047 0.6653504442250741 0.006981740064446832 0.0029615004935834156
5 0.043501611170784105 0.6599210266535045 0.05692803437164339 0.04837117472852912
1 0.7013963480128894 0.7778874629812438 0.008592910848549946 0.005923000987166831
1 0.010741138560687433 0.6547384007897334 0.013963480128893663 0.007403751233958539
10 0.6882384532760473 0.777147087857848 0.008055853920515575 0.004442250740375123
1 0.00966702470461869 0.6604146100691016 0.013963480128893663 0.007897334649555774
1 0.07357679914070892 0.6720138203356367 0.008592910848549946 0.004442250740375123
2 0.33485499462943075 0.7189042448173741 0.341031149301826 0.08341559723593288
1 0.00832438238453276 0.6655972359328727 0.012352309344790547 0.006416584402764067
10 0.07142857142857142 0.676949654491609 0.007518796992481203 0.0034550839091806516
1 0.07142857142857142 0.6823790720631787 0.013963480128893663 0.007403751233958539
1 0.006981740064446832 0.6707798617966436 0.013963480128893663 0.007897334649555774
1 0.6624597207303974 0.7894866732477789 0.005907626208378088 0.0024679170779861796
1 0.9272287862513426 0.1372161895360316 0.012352309344790547 0.006910167818361303
1 0.5523630504833512 0.7702369200394866 0.0037593984962406013 0.00839091806515301
1 0.005907626208378088 0.6767028627838104 0.011815252416756176 0.006910167818361303
1 0.8131041890440387 0.8225567620927937 0.00644468313641246 0.011352418558736426
10 0.3635875402792696 0.7425962487660415 0.010741138560687433 0.005429417571569595
10 0.06525241675617616 0.6907699901283317 0.008055853920515575 0.012339585389930898
10 0.05880773361976369 0.6900296150049359 0.006981740064446832 0.011846001974333662
10 0.5886143931256713 0.7882527147087858 0.011815252416756176 0.006910167818361303
10 0.6100966702470462 0.7929417571569596 0.004296455424274973 0.00839091806515301
1 0.6023093447905478 0.7912142152023692 0.0037593984962406013 0.008884501480750246
1 0.5582706766917294 0.7845508390918066 0.0037593984962406013 0.007403751233958539
10 0.6162728249194415 0.7951628825271471 0.005907626208378088 0.008884501480750246
10 0.0341031149301826 0.6917571569595261 0.006981740064446832 0.010365251727541954
10 0.04054779806659506 0.6932379072063178 0.008055853920515575 0.010365251727541954
1 0.6466165413533834 0.8018262586377097 0.0053705692803437165 0.0024679170779861796
1 0.02228786251342642 0.6902764067127345 0.006981740064446832 0.011352418558736426
1 0.625671321160043 0.7981243830207305 0.004296455424274973 0.005923000987166831
1 0.0024167561761546724 0.6865745310957552 0.004833512352309345 0.011846001974333662
1 0.006981740064446832 0.6875616979269497 0.00644468313641246 0.01085883514313919
1 0.6211063372717508 0.7983711747285291 0.0026852846401718583 0.006416584402764067
10 0.5875402792696026 0.7944225074037512 0.00644468313641246 0.0034550839091806516
10 0.07303974221267455 0.7068114511352419 0.00644468313641246 0.011846001974333662
10 0.08485499462943072 0.7095261599210266 0.00322234156820623 0.007403751233958539
10 0.07894736842105263 0.7082922013820335 0.00322234156820623 0.006910167818361303
10 0.06713211600429646 0.7068114511352419 0.007518796992481203 0.011846001974333662
10 0.7336197636949516 0.10463968410661402 0.01288936627282492 0.006910167818361303
1 0.5566595059076263 0.7973840078973347 0.005907626208378088 0.010365251727541954
1 0.5690118152524167 0.8003455083909181 0.004833512352309345 0.00839091806515301
1 0.5620300751879699 0.7998519249753209 0.004833512352309345 0.00839091806515301
1 0.5749194414607949 0.8018262586377097 0.0037593984962406013 0.007403751233958539
1 0.6135875402792696 0.8097235932872655 0.0037593984962406013 0.007403751233958539
1 0.6079484425349087 0.8089832181638696 0.00322234156820623 0.007897334649555774
10 0.8128356605800214 0.8511846001974334 0.01342642320085929 0.006416584402764067
10 0.8276047261009667 0.8543928923988154 0.01288936627282492 0.006910167818361303
1 0.5931793770139635 0.8181145113524185 0.008055853920515575 0.005429417571569595
1 0.8117615467239527 0.8573543928923988 0.014500537056928034 0.007897334649555774
1 0.5456498388829216 0.8102171767028628 0.011815252416756176 0.007403751233958539
1 0.5749194414607949 0.8183613030602171 0.004833512352309345 0.01085883514313919
1 0.582438238453276 0.8200888450148075 0.0037593984962406013 0.010365251727541954
1 0.5655209452201934 0.8181145113524185 0.00322234156820623 0.011352418558736426
10 0.0947905477980666 0.7339585389930898 0.011278195488721804 0.017769002961500493
10 0.10714285714285714 0.7384007897334649 0.006981740064446832 0.01085883514313919
10 0.11358754027926961 0.7391411648568608 0.005907626208378088 0.011352418558736426
1 0.8098818474758325 0.8669792694965449 0.015037593984962405 0.00839091806515301
5 0.731203007518797 0.8588351431391905 0.11331901181525242 0.10365251727541955
10 0.8227712137486574 0.8751233958538993 0.010741138560687433 0.005923000987166831
10 0.8085392051557465 0.8729022704837117 0.01342642320085929 0.006416584402764067
1 0.10741138560687433 0.7517275419545904 0.007518796992481203 0.011846001974333662
10 0.10069817400644468 0.7509871668311945 0.006981740064446832 0.011352418558736426
10 0.08941997851772288 0.7490128331688055 0.006981740064446832 0.010365251727541954
1 0.11197636949516648 0.7537018756169793 0.006981740064446832 0.011846001974333662
10 0.08378088077336197 0.7497532082922014 0.00644468313641246 0.01085883514313919
10 0.07706766917293233 0.7487660414610069 0.008055853920515575 0.011846001974333662
10 0.807733619763695 0.8793188548864758 0.013963480128893663 0.007403751233958539
10 0.8211600429645542 0.8822803553800592 0.011815252416756176 0.006416584402764067
10 0.8055853920515574 0.8849950641658441 0.01288936627282492 0.006910167818361303
10 0.8206229860365198 0.8884501480750246 0.01288936627282492 0.006910167818361303
12 0.3029001074113856 0.03282329713721619 0.027926960257787327 0.027147087857847977
2 0.3160580021482277 0.8030602171767028 0.33780880773361976 0.08489634748272458
10 0.8042427497314716 0.8909180651530109 0.012352309344790547 0.005923000987166831
10 0.924812030075188 0.14461994076999013 0.010741138560687433 0.006910167818361303
10 0.7470461868958109 0.11278381046396842 0.01288936627282492 0.007403751233958539
10 0.7317400644468314 0.11080947680157947 0.01342642320085929 0.006416584402764067
10 0.8031686358754028 0.8970878578479763 0.012352309344790547 0.006416584402764067
10 0.6122448979591837 0.8635241855873642 0.011815252416756176 0.006416584402764067
1 0.8665413533834586 0.9138696939782823 0.009129967776584319 0.01332675222112537
1 0.8600966702470462 0.9131293188548865 0.008055853920515575 0.012833168805528134
1 0.874328678839957 0.9160908193484699 0.008592910848549946 0.012833168805528134
1 0.881578947368421 0.9170779861796644 0.008055853920515575 0.012833168805528134
10 0.11761546723952739 0.7806021717670286 0.00644468313641246 0.012339585389930898
1 0.19387755102040816 0.7993583415597236 0.013963480128893663 0.007403751233958539
1 0.1699785177228786 0.7959032576505429 0.014500537056928034 0.00839091806515301
1 0.31525241675617616 0.8223099703849951 0.013963480128893663 0.006910167818361303
10 0.7999462943071965 0.9116485686080947 0.012352309344790547 0.006910167818361303
10 0.8147153598281418 0.9151036525172754 0.01288936627282492 0.007897334649555774
1 0.22261009667024706 0.021964461994077 0.006981740064446832 0.004442250740375123
1 0.7988721804511278 0.9210266535044422 0.014500537056928034 0.008884501480750246
1 0.8144468313641245 0.9237413622902271 0.011278195488721804 0.007403751233958539
10 0.5888829215896885 0.8879565646594274 0.014500537056928034 0.008884501480750246
1 0.5061761546723953 0.8743830207305034 0.01342642320085929 0.00839091806515301
1 0.8590225563909775 0.945705824284304 0.009129967776584319 0.011846001974333662
1 0.8528464017185822 0.9449654491609082 0.007518796992481203 0.011352418558736426
1 0.8676154672395274 0.9481737413622903 0.006981740064446832 0.011846001974333662
1 0.25080558539205156 0.8376110562685094 0.008592910848549946 0.013820335636722606
1 0.8745972073039742 0.9491609081934848 0.008055853920515575 0.011846001974333662
10 0.23952738990332975 0.8368706811451135 0.00644468313641246 0.011352418558736426
5 0.06498388829215897 0.8067620927936822 0.10204081632653061 0.11500493583415597
10 0.015037593984962405 0.7981243830207305 0.01288936627282492 0.006910167818361303
10 0.7534908700322234 0.9331194471865746 0.011815252416756176 0.007403751233958539
5 0.5966702470461869 0.9049851924975321 0.03759398496240601 0.027147087857847977
1 0.6678302900107411 0.9178183613030603 0.014500537056928034 0.00839091806515301
1 0.4981203007518797 0.8889437314906219 0.01342642320085929 0.007897334649555774
10 0.7271750805585392 0.9296643632773939 0.007518796992481203 0.011352418558736426
10 0.7218045112781954 0.9294175715695953 0.007518796992481203 0.011846001974333662
10 0.7325456498388829 0.9311451135241856 0.007518796992481203 0.011352418558736426
10 0.7416756176154672 0.932872655478776 0.008592910848549946 0.011846001974333662
10 0.7073039742212675 0.9267028627838104 0.007518796992481203 0.011352418558736426
10 0.7747046186895811 0.9395360315893386 0.01342642320085929 0.00839091806515301
1 0.7156283566058003 0.9286771964461994 0.006981740064446832 0.011352418558736426
10 0.01342642320085929 0.804294175715696 0.011815252416756176 0.007403751233958539
10 0.6981740064446831 0.9281836130306022 0.007518796992481203 0.011352418558736426
10 0.7518796992481203 0.9395360315893386 0.011815252416756176 0.005429417571569595
1 0.624328678839957 0.9230009871668312 0.01342642320085929 0.006910167818361303
10 0.7400644468313641 0.9437314906219151 0.010741138560687433 0.005923000987166831
10 0.7218045112781954 0.9402764067127345 0.01288936627282492 0.006910167818361303
1 0.7303974221267454 0.9437314906219151 0.007518796992481203 0.011846001974333662
10 0.9242749731471536 0.15078973346495558 0.010741138560687433 0.005429417571569595
10 0.7097207303974221 0.9420039486673247 0.006981740064446832 0.011352418558736426
10 0.7035445757250268 0.941263573543929 0.007518796992481203 0.011846001974333662
1 0.6490332975295381 0.9321322803553801 0.01342642320085929 0.007403751233958539
1 0.6906552094522019 0.9397828232971372 0.008592910848549946 0.012833168805528134
10 0.738453276047261 0.9494076999012833 0.011815252416756176 0.005429417571569595
10 0.719656283566058 0.9459526159921027 0.011815252416756176 0.006416584402764067
10 0.4041353383458647 0.05898321816386969 0.006981740064446832 0.010365251727541954
5 0.006713211600429645 0.8247778874629812 0.01342642320085929 0.028627838104639685
1 0.8735230934479055 0.9822309970384995 0.01342642320085929 0.007897334649555774
10 0.8504296455424275 0.9787759131293189 0.012352309344790547 0.006910167818361303
2 0.29699248120300753 0.8810463968410661 0.32545649838882923 0.08588351431391905
1 0.4111170784103115 0.06095755182625864 0.005907626208378088 0.011352418558736426
10 0.8614393125671321 0.9846989141164857 0.008592910848549946 0.012833168805528134
10 0.84828141783029 0.9851924975320829 0.012352309344790547 0.006910167818361303
12 0.8727175080558539 0.9925962487660415 0.02040816326530612 0.013820335636722606
1 0.2193877551020408 0.027640671273445213 0.006981740064446832 0.004935834155972359
10 0.8549946294307197 0.9933366238894373 0.010741138560687433 0.006416584402764067
12 0.9720730397422127 0.16263573543928925 0.02577873254564984 0.027147087857847977
10 0.621374865735768 0.9607601184600197 0.00644468313641246 0.011352418558736426
10 0.6471535982814178 0.9659427443237907 0.00644468313641246 0.009871668311944718
10 0.6270139634801289 0.9627344521224087 0.006981740064446832 0.010365251727541954
10 0.6342642320085929 0.9642152023692004 0.00644468313641246 0.011352418558736426
10 0.7134801288936627 0.9785291214215203 0.008055853920515575 0.011352418558736426
10 0.6404403866809882 0.9656959526159921 0.006981740064446832 0.010365251727541954
10 0.706766917293233 0.978035538005923 0.007518796992481203 0.010365251727541954
10 0.7201933404940923 0.9807502467917077 0.007518796992481203 0.01085883514313919
10 0.6997851772287863 0.978035538005923 0.007518796992481203 0.010365251727541954
10 0.6033834586466166 0.9627344521224087 0.005907626208378088 0.011352418558736426
1 0.4283029001074114 0.06712734452122408 0.008055853920515575 0.003948667324777887
12 0.33592910848549945 0.9195459032576505 0.02201933404940924 0.01678183613030602
1 0.27765843179377014 0.9096742349457059 0.010741138560687433 0.006910167818361303
1 0.26584317937701396 0.9072063178677197 0.01288936627282492 0.006910167818361303
1 0.2905477980665951 0.9118953603158934 0.011815252416756176 0.006416584402764067
10 0.7908163265306123 0.9975320829220138 0.012352309344790547 0.003948667324777887
12 0.7346938775510204 0.1221618953603159 0.017185821697099892 0.012339585389930898
1 0.6162728249194415 0.9735932872655478 0.006981740064446832 0.012339585389930898
1 0.7220730397422127 0.9928430404738401 0.009129967776584319 0.012339585389930898
1 0.6221804511278195 0.9750740375123396 0.006981740064446832 0.011352418558736426
1 0.7814178302900108 0.9982724580454096 0.007518796992481203 0.0024679170779861796
1 0.7701396348012889 0.9975320829220138 0.007518796992481203 0.003948667324777887
1 0.69656283566058 0.9884007897334649 0.00966702470461869 0.01332675222112537
1 0.7134801288936627 0.991609081934847 0.008055853920515575 0.011846001974333662
1 0.7051557465091299 0.9903751233958539 0.008592910848549946 0.012339585389930898
1 0.7752416756176155 0.998025666337611 0.008055853920515575 0.0029615004935834156
1 0.644468313641246 0.9797630799605134 0.007518796992481203 0.011846001974333662
1 0.6288936627282492 0.9772951628825272 0.008592910848549946 0.012833168805528134
1 0.6353383458646616 0.9785291214215203 0.007518796992481203 0.012339585389930898
10 0.2900107411385607 0.9165844027640672 0.01288936627282492 0.006910167818361303
1 0.2636949516648765 0.9128825271470878 0.01288936627282492 0.006416584402764067
1 0.2634264232008593 0.918558736426456 0.012352309344790547 0.005923000987166831
1 0.029269602577873255 0.8775913129318855 0.008055853920515575 0.011846001974333662
1 0.9511278195488722 0.16140177690029614 0.008592910848549946 0.013820335636722606
1 0.26127819548872183 0.922507403751234 0.01342642320085929 0.006910167818361303
5 0.05504833512352309 0.8862290227048372 0.04457572502685284 0.03504442250740375
1 0.2604726100966702 0.9279368213228035 0.01288936627282492 0.006910167818361303
1 0.25832438238453276 0.9338598223099703 0.01288936627282492 0.007897334649555774
1 0.2193877551020408 0.03331688055281343 0.006981740064446832 0.0034550839091806516
10 0.9881847475832438 0.17226061204343535 0.008592910848549946 0.012833168805528134
1 0.22073039742212675 0.039733464955577495 0.00644468313641246 0.004442250740375123
10 0.7290547798066596 0.1305528134254689 0.014500537056928034 0.006416584402764067
12 0.4189044038668099 0.0782329713721619 0.00966702470461869 0.01332675222112537
10 0.7274436090225563 0.1359822309970385 0.012352309344790547 0.007403751233958539
10 0.8254564983888292 0.15375123395853899 0.011815252416756176 0.007403751233958539
10 0.9849624060150376 0.184106614017769 0.007518796992481203 0.011846001974333662
12 0.9669709989258861 0.18460019743336623 0.02953813104189044 0.024679170779861797
10 0.7118689581095596 0.13894373149062192 0.01342642320085929 0.007403751233958539
10 0.8241138560687433 0.15967423494570582 0.01342642320085929 0.007403751233958539
1 0.7875939849624061 0.15325765054294177 0.01342642320085929 0.007403751233958539
10 0.7271750805585392 0.14313919052319843 0.013963480128893663 0.007897334649555774
1 0.6989795918367347 0.14091806515301086 0.008055853920515575 0.012339585389930898
10 0.4401181525241676 0.0960019743336624 0.005907626208378088 0.010365251727541954
12 0.3673469387755102 0.08489634748272458 0.02900107411385607 0.028627838104639685
10 0.994092373791622 0.1991609081934847 0.010741138560687433 0.00839091806515301
10 0.9935553168635876 0.20533070088845015 0.011815252416756176 0.006910167818361303
1 0.9315252416756176 0.19570582428430405 0.014500537056928034 0.007403751233958539
1 0.7473147153598282 0.16633761105626851 0.01020408163265306 0.013820335636722606
1 0.43850698174006447 0.1113030602171767 0.004833512352309345 0.009378084896347482
10 0.7073039742212675 0.16016781836130306 0.01288936627282492 0.006416584402764067
1 0.7062298603651987 0.16559723593287265 0.013963480128893663 0.00839091806515301
12 0.985499462943072 0.21569595261599211 0.021482277121374866 0.01579466929911155
1 0.930719656283566 0.21742349457058244 0.008592910848549946 0.01332675222112537
10 0.8152524167561761 0.197680157946693 0.01288936627282492 0.006416584402764067
10 0.33270676691729323 0.11673247778874629 0.005907626208378088 0.004442250740375123
10 0.8152524167561761 0.20384995064165845 0.01288936627282492 0.006910167818361303
10 0.3716433941997852 0.1275913129318855 0.0053705692803437165 0.00839091806515301
1 0.7883995703544576 0.20286278381046396 0.013963480128893663 0.007897334649555774
10 0.3651987110633727 0.12734452122408688 0.0053705692803437165 0.008884501480750246
1 0.9280343716433942 0.2337117472852912 0.013963480128893663 0.007403751233958539
10 0.38882921589688507 0.13795656465942743 0.00644468313641246 0.00839091806515301
1 0.33458646616541354 0.1280848963474827 0.0053705692803437165 0.009378084896347482
10 0.3966165413533835 0.14042448173741362 0.0037593984962406013 0.00839091806515301
1 0.8088077336197637 0.22704837117472854 0.01288936627282492 0.005923000987166831
10 0.4221267454350161 0.1594274432379072 0.007518796992481203 0.0029615004935834156
1 0.9331364124597207 0.2519743336623889 0.009129967776584319 0.01332675222112537
5 0.976906552094522 0.26283316880552815 0.045112781954887216 0.03998025666337611
10 0.4221267454350161 0.1651036525172754 0.007518796992481203 0.004442250740375123
10 0.4965091299677766 0.17892398815399801 0.009129967776584319 0.015301085883514315
10 0.5018796992481203 0.18089832181638696 0.004833512352309345 0.009378084896347482
1 0.5972073039742213 0.19990128331688056 0.007518796992481203 0.012833168805528134
10 0.417561761546724 0.1702862783810464 0.01020408163265306 0.004935834155972359
1 0.5255102040816326 0.18978282329713722 0.005907626208378088 0.010365251727541954
10 0.5142320085929108 0.1880552813425469 0.006981740064446832 0.0029615004935834156
1 0.5314178302900108 0.1910167818361303 0.005907626208378088 0.009871668311944718
1 0.5365198711063373 0.1937314906219151 0.004296455424274973 0.009378084896347482
5 0.3560687432867884 0.16263573543928925 0.07626208378088077 0.047877591312931886
1 0.9232008592910849 0.26554787759131293 0.015037593984962405 0.007897334649555774
10 0.5571965628356605 0.19990128331688056 0.005907626208378088 0.008884501480750246
10 0.5126208378088077 0.1934846989141165 0.01020408163265306 0.004935834155972359
1 0.4943609022556391 0.192497532082922 0.009129967776584319 0.01085883514313919
10 0.8050483351235231 0.24802566633761106 0.013963480128893663 0.007403751233958539
10 0.3993018259935553 0.17645607107601186 0.0037593984962406013 0.009378084896347482
12 0.6592373791621912 0.03331688055281343 0.011278195488721804 0.011352418558736426
10 0.8026315789473685 0.25345508390918065 0.01020408163265306 0.005429417571569595
1 0.5107411385606875 0.20162882527147089 0.01288936627282492 0.007403751233958539
10 0.9683136412459721 0.28504442250740375 0.007518796992481203 0.012339585389930898
10 0.984156820622986 0.28775913129318853 0.008055853920515575 0.011846001974333662
10 0.9624060150375939 0.28405725567620926 0.007518796992481203 0.011352418558736426
1 0.9264232008592911 0.27788746298124384 0.008592910848549946 0.012833168805528134
1 0.5904940923737916 0.21964461994077 0.0037593984962406013 0.007897334649555774
1 0.6339957035445757 0.02936821322803554 0.004833512352309345 0.009378084896347482
1 0.567937701396348 0.2169299111549852 0.014500537056928034 0.006416584402764067
1 0.3958109559613319 0.18731490621915103 0.004296455424274973 0.007403751233958539
10 0.413265306122449 0.1920039486673248 0.008055853920515575 0.005923000987166831
1 0.49033297529538133 0.20779861796643634 0.0053705692803437165 0.007897334649555774
1 0.9801288936627283 0.2956564659427443 0.013963480128893663 0.007897334649555774
1 0.41353383458646614 0.19718657453109575 0.008592910848549946 0.004442250740375123
10 0.6463480128893663 0.032329713721618955 0.0037593984962406013 0.007403751233958539
1 0.9591836734693877 0.2968904244817374 0.007518796992481203 0.012339585389930898
10 0.9524704618689581 0.29615004935834155 0.008055853920515575 0.012833168805528134
1 0.9170247046186896 0.2912142152023692 0.006981740064446832 0.011846001974333662
10 0.640171858216971 0.0315893385982231 0.004296455424274973 0.006910167818361303
1 0.41219119226638024 0.2033563672260612 0.008055853920515575 0.004935834155972359
1 0.3635875402792696 0.197680157946693 0.004296455424274973 0.009378084896347482
10 0.34505907626208376 0.19471865745310957 0.005907626208378088 0.00839091806515301
10 0.35848549946294306 0.19743336623889438 0.0037593984962406013 0.007897334649555774
10 0.38721804511278196 0.20236920039486672 0.0053705692803437165 0.009871668311944718
10 0.38104189044038667 0.20138203356367226 0.004833512352309345 0.007897334649555774
10 0.4111170784103115 0.2073050345508391 0.009129967776584319 0.005923000987166831
1 0.3184747583243824 0.19076999012833168 0.00644468313641246 0.011352418558736426
1 0.33029001074113856 0.19323790720631787 0.00644468313641246 0.0034550839091806516
1 0.3533834586466165 0.19743336623889438 0.00644468313641246 0.006910167818361303
10 0.3692266380236305 0.20088845014807502 0.0037593984962406013 0.007897334649555774
1 0.5878088077336198 0.24062191510365252 0.005907626208378088 0.010365251727541954
10 0.3751342642320086 0.2033563672260612 0.0037593984962406013 0.007897334649555774
1 0.5083243823845328 0.22754195459032575 0.01342642320085929 0.008884501480750246
1 0.9146079484425349 0.30330700888450146 0.007518796992481203 0.012339585389930898
1 0.5665950590762621 0.2445705824284304 0.013963480128893663 0.00839091806515301
1 0.48388829215896884 0.2295162882527147 0.0053705692803437165 0.009871668311944718
10 0.3278732545649839 0.20286278381046396 0.009129967776584319 0.003948667324777887
10 0.3429108485499463 0.20681145113524185 0.009129967776584319 0.004935834155972359
10 0.3144468313641246 0.20656465942744323 0.009129967776584319 0.005429417571569595
5 0.9658968850698174 0.3240375123395854 0.04457572502685284 0.03603158933859822
1 0.3276047261009667 0.20977295162882528 0.00644468313641246 0.003948667324777887
2 0.7765843179377014 0.05898321816386969 0.04081632653061224 0.032082922013820334
1 0.5843179377013964 0.2578973346495558 0.00644468313641246 0.010365251727541954
10 0.7924274973147154 0.29738400789733466 0.01342642320085929 0.007403751233958539
1 0.20139634801288936 0.19274432379072062 0.004296455424274973 0.009378084896347482
1 0.20972073039742212 0.1952122408687068 0.006981740064446832 0.011352418558736426
10 0.7921589688506981 0.30330700888450146 0.011815252416756176 0.006416584402764067
1 0.5 0.25172754195459035 0.01288936627282492 0.006910167818361303
1 0.48120300751879697 0.24901283316880554 0.004296455424274973 0.011352418558736426
1 0.8415682062298604 0.3139190523198421 0.004296455424274973 0.008884501480750246
1 0.5617615467239527 0.2650542941757157 0.010741138560687433 0.005923000987166831
12 0.24436090225563908 0.20853899308983218 0.024704618689581095 0.02418558736426456
1 0.38856068743286787 0.23667324777887463 0.005907626208378088 0.004442250740375123
10 0.19924812030075187 0.206071076011846 0.004296455424274973 0.00839091806515301
10 0.20569280343716434 0.20705824284304047 0.004296455424274973 0.005429417571569595
1 0.5813641245972073 0.2746791707798618 0.006981740064446832 0.010365251727541954
1 0.40252416756176157 0.24481737413622903 0.005907626208378088 0.0029615004935834156
1 0.9068206229860365 0.3361303060217177 0.008055853920515575 0.012833168805528134
10 0.9897959183673469 0.3516781836130306 0.007518796992481203 0.011352418558736426
10 0.9962406015037594 0.3536525172754195 0.007518796992481203 0.011352418558736426
10 0.9836197636949516 0.35217176702862785 0.008055853920515575 0.012339585389930898
1 0.5193340494092373 0.2722112537018756 0.007518796992481203 0.0024679170779861796
1 0.5069817400644469 0.26999012833168806 0.00966702470461869 0.006910167818361303
1 0.4836197636949517 0.2665350444225074 0.01020408163265306 0.005923000987166831
12 0.3128356605800215 0.2361796643632774 0.024167561761546726 0.026159921026653505
1 0.5338345864661654 0.2764067127344521 0.010741138560687433 0.004935834155972359
1 0.3708378088077336 0.24876604146100692 0.009129967776584319 0.004935834155972359
10 0.12567132116004295 0.20508390918065153 0.0053705692803437165 0.00839091806515301
10 0.1323845327604726 0.20656465942744323 0.0037593984962406013 0.00839091806515301
10 0.14688506981740065 0.20952615992102666 0.005907626208378088 0.00839091806515301
10 0.1382921589688507 0.20804540967423493 0.0037593984962406013 0.007403751233958539
1 0.38372717508055854 0.25863770977295164 0.005907626208378088 0.003948667324777887
1 0.9035982814178303 0.3519249753208292 0.008055853920515575 0.012833168805528134
1 0.364124597207304 0.2571569595261599 0.01288936627282492 0.006910167818361303
1 0.12137486573576799 0.2159427443237907 0.007518796992481203 0.010365251727541954
1 0.1310418904403867 0.2184106614017769 0.004296455424274973 0.00839091806515301
1 0.7975295381310419 0.06638696939782823 0.008592910848549946 0.014313919052319843
1 0.14795918367346939 0.22309970384995065 0.004833512352309345 0.005923000987166831
1 0.14258861439312567 0.22211253701875616 0.004833512352309345 0.005923000987166831
1 0.13748657357679914 0.22186574531095754 0.00322234156820623 0.007403751233958539
5 0.9573039742212675 0.37265547877591315 0.043501611170784105 0.035538005923000986
5 0.9892588614393125 0.381786771964462 0.02040816326530612 0.038005923000987166
10 0.2440923737916219 0.25074037512339586 0.009129967776584319 0.005923000987166831
1 0.8998388829215896 0.3694471865745311 0.009129967776584319 0.01332675222112537
1 0.8289473684210527 0.3679664363277394 0.004833512352309345 0.011352418558736426
2 0.8082706766917294 0.36846001974333664 0.1267454350161117 0.4990128331688055
10 0.9849624060150376 0.40301085883514315 0.00644468313641246 0.009378084896347482
10 0.9658968850698174 0.40054294175715693 0.006981740064446832 0.010365251727541954
10 0.9906015037593985 0.40473840078973344 0.005907626208378088 0.009871668311944718
1 0.9500537056928035 0.39758144126357353 0.007518796992481203 0.012339585389930898
10 0.959452201933405 0.3998025666337611 0.006981740064446832 0.01085883514313919
10 0.9718045112781954 0.40177690029615004 0.008055853920515575 0.01085883514313919
1 0.9785177228786252 0.40301085883514315 0.00644468313641246 0.011352418558736426
1 0.35553168635875404 0.29343534057255677 0.008592910848549946 0.006416584402764067
1 0.38856068743286787 0.3005923000987167 0.01020408163265306 0.006910167818361303
2 0.8461331901181526 0.3872161895360316 0.12943071965628355 0.5108588351431392
10 0.20676691729323307 0.27418558736426457 0.007518796992481203 0.007403751233958539
1 0.19441460794844254 0.283563672260612 0.00966702470461869 0.006416584402764067
1 0.20784103114930183 0.2867719644619941 0.00644468313641246 0.003948667324777887
1 0.6611170784103115 0.37166831194471867 0.013963480128893663 0.007897334649555774
1 0.6680988184747583 0.04886475814412636 0.00322234156820623 0.007897334649555774
1 0.1909237379162191 0.29318854886475815 0.006981740064446832 0.0029615004935834156
1 0.20354457572502685 0.2966436327739388 0.00966702470461869 0.003948667324777887
1 0.18823845327604727 0.3018262586377098 0.005907626208378088 0.009378084896347482
1 0.8869495166487648 0.4269496544916091 0.006981740064446832 0.011846001974333662
1 0.19602577873254565 0.3040473840078973 0.004296455424274973 0.007897334649555774
10 0.7704081632653061 0.4104146100691017 0.012352309344790547 0.006416584402764067
10 0.7690655209452202 0.4163376110562685 0.013963480128893663 0.007403751233958539
1 0.4264232008592911 0.356614017769003 0.0053705692803437165 0.009378084896347482
1 0.31498388829215895 0.33884501480750245 0.004833512352309345 0.010365251727541954
1 0.8842642320085929 0.4412635735439289 0.009129967776584319 0.013820335636722606
1 0.8133727175080558 0.43879565646594276 0.004833512352309345 0.007897334649555774
1 0.31149301825993553 0.34970384995064163 0.004296455424274973 0.009378084896347482
1 0.4562298603651987 0.3805528134254689 0.004833512352309345 0.007897334649555774
1 0.2483888292158969 0.34526159921026656 0.005907626208378088 0.010365251727541954
1 0.8807733619763695 0.45804540967423496 0.008592910848549946 0.012833168805528134
10 0.917561761546724 0.46618953603158936 0.006981740064446832 0.010365251727541954
1 0.4675080558539205 0.3874629812438302 0.004833512352309345 0.005923000987166831
1 0.3085392051557465 0.3617966436327739 0.0037593984962406013 0.007897334649555774
5 0.6458109559613319 0.0508390918065153 0.02953813104189044 0.02073050345508391
5 0.17669172932330826 0.34600197433366237 0.04189044038668099 0.02665350444225074
10 0.6090225563909775 0.044669299111549855 0.007518796992481203 0.0024679170779861796
1 0.8772824919441461 0.4735932872655479 0.006981740064446832 0.012339585389930898
1 0.14258861439312567 0.3425468904244817 0.01020408163265306 0.003948667324777887
1 0.3066595059076262 0.3736426456071076 0.004296455424274973 0.008884501480750246
10 0.140171858216971 0.3484698914116486 0.007518796992481203 0.003948667324777887
1 0.8090762620837809 0.4684106614017769 0.004833512352309345 0.011846001974333662
10 0.9119226638023631 0.4888943731490622 0.007518796992481203 0.012339585389930898
10 0.1361439312567132 0.35241855873642647 0.008055853920515575 0.003948667324777887
1 0.8732545649838883 0.4898815399802567 0.007518796992481203 0.012339585389930898
1 0.3010204081632653 0.3928923988153998 0.004833512352309345 0.01085883514313919
1 0.6229860365198711 0.050098716683119444 0.007518796992481203 0.0034550839091806516
10 0.13506981740064447 0.36648568608094767 0.005907626208378088 0.004442250740375123
10 0.1858216970998926 0.37734452122408685 0.0021482277121374865 0.005429417571569595
1 0.20945220193340494 0.381786771964462 0.004296455424274973 0.007403751233958539
1 0.19280343716433943 0.3788252714708786 0.0053705692803437165 0.007403751233958539
10 0.9081632653061225 0.5071569595261599 0.00644468313641246 0.011352418558736426
1 0.20488721804511278 0.38153998025666336 0.004833512352309345 0.007897334649555774
1 0.1796455424274973 0.37685093780848966 0.005907626208378088 0.007403751233958539
10 0.17078410311493017 0.3761105626850938 0.004296455424274973 0.005923000987166831
10 0.1984425349087003 0.38079960513326755 0.004833512352309345 0.009378084896347482
10 0.16165413533834586 0.37438302073050345 0.004296455424274973 0.006416584402764067
1 0.15440386680988186 0.37438302073050345 0.0037593984962406013 0.00839091806515301
10 0.13345864661654136 0.37339585389930896 0.006981740064446832 0.004442250740375123
1 0.8700322234156821 0.5059230009871668 0.00644468313641246 0.011846001974333662
10 0.7537593984962406 0.48543928923988156 0.012352309344790547 0.007403751233958539
1 0.299140708915145 0.4052319842053307 0.0053705692803437165 0.009871668311944718
1 0.2140171858216971 0.39190523198420535 0.004833512352309345 0.008884501480750246
10 0.7526852846401718 0.4908687068114511 0.012352309344790547 0.007403751233958539
1 0.8662728249194415 0.5227048371174728 0.007518796992481203 0.011846001974333662
10 0.6742749731471536 0.061697926949654494 0.0037593984962406013 0.008884501480750246
1 0.1498388829215897 0.3951135241855874 0.004296455424274973 0.00839091806515301