1 0.970708446866485 0.4126782077393075 0.014986376021798364 0.006619144602851324
10 0.7990463215258855 0.03640529531568228 0.01226158038147139 0.014765784114052953
1 0.9686648501362398 0.4180244399185336 0.01634877384196185 0.007128309572301426
10 0.4564032697547684 0.36863543788187375 0.01907356948228883 0.009164969450101833
1 0.5742506811989101 0.3981670061099796 0.21525885558583105 0.15682281059063136
10 0.28746594005449594 0.37016293279022405 0.01634877384196185 0.006109979633401222
1 0.3215258855585831 0.375 0.01634877384196185 0.006619144602851324
1 0.33821525885558584 0.3772912423625255 0.015667574931880108 0.007128309572301426
1 0.9564032697547684 0.45672097759674135 0.01634877384196185 0.007128309572301426
1 0.3446866485013624 0.38772912423625255 0.010899182561307902 0.012729124236252547
10 0.3123297002724796 0.3844195519348269 0.010217983651226158 0.01120162932790224
10 0.32118528610354224 0.3859470468431772 0.007493188010899182 0.010183299389002037
10 0.3678474114441417 0.39154786150712834 0.009536784741144414 0.01120162932790224
1 0.35354223433242504 0.38976578411405294 0.008174386920980926 0.010692464358452138
10 0.3603542234332425 0.39078411405295316 0.008174386920980926 0.010692464358452138
10 0.33753405994550406 0.3887474541751528 0.008855585831062671 0.009674134419551934
10 0.3276566757493188 0.38721995926680247 0.009536784741144414 0.009674134419551934
10 0.2946185286103542 0.38365580448065173 0.010217983651226158 0.010692464358452138
10 0.30449591280653954 0.3854378818737271 0.009536784741144414 0.012219959266802444
1 0.9553814713896458 0.46283095723014256 0.015667574931880108 0.008146639511201629
2 0.9758174386920981 0.4671588594704684 0.04700272479564033 0.1644602851323829
10 0.2864441416893733 0.38391038696537677 0.008855585831062671 0.009164969450101833
1 0.4635558583106267 0.41216904276985744 0.019754768392370572 0.008655804480651732
10 0.305858310626703 0.3958757637474542 0.009536784741144414 0.010692464358452138
10 0.3194822888283379 0.3971486761710794 0.008174386920980926 0.01120162932790224
10 0.3532016348773842 0.4019857433808554 0.008855585831062671 0.011710794297352342
1 0.3474114441416894 0.40122199592668023 0.008174386920980926 0.012219959266802444
10 0.29189373297002724 0.39434826883910384 0.010217983651226158 0.012729124236252547
10 0.32663487738419617 0.39842158859470467 0.008855585831062671 0.011710794297352342
1 0.3126702997275204 0.39765784114052954 0.009536784741144414 0.013238289205702648
1 0.3399182561307902 0.4009674134419552 0.008174386920980926 0.011710794297352342
10 0.33344686648501365 0.39994908350305497 0.010217983651226158 0.012729124236252547
10 0.29870572207084467 0.3956211812627291 0.008855585831062671 0.012219959266802444
10 0.2847411444141689 0.3958757637474542 0.009536784741144414 0.011710794297352342
1 0.3675068119891008 0.41216904276985744 0.015667574931880108 0.006619144602851324
1 0.9512942779291553 0.4865071283095723 0.015667574931880108 0.00560081466395112
1 0.36614441416893734 0.41827902240325865 0.0170299727520436 0.007637474541751527
1 0.42813351498637603 0.4274439918533605 0.0170299727520436 0.007637474541751527
10 0.3651226158038147 0.4226069246435845 0.014986376021798364 0.006109979633401222
10 0.5272479564032697 0.012729124236252547 0.01634877384196185 0.007128309572301426
10 0.364441416893733 0.42769857433808556 0.01634877384196185 0.006109979633401222
1 0.420299727520436 0.43584521384928715 0.009536784741144414 0.010183299389002037
10 0.9495912806539509 0.4992362525458248 0.008174386920980926 0.010692464358452138
1 0.9557220708446866 0.5005091649694501 0.008174386920980926 0.012219959266802444
10 0.3634196185286104 0.4335539714867617 0.015667574931880108 0.006619144602851324
1 0.8061989100817438 0.046588594704684315 0.008855585831062671 0.010692464358452138
1 0.36239782016348776 0.43839103869653767 0.01634877384196185 0.006109979633401222
10 0.6185286103542235 0.47225050916496947 0.01634877384196185 0.006619144602851324
10 0.36137602179836514 0.4434826883910387 0.015667574931880108 0.006109979633401222
10 0.9485694822888283 0.514511201629328 0.01430517711171662 0.00560081466395112
10 0.36001362397820164 0.44882892057026474 0.0170299727520436 0.007637474541751527
1 0.5493869209809265 0.47123217922606925 0.008855585831062671 0.011710794297352342
1 0.4771798365122616 0.4638492871690428 0.008855585831062671 0.012219959266802444
10 0.9475476839237057 0.5203665987780041 0.013623978201634877 0.006109979633401222
10 0.3583106267029973 0.45621181262729127 0.014986376021798364 0.007128309572301426
10 0.9465258855585831 0.5257128309572301 0.01430517711171662 0.00560081466395112
10 0.3119891008174387 0.45366598778004075 0.008174386920980926 0.012219959266802444
1 0.29836512261580383 0.4523930753564155 0.006811989100817439 0.010692464358452138
10 0.3470708446866485 0.4585030549898167 0.008855585831062671 0.010692464358452138
10 0.3055177111716621 0.4534114052953157 0.008855585831062671 0.011710794297352342
10 0.3184604904632153 0.4554480651731161 0.007493188010899182 0.011710794297352342
10 0.33242506811989103 0.45723014256619143 0.009536784741144414 0.013238289205702648
1 0.3399182561307902 0.4579938900203666 0.009536784741144414 0.011710794297352342
10 0.3252724795640327 0.45621181262729127 0.008855585831062671 0.012219959266802444
1 0.2731607629427793 0.45010183299389 0.008174386920980926 0.01120162932790224
1 0.35865122615803813 0.46130346232179226 0.015667574931880108 0.006109979633401222
10 0.9451634877384196 0.5313136456211812 0.01430517711171662 0.00560081466395112
1 0.35865122615803813 0.4684317718940937 0.015667574931880108 0.006109979633401222
10 0.4104223433242507 0.47657841140529533 0.008855585831062671 0.012219959266802444
10 0.34298365122615804 0.46919551934826886 0.01430517711171662 0.006619144602851324
10 0.4039509536784741 0.47657841140529533 0.009536784741144414 0.012219959266802444
10 0.41723433242506813 0.4778513238289206 0.010217983651226158 0.01374745417515275
1 0.369550408719346 0.47326883910386963 0.008855585831062671 0.010692464358452138
1 0.3119891008174387 0.46741344195519346 0.008174386920980926 0.01120162932790224
10 0.29870572207084467 0.4661405295315682 0.010217983651226158 0.011710794297352342
1 0.2912125340599455 0.464867617107943 0.008855585831062671 0.01120162932790224
1 0.2844005449591281 0.46435845213849286 0.008855585831062671 0.01120162932790224
10 0.3184604904632153 0.46817718940936864 0.008855585831062671 0.011710794297352342
1 0.276566757493188 0.4638492871690428 0.009536784741144414 0.012219959266802444
1 0.26975476839237056 0.4630855397148676 0.008174386920980926 0.010692464358452138
1 0.30449591280653954 0.4669042769857434 0.008174386920980926 0.012219959266802444
1 0.3242506811989101 0.469959266802444 0.008174386920980926 0.01120162932790224
1 0.33174386920980925 0.47123217922606925 0.006811989100817439 0.011710794297352342
10 0.34264305177111715 0.47352342158859473 0.01634877384196185 0.006109979633401222
10 0.5248637602179836 0.018075356415478614 0.015667574931880108 0.006619144602851324
10 0.3848773841961853 0.4854887983706721 0.010899182561307902 0.012729124236252547
10 0.37772479564032696 0.4847250509164969 0.008855585831062671 0.01120162932790224
1 0.3181198910081744 0.4791242362525458 0.017711171662125342 0.007128309572301426
10 0.2707765667574932 0.47352342158859473 0.018392370572207085 0.006109979633401222
1 0.30040871934604907 0.4768329938900204 0.01634877384196185 0.006619144602851324
10 0.28576294277929154 0.47581466395112015 0.01430517711171662 0.006619144602851324
1 0.34877384196185285 0.48345213849287166 0.014986376021798364 0.00560081466395112
10 0.5793596730245232 0.5122199592668024 0.010217983651226158 0.014256619144602852
10 0.5899182561307902 0.5137474541751528 0.010899182561307902 0.01120162932790224
10 0.4822888283378747 0.5010183299389002 0.009536784741144414 0.01120162932790224
10 0.39373297002724794 0.4908350305498982 0.009536784741144414 0.01120162932790224
10 0.42404632152588556 0.4943991853360489 0.010217983651226158 0.012219959266802444
12 0.7915531335149864 0.050407331975560084 0.01907356948228883 0.015274949083503055
1 0.345708446866485 0.4885437881873727 0.015667574931880108 0.00560081466395112
1 0.19993188010899182 0.4816700610997963 0.010217983651226158 0.012219959266802444
10 0.4652588555858311 0.01374745417515275 0.014986376021798364 0.007128309572301426
5 0.14134877384196184 0.48574338085539714 0.04155313351498638 0.03665987780040733
5 0.17745231607629428 0.4908350305498982 0.04155313351498638 0.034623217922606926
1 0.22547683923705722 0.4992362525458248 0.009536784741144414 0.010692464358452138
1 0.1141008174386921 0.49210794297352345 0.010217983651226158 0.012729124236252547
10 0.8368528610354223 0.584775967413442 0.022479564032697547 0.008655804480651732
10 0.8542234332425068 0.5868126272912424 0.013623978201634877 0.006619144602851324
10 0.8681880108991825 0.5891038696537678 0.0170299727520436 0.007128309572301426
10 0.48092643051771117 0.017820773930753563 0.01634877384196185 0.007128309572301426
10 0.8671662125340599 0.594704684317719 0.017711171662125342 0.007128309572301426
1 0.14850136239782016 0.5101832993890021 0.010899182561307902 0.013238289205702648
12 0.7901907356948229 0.5885947046843177 0.020435967302452316 0.016293279022403257
12 0.8075613079019074 0.5913951120162932 0.022479564032697547 0.017820773930753563
12 0.8491144414168937 0.5977596741344195 0.018392370572207085 0.015274949083503055
10 0.6004768392370572 0.5689918533604889 0.01430517711171662 0.006619144602851324
12 0.8314032697547684 0.5962321792260692 0.022479564032697547 0.016293279022403257
1 0.13453678474114442 0.5137474541751528 0.0170299727520436 0.007128309572301426
10 0.5851498637602179 0.5667006109979633 0.013623978201634877 0.006109979633401222
1 0.8027929155313351 0.05728105906313646 0.007493188010899182 0.010692464358452138
1 0.06948228882833787 0.5117107942973523 0.01634877384196185 0.007128309572301426
10 0.5793596730245232 0.5723014256619144 0.015667574931880108 0.007128309572301426
10 0.805858310626703 0.6023421588594705 0.014986376021798364 0.007128309572301426
10 0.7905313351498637 0.6005600814663951 0.015667574931880108 0.00560081466395112
10 0.5606267029972752 0.5738289205702648 0.01634877384196185 0.007128309572301426
10 0.051430517711171665 0.514511201629328 0.018392370572207085 0.008655804480651732
10 0.22411444141689374 0.5407331975560081 0.010899182561307902 0.01120162932790224
1 0.2557901907356948 0.5468431771894093 0.0170299727520436 0.007128309572301426
1 0.8767029972752044 0.630091649694501 0.014986376021798364 0.006619144602851324
10 0.8562670299727521 0.629837067209776 0.008174386920980926 0.012219959266802444
10 0.8634196185286104 0.6311099796334012 0.008855585831062671 0.01374745417515275
10 0.051430517711171665 0.5386965376782077 0.018392370572207085 0.007128309572301426
1 0.4649182561307902 0.01985743380855397 0.015667574931880108 0.007128309572301426
10 0.04904632152588556 0.5453156822810591 0.017711171662125342 0.007128309572301426
2 0.37942779291553136 0.584775967413442 0.39373297002724794 0.07586558044806517
10 0.7360354223433242 0.6272912423625254 0.007493188010899182 0.010183299389002037
1 0.7510217983651226 0.630091649694501 0.010217983651226158 0.011710794297352342
10 0.7435286103542235 0.6290733197556008 0.008855585831062671 0.011710794297352342
10 0.7888283378746594 0.6362016293279023 0.010899182561307902 0.011710794297352342
10 0.4938692098092643 0.02469450101832994 0.01634877384196185 0.006619144602851324
5 0.1358991825613079 0.5616089613034623 0.11512261580381472 0.10081466395112017
1 0.7486376021798365 0.6435845213849287 0.008174386920980926 0.01120162932790224
1 0.8205040871934605 0.6524949083503055 0.008855585831062671 0.010692464358452138
1 0.6788147138964578 0.6359470468431772 0.048365122615803814 0.034623217922606926
10 0.8119891008174387 0.6517311608961304 0.010899182561307902 0.013238289205702648
1 0.7268392370572208 0.6420570264765784 0.008174386920980926 0.012219959266802444
1 0.7861035422343324 0.6486761710794298 0.009536784741144414 0.01120162932790224
1 0.7414850136239782 0.6440936863543788 0.008855585831062671 0.012219959266802444
1 0.7346730245231607 0.6435845213849287 0.011580381471389645 0.014256619144602852
1 0.7186648501362398 0.6412932790224033 0.009536784741144414 0.011710794297352342
1 0.909400544959128 0.6748981670061099 0.008174386920980926 0.011710794297352342
1 0.04393732970027248 0.5745926680244399 0.03201634877384196 0.01985743380855397
1 0.08208446866485014 0.5791751527494908 0.008855585831062671 0.011710794297352342
10 0.840599455040872 0.669806517311609 0.013623978201634877 0.006619144602851324
10 0.19141689373297002 0.5939409368635438 0.021798365122615803 0.008655804480651732
1 0.8385558583106267 0.6756619144602851 0.017711171662125342 0.008146639511201629
1 0.0800408719346049 0.5921588594704684 0.008855585831062671 0.01120162932790224
1 0.18324250681198911 0.604887983706721 0.013623978201634877 0.007128309572301426
5 0.6505449591280654 0.6606415478615071 0.06130790190735695 0.031059063136456212
1 0.03814713896457766 0.5921588594704684 0.025885558583106268 0.018329938900203666
1 0.060626702997275204 0.5982688391038696 0.027247956403269755 0.023421588594704685
1 0.8365122615803815 0.6917006109979633 0.014986376021798364 0.006619144602851324
1 0.0776566757493188 0.6025967413441955 0.008174386920980926 0.010692464358452138
1 0.15224795640326977 0.6132892057026477 0.01430517711171662 0.006619144602851324
1 0.13010899182561309 0.6135437881873728 0.009536784741144414 0.012219959266802444
10 0.09366485013623978 0.609725050916497 0.010217983651226158 0.012729124236252547
10 0.08583106267029973 0.6087067209775967 0.009536784741144414 0.01374745417515275
1 0.6754087193460491 0.685081466395112 0.0170299727520436 0.007637474541751527
10 0.659400544959128 0.6838085539714868 0.017711171662125342 0.008146639511201629
1 0.832425068119891 0.7069755600814664 0.014986376021798364 0.006619144602851324
1 0.6290871934604905 0.6835539714867617 0.0388283378746594 0.025967413441955193
2 0.364441416893733 0.6535132382892057 0.39645776566757496 0.079938900203666
5 0.752724795640327 0.7041751527494908 0.16348773841961853 0.11914460285132383
10 0.6723433242506812 0.7062118126272913 0.014986376021798364 0.006109979633401222
10 0.8317438692098093 0.7265784114052953 0.014986376021798364 0.008146639511201629
10 0.47411444141689374 0.03131364562118126 0.01634877384196185 0.007637474541751527
1 0.6668937329700273 0.7113034623217923 0.017711171662125342 0.008146639511201629
1 0.646117166212534 0.7092668024439919 0.015667574931880108 0.007128309572301426
1 0.8259536784741145 0.7359979633401222 0.015667574931880108 0.006619144602851324
1 0.8256130790190735 0.7418533604887984 0.01634877384196185 0.007128309572301426
1 0.5272479564032697 0.7074847250509165 0.01634877384196185 0.009674134419551934
10 0.6668937329700273 0.7270875763747454 0.014986376021798364 0.007128309572301426
1 0.23978201634877383 0.6782077393075356 0.01634877384196185 0.007128309572301426
10 0.8245912806539509 0.7474541751527495 0.015667574931880108 0.006109979633401222
10 0.489441416893733 0.035641547861507125 0.010217983651226158 0.01120162932790224
1 0.8368528610354223 0.7510183299389002 0.010217983651226158 0.012219959266802444
1 0.02111716621253406 0.655295315682281 0.0326975476839237 0.018329938900203666
1 0.6662125340599455 0.7331975560081466 0.013623978201634877 0.006109979633401222
10 0.8470708446866485 0.754837067209776 0.01430517711171662 0.00560081466395112
10 0.8228882833787466 0.7528004073319755 0.014986376021798364 0.006619144602851324
10 0.8222070844686649 0.7573828920570265 0.014986376021798364 0.00560081466395112
1 0.6617847411444142 0.7390529531568228 0.018392370572207085 0.00560081466395112
10 0.8222070844686649 0.7624745417515275 0.017711171662125342 0.006619144602851324
1 0.03167574931880109 0.6720977596741344 0.027929155313351498 0.019348268839103868
1 0.7942779291553134 0.7670570264765784 0.014986376021798364 0.006619144602851324
1 0.760899182561308 0.7670570264765784 0.010899182561307902 0.01374745417515275
1 0.752724795640327 0.7660386965376782 0.010899182561307902 0.011710794297352342
2 0.34945504087193463 0.7222505091649695 0.4019073569482289 0.08706720977596741
10 0.7935967302452316 0.7744399185336049 0.008174386920980926 0.009164969450101833
10 0.7857629427792916 0.7754582484725051 0.008855585831062671 0.013238289205702648
10 0.7540871934604905 0.7764765784114053 0.01634877384196185 0.006109979633401222
5 0.03440054495912807 0.6922097759674134 0.05381471389645776 0.03309572301425662
10 0.7901907356948229 0.7871690427698574 0.010899182561307902 0.01120162932790224
10 0.7833787465940054 0.7861507128309573 0.008174386920980926 0.01120162932790224
10 0.752724795640327 0.7830957230142567 0.01634877384196185 0.007128309572301426
10 0.7741825613079019 0.7909877800407332 0.010217983651226158 0.012729124236252547
10 0.3726158038147139 0.744653767820774 0.008174386920980926 0.010692464358452138
1 0.3811307901907357 0.7464358452138493 0.008855585831062671 0.012219959266802444
10 0.8065395095367848 0.7973523421588594 0.009536784741144414 0.013238289205702648
1 0.3641008174386921 0.744653767820774 0.008855585831062671 0.009674134419551934
10 0.7857629427792916 0.7955702647657841 0.01430517711171662 0.006619144602851324
10 0.03371934604904632 0.7087576374745418 0.018392370572207085 0.007128309572301426
10 0.05449591280653951 0.7115580448065173 0.01634877384196185 0.006619144602851324
10 0.05313351498637602 0.7174134419551935 0.014986376021798364 0.006109979633401222
10 0.039168937329700275 0.7156313645621182 0.015667574931880108 0.006619144602851324
1 0.2826975476839237 0.7466904276985743 0.05449591280653951 0.03207739307535642
10 0.6576975476839237 0.7922606924643585 0.011580381471389645 0.01120162932790224
1 0.6999318801089919 0.8004073319755601 0.01430517711171662 0.008146639511201629
1 0.03678474114441417 0.7222505091649695 0.01634877384196185 0.006619144602851324
10 0.052111716621253405 0.7242871690427699 0.0170299727520436 0.007637474541751527
10 0.6818801089918256 0.7993890020366599 0.020435967302452316 0.010183299389002037
1 0.05108991825613079 0.7291242362525459 0.01634877384196185 0.0050916496945010185
1 0.035422343324250684 0.7283604887983707 0.017711171662125342 0.006619144602851324
1 0.45810626702997276 0.7785132382892057 0.0170299727520436 0.007128309572301426
1 0.38317438692098094 0.770112016293279 0.0170299727520436 0.007637474541751527
1 0.06301089918256131 0.7484725050916496 0.01430517711171662 0.007128309572301426
1 0.07833787465940055 0.75 0.01634877384196185 0.007128309572301426
10 0.09332425068119891 0.7522912423625254 0.01634877384196185 0.006619144602851324
10 0.8426430517711172 0.8424134419551935 0.010899182561307902 0.011710794297352342
2 0.33651226158038144 0.7876782077393075 0.4032697547683924 0.0835030549898167
1 0.05483651226158038 0.7558553971486762 0.015667574931880108 0.00560081466395112
1 0.01737057220708447 0.755091649694501 0.0170299727520436 0.007128309572301426
1 0.035422343324250684 0.7581466395112016 0.01634877384196185 0.007128309572301426
10 0.4536784741144414 0.04175152749490835 0.017711171662125342 0.008146639511201629
1 0.014645776566757493 0.7614562118126272 0.015667574931880108 0.006619144602851324
10 0.5960490463215259 0.8317209775967414 0.01634877384196185 0.006619144602851324
10 0.6120572207084468 0.8335030549898167 0.015667574931880108 0.006109979633401222
10 0.0027247956403269754 0.7629837067209776 0.005449591280653951 0.006619144602851324
1 0.8698910081743869 0.8671079429735234 0.008174386920980926 0.012219959266802444
1 0.013964577656675749 0.7665478615071283 0.0170299727520436 0.007637474541751527
1 0.6842643051771117 0.8472505091649695 0.010217983651226158 0.012219959266802444
10 0.6617847411444142 0.8475050916496945 0.010217983651226158 0.012729124236252547
1 0.6771117166212534 0.8495417515274949 0.008174386920980926 0.011710794297352342
10 0.7012942779291553 0.8525967413441955 0.01430517711171662 0.006619144602851324
10 0.6553133514986376 0.8472505091649695 0.009536784741144414 0.013238289205702648
10 0.6147820163487738 0.8431771894093686 0.008855585831062671 0.01120162932790224
10 0.5803814713896458 0.8391038696537678 0.006811989100817439 0.01120162932790224
1 0.5882152588555858 0.840122199592668 0.008855585831062671 0.01120162932790224
1 0.6025204359673024 0.8413951120162932 0.007493188010899182 0.010692464358452138
10 0.595708446866485 0.8406313645621182 0.010217983651226158 0.01120162932790224
1 0.6079700272479565 0.8429226069246436 0.007493188010899182 0.011710794297352342
10 0.7735013623978202 0.8625254582484725 0.01430517711171662 0.007128309572301426
1 0.5722070844686649 0.8385947046843177 0.010899182561307902 0.013238289205702648
10 0.7149182561307902 0.8556517311608961 0.01430517711171662 0.00560081466395112
1 0.011580381471389645 0.7729124236252546 0.014986376021798364 0.007128309572301426
1 0.0027247956403269754 0.7716395112016293 0.005449591280653951 0.007637474541751527
10 0.6897138964577657 0.8538696537678208 0.008855585831062671 0.012219959266802444
1 0.1141008174386921 0.7881873727087576 0.018392370572207085 0.009164969450101833
10 0.41723433242506813 0.03895112016293279 0.008855585831062671 0.011710794297352342
10 0.42404632152588556 0.039460285132382894 0.010217983651226158 0.011710794297352342
1 0.009877384196185286 0.7782586558044806 0.01430517711171662 0.00560081466395112
1 0.008174386920980926 0.7841140529531568 0.01634877384196185 0.007128309572301426
10 0.5647138964577657 0.8520875763747454 0.014986376021798364 0.007637474541751527
1 0.5647138964577657 0.8571792260692465 0.014986376021798364 0.00560081466395112
10 0.5463215258855586 0.854887983706721 0.01634877384196185 0.007128309572301426
10 0.7247956403269755 0.8767820773930753 0.01907356948228883 0.008146639511201629
10 0.7029972752043597 0.8739816700610998 0.01634877384196185 0.006619144602851324
1 0.007493188010899182 0.7922606924643585 0.014986376021798364 0.007128309572301426
1 0.5636920980926431 0.8627800407331976 0.01430517711171662 0.00560081466395112
10 0.5463215258855586 0.8607433808553971 0.013623978201634877 0.00560081466395112
10 0.7016348773841962 0.879837067209776 0.01634877384196185 0.007128309572301426
1 0.006471389645776567 0.7993890020366599 0.012942779291553134 0.007128309572301426
5 0.0582425068119891 0.8082993890020367 0.1055858310626703 0.09521384928716904
10 0.7006130790190735 0.8872199592668024 0.015667574931880108 0.006619144602851324
10 0.006130790190735695 0.8060081466395111 0.01226158038147139 0.006109979633401222
10 0.6989100817438693 0.8925661914460286 0.014986376021798364 0.006109979633401222
10 0.005449591280653951 0.8118635437881874 0.010899182561307902 0.007637474541751527
5 0.6284059945504087 0.8869653767820774 0.13555858310626703 0.0824847250509165
10 0.005108991825613079 0.8172097759674134 0.010217983651226158 0.007128309572301426
1 0.10592643051771117 0.8304480651731161 0.015667574931880108 0.006109979633401222
2 0.32186648501362397 0.8561608961303462 0.3944141689373297 0.08808553971486761
10 0.6985694822888283 0.9009674134419552 0.0170299727520436 0.006619144602851324
10 0.696866485013624 0.9078411405295316 0.01634877384196185 0.006109979633401222
10 0.6958446866485014 0.914714867617108 0.015667574931880108 0.006619144602851324
1 0.1273841961852861 0.8523421588594705 0.01634877384196185 0.007128309572301426
1 0.20776566757493187 0.8671079429735234 0.01634877384196185 0.006109979633401222
10 0.1287465940054496 0.8584521384928717 0.014986376021798364 0.007128309572301426
10 0.19243869209809264 0.8658350305498982 0.015667574931880108 0.006619144602851324
1 0.69141689373297 0.9259164969450102 0.01634877384196185 0.006619144602851324
1 0.20606267029972752 0.8721995926680245 0.01430517711171662 0.006109979633401222
1 0.08446866485013624 0.8581975560081466 0.01634877384196185 0.006619144602851324
10 0.19107629427792916 0.8709266802443992 0.015667574931880108 0.00560081466395112
1 0.06505449591280654 0.8584521384928717 0.010217983651226158 0.01120162932790224
10 0.05108991825613079 0.8571792260692465 0.008174386920980926 0.011710794297352342
1 0.20538147138964577 0.8770366598778004 0.01430517711171662 0.00560081466395112
10 0.5 0.9121690427698574 0.014986376021798364 0.006619144602851324
10 0.1903950953678474 0.8762729124236253 0.015667574931880108 0.006109979633401222
10 0.6481607629427792 0.9304989816700611 0.008855585831062671 0.009674134419551934
1 0.8549046321525886 0.954938900203666 0.009536784741144414 0.012729124236252547
1 0.6556539509536785 0.9320264765784114 0.008855585831062671 0.009674134419551934
10 0.7149182561307902 0.9389002036659878 0.008855585831062671 0.012219959266802444
1 0.6403269754768393 0.9307535641547862 0.008174386920980926 0.01120162932790224
10 0.6055858310626703 0.9264256619144603 0.009536784741144414 0.012729124236252547
1 0.6331743869209809 0.929735234215886 0.008855585831062671 0.01120162932790224
1 0.05722070844686648 0.8615071283095723 0.008174386920980926 0.01120162932790224
10 0.4853542234332425 0.9121690427698574 0.0170299727520436 0.007637474541751527
10 0.6709809264305178 0.9348268839103869 0.010899182561307902 0.013238289205702648
1 0.6634877384196185 0.9340631364562119 0.010899182561307902 0.011710794297352342
10 0.5987738419618529 0.9264256619144603 0.008174386920980926 0.010692464358452138
10 0.5923024523160763 0.9261710794297352 0.008855585831062671 0.012219959266802444
1 0.5854904632152589 0.9254073319755601 0.008855585831062671 0.010692464358452138
1 0.20367847411444143 0.8826374745417516 0.014986376021798364 0.006619144602851324
10 0.18903269754768393 0.8808553971486762 0.015667574931880108 0.006109979633401222
10 0.8222070844686649 0.9569755600814664 0.008174386920980926 0.011710794297352342
10 0.6522479564032697 0.9401731160896131 0.015667574931880108 0.006619144602851324
10 0.5831062670299727 0.9338085539714868 0.013623978201634877 0.007128309572301426
1 0.1093324250681199 0.8785641547861507 0.015667574931880108 0.006619144602851324
10 0.6314713896457765 0.9422097759674134 0.008174386920980926 0.010692464358452138
10 0.41757493188010897 0.048116089613034624 0.017711171662125342 0.006619144602851324
10 0.05381471389645776 0.8734725050916496 0.008174386920980926 0.009674134419551934
10 0.6389645776566758 0.9429735234215886 0.008174386920980926 0.01120162932790224
10 0.06130790190735695 0.8752545824847251 0.009536784741144414 0.01120162932790224
10 0.0473433242506812 0.8732179226069247 0.008855585831062671 0.01120162932790224
10 0.6519073569482289 0.9457739307535642 0.017711171662125342 0.006619144602851324
1 0.1093324250681199 0.8915478615071283 0.015667574931880108 0.007128309572301426
1 0.8262942779291553 0.9829429735234216 0.01634877384196185 0.006619144602851324
1 0.8102861035422343 0.9811608961303462 0.01430517711171662 0.007128309572301426
2 0.30926430517711173 0.9266802443991853 0.4019073569482289 0.08859470468431772
10 0.43392370572207084 0.051934826883910386 0.014986376021798364 0.007128309572301426
10 0.7435286103542235 0.9806517311608961 0.008855585831062671 0.012219959266802444
10 0.5660762942779292 0.9605397148676171 0.009536784741144414 0.010692464358452138
1 0.07322888283378746 0.9022403258655805 0.012942779291553134 0.006109979633401222
10 0.5575613079019074 0.960030549898167 0.010217983651226158 0.011710794297352342
1 0.7503405994550408 0.985488798370672 0.008855585831062671 0.010692464358452138
1 0.07152588555858311 0.9075865580448065 0.014986376021798364 0.00560081466395112
1 0.07152588555858311 0.9126782077393075 0.014986376021798364 0.00560081466395112
10 0.5565395095367848 0.9709775967413442 0.008174386920980926 0.012219959266802444
10 0.5633514986376021 0.9727596741344195 0.009536784741144414 0.011710794297352342
1 0.06982288828337875 0.9185336048879837 0.01430517711171662 0.006109979633401222
10 0.6399863760217984 0.9857433808553971 0.008855585831062671 0.010183299389002037
1 0.739100817438692 0.9956720977596741 0.008174386920980926 0.007637474541751527
10 0.6331743869209809 0.985488798370672 0.006130790190735695 0.010692464358452138
1 0.08480926430517712 0.925152749490835 0.01430517711171662 0.006109979633401222
1 0.08310626702997276 0.9307535641547862 0.014986376021798364 0.006109979633401222
1 0.082425068119891 0.9355906313645621 0.014986376021798364 0.006619144602851324
1 0.08106267029972752 0.9401731160896131 0.01634877384196185 0.006619144602851324
10 0.38760217983651224 0.9768329938900203 0.013623978201634877 0.012729124236252547
10 0.0653950953678474 0.9442464358452138 0.014986376021798364 0.006619144602851324
1 0.0800408719346049 0.9460285132382892 0.01430517711171662 0.006109979633401222
1 0.07901907356948229 0.9501018329938901 0.014986376021798364 0.006109979633401222
10 0.06573569482288828 0.9488289205702648 0.018392370572207085 0.006619144602851324
10 0.23399182561307902 0.03665987780040733 0.011580381471389645 0.013238289205702648
10 0.207425068119891 0.037932790224032585 0.018392370572207085 0.007637474541751527
10 0.6886920980926431 0.0980142566191446 0.017711171662125342 0.007637474541751527
10 0.6573569482288828 0.09419551934826884 0.017711171662125342 0.010183299389002037
10 0.6740463215258855 0.0969959266802444 0.012942779291553134 0.006619144602851324
10 0.2050408719346049 0.04480651731160896 0.017711171662125342 0.007128309572301426
10 0.23194822888283378 0.04862525458248473 0.010217983651226158 0.012729124236252547
10 0.20435967302452315 0.05015274949083503 0.017711171662125342 0.006619144602851324
1 0.6600817438692098 0.1239816700610998 0.009536784741144414 0.010692464358452138
1 0.5323569482288828 0.15707739307535643 0.012942779291553134 0.017820773930753563
10 0.5037465940054496 0.15962321792260692 0.015667574931880108 0.006619144602851324
10 0.5177111716621253 0.16165987780040733 0.014986376021798364 0.00560081466395112
1 0.24693460490463215 0.13874745417515275 0.008855585831062671 0.012729124236252547
1 0.29768392370572205 0.14689409368635437 0.010899182561307902 0.015784114052953158
5 0.27111716621253407 0.14867617107942974 0.047683923705722074 0.04073319755600815
1 0.24489100817438691 0.1494399185336049 0.008855585831062671 0.009674134419551934
1 0.4104223433242507 0.17718940936863545 0.007493188010899182 0.009164969450101833
10 0.2912125340599455 0.16420570264765785 0.012942779291553134 0.011710794297352342
10 0.24352861035422343 0.16242362525458248 0.012942779291553134 0.016293279022403257
10 0.2782697547683924 0.17311608961303462 0.023841961852861037 0.01120162932790224
1 0.44618528610354224 0.1985743380855397 0.010899182561307902 0.013238289205702648
1 0.4526566757493188 0.20010183299389003 0.008855585831062671 0.012219959266802444
10 0.279291553133515 0.1840631364562118 0.009536784741144414 0.011710794297352342
10 0.4431198910081744 0.20875763747454176 0.015667574931880108 0.007128309572301426
1 0.43460490463215257 0.2135947046843177 0.01634877384196185 0.006619144602851324
12 0.2513623978201635 0.20824847250509165 0.0681198910081744 0.054989816700611
2 0.9192779291553134 0.31109979633401225 0.1600817438692098 0.5285132382892057
2 0.8259536784741145 0.305244399185336 0.17779291553133514 0.540224032586558
2 0.8743188010899182 0.3169551934826884 0.15599455040871935 0.5483706720977597
10 0.2612397820163488 0.24261710794297353 0.0170299727520436 0.007637474541751527
12 0.23126702997275203 0.25814663951120165 0.04427792915531335 0.04786150712830957
12 0.7660081743869209 0.03284114052953157 0.060626702997275204 0.020875763747454174
10 0.16723433242506813 0.2708757637474542 0.015667574931880108 0.006109979633401222
1 0.16655313351498638 0.2759674134419552 0.015667574931880108 0.006109979633401222
1 0.17881471389645776 0.27825865580448067 0.008855585831062671 0.011710794297352342
10 0.9744550408719346 0.38518329938900203 0.01430517711171662 0.006619144602851324
10 0.8079019073569482 0.03538696537678208 0.009536784741144414 0.010692464358452138
10 0.9741144414168937 0.3902749490835031 0.014986376021798364 0.006619144602851324
1 0.9737738419618529 0.395112016293279 0.01430517711171662 0.006109979633401222
1 0.9724114441416893 0.40147657841140527 0.01430517711171662 0.006619144602851324
1 0.9710490463215259 0.4070773930753564 0.0170299727520436 0.006619144602851324