1 0.7663308417289568 0.5452329360780065 0.0025999350016249595 0.008125677139761646
1 0.7630809229769255 0.545774647887324 0.0019499512512187196 0.009209100758396533
1 0.771043223919402 0.5468580715059588 0.0022749431264218393 0.009209100758396533
1 0.7744556386090348 0.5473997833152763 0.0025999350016249595 0.008125677139761646
10 0.9168020799480013 0.5482123510292525 0.005849853753656159 0.004333694474539545
10 0.5711732206694833 0.5487540628385699 0.0029249268768280793 0.011917659804983749
1 0.9086772830679233 0.5492957746478874 0.005199870003249919 0.004333694474539545
1 0.7801429964250893 0.5528169014084507 0.0022749431264218393 0.008125677139761646
1 0.783230419239519 0.5530877573131094 0.0025999350016249595 0.009750812567713976
10 0.9168020799480013 0.5528169014084507 0.005199870003249919 0.003791982665222102
10 0.5144621384465389 0.5533586132177681 0.004549886252843679 0.003791982665222102
10 0.8113422164445889 0.5557963163596966 0.0029249268768280793 0.00866738894907909
10 0.5146246343841404 0.5590465872156013 0.006174845628859279 0.005417118093174431
5 0.4577510562235944 0.5606717226435536 0.0880727981800455 0.15167930660888407
10 0.5144621384465389 0.5677139761646804 0.006499837504062398 0.005417118093174431
1 0.8636659083522912 0.5693391115926327 0.0022749431264218393 0.007583965330444204
1 0.8823529411764706 0.5704225352112676 0.005199870003249919 0.004333694474539545
1 0.8750406239844004 0.5725893824485374 0.0022749431264218393 0.00866738894907909
10 0.5142996425089372 0.578819068255688 0.0068248293792655184 0.005958829902491874
1 0.919889502762431 0.5793607800650055 0.0029249268768280793 0.009209100758396533
1 0.881865453363666 0.581798483206934 0.004874878128046799 0.0032502708559046588
10 0.5144621384465389 0.5836944745395449 0.006499837504062398 0.003791982665222102
1 0.9275268118297043 0.5853196099674973 0.005849853753656159 0.004875406283856988
10 0.5142996425089372 0.5896533044420368 0.007474813129671758 0.003791982665222102
1 0.515112122196945 0.597237269772481 0.0025999350016249595 0.009209100758396533
10 0.5141371465713357 0.6078006500541712 0.005199870003249919 0.004333694474539545
10 0.5141371465713357 0.6140303358613218 0.005199870003249919 0.004875406283856988
1 0.5138121546961326 0.6194474539544962 0.005199870003249919 0.003791982665222102
1 0.5139746506337342 0.6243228602383532 0.004874878128046799 0.003791982665222102
1 0.5139746506337342 0.6294691224268689 0.004874878128046799 0.004333694474539545
1 0.5139746506337342 0.6354279523293608 0.004874878128046799 0.004333694474539545
10 0.19142021449463764 0.6451787648970747 0.003899902502437439 0.00866738894907909
10 0.17224569385765356 0.6459913326110509 0.0025999350016249595 0.010292524377031419
10 0.17517062073448164 0.6465330444203684 0.0025999350016249595 0.011375947995666305
10 0.16867078323041923 0.6462621885157096 0.0025999350016249595 0.010834236186348862
10 0.17842053948651285 0.6470747562296858 0.0025999350016249595 0.012459371614301192
1 0.18167045823854402 0.6468039003250271 0.0025999350016249595 0.009750812567713976
10 0.21611959701007474 0.6468039003250271 0.003249918752031199 0.014084507042253521
10 0.18800779980500487 0.6468039003250271 0.0022749431264218393 0.010834236186348862
10 0.20831979200519987 0.6489707475622969 0.003249918752031199 0.009750812567713976
10 0.22131946701332467 0.6508667388949079 0.003249918752031199 0.011375947995666305
1 0.5342866428339291 0.6606175514626219 0.005849853753656159 0.004875406283856988
10 0.3859278518037049 0.06663055254604551 0.010074748131296718 0.00866738894907909
1 0.14657133571660708 0.6784940411700975 0.011699707507312317 0.013542795232936078
5 0.048423789405264865 0.6798483206933911 0.012999675008124796 0.03791982665222102
1 0.327916802079948 0.6898699891657638 0.003899902502437439 0.012459371614301192
1 0.2536561585960351 0.7009750812567714 0.0035749106272343193 0.013001083423618635
1 0.40591485212869677 0.07042253521126761 0.003249918752031199 0.015167930660888408
1 0.38446538836529087 0.710184182015168 0.0019499512512187196 0.009750812567713976
5 0.08872278193045174 0.7172264355362947 0.06434839129021774 0.05796316359696641
10 0.15372115697107572 0.7174972914409534 0.006499837504062398 0.004875406283856988
5 0.36252843678908026 0.7180390032502708 0.03347416314592135 0.06229685807150596
5 0.19873253168670782 0.7242686890574215 0.07767305817354567 0.12351029252437704
10 0.1545336366590835 0.7258938244853738 0.007474813129671758 0.0065005417118093175
10 0.15404614884627885 0.7288732394366197 0.005849853753656159 0.003791982665222102
10 0.15355866103347415 0.7351029252437703 0.006174845628859279 0.004333694474539545
10 0.14673383165420864 0.7397074756229686 0.007474813129671758 0.0027085590465872156
10 0.15355866103347415 0.7399783315276273 0.004874878128046799 0.004333694474539545
10 0.15339616509587262 0.7459371614301191 0.006499837504062398 0.004333694474539545
10 0.14559636009099772 0.7467497291440953 0.005849853753656159 0.005958829902491874
1 0.298017549561261 0.747020585048754 0.009749756256093598 0.010834236186348862
1 0.30825479363015923 0.7481040086673889 0.008774780630484237 0.009750812567713976
2 0.5571985700357491 0.75 0.023074423139421516 0.13705308775731312
2 0.41127721806954826 0.7505417118093174 0.026974325641858955 0.14897074756229686
1 0.2885927851803705 0.7518959913326111 0.007149821254468639 0.005417118093174431
10 0.3854403639909002 0.07719393282773565 0.010399740006499838 0.011375947995666305
5 0.30776730581735456 0.7743770314192849 0.027949301267468314 0.03954496208017335
1 0.554273643158921 0.07773564463705308 0.008124796880077998 0.008125677139761646
1 0.5648358791030225 0.0780065005417118 0.010399740006499838 0.010834236186348862
10 0.12479688007799805 0.7776273022751896 0.007799805004874878 0.003791982665222102
10 0.11715957101072473 0.7778981581798483 0.007474813129671758 0.004333694474539545
10 0.12463438414039649 0.7822318526543879 0.006174845628859279 0.0021668472372697724
10 0.11764705882352941 0.7825027085590466 0.007799805004874878 0.0016251354279523294
10 0.12317192070198245 0.7854821235102926 0.005849853753656159 0.0021668472372697724
10 0.11667208319792005 0.7892741061755146 0.005849853753656159 0.0065005417118093175
10 0.12447188820279494 0.789815817984832 0.009099772505687357 0.0032502708559046588
10 0.19125771855703608 0.7949620801733478 0.0022749431264218393 0.011375947995666305
10 0.11683457913552162 0.7949620801733478 0.007474813129671758 0.004875406283856988
10 0.12447188820279494 0.7952329360780065 0.005849853753656159 0.0021668472372697724
10 0.18085797855053623 0.7955037919826652 0.0029249268768280793 0.011375947995666305
1 0.18800779980500487 0.795774647887324 0.0016249593760155996 0.009750812567713976
1 0.16493337666558336 0.7965872156013001 0.0016249593760155996 0.012459371614301192
10 0.17679558011049723 0.7965872156013001 0.003249918752031199 0.012459371614301192
1 0.18492037699057523 0.7971289274106176 0.0019499512512187196 0.010292524377031419
1 0.19580760480987974 0.7971289274106176 0.0029249268768280793 0.011917659804983749
5 0.14137146571335715 0.8001083423618635 0.022099447513812154 0.04875406283856988
1 0.09668508287292818 0.8052546045503792 0.008774780630484237 0.007042253521126761
5 0.1550211244718882 0.8057963163596966 0.0025999350016249595 0.011375947995666305
1 0.28956776080597985 0.8060671722643553 0.0019499512512187196 0.010834236186348862
1 0.29314267143321415 0.8063380281690141 0.003249918752031199 0.011375947995666305
10 0.1850828729281768 0.8068797399783315 0.0029249268768280793 0.009209100758396533
5 0.15843353916152098 0.8071505958829902 0.0022749431264218393 0.011917659804983749
1 0.1270718232044199 0.8139219934994583 0.0025999350016249595 0.011375947995666305
5 0.3540786480337992 0.814192849404117 0.016574585635359115 0.021668472372697724
1 0.2593435164120897 0.8236728060671723 0.007799805004874878 0.007042253521126761
1 0.127396815079623 0.8236728060671723 0.0019499512512187196 0.009209100758396533
1 0.1403964900877478 0.8301733477789816 0.007149821254468639 0.004875406283856988
1 0.09603509912252194 0.8323401950162513 0.006174845628859279 0.004875406283856988
1 0.29444263893402667 0.8342361863488624 0.008449788755281119 0.0065005417118093175
1 0.4234644133896653 0.8374864572047671 0.003249918752031199 0.009750812567713976
1 0.09652258693532662 0.8396533044420368 0.008449788755281119 0.004333694474539545
5 0.3531036724081898 0.8401950162513543 0.012024699382515438 0.028169014084507043
10 0.4234644133896653 0.8469664138678223 0.0025999350016249595 0.009209100758396533
5 0.28778030549236266 0.850216684723727 0.030224244393890154 0.023293607800650054
1 0.5724731881702957 0.8499458288190682 0.0029249268768280793 0.009750812567713976
10 0.42476438089047774 0.8556338028169014 0.006499837504062398 0.004875406283856988
10 0.3846278843028924 0.08613217768147345 0.008124796880077998 0.005417118093174431
10 0.4296392590185245 0.859967497291441 0.003249918752031199 0.011375947995666305
10 0.4424764380890478 0.8607800650054171 0.0029249268768280793 0.013001083423618635
10 0.43483912902177446 0.8613217768147345 0.0019499512512187196 0.00866738894907909
10 0.43808904777380564 0.8621343445287107 0.0025999350016249595 0.009209100758396533
1 0.3669158271043224 0.8661971830985915 0.005849853753656159 0.0032502708559046588
1 0.9603509912252194 0.8708017334777898 0.0025999350016249595 0.009209100758396533
10 0.58644783880403 0.8854279523293608 0.0029249268768280793 0.012459371614301192
10 0.5711732206694833 0.8875947995666306 0.0029249268768280793 0.012459371614301192
10 0.58644783880403 0.8970747562296858 0.0029249268768280793 0.009750812567713976
10 0.5708482287942801 0.9033044420368364 0.0029249268768280793 0.011917659804983749
10 0.47627559311017226 0.9200975081256771 0.0029249268768280793 0.011375947995666305
10 0.4829379265518362 0.9203683640303358 0.003249918752031199 0.009750812567713976
10 0.5129996750081248 0.9230769230769231 0.0029249268768280793 0.013001083423618635
10 0.455313617159571 0.9236186348862405 0.009749756256093598 0.010834236186348862
10 0.5352616184595385 0.9249729144095341 0.003899902502437439 0.011375947995666305
10 0.3846278843028924 0.09263271939328277 0.008774780630484237 0.0065005417118093175
1 0.40038999025024374 0.9398699891657638 0.005849853753656159 0.0032502708559046588
1 0.4000649983750406 0.9460996749729144 0.005849853753656159 0.004875406283856988
1 0.4002274943126422 0.952329360780065 0.0068248293792655184 0.004333694474539545
1 0.3997400064998375 0.9593716143011918 0.004549886252843679 0.005417118093174431
1 0.3846278843028924 0.10021668472372698 0.009424764380890478 0.007583965330444204
5 0.5937601559961001 0.10725893824485373 0.014949626259343516 0.0390032502708559
5 0.6103347416314592 0.10752979414951246 0.013649658758531037 0.03629469122426869
1 0.38966525836854077 0.13894907908992415 0.007799805004874878 0.005958829902491874
10 0.38982775430614236 0.1454496208017335 0.008124796880077998 0.008125677139761646
1 0.5360740981475464 0.14788732394366197 0.0035749106272343193 0.016251354279523293
1 0.5479363015924602 0.14788732394366197 0.007149821254468639 0.005417118093174431
1 0.5305492362690932 0.1481581798483207 0.0022749431264218393 0.013542795232936078
1 0.5415989600259994 0.14842903575297942 0.004224894377640559 0.015167930660888408
10 0.4046148846278843 0.14924160346695559 0.008449788755281119 0.007042253521126761
10 0.3899902502437439 0.15276273022751896 0.007799805004874878 0.0065005417118093175
1 0.4127396815079623 0.16115926327193933 0.010399740006499838 0.008125677139761646
10 0.4042898927526812 0.16170097508125678 0.003249918752031199 0.013542795232936078
1 0.39941501462463436 0.16251354279523295 0.003249918752031199 0.016251354279523293
10 0.5302242443938902 0.18526543878656554 0.0022749431264218393 0.009750812567713976
10 0.8014299642508937 0.19176598049837487 0.0025999350016249595 0.00866738894907909
1 0.8056548586285343 0.1920368364030336 0.0025999350016249595 0.009209100758396533
1 0.9678258043548911 0.2085590465872156 0.007799805004874878 0.007583965330444204
1 0.9699382515437114 0.21316359696641388 0.012024699382515438 0.0016251354279523294
5 0.40103997400065 0.21966413867822318 0.022749431264218394 0.025460455037919827
1 0.8362040948976276 0.22128927410617552 0.005199870003249919 0.003791982665222102
1 0.7959051023724407 0.22128927410617552 0.008449788755281119 0.007042253521126761
1 0.8139421514462138 0.22399783315276273 0.004874878128046799 0.003791982665222102
1 0.8235294117647058 0.22562296858071507 0.005199870003249919 0.004875406283856988
1 0.7946051348716282 0.22914409534127844 0.006499837504062398 0.004333694474539545
1 0.8316542086447839 0.2296858071505959 0.005199870003249919 0.004333694474539545
1 0.8142671433214169 0.23049837486457206 0.0055248618784530384 0.004875406283856988
10 0.7946051348716282 0.23537378114842902 0.005849853753656159 0.004875406283856988
1 0.7944426389340267 0.2413326110509209 0.0055248618784530384 0.003791982665222102
1 0.8163795905102372 0.24322860238353197 0.003899902502437439 0.01733477789815818
1 0.9406889827754306 0.24458288190682556 0.004874878128046799 0.016793066088840736
1 0.9668508287292817 0.245124593716143 0.004549886252843679 0.017876489707475622
5 0.5992850178745531 0.24756229685807152 0.014949626259343516 0.03791982665222102
1 0.8612284692882678 0.2472914409534128 0.003899902502437439 0.01570964247020585
5 0.613747156321092 0.24837486457204766 0.013324666883327917 0.03954496208017335
1 0.49967500812479687 0.25 0.010074748131296718 0.008125677139761646
1 0.5001624959376015 0.25920910075839654 0.009099772505687357 0.005958829902491874
1 0.822391940201495 0.26029252437703143 0.004224894377640559 0.014626218851570965
1 0.952388690282743 0.26706392199349943 0.0055248618784530384 0.004333694474539545
1 0.49870003249918754 0.271397616468039 0.0068248293792655184 0.0065005417118093175
10 0.9522261943451413 0.2746478873239437 0.005849853753656159 0.004333694474539545
1 0.8904777380565486 0.27735644637053086 0.0025999350016249595 0.014084507042253521
1 0.9224894377640559 0.2789815817984832 0.0055248618784530384 0.004333694474539545
2 0.4366265843353916 0.27952329360780065 0.028924276893077673 0.3477789815817985
2 0.4788755281117972 0.28087757313109424 0.025674358141046474 0.33748645720476705
1 0.4982125446863828 0.28169014084507044 0.006499837504062398 0.0065005417118093175
10 0.6633084172895678 0.2903575297941495 0.0025999350016249595 0.00866738894907909
10 0.6603834904127397 0.2903575297941495 0.0025999350016249595 0.00866738894907909
1 0.5 0.2903575297941495 0.008774780630484237 0.007583965330444204
10 0.6881702957426065 0.29252437703141926 0.0022749431264218393 0.009750812567713976
10 0.6919077023074424 0.29252437703141926 0.0025999350016249595 0.00866738894907909
1 0.7453688657783556 0.292795232936078 0.0029249268768280793 0.009209100758396533
10 0.7354566135846604 0.2930660888407367 0.0025999350016249595 0.009750812567713976
10 0.7317192070198245 0.2938786565547129 0.0029249268768280793 0.008125677139761646
1 0.7404939876503087 0.29658721560130014 0.004874878128046799 0.014626218851570965
1 0.8300292492687683 0.2992957746478873 0.004549886252843679 0.012459371614301192
1 0.821254468638284 0.3003791982665222 0.0025999350016249595 0.011375947995666305
1 0.8363665908352291 0.30119176598049835 0.0029249268768280793 0.014084507042253521
5 0.8467663308417289 0.3028169014084507 0.010724731881702957 0.03466955579631636
5 0.891777705557361 0.3066088840736728 0.016249593760155997 0.024918743228602384
1 0.875203119922002 0.30931744312026005 0.009099772505687357 0.005417118093174431
10 0.6977575560610985 0.3125677139761647 0.0025999350016249595 0.00866738894907909
1 0.9374390640233994 0.3128385698808234 0.0035749106272343193 0.010292524377031419
10 0.7010074748131296 0.3131094257854821 0.0025999350016249595 0.00866738894907909
1 0.8371790705232369 0.3144637053087757 0.0025999350016249595 0.011375947995666305
1 0.8753656158596035 0.314192849404117 0.011374715632109197 0.0065005417118093175
1 0.9437764055898602 0.3204225352112676 0.005849853753656159 0.003791982665222102
10 0.7461813454663634 0.3206933911159263 0.005849853753656159 0.005417118093174431
10 0.7387065323366916 0.3215059588299025 0.005199870003249919 0.004875406283856988
1 0.8248293792655184 0.32340195016251355 0.005199870003249919 0.004333694474539545
10 0.7393565160870978 0.3269230769230769 0.005849853753656159 0.003791982665222102
10 0.7460188495287617 0.32773564463705307 0.004874878128046799 0.004333694474539545
10 0.3955151121221969 0.3280065005417118 0.0025999350016249595 0.013542795232936078
1 0.39876503087422815 0.32854821235102927 0.003899902502437439 0.011375947995666305
1 0.8251543711407214 0.32881906825568796 0.005199870003249919 0.004333694474539545
1 0.4070523236919077 0.3301733477789816 0.0022749431264218393 0.013542795232936078
10 0.7391940201494963 0.33342361863488623 0.004874878128046799 0.004875406283856988
1 0.9289892752681183 0.3347778981581798 0.0029249268768280793 0.00866738894907909
1 0.8602534936626585 0.3442578548212351 0.005849853753656159 0.004875406283856988
1 0.8893402664933376 0.34534127843987 0.007474813129671758 0.004875406283856988
1 0.875528111797205 0.34534127843987 0.005199870003249919 0.003791982665222102
10 0.881865453363666 0.3456121343445287 0.004874878128046799 0.004333694474539545
1 0.84270393240169 0.3466955579631636 0.0025999350016249595 0.00866738894907909
1 0.4125771855703607 0.3515709642470206 0.008124796880077998 0.007583965330444204
5 0.396977575560611 0.35969664138678226 0.018524536886577837 0.02600216684723727
1 0.4169645758856029 0.36728060671722645 0.004549886252843679 0.016251354279523293
1 0.41127721806954826 0.3678223185265439 0.004224894377640559 0.018418201516793065
10 0.38446538836529087 0.36998916576381363 0.0019499512512187196 0.011917659804983749
10 0.3992525186870328 0.3789274106175515 0.007474813129671758 0.0005417118093174431
10 0.3865778355541111 0.3794691224268689 0.006174845628859279 0.004875406283856988
1 0.3925901852453689 0.3840736728060672 0.0025999350016249595 0.011917659804983749
10 0.39941501462463436 0.38461538461538464 0.007799805004874878 0.0032502708559046588
10 0.3873903152421189 0.3851570964247021 0.008449788755281119 0.004333694474539545
5 0.9301267468313292 0.39138678223185264 0.04094897627559311 0.08938244853737812
10 0.7136821579460514 0.41495124593716143 0.005199870003249919 0.004333694474539545
10 0.7201819954501137 0.41684723726977246 0.005199870003249919 0.004875406283856988
5 0.8037049073773156 0.4198266522210184 0.028599285017874555 0.05417118093174431
10 0.7136821579460514 0.42036836403033584 0.005199870003249919 0.004333694474539545
1 0.8469288267793306 0.42145178764897073 0.0025999350016249595 0.011917659804983749
10 0.719694507637309 0.4236186348862405 0.0055248618784530384 0.004333694474539545
10 0.7140071498212545 0.4249729144095341 0.005199870003249919 0.004875406283856988
10 0.7135196620084497 0.42984832069339113 0.004874878128046799 0.003791982665222102
1 0.9150146246343841 0.44880823401950165 0.004224894377640559 0.013542795232936078
1 0.9046148846278843 0.45449620801733476 0.0029249268768280793 0.009750812567713976
1 0.8457913552161196 0.46641386782231853 0.0029249268768280793 0.00866738894907909
5 0.9285017874553136 0.4937703141928494 0.031199220019499513 0.05037919826652221
10 0.8376665583360416 0.4964788732394366 0.0055248618784530384 0.003791982665222102
1 0.7110822229444264 0.49945828819068255 0.0025999350016249595 0.00866738894907909
1 0.8461163470913227 0.5018959913326111 0.0022749431264218393 0.008125677139761646
1 0.7408189795255119 0.5070422535211268 0.006174845628859279 0.005417118093174431
1 0.7406564835879103 0.5130010834236186 0.005199870003249919 0.0032502708559046588
10 0.816867078323042 0.5143553629469122 0.006174845628859279 0.005958829902491874
10 0.8230419239519012 0.5238353196099675 0.0022749431264218393 0.010834236186348862
1 0.6108222294442639 0.5251895991332611 0.0068248293792655184 0.005958829902491874
1 0.8756906077348067 0.5260021668472372 0.004874878128046799 0.004333694474539545
1 0.730419239519012 0.526273022751896 0.0022749431264218393 0.009209100758396533
1 0.7336691582710432 0.5265438786565547 0.0016249593760155996 0.00866738894907909
1 0.62187195320117 0.5273564463705309 0.0022749431264218393 0.008125677139761646
1 0.6246343841403965 0.5273564463705309 0.0019499512512187196 0.008125677139761646
1 0.6446213844653884 0.5276273022751896 0.0022749431264218393 0.00866738894907909
1 0.9016899577510562 0.5273564463705309 0.0055248618784530384 0.004875406283856988
1 0.6540461488462789 0.5278981581798483 0.0022749431264218393 0.009209100758396533
1 0.6607084822879428 0.528169014084507 0.0019499512512187196 0.007583965330444204
1 0.663958401039974 0.5278981581798483 0.0025999350016249595 0.008125677139761646
1 0.6475463113422164 0.5278981581798483 0.0022749431264218393 0.009209100758396533
1 0.65729606759831 0.5278981581798483 0.0016249593760155996 0.008125677139761646
1 0.6509587260318492 0.5278981581798483 0.0025999350016249595 0.009209100758396533
1 0.6702957426064349 0.5278981581798483 0.0022749431264218393 0.008125677139761646
1 0.6673708157296068 0.528169014084507 0.0022749431264218393 0.007583965330444204
1 0.6767955801104972 0.5284398699891658 0.0022749431264218393 0.008125677139761646
1 0.6800454988625284 0.5287107258938245 0.0022749431264218393 0.00866738894907909
1 0.673545661358466 0.5287107258938245 0.0022749431264218393 0.00866738894907909
1 0.683132921676958 0.5287107258938245 0.0025999350016249595 0.009750812567713976
1 0.6867078323041924 0.5289815817984832 0.0025999350016249595 0.009209100758396533
1 0.689795255118622 0.5289815817984832 0.0022749431264218393 0.009209100758396533
1 0.6930451738706532 0.5295232936078007 0.0022749431264218393 0.010292524377031419
1 0.6301592460188495 0.5306067172264355 0.003899902502437439 0.013542795232936078
1 0.7393565160870978 0.5333152762730228 0.0025999350016249595 0.008125677139761646
1 0.7424439389015275 0.5338569880823402 0.0022749431264218393 0.008125677139761646
10 0.5669483262918427 0.53602383531961 0.0029249268768280793 0.009209100758396533
10 0.5710107247318817 0.5362946912242686 0.0025999350016249595 0.00866738894907909
1 0.7471563210919727 0.5368364030335862 0.0019499512512187196 0.00866738894907909
1 0.7505687357816054 0.5371072589382448 0.0022749431264218393 0.009209100758396533
10 0.5146246343841404 0.5373781148429035 0.0068248293792655184 0.005417118093174431
1 0.826454338641534 0.5387323943661971 0.005199870003249919 0.004875406283856988
1 0.7016574585635359 0.5384615384615384 0.007799805004874878 0.007583965330444204
1 0.7551186220344491 0.5400866738894908 0.0022749431264218393 0.00866738894907909
1 0.7583685407864803 0.5406283856988082 0.0022749431264218393 0.00866738894907909