2 0.36287799791449427 0.5106382978723404 0.3962460896767466 0.11702127659574468
2 0.3010948905109489 0.029521276595744682 0.05578727841501564 0.059042553191489364
1 0.2346193952033368 0.5196808510638298 0.03858185610010428 0.01702127659574468
2 0.3443691345151199 0.6050531914893617 0.39468196037539105 0.11861702127659575
5 0.10557872784150156 0.5914893617021276 0.11001042752867571 0.2127659574468085
1 0.20776850886339937 0.6103723404255319 0.040145985401459854 0.019680851063829788
5 0.9590719499478624 0.14388297872340425 0.0808133472367049 0.12074468085106382
5 0.6092283628779979 0.698404255319149 0.1673618352450469 0.1702127659574468
5 0.03910323253388947 0.5965425531914894 0.07820646506777894 0.2601063829787234
10 0.31908237747653806 0.6569148936170213 0.018769551616266946 0.01276595744680851
1 0.20177267987486966 0.6398936170212766 0.022940563086548488 0.01702127659574468
1 0.22497393117831074 0.6449468085106383 0.024504692387904068 0.01648936170212766
10 0.85140771637122 0.7840425531914894 0.013555787278415016 0.018085106382978722
10 0.8219499478623566 0.7795212765957447 0.009906152241918665 0.019680851063829788
10 0.7309697601668405 0.7643617021276595 0.013555787278415016 0.019148936170212766
10 0.8751303441084463 0.7904255319148936 0.015119916579770595 0.018085106382978722
10 0.7395724713242962 0.7662234042553191 0.011991657977059436 0.019680851063829788
10 0.8391553701772679 0.7840425531914894 0.011991657977059436 0.015957446808510637
10 0.7030761209593326 0.7598404255319149 0.011991657977059436 0.018617021276595744
10 0.7124608967674662 0.7617021276595745 0.014077163712200209 0.02127659574468085
10 0.8628779979144943 0.7901595744680852 0.01251303441084463 0.017553191489361703
10 0.8292492179353493 0.7840425531914894 0.011991657977059436 0.02127659574468085
2 0.32742440041710114 0.6973404255319149 0.3962460896767466 0.11702127659574468
10 0.2789363920750782 0.7276595744680852 0.03336809176225235 0.013829787234042552
2 0.6480709071949948 0.09388297872340426 0.5338894681960376 0.13670212765957446
2 0.36105318039624607 0.7768617021276596 0.6418143899895725 0.175
5 0.011470281543274244 0.7367021276595744 0.022940563086548488 0.045744680851063826
5 0.27424400417101147 0.8074468085106383 0.13555787278415016 0.05531914893617021
5 0.15875912408759124 0.7875 0.10583941605839416 0.04840425531914894
5 0.5190302398331595 0.8531914893617021 0.10896767466110532 0.052127659574468084
5 0.40145985401459855 0.8329787234042553 0.12825860271115747 0.052127659574468084
5 0.006777893639207508 0.7835106382978724 0.013555787278415016 0.043617021276595745
2 0.3456725755995829 0.8678191489361702 0.6381647549530761 0.16861702127659575
5 0.7742440041710115 0.9800531914893617 0.1689259645464025 0.038829787234042554
2 0.33263816475495306 0.9382978723404255 0.6381647549530761 0.12234042553191489
2 0.35427528675703857 0.0797872340425532 0.0662148070907195 0.1595744680851064
5 0.23644421272158497 0.056914893617021275 0.06517205422314912 0.07127659574468086
2 0.6373826903023984 0.13936170212765958 0.5364963503649635 0.1372340425531915
2 0.28493222106360794 0.10398936170212766 0.06100104275286757 0.10159574468085106
2 0.6290406673618353 0.18563829787234043 0.5364963503649635 0.14042553191489363
5 0.9470802919708029 0.2632978723404255 0.10479666319082377 0.11808510638297873
5 0.2205422314911366 0.13085106382978723 0.06569343065693431 0.07021276595744681
2 0.5813347236704901 0.2300531914893617 0.7069864442127216 0.1675531914893617
10 0.5855057351407716 0.26303191489361705 0.01981230448383733 0.015425531914893617
2 0.37304483837330554 0.2393617021276596 0.2434827945776851 0.09042553191489362
10 0.663451511991658 0.3125 0.038060479666319084 0.026063829787234042
10 0.6110531803962461 0.30638297872340425 0.020855057351407715 0.013829787234042552
5 0.17413972888425444 0.23404255319148937 0.10636079249217935 0.1351063829787234
2 0.37799791449426484 0.28829787234042553 0.2721584984358707 0.09148936170212765
10 0.22653806047966632 0.26409574468085106 0.017205422314911366 0.013297872340425532
5 0.9588112617309698 0.4 0.08133472367049009 0.13191489361702127
5 0.8665276329509907 0.3840425531914894 0.10114702815432743 0.13085106382978723
5 0.564650677789364 0.33351063829787236 0.07194994786235662 0.10106382978723404
5 0.7145464025026069 0.36356382978723406 0.05787278415015641 0.09308510638297872
10 0.6019290928050052 0.35186170212765955 0.027632950990615225 0.06861702127659575
10 0.6595411887382691 0.37101063829787234 0.011470281543274244 0.02074468085106383
10 0.11131386861313869 0.2726063829787234 0.013034410844629822 0.021808510638297873
2 0.6553701772679875 0.06037234042553191 0.5370177267987487 0.12074468085106382
2 0.3693952033368092 0.3492021276595745 0.2737226277372263 0.09414893617021276
10 0.5132950990615224 0.39228723404255317 0.022419186652763295 0.022872340425531913
1 0.05057351407716371 0.32898936170212767 0.011470281543274244 0.019680851063829788
1 0.040145985401459854 0.3273936170212766 0.011470281543274244 0.021808510638297873
2 0.3790406673618352 0.41648936170212764 0.3931178310740355 0.11808510638297873
5 0.6496350364963503 0.4957446808510638 0.1689259645464025 0.17446808510638298
10 0.2278415015641293 0.425531914893617 0.01981230448383733 0.022340425531914895
1 0.25 0.43031914893617024 0.027632950990615225 0.023404255319148935
10 0.5289363920750783 0.4853723404255319 0.038060479666319084 0.018617021276595744
5 0.06491136600625652 0.4444148936170213 0.05057351407716371 0.040957446808510635