1 0.9500688705234159 0.43460350154479915 0.01584022038567493 0.007209062821833162
10 0.8126721763085399 0.047116374871266735 0.013774104683195593 0.013903192584963954
1 0.9480027548209367 0.43975283213182287 0.01721763085399449 0.008238928939237899
10 0.4359504132231405 0.3632852729145211 0.01928374655647383 0.009783728115345005
1 0.5516528925619835 0.3993305870236869 0.22727272727272727 0.16632337796086508
10 0.26515151515151514 0.35581874356333676 0.01652892561983471 0.007209062821833162
1 0.29855371900826444 0.3622554067971164 0.01721763085399449 0.007723995880535531
1 0.3154269972451791 0.36560247167868176 0.01652892561983471 0.008238928939237899
1 0.9314738292011019 0.4783728115345005 0.01721763085399449 0.008238928939237899
1 0.3209366391184573 0.3766735324407827 0.012396694214876033 0.012873326467559218
10 0.28856749311294766 0.3717816683831102 0.011019283746556474 0.01132852729145211
10 0.2975206611570248 0.37384140061791965 0.008264462809917356 0.010298661174047374
10 0.3446969696969697 0.3818228630278064 0.010330578512396695 0.01184346035015448
1 0.33023415977961434 0.37950566426364574 0.008953168044077135 0.01132852729145211
10 0.3371212121212121 0.3805355303810505 0.008953168044077135 0.01132852729145211
10 0.3140495867768595 0.3769309989701339 0.009641873278236915 0.010298661174047374
10 0.3040633608815427 0.3751287332646756 0.010330578512396695 0.009783728115345005
10 0.2713498622589532 0.3694644696189495 0.011019283746556474 0.010813594232749742
10 0.2809917355371901 0.3720391349124614 0.011019283746556474 0.012873326467559218
1 0.9307851239669421 0.4848094747682801 0.01584022038567493 0.008753861997940269
2 0.959366391184573 0.4922760041194645 0.07988980716253444 0.16889804325437693
10 0.26239669421487605 0.3699794026776519 0.009641873278236915 0.009783728115345005
1 0.4390495867768595 0.40756951596292484 0.01997245179063361 0.009783728115345005
10 0.28133608815426997 0.38259526261585997 0.010330578512396695 0.01132852729145211
10 0.2944214876033058 0.3846549948506694 0.008953168044077135 0.01132852729145211
10 0.32885674931129477 0.3913491246138002 0.010330578512396695 0.012358393408856848
1 0.32300275482093666 0.3903192584963955 0.009641873278236915 0.012358393408856848
10 0.2679063360881543 0.3805355303810505 0.011019283746556474 0.013388259526261586
10 0.30199724517906334 0.3867147270854789 0.010330578512396695 0.012358393408856848
1 0.2882231404958678 0.3849124613800206 0.010330578512396695 0.013903192584963954
1 0.3154269972451791 0.3895468589083419 0.009641873278236915 0.01184346035015448
10 0.3085399449035813 0.388259526261586 0.011019283746556474 0.013388259526261586
10 0.27444903581267216 0.38233779608650875 0.010330578512396695 0.012873326467559218
10 0.2603305785123967 0.3815653964984552 0.011019283746556474 0.012358393408856848
1 0.34228650137741046 0.40242018537590113 0.01652892561983471 0.007723995880535531
1 0.9238980716253443 0.508496395468589 0.01584022038567493 0.006694129763130793
1 0.3402203856749311 0.40885684860968075 0.01790633608815427 0.008238928939237899
1 0.4015151515151515 0.4212152420185376 0.01790633608815427 0.008238928939237899
10 0.3381542699724518 0.4132337796086509 0.015151515151515152 0.006694129763130793
10 0.5402892561983471 0.007723995880535531 0.01721763085399449 0.008238928939237899
10 0.33746556473829203 0.4181256436663234 0.01652892561983471 0.007209062821833162
1 0.3929063360881543 0.4291967044284243 0.010330578512396695 0.010813594232749742
10 0.9204545454545454 0.5211122554067971 0.008953168044077135 0.01132852729145211
1 0.9269972451790633 0.5226570545829042 0.009641873278236915 0.012358393408856848
10 0.33608815426997246 0.42353244078269825 0.01652892561983471 0.007723995880535531
1 0.818870523415978 0.05664263645726056 0.009641873278236915 0.01132852729145211
1 0.33402203856749313 0.42842430484037075 0.01652892561983471 0.007209062821833162
10 0.5891873278236914 0.47657054582904224 0.01721763085399449 0.007723995880535531
10 0.33298898071625344 0.43357363542739447 0.01584022038567493 0.007209062821833162
10 0.9183884297520661 0.5365602471678682 0.014462809917355372 0.006179196704428424
10 0.331267217630854 0.4392378990731205 0.01790633608815427 0.008238928939237899
1 0.5203168044077136 0.47167868177136973 0.010330578512396695 0.012358393408856848
1 0.44800275482093666 0.4606076210092688 0.010330578512396695 0.012873326467559218
10 0.9170110192837465 0.541967044284243 0.014462809917355372 0.006694129763130793
10 0.32885674931129477 0.4461894953656025 0.01584022038567493 0.007723995880535531
10 0.915633608815427 0.547373841400618 0.014462809917355372 0.006179196704428424
10 0.28236914600550966 0.44129763130793 0.009641873278236915 0.012358393408856848
1 0.2689393939393939 0.43949536560247165 0.007575757575757576 0.010813594232749742
10 0.3168044077134986 0.44799176107106076 0.009641873278236915 0.01132852729145211
10 0.275137741046832 0.4407826982492276 0.010330578512396695 0.012358393408856848
10 0.28891184573002754 0.4436148300720906 0.008953168044077135 0.01184346035015448
10 0.30268595041322316 0.4461894953656025 0.010330578512396695 0.013903192584963954
1 0.30991735537190085 0.4474768280123584 0.011019283746556474 0.012358393408856848
10 0.2951101928374656 0.44464469618949537 0.010330578512396695 0.012873326467559218
1 0.2427685950413223 0.4356333676622039 0.008953168044077135 0.01132852729145211
1 0.32885674931129477 0.45159629248197736 0.01584022038567493 0.007209062821833162
10 0.9135674931129476 0.553038105046344 0.014462809917355372 0.006179196704428424
1 0.3274793388429752 0.4588053553038105 0.01584022038567493 0.007209062821833162
10 0.3798209366391185 0.4698764160659114 0.010330578512396695 0.012873326467559218
10 0.3119834710743802 0.4588053553038105 0.015151515151515152 0.007209062821833162
10 0.3725895316804408 0.4693614830072091 0.011019283746556474 0.012873326467559218
10 0.3860192837465565 0.47167868177136973 0.011707988980716254 0.014418125643666324
1 0.3381542699724518 0.46446961894953653 0.009641873278236915 0.01132852729145211
1 0.2806473829201102 0.4552008238928939 0.008953168044077135 0.01132852729145211
10 0.26721763085399447 0.45288362512873326 0.011019283746556474 0.01184346035015448
1 0.2596418732782369 0.4518537590113285 0.009641873278236915 0.01184346035015448
1 0.2534435261707989 0.45082389289392377 0.009641873278236915 0.01184346035015448
10 0.28753443526170797 0.456745623069001 0.010330578512396695 0.012358393408856848
1 0.24586776859504134 0.44979402677651903 0.011019283746556474 0.012873326467559218
1 0.23863636363636365 0.44850669412976313 0.008953168044077135 0.01132852729145211
1 0.2734159779614325 0.45468589083419153 0.009641873278236915 0.012358393408856848
1 0.2930440771349862 0.4588053553038105 0.008953168044077135 0.01132852729145211
1 0.3002754820936639 0.4606076210092688 0.008264462809917356 0.01184346035015448
10 0.3106060606060606 0.46343975283213185 0.01652892561983471 0.007209062821833162
10 0.5378787878787878 0.013130792996910402 0.01652892561983471 0.007723995880535531
10 0.3526170798898072 0.4770854788877446 0.012396694214876033 0.012873326467559218
10 0.34573002754820936 0.47605561277033986 0.009641873278236915 0.01184346035015448
1 0.28615702479338845 0.4673017507723996 0.01859504132231405 0.007723995880535531
10 0.23863636363636365 0.4593202883625129 0.01859504132231405 0.007209062821833162
1 0.26825068870523416 0.4642121524201854 0.01721763085399449 0.007723995880535531
10 0.25413223140495866 0.4624098867147271 0.015151515151515152 0.007209062821833162
1 0.31611570247933884 0.47296601441812564 0.015151515151515152 0.006694129763130793
10 0.5457988980716253 0.5141606591143152 0.011707988980716254 0.014933058702368692
10 0.5568181818181818 0.5164778578784758 0.011707988980716254 0.01132852729145211
10 0.4493801652892562 0.4981977342945417 0.010330578512396695 0.01184346035015448
10 0.36122589531680444 0.483264675592173 0.010330578512396695 0.01184346035015448
10 0.3915289256198347 0.4881565396498455 0.011707988980716254 0.012358393408856848
12 0.803374655647383 0.05973223480947477 0.01997245179063361 0.016477857878475798
1 0.31232782369146006 0.47811534500514935 0.01584022038567493 0.006694129763130793
1 0.16632231404958678 0.46343975283213185 0.011707988980716254 0.012358393408856848
10 0.47830578512396693 0.00592173017507724 0.01584022038567493 0.007723995880535531
5 0.10674931129476584 0.46472708547888775 0.0440771349862259 0.038619979402677654
5 0.14256198347107438 0.4719361483007209 0.0440771349862259 0.036560247167868175
1 0.19042699724517906 0.4824922760041195 0.010330578512396695 0.01132852729145211
1 0.07885674931129477 0.4698764160659114 0.011707988980716254 0.012873326467559218
10 0.7988980716253443 0.6011843460350155 0.023415977961432508 0.009783728115345005
10 0.8164600550964187 0.6045314109165808 0.014462809917355372 0.007209062821833162
10 0.8305785123966942 0.6073635427394438 0.01790633608815427 0.007723995880535531
10 0.49345730027548207 0.010813594232749742 0.01721763085399449 0.008238928939237899
10 0.8288567493112947 0.61302780638517 0.01859504132231405 0.007723995880535531
1 0.1119146005509642 0.4897013388259526 0.011707988980716254 0.013388259526261586
12 0.7520661157024794 0.6027291452111225 0.02203856749311295 0.016992790937178166
12 0.7692837465564738 0.6063336766220392 0.023415977961432508 0.01905252317198764
12 0.8106060606060606 0.6150875386199794 0.01928374655647383 0.01596292481977343
10 0.5626721763085399 0.572605561277034 0.015151515151515152 0.007209062821833162
12 0.7930440771349863 0.6122554067971163 0.024104683195592287 0.017507723995880537
1 0.09779614325068871 0.49253347064881564 0.01790633608815427 0.007723995880535531
10 0.5471763085399449 0.5702883625128733 0.014462809917355372 0.006694129763130793
1 0.8147382920110193 0.06719876416065912 0.008264462809917356 0.010813594232749742
1 0.03202479338842975 0.48712667353244077 0.01721763085399449 0.008238928939237899
10 0.540633608815427 0.5751802265705458 0.01652892561983471 0.008238928939237899
10 0.7661845730027548 0.6176622039134912 0.01584022038567493 0.007723995880535531
10 0.7510330578512396 0.614572605561277 0.01584022038567493 0.006694129763130793
10 0.5216942148760331 0.5756951596292482 0.01721763085399449 0.008238928939237899
10 0.013429752066115703 0.48918640576725025 0.01859504132231405 0.009268795056642637
10 0.18491735537190082 0.5247167868177137 0.011707988980716254 0.01132852729145211
1 0.21694214876033058 0.5326982492276005 0.01790633608815427 0.007723995880535531
1 0.8350550964187328 0.649330587023687 0.01584022038567493 0.007209062821833162
10 0.8140495867768595 0.6477857878475798 0.009641873278236915 0.012358393408856848
10 0.8212809917355371 0.6495880535530381 0.010330578512396695 0.013903192584963954
10 0.011019283746556474 0.5133882595262615 0.01928374655647383 0.008238928939237899
1 0.4772727272727273 0.01184346035015448 0.01652892561983471 0.008238928939237899
10 0.008953168044077135 0.5200823892893924 0.01790633608815427 0.008238928939237899
2 0.3378099173553719 0.5772399588053553 0.39600550964187325 0.09680741503604531
10 0.6935261707988981 0.6390319258496395 0.008264462809917356 0.010298661174047374
1 0.7086776859504132 0.642378990731205 0.011019283746556474 0.01184346035015448
10 0.7007575757575758 0.641091658084449 0.010330578512396695 0.012358393408856848
10 0.7455234159779615 0.6506179196704428 0.011707988980716254 0.01184346035015448
10 0.5065426997245179 0.018280123583934087 0.01721763085399449 0.007723995880535531
5 0.0946969696969697 0.5411946446961895 0.12327823691460055 0.10607621009268794
1 0.7042011019283747 0.6560247167868177 0.008953168044077135 0.01132852729145211
1 0.7761707988980716 0.668898043254377 0.009641873278236915 0.01132852729145211
1 0.6353305785123967 0.6446961894953656 0.05165289256198347 0.037075180226570546
10 0.7682506887052342 0.6673532440782698 0.011707988980716254 0.013388259526261586
1 0.6825068870523416 0.6529351184346035 0.009641873278236915 0.012358393408856848
1 0.7413911845730028 0.663491246138002 0.010330578512396695 0.01184346035015448
1 0.6973140495867769 0.6562821833161689 0.010330578512396695 0.012873326467559218
1 0.6904269972451791 0.654994850669413 0.013085399449035813 0.014418125643666324
1 0.6742424242424242 0.6524201853759012 0.011019283746556474 0.012358393408856848
1 0.8636363636363636 0.6959320288362513 0.009641873278236915 0.01184346035015448
1 0.008608815426997245 0.5491761071060762 0.01721763085399449 0.022142121524201853
1 0.038223140495867766 0.5556127703398558 0.010330578512396695 0.012358393408856848
10 0.7951101928374655 0.6874356333676622 0.014462809917355372 0.007209062821833162
10 0.14738292011019283 0.576725025746653 0.02203856749311295 0.009268795056642637
1 0.7926997245179064 0.6933573635427395 0.01790633608815427 0.008753861997940269
1 0.03512396694214876 0.5687435633367662 0.009641873278236915 0.01184346035015448
1 0.1380853994490358 0.5872811534500515 0.014462809917355372 0.007723995880535531
5 0.6036501377410468 0.6678681771369722 0.0640495867768595 0.03398558187435633
1 0.003443526170798898 0.5666838311019567 0.006887052341597796 0.02008238928939238
1 0.015151515151515152 0.5736354273944387 0.028925619834710745 0.024716786817713696
1 0.7882231404958677 0.7090628218331617 0.01584022038567493 0.007209062821833162
1 0.03202479338842975 0.5792996910401648 0.008953168044077135 0.01132852729145211
1 0.10606060606060606 0.5937178166838311 0.015151515151515152 0.007209062821833162
1 0.08333333333333333 0.5929454170957775 0.011019283746556474 0.012873326467559218
10 0.046831955922865015 0.5875386199794027 0.011019283746556474 0.013388259526261586
10 0.03994490358126722 0.5859938208032955 0.011019283746556474 0.014418125643666324
1 0.6270661157024794 0.6943872296601442 0.01721763085399449 0.008753861997940269
10 0.6108815426997245 0.6918125643666323 0.01790633608815427 0.008753861997940269
1 0.7827134986225895 0.7245108135942327 0.01584022038567493 0.007209062821833162
1 0.5798898071625345 0.690010298661174 0.04132231404958678 0.027806385169927908
2 0.31577134986225897 0.6457260556127703 0.3987603305785124 0.10092687950566426
5 0.7028236914600551 0.7175592173017508 0.17286501377410468 0.12615859938208032
10 0.621900826446281 0.714984552008239 0.015151515151515152 0.006694129763130793
10 0.7803030303030303 0.7438208032955715 0.015151515151515152 0.008753861997940269
10 0.4855371900826446 0.023944387229660143 0.01652892561983471 0.008753861997940269
1 0.6163911845730028 0.7201338825952626 0.01790633608815427 0.008753861997940269
1 0.5950413223140496 0.7167868177136972 0.01652892561983471 0.008238928939237899
1 0.7741046831955923 0.7536045314109165 0.01652892561983471 0.007723995880535531
1 0.7730716253443526 0.7590113285272915 0.01721763085399449 0.008238928939237899
1 0.47555096418732784 0.7088053553038105 0.01721763085399449 0.010813594232749742
10 0.6139807162534435 0.736096807415036 0.01584022038567493 0.007723995880535531
1 0.18836088154269973 0.6637487126673532 0.01721763085399449 0.008238928939237899
10 0.7710055096418733 0.7646755921730175 0.01584022038567493 0.007209062821833162
10 0.5006887052341598 0.028836251287332648 0.011019283746556474 0.01132852729145211
1 0.7834022038567493 0.7687950566426365 0.011707988980716254 0.012358393408856848
1 0.612603305785124 0.7422760041194645 0.014462809917355372 0.006694129763130793
10 0.7930440771349863 0.7734294541709578 0.014462809917355372 0.006179196704428424
10 0.7696280991735537 0.7703398558187435 0.01584022038567493 0.007209062821833162
10 0.7679063360881543 0.7747167868177137 0.015151515151515152 0.006694129763130793
1 0.6084710743801653 0.7474253347064882 0.01859504132231405 0.006694129763130793
10 0.7679063360881543 0.7801235839340885 0.01790633608815427 0.007209062821833162
1 0.7386363636363636 0.7826982492276005 0.01584022038567493 0.007209062821833162
1 0.7055785123966942 0.7814109165808445 0.011707988980716254 0.013903192584963954
1 0.6973140495867769 0.7798661174047374 0.011707988980716254 0.01184346035015448
2 0.29476584022038566 0.7142121524201854 0.4049586776859504 0.10813594232749743
10 0.7379476584022039 0.7906797116374872 0.008953168044077135 0.009783728115345005
10 0.7300275482093664 0.7909371781668383 0.009641873278236915 0.013388259526261586
10 0.6976584022038568 0.790422245108136 0.01652892561983471 0.007209062821833162
10 0.7331267217630854 0.8027806385169928 0.011707988980716254 0.01132852729145211
10 0.7262396694214877 0.801750772399588 0.008953168044077135 0.01132852729145211
10 0.6952479338842975 0.7971163748712667 0.01721763085399449 0.008238928939237899
10 0.7165977961432507 0.8061277033985582 0.011707988980716254 0.012873326467559218
10 0.31577134986225897 0.7384140061791967 0.008953168044077135 0.01132852729145211
1 0.3240358126721763 0.740216271884655 0.010330578512396695 0.012873326467559218
10 0.7482782369146006 0.8138516992790937 0.010330578512396695 0.013903192584963954
1 0.3071625344352617 0.7378990731204943 0.009641873278236915 0.010298661174047374
10 0.727961432506887 0.811534500514933 0.015151515151515152 0.007209062821833162
10 0.003787878787878788 0.6879505664263645 0.007575757575757576 0.008238928939237899
10 0.002066115702479339 0.6936148300720907 0.004132231404958678 0.007209062821833162
1 0.22486225895316805 0.7350669412976313 0.05716253443526171 0.0345005149330587
10 0.5984848484848485 0.8014933058702368 0.012396694214876033 0.01184346035015448
1 0.6408402203856749 0.8117919670442842 0.014462809917355372 0.008753861997940269
10 0.001721763085399449 0.701081359423275 0.003443526170798898 0.008753861997940269
10 0.6222451790633609 0.809989701338826 0.02134986225895317 0.01132852729145211
1 0.39944903581267216 0.7772914521112255 0.01790633608815427 0.007723995880535531
1 0.3236914600550964 0.7646755921730175 0.01790633608815427 0.008238928939237899
1 0.005509641873278237 0.7255406797116375 0.011019283746556474 0.008238928939237899
1 0.01825068870523416 0.7281153450051493 0.01721763085399449 0.008238928939237899
10 0.03340220385674931 0.7314624098867147 0.01721763085399449 0.007723995880535531
10 0.7806473829201102 0.8612255406797117 0.011707988980716254 0.01184346035015448
2 0.275137741046832 0.779351184346035 0.4056473829201102 0.10453141091658084
10 0.4641873278236915 0.03321318228630278 0.01790633608815427 0.008753861997940269
10 0.5334022038567493 0.8375386199794027 0.01721763085399449 0.007723995880535531
10 0.5492424242424242 0.8403707518022657 0.01584022038567493 0.007209062821833162
1 0.8057851239669421 0.8877445932028837 0.009641873278236915 0.012358393408856848
1 0.6208677685950413 0.8578784757981462 0.011707988980716254 0.012358393408856848
10 0.5977961432506887 0.8573635427394438 0.011019283746556474 0.013388259526261586
1 0.6129476584022039 0.8601956745623069 0.009641873278236915 0.01184346035015448
10 0.6370523415977961 0.864572605561277 0.015151515151515152 0.007209062821833162
10 0.5912534435261708 0.8565911431513903 0.010330578512396695 0.013903192584963954
10 0.5509641873278237 0.8504119464469619 0.009641873278236915 0.01184346035015448
10 0.5158402203856749 0.8444902162718847 0.008264462809917356 0.01132852729145211
1 0.5241046831955923 0.8457775489186405 0.009641873278236915 0.01184346035015448
1 0.5385674931129476 0.8483522142121525 0.008264462809917356 0.010813594232749742
10 0.5316804407713499 0.8470648815653965 0.011019283746556474 0.01132852729145211
1 0.5444214876033058 0.8498970133882595 0.008953168044077135 0.01184346035015448
10 0.709366391184573 0.8782183316168898 0.015151515151515152 0.007723995880535531
1 0.5079201101928374 0.84346035015448 0.011707988980716254 0.013388259526261586
10 0.6511707988980716 0.8681771369721936 0.014462809917355372 0.006179196704428424
10 0.6256887052341598 0.8653450051493305 0.010330578512396695 0.012873326467559218
1 0.05096418732782369 0.768022657054583 0.01928374655647383 0.009783728115345005
10 0.4273415977961432 0.02832131822863028 0.010330578512396695 0.012358393408856848
10 0.43388429752066116 0.0296086508753862 0.011019283746556474 0.01184346035015448
10 0.49931129476584024 0.8568486096807415 0.015151515151515152 0.008238928939237899
1 0.4986225895316804 0.861740473738414 0.015151515151515152 0.006694129763130793
10 0.48037190082644626 0.858908341915551 0.01721763085399449 0.008238928939237899
10 0.6584022038567493 0.8898043254376931 0.01928374655647383 0.009268795056642637
10 0.6367079889807162 0.8864572605561277 0.01721763085399449 0.007723995880535531
1 0.4975895316804408 0.8676622039134912 0.014462809917355372 0.006179196704428424
10 0.4800275482093664 0.864572605561277 0.013774104683195593 0.006179196704428424
10 0.6353305785123967 0.8918640576725025 0.01721763085399449 0.008238928939237899
5 0.025137741046831957 0.7855303810504635 0.05027548209366391 0.1004119464469619
10 0.6336088154269972 0.899330587023687 0.01652892561983471 0.007723995880535531
10 0.6308539944903582 0.904994850669413 0.015151515151515152 0.006694129763130793
5 0.5606060606060606 0.895211122554068 0.1418732782369146 0.08908341915550978
1 0.038911845730027546 0.8105046343975283 0.01584022038567493 0.007209062821833162
2 0.25447658402203854 0.8483522142121525 0.3973829201101928 0.10865087538619979
10 0.6298209366391184 0.9129763130792997 0.01721763085399449 0.007209062821833162
10 0.6274104683195593 0.9201853759011328 0.01652892561983471 0.007209062821833162
10 0.6260330578512396 0.9266220391349125 0.01652892561983471 0.007723995880535531
1 0.058195592286501376 0.8341915550978373 0.01721763085399449 0.008238928939237899
1 0.1384297520661157 0.853244078269825 0.01652892561983471 0.007209062821833162
10 0.058884297520661155 0.8401132852729145 0.01584022038567493 0.007723995880535531
10 0.12258953168044077 0.8509268795056643 0.01652892561983471 0.007723995880535531
1 0.6201790633608816 0.9379505664263645 0.01721763085399449 0.007723995880535531
1 0.1356749311294766 0.8581359423274975 0.015151515151515152 0.006694129763130793
1 0.014118457300275482 0.8375386199794027 0.01721763085399449 0.007723995880535531
10 0.12086776859504132 0.856076210092688 0.01584022038567493 0.006694129763130793
1 0.1346418732782369 0.86302780638517 0.014462809917355372 0.006179196704428424
10 0.42803030303030304 0.913491246138002 0.01584022038567493 0.007209062821833162
10 0.11949035812672176 0.8614830072090628 0.01584022038567493 0.007209062821833162
10 0.5764462809917356 0.9402677651905252 0.009641873278236915 0.010298661174047374
1 0.7820247933884298 0.9757981462409887 0.010330578512396695 0.013388259526261586
1 0.5833333333333334 0.9418125643666323 0.009641873278236915 0.010298661174047374
10 0.6429063360881543 0.9523686920700309 0.010330578512396695 0.012873326467559218
1 0.5685261707988981 0.9402677651905252 0.008953168044077135 0.01132852729145211
10 0.5334022038567493 0.9340885684860968 0.010330578512396695 0.013388259526261586
1 0.5612947658402204 0.9389804325437693 0.009641873278236915 0.01184346035015448
10 0.41391184573002754 0.913491246138002 0.01790633608815427 0.008238928939237899
10 0.5988292011019284 0.9459320288362513 0.011707988980716254 0.013388259526261586
1 0.5912534435261708 0.9446446961894953 0.011707988980716254 0.01184346035015448
10 0.5265151515151515 0.9335736354273945 0.008953168044077135 0.01132852729145211
10 0.5203168044077136 0.9328012358393409 0.010330578512396695 0.012873326467559218
1 0.5130853994490359 0.931513903192585 0.009641873278236915 0.01132852729145211
1 0.13257575757575757 0.868692070030896 0.01584022038567493 0.007209062821833162
10 0.1181129476584022 0.8661174047373842 0.01584022038567493 0.007209062821833162
10 0.7493112947658402 0.9760556127703398 0.009641873278236915 0.01184346035015448
10 0.5798898071625345 0.9503089598352215 0.01652892561983471 0.007723995880535531
10 0.5099862258953168 0.940010298661174 0.014462809917355372 0.007723995880535531
1 0.03787878787878788 0.8596807415036045 0.01652892561983471 0.007723995880535531
10 0.5581955922865014 0.951081359423275 0.008953168044077135 0.01132852729145211
10 0.42699724517906334 0.03759011328527292 0.01790633608815427 0.007209062821833162
10 0.565771349862259 0.9521112255406797 0.008953168044077135 0.01132852729145211
10 0.5785123966942148 0.9562306900102987 0.01790633608815427 0.007209062821833162
1 0.03650137741046832 0.8722966014418125 0.01652892561983471 0.008238928939237899
1 0.734504132231405 0.9976828012358393 0.01584022038567493 0.003604531410916581
2 0.23484848484848486 0.9183831101956745 0.4049586776859504 0.10968074150360453
10 0.4424931129476584 0.04248197734294542 0.01584022038567493 0.007723995880535531
10 0.6673553719008265 0.994335736354274 0.011019283746556474 0.010298661174047374
10 0.490702479338843 0.9660144181256437 0.010330578512396695 0.01132852729145211
1 0.003443526170798898 0.8815653964984552 0.006887052341597796 0.007209062821833162
10 0.4820936639118457 0.9652420185375901 0.011019283746556474 0.01184346035015448
1 0.6738980716253443 0.9974253347064882 0.010330578512396695 0.004119464469618949
1 0.0024104683195592287 0.8867147270854789 0.0048209366391184574 0.007209062821833162
1 0.002066115702479339 0.8918640576725025 0.004132231404958678 0.007209062821833162
10 0.4800275482093664 0.9757981462409887 0.009641873278236915 0.012358393408856848
10 0.4869146005509642 0.9783728115345005 0.011019283746556474 0.012358393408856848
10 0.5630165289256198 0.9945932028836252 0.010330578512396695 0.009783728115345005
10 0.556129476584022 0.994335736354274 0.007575757575757576 0.010298661174047374
1 0.008264462809917356 0.904994850669413 0.015151515151515152 0.006694129763130793
1 0.007231404958677686 0.9104016477857878 0.014462809917355372 0.007209062821833162
1 0.0065426997245179065 0.9158084449021627 0.013085399449035813 0.007723995880535531
1 0.006198347107438017 0.9201853759011328 0.012396694214876033 0.008238928939237899
10 0.3085399449035813 0.9732234809474768 0.015151515151515152 0.013388259526261586
1 0.005165289256198347 0.9250772399588053 0.010330578512396695 0.006694129763130793
10 0.24311294765840222 0.016477857878475798 0.012396694214876033 0.013388259526261586
10 0.2162534435261708 0.016735324407826983 0.01928374655647383 0.008753861997940269
10 0.6959366391184573 0.10247167868177137 0.01859504132231405 0.008238928939237899
10 0.6642561983471075 0.0970648815653965 0.01859504132231405 0.010813594232749742
10 0.681129476584022 0.1004119464469619 0.013774104683195593 0.007209062821833162
10 0.212465564738292 0.023429454170957775 0.01859504132231405 0.007723995880535531
10 0.2396694214876033 0.028836251287332648 0.011019283746556474 0.013388259526261586
10 0.21143250688705234 0.028836251287332648 0.01790633608815427 0.007209062821833162
1 0.6642561983471075 0.12718846549948506 0.010330578512396695 0.01132852729145211
1 0.5320247933884298 0.15370751802265706 0.014462809917355372 0.018022657054582905
10 0.5034435261707989 0.15525231719876417 0.01652892561983471 0.007723995880535531
10 0.5172176308539945 0.15731204943357363 0.015151515151515152 0.006694129763130793
1 0.2465564738292011 0.12023686920700309 0.009641873278236915 0.012873326467559218
1 0.296831955922865 0.13105046343975282 0.012396694214876033 0.01596292481977343
5 0.2699724517906336 0.1315653964984552 0.05096418732782369 0.0427394438722966
1 0.24311294765840222 0.13079299691040164 0.009641873278236915 0.010298661174047374
1 0.40771349862258954 0.1678681771369722 0.008264462809917356 0.009268795056642637
10 0.28856749311294766 0.14830072090628219 0.013774104683195593 0.012358393408856848
10 0.2403581267217631 0.14418125643666324 0.013774104683195593 0.016477857878475798
10 0.27479338842975204 0.15705458290422245 0.024793388429752067 0.012358393408856848
1 0.4418044077134986 0.1910401647785788 0.011707988980716254 0.013388259526261586
1 0.44800275482093666 0.19284243048403707 0.010330578512396695 0.012873326467559218
10 0.27479338842975204 0.1678681771369722 0.011019283746556474 0.012358393408856848
10 0.43732782369146006 0.20133882595262617 0.01652892561983471 0.008238928939237899
1 0.4287190082644628 0.2057157569515963 0.01721763085399449 0.007723995880535531
12 0.24414600550964188 0.1907826982492276 0.07231404958677685 0.05818743563336766
2 0.9015151515151515 0.33135942327497425 0.19559228650137742 0.5288362512873327
2 0.8140495867768595 0.319773429454171 0.22865013774104684 0.5406797116374872
2 0.8622589531680441 0.3339340885684861 0.20798898071625344 0.547373841400618
10 0.25068870523415976 0.2255406797116375 0.01790633608815427 0.008238928939237899
12 0.2196969696969697 0.2399588053553038 0.048209366391184574 0.04943357363542739
12 0.7792699724517906 0.04145211122554068 0.06129476584022039 0.022142121524201853
10 0.15323691460055097 0.24974253347064881 0.01584022038567493 0.007209062821833162
1 0.1518595041322314 0.25437693099897013 0.01584022038567493 0.007209062821833162
1 0.16425619834710745 0.25746652935118436 0.010330578512396695 0.012358393408856848
10 0.9566115702479339 0.40731204943357363 0.015151515151515152 0.007209062821833162
10 0.821625344352617 0.04685890834191555 0.009641873278236915 0.009268795056642637
10 0.9555785123966942 0.41246138002059735 0.01584022038567493 0.007209062821833162
1 0.9545454545454546 0.41735324407826985 0.015151515151515152 0.006694129763130793
1 0.953168044077135 0.4232749742533471 0.015151515151515152 0.007209062821833162
1 0.9514462809917356 0.4289392378990731 0.01721763085399449 0.007209062821833162