12 0.359472049689441 0.45849056603773586 0.009834368530020704 0.012578616352201259
10 0.3465320910973085 0.4638364779874214 0.0036231884057971015 0.009433962264150943
10 0.34057971014492755 0.4660377358490566 0.007246376811594203 0.013836477987421384
1 0.656832298136646 0.39245283018867927 0.007246376811594203 0.006289308176100629
1 0.7057453416149069 0.3808176100628931 0.0036231884057971015 0.009433962264150943
1 0.6138716356107661 0.40943396226415096 0.005175983436853002 0.010062893081761006
1 0.6076604554865425 0.4119496855345912 0.005175983436853002 0.011320754716981131
1 0.7254140786749482 0.3858490566037736 0.005693581780538302 0.00440251572327044
10 0.40993788819875776 0.4619496855345912 0.011387163561076604 0.009433962264150943
1 0.28390269151138714 0.4918238993710692 0.03467908902691511 0.04654088050314465
10 0.34886128364389235 0.4779874213836478 0.008281573498964804 0.013836477987421384
1 0.3553312629399586 0.4767295597484277 0.007763975155279503 0.013836477987421384
1 0.07945134575569358 0.5418238993710692 0.03778467908902691 0.04213836477987421
10 0.3434265010351967 0.480188679245283 0.004658385093167702 0.009433962264150943
1 0.44642857142857145 0.45723270440251573 0.04089026915113872 0.04654088050314465
10 0.4109730848861284 0.4691823899371069 0.011387163561076604 0.00880503144654088
10 0.4249482401656315 0.4729559748427673 0.012422360248447204 0.00880503144654088
10 0.41200828157349895 0.4770440251572327 0.012422360248447204 0.009433962264150943
1 0.5949792960662525 0.44150943396226416 0.005693581780538302 0.006289308176100629
10 0.42598343685300205 0.4827044025157233 0.011387163561076604 0.008176100628930818
10 0.4135610766045549 0.4861635220125786 0.012422360248447204 0.010062893081761006
5 0.3579192546583851 0.5025157232704403 0.023291925465838508 0.018867924528301886
10 0.4280538302277433 0.49056603773584906 0.012422360248447204 0.00880503144654088
10 0.4161490683229814 0.49433962264150944 0.012422360248447204 0.010062893081761006
1 0.2122153209109731 0.54937106918239 0.013457556935817806 0.011949685534591196
1 0.14440993788819875 0.5672955974842767 0.013457556935817806 0.011320754716981131
10 0.5750517598343685 0.46635220125786164 0.009316770186335404 0.015723270440251572
1 0.5822981366459627 0.46540880503144655 0.008281573498964804 0.01509433962264151
1 0.5667701863354038 0.46949685534591196 0.004140786749482402 0.009433962264150943
1 0.16563146997929606 0.5679245283018868 0.011387163561076604 0.010062893081761006
5 0.9754140786749482 0.3776729559748428 0.018115942028985508 0.03207547169811321
10 0.3475672877846791 0.5283018867924528 0.007763975155279503 0.016352201257861635
10 0.41770186335403725 0.5125786163522013 0.009316770186335404 0.007547169811320755
10 0.3734472049689441 0.5245283018867924 0.008799171842650104 0.01509433962264151
5 0.9169254658385093 0.3977987421383648 0.021221532091097308 0.020754716981132074
1 0.5921325051759835 0.47955974842767296 0.008281573498964804 0.013207547169811321
1 0.5561594202898551 0.48836477987421384 0.0036231884057971015 0.008176100628930818
10 0.5646997929606625 0.48647798742138365 0.007246376811594203 0.014465408805031447
10 0.5509834368530021 0.490251572327044 0.008799171842650104 0.015723270440251572
1 0.5706521739130435 0.48553459119496856 0.008799171842650104 0.01509433962264151
1 0.5846273291925466 0.4820754716981132 0.009834368530020704 0.016981132075471698
1 0.9324534161490683 0.4018867924528302 0.0036231884057971015 0.00880503144654088
10 0.42028985507246375 0.5248427672955975 0.011387163561076604 0.010691823899371069
1 0.37681159420289856 0.5408805031446541 0.009316770186335404 0.006289308176100629
1 0.8889751552795031 0.42044025157232706 0.004658385093167702 0.011949685534591196
10 0.42080745341614906 0.5320754716981132 0.011387163561076604 0.00880503144654088
10 0.37732919254658387 0.5484276729559748 0.012422360248447204 0.00880503144654088
10 0.5641821946169773 0.509119496855346 0.008281573498964804 0.005660377358490566
1 0.37836438923395443 0.5553459119496855 0.012422360248447204 0.00880503144654088
1 0.968944099378882 0.4188679245283019 0.005175983436853002 0.007547169811320755
12 0.9808488612836439 0.4166666666666667 0.010351966873706004 0.013207547169811321
1 0.8910455486542443 0.43836477987421385 0.004658385093167702 0.007547169811320755
1 0.8043478260869565 0.4591194968553459 0.003105590062111801 0.00880503144654088
1 0.957815734989648 0.4226415094339623 0.002587991718426501 0.007547169811320755
1 0.8325569358178054 0.4528301886792453 0.0036231884057971015 0.011320754716981131
1 0.8387681159420289 0.4518867924528302 0.0036231884057971015 0.008176100628930818
1 0.8452380952380952 0.45031446540880504 0.004140786749482402 0.00880503144654088
1 0.4280538302277433 0.549685534591195 0.011387163561076604 0.00880503144654088
1 0.9029503105590062 0.4377358490566038 0.004658385093167702 0.010062893081761006
10 0.37888198757763975 0.5619496855345912 0.011387163561076604 0.008176100628930818
1 0.8535196687370601 0.45 0.006211180124223602 0.010691823899371069
10 0.4412525879917184 0.5540880503144654 0.013975155279503106 0.010062893081761006
10 0.5696169772256728 0.5254716981132076 0.0036231884057971015 0.009433962264150943
10 0.5822981366459627 0.5223270440251573 0.004140786749482402 0.008176100628930818
10 0.37991718426501037 0.570440251572327 0.010351966873706004 0.007547169811320755
1 0.5763457556935818 0.5235849056603774 0.007763975155279503 0.015723270440251572
10 0.5626293995859213 0.5279874213836478 0.004140786749482402 0.010691823899371069
10 0.5530538302277432 0.530188679245283 0.008799171842650104 0.013836477987421384
10 0.5463250517598344 0.5320754716981132 0.008799171842650104 0.01509433962264151
10 0.5393374741200828 0.5339622641509434 0.008281573498964804 0.01509433962264151
1 0.7828674948240165 0.4770440251572327 0.004658385093167702 0.011949685534591196
1 0.2670807453416149 0.599685534591195 0.008281573498964804 0.014465408805031447
1 0.24353002070393376 0.6056603773584905 0.007763975155279503 0.01509433962264151
1 0.25 0.6044025157232704 0.009316770186335404 0.016352201257861635
1 0.29218426501035194 0.5955974842767295 0.015010351966873706 0.022641509433962263
1 0.23731884057971014 0.6081761006289308 0.009834368530020704 0.016352201257861635
1 0.7895962732919255 0.47830188679245284 0.0036231884057971015 0.010691823899371069
1 0.8002070393374742 0.4761006289308176 0.004140786749482402 0.007547169811320755
10 0.442287784679089 0.560377358490566 0.012939958592132506 0.00880503144654088
10 0.38250517598343686 0.5767295597484277 0.010351966873706004 0.007547169811320755
1 0.2267080745341615 0.6138364779874214 0.015527950310559006 0.022641509433962263
1 0.44332298136645965 0.5688679245283019 0.013975155279503106 0.011949685534591196
12 0.02769151138716356 0.6676100628930818 0.012939958592132506 0.014465408805031447
1 0.38354037267080743 0.5845911949685535 0.011387163561076604 0.009433962264150943
1 0.33954451345755693 0.5952830188679246 0.008281573498964804 0.015723270440251572
1 0.3522256728778468 0.5918238993710692 0.007763975155279503 0.01761006289308176
1 0.3465320910973085 0.5937106918238994 0.007763975155279503 0.016352201257861635
1 0.3584368530020704 0.5908805031446541 0.008799171842650104 0.016981132075471698
12 0.042443064182194616 0.6660377358490566 0.016563146997929608 0.021383647798742137
1 0.5716873706004141 0.5408805031446541 0.007763975155279503 0.01509433962264151
1 0.5789337474120083 0.539622641509434 0.008799171842650104 0.016352201257861635
1 0.2991718426501035 0.6116352201257862 0.008281573498964804 0.014465408805031447
1 0.29270186335403725 0.6154088050314466 0.009834368530020704 0.016981132075471698
10 0.4917184265010352 0.5688679245283019 0.010351966873706004 0.005660377358490566
1 0.2776915113871636 0.619182389937107 0.008799171842650104 0.015723270440251572
10 0.25854037267080743 0.6242138364779874 0.008799171842650104 0.018238993710691823
1 0.5031055900621118 0.569496855345912 0.009316770186335404 0.016981132075471698
5 0.08462732919254658 0.6688679245283019 0.07401656314699794 0.08993710691823899
10 0.5799689440993789 0.5522012578616352 0.0036231884057971015 0.00880503144654088
10 0.5734989648033126 0.5537735849056604 0.005175983436853002 0.009433962264150943
1 0.5561594202898551 0.560062893081761 0.03364389233954451 0.04339622641509434
10 0.4922360248447205 0.5761006289308176 0.006211180124223602 0.005031446540880503
12 0.031314699792960664 0.6864779874213837 0.016045548654244308 0.023270440251572325
12 0.044772256728778465 0.6833333333333333 0.016045548654244308 0.020754716981132074
1 0.3605072463768116 0.6166666666666667 0.006728778467908903 0.013207547169811321
1 0.35455486542443065 0.6185534591194969 0.008281573498964804 0.015723270440251572
1 0.3804347826086957 0.6154088050314466 0.038302277432712216 0.04591194968553459
1 0.5830745341614907 0.5682389937106919 0.008799171842650104 0.014465408805031447
1 0.23110766045548653 0.6578616352201258 0.008799171842650104 0.006289308176100629
1 0.9782608695652174 0.49150943396226415 0.039337474120082816 0.04591194968553459
12 0.03597308488612837 0.7157232704402515 0.016045548654244308 0.018867924528301886
1 0.5641821946169773 0.5993710691823899 0.038302277432712216 0.04150943396226415
10 0.11283643892339544 0.7116352201257862 0.013457556935817806 0.010691823899371069
10 0.09756728778467909 0.7157232704402515 0.011904761904761904 0.011320754716981131
10 0.05641821946169772 0.7261006289308176 0.011387163561076604 0.009433962264150943
1 0.08462732919254658 0.719811320754717 0.015010351966873706 0.011949685534591196
12 0.03907867494824017 0.7339622641509433 0.015010351966873706 0.02389937106918239
10 0.19280538302277433 0.6981132075471698 0.005693581780538302 0.005031446540880503
1 0.36749482401656314 0.6578616352201258 0.010351966873706004 0.006289308176100629
5 0.5036231884057971 0.6257861635220126 0.022774327122153208 0.027672955974842768
1 0.3517080745341615 0.6622641509433962 0.012939958592132506 0.007547169811320755
1 0.1125776397515528 0.7213836477987421 0.015010351966873706 0.012578616352201259
1 0.35429606625258797 0.6676100628930818 0.012939958592132506 0.009433962264150943
1 0.3677536231884058 0.6650943396226415 0.009834368530020704 0.008176100628930818
10 0.2334368530020704 0.7009433962264151 0.008281573498964804 0.005660377358490566
10 0.35610766045548653 0.6754716981132075 0.007246376811594203 0.0037735849056603774
10 0.36801242236024845 0.6735849056603773 0.005175983436853002 0.0025157232704402514
1 0.9836956521739131 0.5289308176100629 0.03157349896480331 0.04779874213836478
1 0.4552277432712215 0.6578616352201258 0.030538302277432712 0.03773584905660377
1 0.875 0.559748427672956 0.03571428571428571 0.04025157232704402
1 0.35688405797101447 0.6823899371069182 0.006728778467908903 0.0037735849056603774
10 0.3087474120082816 0.04874213836477988 0.005693581780538302 0.0031446540880503146
1 0.19901656314699792 0.7257861635220125 0.006728778467908903 0.005031446540880503
1 0.3563664596273292 0.689622641509434 0.006728778467908903 0.00440251572327044
1 0.3222049689440994 0.04591194968553459 0.009834368530020704 0.007547169811320755
10 0.24560041407867494 0.06415094339622641 0.008799171842650104 0.006289308176100629
1 0.2580227743271222 0.061949685534591195 0.008799171842650104 0.006918238993710692
10 0.2303312629399586 0.730503144654088 0.005175983436853002 0.00440251572327044
1 0.9477225672877847 0.5723270440251572 0.004140786749482402 0.007547169811320755
10 0.9358178053830227 0.5754716981132075 0.005175983436853002 0.011320754716981131
10 0.2334368530020704 0.7415094339622641 0.006211180124223602 0.0037735849056603774
10 0.8858695652173914 0.5877358490566038 0.002587991718426501 0.008176100628930818
1 0.5261387163561076 0.6726415094339623 0.028467908902691512 0.035849056603773584
10 0.7898550724637681 0.6103773584905661 0.004140786749482402 0.008176100628930818
10 0.9158902691511387 0.580503144654088 0.0036231884057971015 0.00880503144654088
10 0.8931159420289855 0.5864779874213837 0.0036231884057971015 0.009433962264150943
10 0.6845238095238095 0.6358490566037736 0.0036231884057971015 0.007547169811320755
10 0.817287784679089 0.6053459119496856 0.005175983436853002 0.009433962264150943
1 0.9417701863354038 0.5757861635220126 0.005693581780538302 0.009433962264150943
10 0.7833850931677019 0.6135220125786164 0.004658385093167702 0.009433962264150943
10 0.7021221532091098 0.6333333333333333 0.002587991718426501 0.006289308176100629
10 0.6617494824016563 0.6427672955974842 0.0036231884057971015 0.00880503144654088
10 0.8108178053830227 0.6072327044025158 0.004658385093167702 0.010691823899371069
10 0.578416149068323 0.6622641509433962 0.002587991718426501 0.007547169811320755
10 0.6953933747412008 0.6349056603773585 0.0036231884057971015 0.009433962264150943
10 0.6899585921325052 0.6361635220125786 0.003105590062111801 0.009433962264150943
10 0.2204968944099379 0.7471698113207547 0.007246376811594203 0.0037735849056603774
10 0.6570910973084886 0.6443396226415095 0.002587991718426501 0.006918238993710692
10 0.6317287784679089 0.6506289308176101 0.0036231884057971015 0.008176100628930818
10 0.3630952380952381 0.7144654088050314 0.005693581780538302 0.005031446540880503
10 0.5833333333333334 0.6625786163522013 0.004140786749482402 0.010691823899371069
10 0.57324016563147 0.6654088050314465 0.002587991718426501 0.007547169811320755
10 0.6366459627329193 0.650314465408805 0.003105590062111801 0.00880503144654088
10 0.7590579710144928 0.6216981132075472 0.002587991718426501 0.008176100628930818
10 0.7259316770186336 0.630817610062893 0.002587991718426501 0.007547169811320755
10 0.7210144927536232 0.6327044025157232 0.003105590062111801 0.007547169811320755
10 0.7140269151138716 0.6349056603773585 0.002587991718426501 0.009433962264150943
10 0.23395445134575568 0.7484276729559748 0.006211180124223602 0.0037735849056603774
10 0.7083333333333334 0.6361635220125786 0.0036231884057971015 0.009433962264150943
10 0.22179089026915114 0.7559748427672957 0.007763975155279503 0.006289308176100629
10 0.45134575569358176 0.7022012578616352 0.008281573498964804 0.005660377358490566
10 0.46506211180124224 0.7 0.005693581780538302 0.0037735849056603774
10 0.23576604554865424 0.7547169811320755 0.005693581780538302 0.0037735849056603774
10 0.22153209109730848 0.7619496855345912 0.005175983436853002 0.0031446540880503146
10 0.4666149068322981 0.7062893081761006 0.006728778467908903 0.0037735849056603774
10 0.45134575569358176 0.7094339622641509 0.005175983436853002 0.0025157232704402514
10 0.2375776397515528 0.7641509433962265 0.006211180124223602 0.005031446540880503
10 0.22230848861283645 0.7679245283018868 0.007763975155279503 0.005031446540880503
1 0.4673913043478261 0.7135220125786164 0.009316770186335404 0.005660377358490566
10 0.45445134575569357 0.7172955974842767 0.008281573498964804 0.005660377358490566
1 0.17261904761904762 0.08584905660377358 0.006728778467908903 0.013207547169811321
10 0.23809523809523808 0.769496855345912 0.008281573498964804 0.006918238993710692
10 0.22437888198757763 0.7764150943396226 0.007763975155279503 0.005660377358490566
1 0.1596790890269151 0.0889937106918239 0.005693581780538302 0.013207547169811321
1 0.16563146997929606 0.0880503144654088 0.006211180124223602 0.012578616352201259
1 0.17701863354037267 0.08584905660377358 0.006211180124223602 0.013207547169811321
1 0.06159420289855073 0.8157232704402516 0.003105590062111801 0.00880503144654088
10 0.08566252587991718 0.810377358490566 0.0036231884057971015 0.008176100628930818
10 0.09627329192546584 0.8081761006289309 0.006211180124223602 0.010062893081761006
1 0.09135610766045549 0.810062893081761 0.005693581780538302 0.012578616352201259
1 0.4531573498964803 0.7251572327044025 0.005693581780538302 0.005031446540880503
10 0.468944099378882 0.7226415094339622 0.007246376811594203 0.005031446540880503
10 0.23964803312629399 0.7773584905660378 0.007246376811594203 0.005031446540880503
10 0.307712215320911 0.7613207547169811 0.0036231884057971015 0.006918238993710692
1 0.31314699792960665 0.7606918238993711 0.004140786749482402 0.008176100628930818
1 0.15372670807453417 0.09119496855345911 0.006211180124223602 0.012578616352201259
1 0.18918219461697722 0.08270440251572327 0.006728778467908903 0.014465408805031447
10 0.29632505175983437 0.7657232704402516 0.0036231884057971015 0.009433962264150943
10 0.3022774327122153 0.7650943396226415 0.004140786749482402 0.009433962264150943
1 0.21428571428571427 0.7864779874213836 0.006211180124223602 0.00440251572327044
10 0.2277432712215321 0.7839622641509434 0.007246376811594203 0.00440251572327044
1 0.19099378881987578 0.7930817610062894 0.027950310559006212 0.031446540880503145
1 0.4699792960662526 0.730503144654088 0.006211180124223602 0.00440251572327044
10 0.3781055900621118 0.7525157232704403 0.004658385093167702 0.009433962264150943
10 0.3713768115942029 0.7547169811320755 0.002587991718426501 0.006289308176100629
10 0.2412008281573499 0.7858490566037736 0.006211180124223602 0.00440251572327044
10 0.3584368530020704 0.7584905660377359 0.004658385093167702 0.00880503144654088
10 0.36542443064182195 0.7566037735849057 0.004140786749482402 0.010062893081761006
1 0.16563146997929606 0.8050314465408805 0.004140786749482402 0.010062893081761006
1 0.2634575569358178 0.7858490566037736 0.007246376811594203 0.011949685534591196
1 0.24249482401656314 0.7924528301886793 0.011904761904761904 0.006289308176100629
1 0.3082298136645963 0.05660377358490566 0.007763975155279503 0.006289308176100629
1 0.47127329192546585 0.7389937106918238 0.007763975155279503 0.006289308176100629
1 0.07479296066252587 0.8364779874213837 0.025362318840579712 0.028930817610062894
10 0.24767080745341616 0.0720125786163522 0.008799171842650104 0.006918238993710692
1 0.2277432712215321 0.8072327044025157 0.011387163561076604 0.015723270440251572
10 0.26009316770186336 0.06918238993710692 0.006728778467908903 0.005031446540880503
10 0.20781573498964803 0.8235849056603773 0.006728778467908903 0.005660377358490566
10 0.22075569358178054 0.8207547169811321 0.005693581780538302 0.0037735849056603774
1 0.23421325051759834 0.8226415094339623 0.005693581780538302 0.010062893081761006
1 0.20988612836438925 0.830503144654088 0.006728778467908903 0.005660377358490566
10 0.22334368530020704 0.8289308176100629 0.005693581780538302 0.0037735849056603774
1 0.2111801242236025 0.8383647798742139 0.005175983436853002 0.0037735849056603774
1 0.2127329192546584 0.8474842767295597 0.006211180124223602 0.00440251572327044
10 0.3136645962732919 0.8364779874213837 0.014492753623188406 0.016352201257861635
10 0.21325051759834368 0.8685534591194969 0.005175983436853002 0.010062893081761006
1 0.08462732919254658 0.9072327044025157 0.028467908902691512 0.030817610062893082
1 0.322463768115942 0.0610062893081761 0.009316770186335404 0.006289308176100629
10 0.26164596273291924 0.07610062893081761 0.007763975155279503 0.005031446540880503
1 0.20212215320910973 0.9047169811320754 0.011904761904761904 0.006918238993710692
1 0.14544513457556935 0.9207547169811321 0.016563146997929608 0.00880503144654088
1 0.18530020703933747 0.9128930817610063 0.015527950310559006 0.011949685534591196
1 0.04943064182194617 0.1279874213836478 0.008799171842650104 0.005660377358490566
1 0.06366459627329192 0.9424528301886792 0.005175983436853002 0.006918238993710692
1 0.2028985507246377 0.9128930817610063 0.008281573498964804 0.006918238993710692
1 0.14492753623188406 0.9289308176100629 0.008281573498964804 0.005031446540880503
1 0.9839544513457557 0.7437106918238994 0.008281573498964804 0.008176100628930818
10 0.21609730848861283 0.9286163522012578 0.005693581780538302 0.005660377358490566
1 0.1306935817805383 0.9556603773584905 0.005693581780538302 0.00440251572327044
10 0.1193064182194617 0.9666666666666667 0.011904761904761904 0.02389937106918239
10 0.1327639751552795 0.9644654088050314 0.006728778467908903 0.005660377358490566
1 0.57324016563147 0.8635220125786164 0.03674948240165631 0.04150943396226415
10 0.1322463768115942 0.9720125786163522 0.006728778467908903 0.0031446540880503146
10 0.13405797101449277 0.9779874213836478 0.005175983436853002 0.0037735849056603774
1 0.9616977225672878 0.7842767295597485 0.007246376811594203 0.00880503144654088
1 0.8540372670807453 0.8110062893081761 0.005175983436853002 0.009433962264150943
1 0.980072463768116 0.7817610062893082 0.005693581780538302 0.013836477987421384
1 0.9730848861283644 0.7839622641509434 0.006211180124223602 0.013207547169811321
1 0.9252070393374742 0.7949685534591195 0.004658385093167702 0.00880503144654088
1 0.8421325051759835 0.8147798742138365 0.008281573498964804 0.014465408805031447
1 0.9484989648033126 0.790251572327044 0.004658385093167702 0.008176100628930818
1 0.9868012422360248 0.7811320754716982 0.006728778467908903 0.016352201257861635
1 0.8791407867494824 0.8062893081761007 0.005693581780538302 0.010062893081761006
1 0.8115942028985508 0.8226415094339623 0.005175983436853002 0.00880503144654088
1 0.9013975155279503 0.8015723270440251 0.005693581780538302 0.009433962264150943
1 0.9130434782608695 0.79937106918239 0.005175983436853002 0.00880503144654088
1 0.735248447204969 0.8411949685534591 0.010869565217391304 0.01949685534591195
1 0.10533126293995859 0.989937106918239 0.015010351966873706 0.010062893081761006
1 0.9381469979296067 0.7933962264150943 0.0036231884057971015 0.009433962264150943
1 0.09161490683229814 0.9930817610062893 0.007246376811594203 0.006289308176100629
1 0.889751552795031 0.8047169811320755 0.004140786749482402 0.009433962264150943
1 0.7875258799171843 0.829559748427673 0.004658385093167702 0.007547169811320755
1 0.8312629399585921 0.819496855345912 0.009316770186335404 0.013836477987421384
1 0.8664596273291926 0.8110062893081761 0.008281573498964804 0.013207547169811321
1 0.7745859213250518 0.8333333333333334 0.004658385093167702 0.01509433962264151
1 0.7010869565217391 0.85062893081761 0.008799171842650104 0.016981132075471698
1 0.6645962732919255 0.8594339622641509 0.008281573498964804 0.014465408805031447
1 0.7223084886128365 0.8455974842767295 0.007763975155279503 0.014465408805031447
1 0.818064182194617 0.8226415094339623 0.010869565217391304 0.013836477987421384
10 0.13535196687370601 0.9839622641509433 0.004658385093167702 0.0031446540880503146
1 0.6314699792960663 0.8672955974842768 0.007246376811594203 0.012578616352201259
1 0.640527950310559 0.8654088050314466 0.009834368530020704 0.016352201257861635
1 0.6772774327122153 0.8566037735849057 0.009834368530020704 0.01761006289308176
1 0.6076604554865425 0.8732704402515723 0.006211180124223602 0.015723270440251572
1 0.6190476190476191 0.8710691823899371 0.005175983436853002 0.013836477987421384
1 0.7122153209109731 0.85062893081761 0.006211180124223602 0.016981132075471698
1 0.652432712215321 0.8644654088050314 0.009834368530020704 0.016981132075471698
1 0.10740165631469979 0.9974842767295597 0.007763975155279503 0.005031446540880503
1 0.1638198757763975 0.9845911949685534 0.008799171842650104 0.00440251572327044
10 0.13690476190476192 0.990880503144654 0.004658385093167702 0.0031446540880503146
1 0.7908902691511387 0.8459119496855346 0.018633540372670808 0.02012578616352201
10 0.32401656314699795 0.0710691823899371 0.005175983436853002 0.005031446540880503
10 0.26423395445134573 0.08553459119496855 0.006728778467908903 0.006289308176100629
1 0.7634575569358178 0.8544025157232704 0.035196687370600416 0.03962264150943396
1 0.8043478260869565 0.8446540880503145 0.004140786749482402 0.0037735849056603774
1 0.8607660455486542 0.8314465408805032 0.009316770186335404 0.005031446540880503
1 0.9487577639751553 0.8144654088050315 0.033126293995859216 0.0389937106918239
10 0.31262939958592134 0.07389937106918239 0.008281573498964804 0.006918238993710692
1 0.9829192546583851 0.8122641509433962 0.033126293995859216 0.03710691823899371
12 0.8910455486542443 0.8430817610062893 0.009834368530020704 0.010691823899371069
10 0.49585921325051757 0.9383647798742139 0.009316770186335404 0.005031446540880503
1 0.781055900621118 0.8732704402515723 0.011387163561076604 0.015723270440251572
1 0.8643892339544513 0.8553459119496856 0.013457556935817806 0.00880503144654088
12 0.755175983436853 0.8836477987421384 0.007246376811594203 0.012578616352201259
10 0.7942546583850931 0.8754716981132076 0.005693581780538302 0.0037735849056603774
1 0.807712215320911 0.8726415094339622 0.011904761904761904 0.009433962264150943
5 0.8372153209109731 0.869811320754717 0.03467908902691511 0.06289308176100629
1 0.8071946169772257 0.8811320754716981 0.007763975155279503 0.0037735849056603774
10 0.7950310559006211 0.8842767295597485 0.006211180124223602 0.0037735849056603774
1 0.8656832298136646 0.8672955974842768 0.011904761904761904 0.010062893081761006
10 0.7559523809523809 0.8968553459119497 0.005693581780538302 0.0037735849056603774
1 0.7763975155279503 0.8962264150943396 0.019668737060041408 0.02389937106918239
10 0.755175983436853 0.9047169811320754 0.006211180124223602 0.0031446540880503146
10 0.989648033126294 0.85062893081761 0.006211180124223602 0.009433962264150943
10 0.7691511387163561 0.9097484276729559 0.006211180124223602 0.0031446540880503146
10 0.7582815734989649 0.9125786163522013 0.007246376811594203 0.0037735849056603774
1 0.8134057971014492 0.9022012578616352 0.012939958592132506 0.010691823899371069
10 0.4974120082815735 0.9789308176100628 0.009316770186335404 0.005660377358490566
1 0.9756728778467909 0.8672955974842768 0.008281573498964804 0.006289308176100629
10 0.5100931677018633 0.9776729559748427 0.007763975155279503 0.005660377358490566
1 0.9886128364389234 0.8644654088050314 0.007246376811594203 0.005660377358490566
10 0.7587991718426501 0.9188679245283019 0.006211180124223602 0.0037735849056603774
10 0.770703933747412 0.9160377358490566 0.008281573498964804 0.00440251572327044
10 0.49870600414078675 0.9880503144654088 0.008799171842650104 0.005031446540880503
10 0.5100931677018633 0.9867924528301887 0.007763975155279503 0.005031446540880503
10 0.5142339544513458 0.9918238993710692 0.010869565217391304 0.006289308176100629
10 0.328416149068323 0.0779874213836478 0.010869565217391304 0.007547169811320755
10 0.31521739130434784 0.08270440251572327 0.009316770186335404 0.005660377358490566
10 0.31288819875776397 0.08867924528301886 0.0036231884057971015 0.0025157232704402514
10 0.3278985507246377 0.08773584905660377 0.007763975155279503 0.00440251572327044
1 0.2225672877846791 0.11383647798742139 0.012422360248447204 0.00880503144654088
1 0.19668737060041408 0.12358490566037736 0.016563146997929608 0.0220125786163522
1 0.11775362318840579 0.14371069182389937 0.016045548654244308 0.010691823899371069
10 0.09446169772256728 0.15283018867924528 0.007763975155279503 0.006289308176100629
1 0.21143892339544512 0.12547169811320755 0.012939958592132506 0.008176100628930818
1 0.2251552795031056 0.12327044025157233 0.011387163561076604 0.011320754716981131
1 0.13612836438923395 0.14559748427672956 0.016563146997929608 0.016981132075471698
1 0.2127329192546584 0.13333333333333333 0.011387163561076604 0.010062893081761006
1 0.2251552795031056 0.13018867924528302 0.012422360248447204 0.00880503144654088
1 0.0965320910973085 0.1619496855345912 0.007763975155279503 0.005660377358490566
5 0.785455486542443 0.007547169811320755 0.020186335403726708 0.01509433962264151
1 0.21350931677018634 0.13962264150943396 0.006728778467908903 0.0037735849056603774
1 0.22567287784679088 0.13836477987421383 0.007246376811594203 0.005031446540880503
1 0.1488095238095238 0.1591194968553459 0.019151138716356108 0.021383647798742137
5 0.04580745341614907 0.18459119496855345 0.09161490683229814 0.08113207547169811
1 0.18400621118012422 0.1531446540880503 0.004658385093167702 0.010691823899371069
1 0.25388198757763975 0.1371069182389937 0.012939958592132506 0.010062893081761006
10 0.24042443064182195 0.14056603773584905 0.012939958592132506 0.009433962264150943
1 0.2028985507246377 0.15 0.005175983436853002 0.010691823899371069
1 0.21583850931677018 0.14685534591194968 0.007246376811594203 0.005660377358490566
1 0.19642857142857142 0.15125786163522012 0.004658385093167702 0.009433962264150943
1 0.22722567287784678 0.14465408805031446 0.007246376811594203 0.0037735849056603774
1 0.19073498964803312 0.1531446540880503 0.0036231884057971015 0.008176100628930818
1 0.17960662525879917 0.15628930817610062 0.009316770186335404 0.018238993710691823
1 0.1669254658385093 0.1591194968553459 0.008799171842650104 0.01509433962264151
10 0.17313664596273293 0.1581761006289308 0.008799171842650104 0.016981132075471698
1 0.22851966873706003 0.15 0.004658385093167702 0.0031446540880503146
1 0.10015527950310558 0.18144654088050313 0.013975155279503106 0.013207547169811321
1 0.2546583850931677 0.14528301886792452 0.012422360248447204 0.010062893081761006
10 0.2417184265010352 0.14842767295597484 0.013457556935817806 0.010062893081761006
1 0.21609730848861283 0.15440251572327043 0.006728778467908903 0.00440251572327044
1 0.8700828157349897 0.0037735849056603774 0.005175983436853002 0.007547169811320755
12 0.8462732919254659 0.009433962264150943 0.009316770186335404 0.01509433962264151
1 0.8209109730848861 0.016352201257861635 0.004140786749482402 0.00880503144654088
1 0.80175983436853 0.02169811320754717 0.004140786749482402 0.008176100628930818
1 0.7929606625258799 0.02578616352201258 0.007246376811594203 0.005031446540880503
10 0.2028985507246377 0.16792452830188678 0.007246376811594203 0.013836477987421384
10 0.20988612836438925 0.16761006289308175 0.006728778467908903 0.013207547169811321
10 0.19694616977225674 0.17044025157232703 0.004658385093167702 0.010062893081761006
1 0.864648033126294 0.024528301886792454 0.005693581780538302 0.010062893081761006
1 0.8113354037267081 0.038364779874213835 0.0036231884057971015 0.007547169811320755
1 0.7924430641821946 0.043081761006289306 0.004140786749482402 0.008176100628930818
1 0.8400621118012422 0.031761006289308176 0.004140786749482402 0.008176100628930818
1 0.8048654244306418 0.040880503144654086 0.004140786749482402 0.007547169811320755
1 0.8222049689440993 0.03647798742138365 0.0036231884057971015 0.006289308176100629
1 0.7864906832298136 0.04591194968553459 0.002587991718426501 0.007547169811320755
1 0.017598343685300208 0.23962264150943396 0.017598343685300208 0.025157232704402517
1 0.6498447204968945 0.09119496855345911 0.03778467908902691 0.050314465408805034
1 0.06055900621118013 0.23050314465408805 0.009316770186335404 0.016981132075471698
5 0.7479296066252588 0.07044025157232704 0.021739130434782608 0.021383647798742137
12 0.8196169772256728 0.05440251572327044 0.006728778467908903 0.009433962264150943
12 0.8343685300207039 0.05125786163522013 0.008281573498964804 0.013207547169811321
12 0.849896480331263 0.048427672955974846 0.009316770186335404 0.011320754716981131
12 0.8649068322981367 0.045283018867924525 0.010351966873706004 0.012578616352201259
1 0.7906314699792961 0.06352201257861635 0.0036231884057971015 0.00880503144654088
1 0.8090062111801242 0.059748427672955975 0.005175983436853002 0.011320754716981131
1 0.782608695652174 0.06666666666666667 0.003105590062111801 0.00880503144654088
1 0.5960144927536232 0.11069182389937107 0.0036231884057971015 0.007547169811320755
10 0.589544513457557 0.11352201257861635 0.004140786749482402 0.009433962264150943
1 0.7694099378881988 0.0720125786163522 0.0036231884057971015 0.009433962264150943
10 0.7849378881987578 0.0779874213836478 0.0036231884057971015 0.010062893081761006
10 0.7914078674948241 0.0770440251572327 0.004140786749482402 0.010691823899371069
12 0.890527950310559 0.05849056603773585 0.010869565217391304 0.013836477987421384
1 0.687111801242236 0.10628930817610063 0.03364389233954451 0.0389937106918239
1 0.9109730848861284 0.05408805031446541 0.004140786749482402 0.011320754716981131
1 0.5533126293995859 0.1389937106918239 0.007246376811594203 0.005031446540880503
10 0.9032091097308489 0.05628930817610063 0.004140786749482402 0.009433962264150943
10 0.7792443064182195 0.08679245283018867 0.0036231884057971015 0.00880503144654088
1 0.7637163561076604 0.09182389937106918 0.004658385093167702 0.010062893081761006
10 0.8004658385093167 0.08396226415094339 0.004658385093167702 0.010691823899371069
10 0.7732919254658385 0.09025157232704402 0.003105590062111801 0.010691823899371069
10 0.8131469979296067 0.08081761006289308 0.004140786749482402 0.008176100628930818
1 0.35507246376811596 0.1889937106918239 0.013457556935817806 0.010691823899371069
10 0.8064182194616977 0.08270440251572327 0.004140786749482402 0.009433962264150943
10 0.8198757763975155 0.07955974842767295 0.003105590062111801 0.008176100628930818
1 0.3408385093167702 0.19339622641509435 0.012939958592132506 0.010691823899371069
1 0.327639751552795 0.19622641509433963 0.013457556935817806 0.010062893081761006
1 0.7461180124223602 0.09779874213836479 0.004658385093167702 0.010691823899371069
1 0.552536231884058 0.14528301886792452 0.006728778467908903 0.005031446540880503
5 0.5341614906832298 0.15062893081761006 0.008281573498964804 0.015723270440251572
10 0.38354037267080743 0.18867924528301888 0.012422360248447204 0.00880503144654088
1 0.32893374741200826 0.2028301886792453 0.011904761904761904 0.009433962264150943
1 0.029503105590062112 0.2742138364779874 0.036231884057971016 0.052830188679245285
10 0.5548654244306418 0.15251572327044025 0.009316770186335404 0.005660377358490566
10 0.3848343685300207 0.19559748427672957 0.013975155279503106 0.010062893081761006
1 0.3969979296066253 0.1927672955974843 0.013457556935817806 0.009433962264150943
10 0.8154761904761905 0.09433962264150944 0.0036231884057971015 0.007547169811320755
10 0.8103002070393375 0.09559748427672957 0.002587991718426501 0.007547169811320755
10 0.8214285714285714 0.09339622641509433 0.004140786749482402 0.008176100628930818
10 0.8827639751552795 0.07893081761006289 0.0015527950310559005 0.008176100628930818
10 0.9117494824016563 0.07264150943396226 0.002587991718426501 0.008176100628930818
10 0.9070910973084886 0.07358490566037736 0.002587991718426501 0.00880503144654088
10 0.3165113871635611 0.2138364779874214 0.010869565217391304 0.00880503144654088
10 0.9013975155279503 0.07547169811320754 0.002587991718426501 0.00880503144654088
10 0.9166666666666666 0.07169811320754717 0.003105590062111801 0.00880503144654088
10 0.781832298136646 0.10345911949685535 0.004658385093167702 0.009433962264150943
10 0.8894927536231884 0.07830188679245283 0.0036231884057971015 0.009433962264150943
1 0.7903726708074534 0.10220125786163523 0.003105590062111801 0.009433962264150943
10 0.32971014492753625 0.2110062893081761 0.012422360248447204 0.009433962264150943
10 0.7753623188405797 0.10566037735849057 0.004140786749482402 0.00880503144654088
1 0.3048654244306418 0.2169811320754717 0.007246376811594203 0.006289308176100629
10 0.8938923395445134 0.07767295597484276 0.002070393374741201 0.008176100628930818
1 0.7963250517598344 0.10157232704402516 0.0036231884057971015 0.009433962264150943
10 0.8038302277432712 0.10062893081761007 0.004140786749482402 0.00880503144654088
1 0.7681159420289855 0.11006289308176101 0.007246376811594203 0.016352201257861635
1 0.6573498964803313 0.13836477987421383 0.035196687370600416 0.04905660377358491
1 0.3993271221532091 0.2 0.012939958592132506 0.00880503144654088
10 0.386128364389234 0.20314465408805032 0.013457556935817806 0.010062893081761006
10 0.33126293995859213 0.21761006289308177 0.009316770186335404 0.005031446540880503
1 0.16925465838509315 0.2559748427672956 0.040372670807453416 0.052830188679245285
10 0.3190993788819876 0.22075471698113208 0.011904761904761904 0.010062893081761006
1 0.3053830227743271 0.22547169811320755 0.007246376811594203 0.005660377358490566
12 0.5854037267080745 0.15974842767295597 0.027950310559006212 0.03522012578616352
1 0.40062111801242234 0.20723270440251573 0.013457556935817806 0.009433962264150943
1 0.3879399585921325 0.2110062893081761 0.011904761904761904 0.009433962264150943
10 0.33126293995859213 0.22452830188679246 0.007246376811594203 0.0037735849056603774
10 0.3201345755693582 0.22830188679245284 0.007763975155279503 0.005031446540880503
1 0.30745341614906835 0.23081761006289309 0.005175983436853002 0.0037735849056603774
10 0.4334886128364389 0.2069182389937107 0.006728778467908903 0.005031446540880503
1 0.40113871635610765 0.21446540880503145 0.008281573498964804 0.005031446540880503
10 0.3889751552795031 0.21823899371069183 0.011904761904761904 0.010062893081761006
5 0.3610248447204969 0.22610062893081762 0.028467908902691512 0.05849056603773585
1 0.11594202898550725 0.28553459119496855 0.008281573498964804 0.006289308176100629
12 0.5261387163561076 0.18930817610062894 0.027432712215320912 0.03773584905660377
10 0.5579710144927537 0.18333333333333332 0.006211180124223602 0.006918238993710692
10 0.39078674948240166 0.22547169811320755 0.012422360248447204 0.010691823899371069
1 0.4029503105590062 0.22232704402515724 0.005693581780538302 0.00440251572327044
1 0.33462732919254656 0.23962264150943396 0.011904761904761904 0.010062893081761006
10 0.4309006211180124 0.21823899371069183 0.006728778467908903 0.005031446540880503
1 0.09989648033126294 0.3 0.005175983436853002 0.006289308176100629
1 0.40424430641821946 0.22861635220125787 0.004140786749482402 0.0031446540880503146
1 0.3915631469979296 0.23364779874213837 0.009834368530020704 0.006918238993710692
10 0.32298136645962733 0.25 0.006211180124223602 0.00440251572327044
1 0.48783643892339545 0.21132075471698114 0.04089026915113872 0.042767295597484274
1 0.3108178053830228 0.2540880503144654 0.007763975155279503 0.006289308176100629
1 0.4332298136645963 0.22578616352201258 0.005175983436853002 0.0037735849056603774
1 0.40476190476190477 0.2371069182389937 0.007246376811594203 0.0037735849056603774
10 0.39285714285714285 0.239937106918239 0.014492753623188406 0.010691823899371069
10 0.5600414078674948 0.20125786163522014 0.008281573498964804 0.006289308176100629
10 0.6107660455486542 0.19056603773584907 0.005175983436853002 0.010062893081761006
1 0.32349896480331264 0.2588050314465409 0.009316770186335404 0.005660377358490566
1 0.31211180124223603 0.2619496855345912 0.006211180124223602 0.0031446540880503146
10 0.40683229813664595 0.2440251572327044 0.012422360248447204 0.00880503144654088
10 0.39389233954451347 0.2481132075471698 0.013457556935817806 0.009433962264150943
1 0.6702898550724637 0.18396226415094338 0.035196687370600416 0.04339622641509434
1 0.31211180124223603 0.26855345911949685 0.007246376811594203 0.006289308176100629
1 0.5271739130434783 0.2179245283018868 0.008799171842650104 0.006918238993710692
10 0.3242753623188406 0.26635220125786163 0.007763975155279503 0.005660377358490566
1 0.39544513457556935 0.25440251572327044 0.012422360248447204 0.008176100628930818
1 0.6123188405797102 0.20534591194968554 0.006211180124223602 0.010691823899371069
10 0.3247929606625259 0.27452830188679245 0.007763975155279503 0.005660377358490566
1 0.5639233954451346 0.21761006289308177 0.008799171842650104 0.006289308176100629
1 0.5284679089026915 0.22641509433962265 0.006211180124223602 0.0037735849056603774
5 0.5458074534161491 0.2229559748427673 0.008799171842650104 0.016981132075471698
1 0.05615942028985507 0.3443396226415094 0.008799171842650104 0.006918238993710692
1 0.12474120082815734 0.330188679245283 0.008281573498964804 0.005031446540880503
1 0.5263975155279503 0.2358490566037736 0.007246376811594203 0.005031446540880503
1 0.42339544513457555 0.260062893081761 0.012422360248447204 0.008176100628930818
10 0.3969979296066253 0.2669811320754717 0.013457556935817806 0.009433962264150943
10 0.40967908902691513 0.2638364779874214 0.011904761904761904 0.008176100628930818
10 0.3830227743271222 0.270125786163522 0.009316770186335404 0.006918238993710692
1 0.056935817805383024 0.35188679245283017 0.006211180124223602 0.0031446540880503146
1 0.4101966873706004 0.27169811320754716 0.005693581780538302 0.0025157232704402514
1 0.386128364389234 0.2770440251572327 0.008281573498964804 0.005660377358490566
1 0.3993271221532091 0.2742138364779874 0.005693581780538302 0.0037735849056603774
1 0.4249482401656315 0.2688679245283019 0.011387163561076604 0.011949685534591196
10 0.12681159420289856 0.3393081761006289 0.006211180124223602 0.00440251572327044
1 0.05615942028985507 0.3591194968553459 0.005693581780538302 0.0037735849056603774
5 0.4552277432712215 0.2679245283018868 0.05538302277432712 0.09056603773584905
12 0.5970496894409938 0.23459119496855346 0.026397515527950312 0.0389937106918239
10 0.4257246376811594 0.2748427672955975 0.004658385093167702 0.0037735849056603774
10 0.4117494824016563 0.27861635220125786 0.007763975155279503 0.005031446540880503
1 0.7787267080745341 0.19245283018867926 0.009834368530020704 0.007547169811320755
1 0.8361801242236024 0.1792452830188679 0.006728778467908903 0.005031446540880503
10 0.1265527950310559 0.3471698113207547 0.006728778467908903 0.005031446540880503
1 0.8190993788819876 0.18459119496855345 0.002587991718426501 0.006918238993710692
1 0.7981366459627329 0.189937106918239 0.003105590062111801 0.007547169811320755
1 0.7919254658385093 0.1918238993710692 0.004140786749482402 0.007547169811320755
1 0.8090062111801242 0.18805031446540882 0.003105590062111801 0.006289308176100629
1 0.8152173913043478 0.18742138364779873 0.004140786749482402 0.00880503144654088
1 0.8033126293995859 0.189937106918239 0.004140786749482402 0.007547169811320755
1 0.4138198757763975 0.28553459119496855 0.008799171842650104 0.007547169811320755
10 0.42675983436853004 0.28364779874213836 0.006728778467908903 0.0037735849056603774
1 0.11024844720496894 0.35880503144654086 0.006211180124223602 0.005660377358490566
12 0.5385610766045549 0.2588050314465409 0.026397515527950312 0.03333333333333333
1 0.04089026915113872 0.37704402515723273 0.007246376811594203 0.00440251572327044
1 0.8361801242236024 0.18962264150943398 0.008799171842650104 0.006918238993710692
1 0.781832298136646 0.20345911949685536 0.007763975155279503 0.005660377358490566
10 0.5703933747412008 0.2550314465408805 0.008281573498964804 0.006918238993710692
10 0.42675983436853004 0.28962264150943395 0.005693581780538302 0.00440251572327044
10 0.4140786749482402 0.2930817610062893 0.007246376811594203 0.0037735849056603774
1 0.681935817805383 0.23018867924528302 0.03260869565217391 0.03647798742138365
1 0.8242753623188406 0.19811320754716982 0.0036231884057971015 0.006289308176100629
1 0.8059006211180124 0.2037735849056604 0.004140786749482402 0.007547169811320755
1 0.8175465838509317 0.20157232704402517 0.002587991718426501 0.006918238993710692
1 0.7934782608695652 0.20723270440251573 0.003105590062111801 0.005660377358490566
1 0.8118530020703933 0.2028301886792453 0.0036231884057971015 0.006918238993710692
1 0.7999482401656315 0.20628930817610064 0.0036231884057971015 0.00880503144654088
1 0.78027950310559 0.21163522012578617 0.005693581780538302 0.00440251572327044
1 0.8418737060041408 0.19842767295597485 0.004658385093167702 0.0031446540880503146
10 0.4143374741200828 0.300314465408805 0.004658385093167702 0.0031446540880503146
10 0.42960662525879917 0.29654088050314464 0.011387163561076604 0.009433962264150943
10 0.33954451345755693 0.31981132075471697 0.013457556935817806 0.009433962264150943
1 0.7813146997929606 0.21855345911949686 0.0036231884057971015 0.0031446540880503146
1 0.8434265010351967 0.2059748427672956 0.005693581780538302 0.0031446540880503146
10 0.4166666666666667 0.3062893081761006 0.006211180124223602 0.0037735849056603774
10 0.4306418219461698 0.30345911949685533 0.011387163561076604 0.008176100628930818
1 0.7932194616977226 0.21855345911949686 0.004658385093167702 0.0031446540880503146
10 0.3920807453416149 0.31352201257861634 0.005693581780538302 0.00440251572327044
1 0.4045031055900621 0.3113207547169811 0.008799171842650104 0.005031446540880503
10 0.34109730848861286 0.3270440251572327 0.012422360248447204 0.010062893081761006
1 0.6464803312629399 0.2559748427672956 0.008281573498964804 0.005031446540880503
1 0.7807971014492754 0.2248427672955975 0.005693581780538302 0.00440251572327044
10 0.5716873706004141 0.2751572327044025 0.010869565217391304 0.006918238993710692
10 0.4303830227743271 0.30943396226415093 0.004658385093167702 0.0037735849056603774
1 0.8457556935817805 0.21257861635220127 0.006211180124223602 0.0037735849056603774
10 0.41796066252587993 0.3141509433962264 0.006728778467908903 0.00440251572327044
1 0.7939958592132506 0.22515723270440252 0.006211180124223602 0.0037735849056603774
10 0.4055383022774327 0.31886792452830187 0.006728778467908903 0.005031446540880503
10 0.3434265010351967 0.33459119496855344 0.013975155279503106 0.010062893081761006
1 0.782608695652174 0.23238993710691824 0.005175983436853002 0.0031446540880503146
10 0.4314182194616977 0.3163522012578616 0.005693581780538302 0.0025157232704402514
1 0.6485507246376812 0.2660377358490566 0.007246376811594203 0.005031446540880503
1 0.8460144927536232 0.219811320754717 0.006728778467908903 0.0031446540880503146
1 0.4189958592132505 0.32075471698113206 0.007763975155279503 0.005031446540880503
1 0.7963250517598344 0.2320754716981132 0.005693581780538302 0.0037735849056603774
10 0.40709109730848864 0.32547169811320753 0.007763975155279503 0.005660377358490566
1 0.3442028985507246 0.3424528301886792 0.013457556935817806 0.009433962264150943
1 0.432712215320911 0.32264150943396225 0.005175983436853002 0.005031446540880503
1 0.7857142857142857 0.24025157232704403 0.008281573498964804 0.0037735849056603774
1 0.5038819875776398 0.3078616352201258 0.03674948240165631 0.0509433962264151
5 0.5595238095238095 0.2952830188679245 0.010351966873706004 0.016981132075471698
1 0.7971014492753623 0.2389937106918239 0.006211180124223602 0.0037735849056603774
1 0.848343685300207 0.22830188679245284 0.006211180124223602 0.0037735849056603774
1 0.34523809523809523 0.3484276729559748 0.013457556935817806 0.010062893081761006
1 0.5786749482401656 0.29371069182389936 0.009316770186335404 0.00880503144654088
1 0.785455486542443 0.24716981132075472 0.005693581780538302 0.0037735849056603774
1 0.6255175983436853 0.2861635220125786 0.0036231884057971015 0.010062893081761006
1 0.8478260869565217 0.23459119496855346 0.006211180124223602 0.0037735849056603774
2 0.09316770186335403 0.41509433962264153 0.08281573498964803 0.3572327044025157
1 0.6894409937888198 0.2748427672955975 0.043478260869565216 0.04779874213836478
1 0.8245341614906833 0.24339622641509434 0.003105590062111801 0.00880503144654088
1 0.7999482401656315 0.2490566037735849 0.0036231884057971015 0.00880503144654088
10 0.34601449275362317 0.35691823899371067 0.010869565217391304 0.008176100628930818
1 0.8059006211180124 0.2490566037735849 0.005175983436853002 0.00880503144654088
1 0.8131469979296067 0.24748427672955975 0.003105590062111801 0.008176100628930818
1 0.8188405797101449 0.2459119496855346 0.003105590062111801 0.007547169811320755
10 0.5799689440993789 0.30283018867924527 0.008799171842650104 0.005660377358490566
1 0.7872670807453416 0.25345911949685535 0.007246376811594203 0.0037735849056603774
2 0.23266045548654243 0.3845911949685535 0.10196687370600414 0.3641509433962264
10 0.390527950310559 0.34779874213836476 0.011904761904761904 0.011320754716981131
2 0.2996894409937888 0.36981132075471695 0.09316770186335403 0.36477987421383645
2 0.03467908902691511 0.43616352201257863 0.06935817805383022 0.36289308176100626
2 0.161231884057971 0.4059748427672956 0.09161490683229814 0.3641509433962264
10 0.3473084886128364 0.3641509433962264 0.012422360248447204 0.00880503144654088
1 0.7919254658385093 0.26257861635220126 0.010351966873706004 0.008176100628930818
1 0.3920807453416149 0.3584905660377358 0.007763975155279503 0.007547169811320755
1 0.8444616977225673 0.2518867924528302 0.005693581780538302 0.010691823899371069
1 0.8524844720496895 0.25031446540880503 0.007246376811594203 0.013836477987421384
1 0.41796066252587993 0.35377358490566035 0.03985507246376811 0.05220125786163522
1 0.34860248447204967 0.370440251572327 0.012939958592132506 0.011320754716981131
1 0.8271221532091098 0.25943396226415094 0.004140786749482402 0.008176100628930818
1 0.8216873706004141 0.26163522012578616 0.0036231884057971015 0.007547169811320755
1 0.8154761904761905 0.2632075471698113 0.0036231884057971015 0.006918238993710692
1 0.8100414078674948 0.2641509433962264 0.004140786749482402 0.00880503144654088
1 0.8035714285714286 0.26572327044025157 0.004658385093167702 0.006918238993710692
12 0.6066252587991718 0.31477987421383646 0.025879917184265012 0.03207547169811321
1 0.7934782608695652 0.2710691823899371 0.008281573498964804 0.006289308176100629
12 0.5507246376811594 0.3314465408805031 0.025879917184265012 0.03522012578616352
10 0.3936335403726708 0.3682389937106918 0.006728778467908903 0.005660377358490566
10 0.3941511387163561 0.3757861635220126 0.006728778467908903 0.00440251572327044
1 0.35093167701863354 0.3889937106918239 0.011387163561076604 0.010691823899371069
10 0.5833333333333334 0.3471698113207547 0.010351966873706004 0.006289308176100629
1 0.6990165631469979 0.3232704402515723 0.03364389233954451 0.045283018867924525
1 0.35455486542443065 0.40849056603773587 0.011387163561076604 0.009433962264150943
1 0.39855072463768115 0.4056603773584906 0.008281573498964804 0.007547169811320755
1 0.4311594202898551 0.40031446540880505 0.039337474120082816 0.04716981132075472
10 0.4003623188405797 0.4185534591194969 0.007763975155279503 0.00440251572327044
1 0.35766045548654246 0.42924528301886794 0.011387163561076604 0.009433962264150943
10 0.40372670807453415 0.4261006289308176 0.007246376811594203 0.005660377358490566
10 0.3553312629399586 0.44245283018867926 0.0036231884057971015 0.009433962264150943
1 0.3615424430641822 0.44150943396226416 0.007763975155279503 0.013836477987421384
1 0.4057971014492754 0.4345911949685535 0.006211180124223602 0.005031446540880503
1 0.6545031055900621 0.37735849056603776 0.008799171842650104 0.007547169811320755