12 0.37732919254658387 0.4858490566037736 0.009316770186335404 0.011949685534591196
10 0.363871635610766 0.490251572327044 0.003105590062111801 0.009433962264150943
10 0.3581780538302277 0.49150943396226415 0.006211180124223602 0.013207547169811321
1 0.677536231884058 0.44528301886792454 0.007246376811594203 0.006289308176100629
1 0.7267080745341615 0.4377358490566038 0.003105590062111801 0.00880503144654088
1 0.6337991718426501 0.4578616352201258 0.004658385093167702 0.010062893081761006
1 0.6275879917184265 0.46037735849056605 0.004658385093167702 0.011320754716981131
1 0.7461180124223602 0.4446540880503145 0.005693581780538302 0.0037735849056603774
10 0.4272774327122153 0.49339622641509434 0.010869565217391304 0.008176100628930818
1 0.2996894409937888 0.5122641509433963 0.033126293995859216 0.04465408805031446
10 0.36542443064182195 0.5047169811320755 0.007246376811594203 0.013207547169811321
1 0.3724120082815735 0.5034591194968554 0.006728778467908903 0.013207547169811321
1 0.09342650103519669 0.5449685534591195 0.03571428571428571 0.03962264150943396
10 0.35973084886128365 0.5059748427672957 0.004140786749482402 0.009433962264150943
1 0.4640269151138716 0.4918238993710692 0.03881987577639751 0.0440251572327044
10 0.4277950310559006 0.5006289308176101 0.010869565217391304 0.007547169811320755
10 0.4417701863354037 0.5059748427672957 0.011904761904761904 0.008176100628930818
10 0.4283126293995859 0.5081761006289308 0.011904761904761904 0.00880503144654088
1 0.6130952380952381 0.4889937106918239 0.005693581780538302 0.005660377358490566
10 0.4420289855072464 0.5154088050314466 0.011387163561076604 0.006918238993710692
10 0.42934782608695654 0.5179245283018868 0.011904761904761904 0.009433962264150943
5 0.3734472049689441 0.5289308176100629 0.022256728778467908 0.01761006289308176
10 0.44332298136645965 0.5229559748427673 0.011904761904761904 0.008176100628930818
10 0.4314182194616977 0.5261006289308177 0.011904761904761904 0.009433962264150943
1 0.2251552795031056 0.5641509433962264 0.013457556935817806 0.011320754716981131
1 0.15631469979296067 0.5764150943396227 0.013457556935817806 0.010691823899371069
10 0.5913561076604554 0.5116352201257862 0.008799171842650104 0.015723270440251572
1 0.5986024844720497 0.5116352201257862 0.007763975155279503 0.014465408805031447
1 0.5835921325051759 0.5141509433962265 0.0036231884057971015 0.009433962264150943
1 0.17727743271221533 0.5779874213836478 0.010869565217391304 0.00880503144654088
5 0.9935300207039337 0.45754716981132076 0.011904761904761904 0.03207547169811321
10 0.3612836438923395 0.5544025157232705 0.007246376811594203 0.015723270440251572
10 0.43219461697722567 0.5443396226415095 0.009316770186335404 0.006918238993710692
10 0.38716356107660455 0.5525157232704403 0.008281573498964804 0.014465408805031447
5 0.9363354037267081 0.47232704402515724 0.020703933747412008 0.018867924528301886
1 0.6079192546583851 0.5264150943396226 0.007763975155279503 0.012578616352201259
1 0.5714285714285714 0.5317610062893082 0.003105590062111801 0.008176100628930818
10 0.5802277432712215 0.5314465408805031 0.006211180124223602 0.013836477987421384
10 0.5662525879917184 0.5333333333333333 0.008281573498964804 0.01509433962264151
1 0.5859213250517599 0.5305031446540881 0.008281573498964804 0.014465408805031447
1 0.6006728778467909 0.5279874213836478 0.008799171842650104 0.016981132075471698
1 0.9521221532091098 0.4779874213836478 0.0036231884057971015 0.00880503144654088
10 0.4340062111801242 0.5569182389937107 0.010869565217391304 0.009433962264150943
1 0.38975155279503104 0.569496855345912 0.009316770186335404 0.005660377358490566
1 0.9078674948240165 0.4927672955974843 0.004140786749482402 0.011949685534591196
10 0.4340062111801242 0.5647798742138365 0.010869565217391304 0.007547169811320755
10 0.3894927536231884 0.5770440251572327 0.011904761904761904 0.008176100628930818
10 0.5786749482401656 0.5534591194968553 0.008281573498964804 0.005031446540880503
1 0.39026915113871635 0.5839622641509434 0.012422360248447204 0.008176100628930818
1 0.9873188405797102 0.49748427672955975 0.004658385093167702 0.007547169811320755
12 0.9966356107660456 0.4968553459119497 0.005693581780538302 0.013836477987421384
1 0.9083850931677019 0.5106918238993711 0.004140786749482402 0.007547169811320755
1 0.8203933747412008 0.5242138364779875 0.003105590062111801 0.008176100628930818
1 0.9756728778467909 0.5006289308176101 0.002070393374741201 0.007547169811320755
1 0.8493788819875776 0.520125786163522 0.003105590062111801 0.011320754716981131
1 0.8555900621118012 0.519811320754717 0.003105590062111801 0.008176100628930818
1 0.8623188405797102 0.5188679245283019 0.004140786749482402 0.00880503144654088
1 0.44021739130434784 0.5823899371069182 0.010869565217391304 0.007547169811320755
1 0.9202898550724637 0.5106918238993711 0.004140786749482402 0.010062893081761006
10 0.39026915113871635 0.5908805031446541 0.011387163561076604 0.006918238993710692
1 0.8703416149068323 0.519182389937107 0.005693581780538302 0.010691823899371069
10 0.453416149068323 0.5874213836477987 0.013457556935817806 0.00880503144654088
10 0.582815734989648 0.570440251572327 0.003105590062111801 0.00880503144654088
10 0.5954968944099379 0.5682389937106919 0.0036231884057971015 0.008176100628930818
10 0.391304347826087 0.5990566037735849 0.010351966873706004 0.006918238993710692
1 0.589544513457557 0.5691823899371069 0.007246376811594203 0.01509433962264151
10 0.5758281573498965 0.5716981132075472 0.0036231884057971015 0.010062893081761006
10 0.5659937888198758 0.5732704402515724 0.007763975155279503 0.013207547169811321
10 0.5595238095238095 0.5751572327044026 0.008281573498964804 0.014465408805031447
10 0.5520186335403726 0.5757861635220126 0.007763975155279503 0.014465408805031447
1 0.7981366459627329 0.539937106918239 0.004140786749482402 0.011949685534591196
1 0.2769151138716356 0.6182389937106918 0.007246376811594203 0.013836477987421384
1 0.2525879917184265 0.6223270440251573 0.007246376811594203 0.014465408805031447
1 0.25957556935817805 0.6213836477987421 0.008799171842650104 0.016352201257861635
1 0.30201863354037267 0.6166666666666667 0.013975155279503106 0.0220125786163522
1 0.2468944099378882 0.6245283018867924 0.009316770186335404 0.016352201257861635
1 0.8053830227743272 0.5418238993710692 0.003105590062111801 0.010691823899371069
1 0.8154761904761905 0.540251572327044 0.0036231884057971015 0.007547169811320755
10 0.45367494824016563 0.5946540880503145 0.012939958592132506 0.008176100628930818
10 0.39337474120082816 0.6053459119496856 0.010351966873706004 0.006918238993710692
1 0.2360248447204969 0.629874213836478 0.014492753623188406 0.0220125786163522
1 0.45419254658385094 0.6028301886792453 0.013975155279503106 0.010691823899371069
12 0.034161490683229816 0.6660377358490566 0.012422360248447204 0.013836477987421384
1 0.3936335403726708 0.6135220125786164 0.010869565217391304 0.008176100628930818
1 0.3496376811594203 0.620125786163522 0.007763975155279503 0.01509433962264151
1 0.36257763975155277 0.6182389937106918 0.006728778467908903 0.01761006289308176
1 0.35610766045548653 0.619182389937107 0.007246376811594203 0.015723270440251572
1 0.3687888198757764 0.6176100628930817 0.007763975155279503 0.016352201257861635
12 0.04917184265010352 0.6654088050314465 0.015527950310559006 0.02012578616352201
1 0.5838509316770186 0.5858490566037736 0.007246376811594203 0.014465408805031447
1 0.5910973084886129 0.5852201257861636 0.008281573498964804 0.015723270440251572
1 0.3079710144927536 0.6333333333333333 0.007246376811594203 0.013836477987421384
1 0.30175983436853004 0.6361635220125786 0.009316770186335404 0.016981132075471698
10 0.5023291925465838 0.6066037735849057 0.009834368530020704 0.00440251572327044
1 0.286231884057971 0.6389937106918239 0.008281573498964804 0.01509433962264151
10 0.2668219461697723 0.6427672955974842 0.007763975155279503 0.01761006289308176
1 0.5139751552795031 0.6081761006289308 0.008281573498964804 0.016352201257861635
5 0.09109730848861283 0.6723270440251572 0.07039337474120083 0.08553459119496855
10 0.5918737060041408 0.5981132075471698 0.0036231884057971015 0.00880503144654088
10 0.5851449275362319 0.5990566037735849 0.004658385093167702 0.009433962264150943
1 0.567287784679089 0.6037735849056604 0.032091097308488616 0.04150943396226415
10 0.5025879917184265 0.6141509433962264 0.006211180124223602 0.00440251572327044
12 0.036490683229813664 0.6855345911949685 0.015010351966873706 0.022641509433962263
12 0.05046583850931677 0.6830188679245283 0.015010351966873706 0.02012578616352201
1 0.36904761904761907 0.6433962264150943 0.006211180124223602 0.012578616352201259
1 0.3630952380952381 0.6446540880503144 0.007763975155279503 0.01509433962264151
1 0.38923395445134573 0.6443396226415095 0.036231884057971016 0.04339622641509434
1 0.593944099378882 0.6138364779874214 0.007763975155279503 0.013836477987421384
1 0.23783643892339545 0.6738993710691824 0.008799171842650104 0.005660377358490566
10 0.023809523809523808 0.7072327044025157 0.012422360248447204 0.006918238993710692
10 0.024844720496894408 0.7144654088050314 0.011387163561076604 0.006289308176100629
1 0.9865424430641822 0.5710691823899371 0.025879917184265012 0.0440251572327044
12 0.039337474120082816 0.7144654088050314 0.015527950310559006 0.01761006289308176
1 0.57324016563147 0.6430817610062893 0.03674948240165631 0.03962264150943396
10 0.1162008281573499 0.7169811320754716 0.012939958592132506 0.010062893081761006
10 0.10119047619047619 0.720125786163522 0.011904761904761904 0.010062893081761006
10 0.05926501035196687 0.7267295597484277 0.010869565217391304 0.008176100628930818
1 0.08773291925465838 0.7229559748427673 0.015010351966873706 0.010691823899371069
12 0.041666666666666664 0.7330188679245283 0.013975155279503106 0.023270440251572325
10 0.19694616977225674 0.7110062893081761 0.005693581780538302 0.00440251572327044
1 0.37370600414078675 0.6849056603773584 0.010351966873706004 0.005031446540880503
5 0.5116459627329193 0.6647798742138364 0.021221532091097308 0.026415094339622643
1 0.3574016563146998 0.6883647798742139 0.012939958592132506 0.006918238993710692
1 0.11568322981366459 0.7264150943396226 0.015010351966873706 0.011320754716981131
1 0.36024844720496896 0.6943396226415094 0.012422360248447204 0.00880503144654088
1 0.37370600414078675 0.6924528301886792 0.009316770186335404 0.007547169811320755
10 0.2370600414078675 0.7169811320754716 0.008281573498964804 0.005031446540880503
10 0.3615424430641822 0.7018867924528301 0.006728778467908903 0.0037735849056603774
10 0.37318840579710144 0.7009433962264151 0.005175983436853002 0.0018867924528301887
1 0.9901656314699793 0.6084905660377359 0.018633540372670808 0.04591194968553459
1 0.4611801242236025 0.6927672955974843 0.028985507246376812 0.035849056603773584
1 0.8856107660455487 0.6305031446540881 0.034161490683229816 0.038364779874213835
1 0.36180124223602483 0.7091194968553459 0.006211180124223602 0.0031446540880503146
10 0.3501552795031056 0.0729559748427673 0.005693581780538302 0.0025157232704402514
1 0.20212215320910973 0.7386792452830189 0.006728778467908903 0.00440251572327044
1 0.3610248447204969 0.7163522012578616 0.006728778467908903 0.0037735849056603774
1 0.3636128364389234 0.07075471698113207 0.009834368530020704 0.006918238993710692
10 0.2864906832298137 0.08270440251572327 0.008799171842650104 0.005660377358490566
1 0.29891304347826086 0.08176100628930817 0.008799171842650104 0.006289308176100629
10 0.2324016563146998 0.7459119496855345 0.005175983436853002 0.0037735849056603774
1 0.9572981366459627 0.6490566037735849 0.0036231884057971015 0.007547169811320755
10 0.9448757763975155 0.6509433962264151 0.004658385093167702 0.011320754716981131
10 0.23524844720496896 0.7569182389937107 0.005693581780538302 0.0031446540880503146
10 0.8946687370600414 0.659433962264151 0.002587991718426501 0.008176100628930818
1 0.5313146997929606 0.7132075471698113 0.027432712215320912 0.033962264150943396
10 0.7978778467908902 0.6738993710691824 0.0036231884057971015 0.008176100628930818
10 0.9252070393374742 0.6547169811320754 0.0036231884057971015 0.00880503144654088
10 0.9021739130434783 0.6584905660377358 0.003105590062111801 0.00880503144654088
10 0.6909937888198758 0.690566037735849 0.003105590062111801 0.007547169811320755
10 0.8258281573498965 0.6707547169811321 0.004658385093167702 0.009433962264150943
1 0.9513457556935818 0.6518867924528302 0.005175983436853002 0.009433962264150943
10 0.7914078674948241 0.6757861635220126 0.004140786749482402 0.009433962264150943
10 0.7091097308488613 0.6886792452830188 0.002070393374741201 0.006289308176100629
10 0.6679606625258799 0.6949685534591195 0.0036231884057971015 0.00880503144654088
10 0.8188405797101449 0.6726415094339623 0.004140786749482402 0.010691823899371069
10 0.5838509316770186 0.7075471698113207 0.002070393374741201 0.007547169811320755
10 0.7018633540372671 0.689937106918239 0.003105590062111801 0.00880503144654088
10 0.6969461697722568 0.6908805031446541 0.002587991718426501 0.009433962264150943
10 0.22230848861283645 0.7622641509433963 0.006728778467908903 0.0037735849056603774
10 0.6635610766045549 0.6965408805031447 0.002070393374741201 0.006918238993710692
10 0.6376811594202898 0.700314465408805 0.003105590062111801 0.008176100628930818
10 0.3662008281573499 0.7411949685534591 0.005693581780538302 0.00440251572327044
10 0.5887681159420289 0.7081761006289308 0.0036231884057971015 0.010062893081761006
10 0.5781573498964804 0.710062893081761 0.002070393374741201 0.007547169811320755
10 0.6423395445134575 0.7009433962264151 0.003105590062111801 0.008176100628930818
10 0.7663043478260869 0.6820754716981132 0.002587991718426501 0.008176100628930818
10 0.7329192546583851 0.6886792452830188 0.002070393374741201 0.007547169811320755
10 0.7280020703933747 0.689622641509434 0.002587991718426501 0.006918238993710692
10 0.7210144927536232 0.6915094339622642 0.002070393374741201 0.009433962264150943
10 0.23524844720496896 0.7638364779874214 0.005693581780538302 0.0031446540880503146
10 0.7153209109730849 0.6921383647798742 0.003105590062111801 0.009433962264150943
10 0.22230848861283645 0.7707547169811321 0.007763975155279503 0.005660377358490566
10 0.45445134575569357 0.7364779874213836 0.008281573498964804 0.005031446540880503
10 0.4684265010351967 0.7355345911949686 0.005175983436853002 0.0031446540880503146
10 0.2365424430641822 0.7707547169811321 0.005175983436853002 0.0031446540880503146
10 0.2220496894409938 0.7767295597484277 0.005175983436853002 0.0025157232704402514
10 0.4699792960662526 0.7418238993710692 0.006211180124223602 0.0031446540880503146
10 0.45445134575569357 0.7437106918238994 0.005175983436853002 0.0018867924528301887
10 0.23809523809523808 0.780188679245283 0.006211180124223602 0.00440251572327044
10 0.22282608695652173 0.7827044025157233 0.007763975155279503 0.00440251572327044
1 0.4699792960662526 0.7490566037735849 0.009316770186335404 0.005031446540880503
10 0.45703933747412007 0.7515723270440252 0.008281573498964804 0.005031446540880503
1 0.21195652173913043 0.09842767295597485 0.005693581780538302 0.013207547169811321
10 0.23809523809523808 0.7855345911949686 0.008281573498964804 0.006289308176100629
10 0.22386128364389235 0.7911949685534592 0.007763975155279503 0.005031446540880503
1 0.19901656314699792 0.10031446540880504 0.004658385093167702 0.013207547169811321
1 0.20522774327122154 0.1 0.005693581780538302 0.012578616352201259
1 0.2163561076604555 0.09842767295597485 0.005175983436853002 0.013207547169811321
1 0.05952380952380952 0.8166666666666667 0.003105590062111801 0.008176100628930818
10 0.08385093167701864 0.8128930817610063 0.003105590062111801 0.008176100628930818
10 0.09446169772256728 0.8119496855345912 0.005693581780538302 0.010062893081761006
1 0.08954451345755693 0.8138364779874214 0.005175983436853002 0.012578616352201259
1 0.4552277432712215 0.7594339622641509 0.005693581780538302 0.00440251572327044
10 0.47101449275362317 0.7584905660377359 0.007246376811594203 0.005031446540880503
10 0.2391304347826087 0.7937106918238994 0.007246376811594203 0.005031446540880503
10 0.3079710144927536 0.7833333333333333 0.003105590062111801 0.006918238993710692
1 0.3134057971014493 0.7833333333333333 0.0036231884057971015 0.008176100628930818
1 0.19280538302277433 0.1018867924528302 0.005693581780538302 0.012578616352201259
1 0.2287784679089027 0.09654088050314466 0.006211180124223602 0.014465408805031447
10 0.296583850931677 0.7867924528301887 0.003105590062111801 0.00880503144654088
10 0.30201863354037267 0.7864779874213836 0.0036231884057971015 0.009433962264150943
1 0.21325051759834368 0.8 0.006211180124223602 0.0037735849056603774
10 0.2267080745341615 0.7990566037735849 0.007246376811594203 0.00440251572327044
1 0.18995859213250518 0.8047169811320755 0.026915113871635612 0.029559748427672956
1 0.019927536231884056 0.1279874213836478 0.0036231884057971015 0.009433962264150943
1 0.4715320910973085 0.7660377358490567 0.006211180124223602 0.0037735849056603774
10 0.37888198757763975 0.7808176100628931 0.004140786749482402 0.009433962264150943
10 0.3721532091097309 0.7823899371069183 0.002070393374741201 0.006289308176100629
10 0.2401656314699793 0.8018867924528302 0.006211180124223602 0.0037735849056603774
10 0.3589544513457557 0.7849056603773585 0.004658385093167702 0.00880503144654088
10 0.3662008281573499 0.7839622641509434 0.0036231884057971015 0.009433962264150943
1 0.1638198757763975 0.8154088050314465 0.0036231884057971015 0.009433962264150943
1 0.032091097308488616 0.12735849056603774 0.004140786749482402 0.010691823899371069
10 0.02613871635610766 0.12767295597484277 0.0036231884057971015 0.00880503144654088
1 0.26216356107660455 0.8044025157232705 0.006728778467908903 0.011320754716981131
1 0.24145962732919254 0.8084905660377358 0.011904761904761904 0.005660377358490566
1 0.349120082815735 0.08018867924528301 0.007763975155279503 0.005660377358490566
1 0.47282608695652173 0.7745283018867924 0.007763975155279503 0.005660377358490566
1 0.07116977225672878 0.8386792452830188 0.024327122153209108 0.027044025157232705
10 0.28752587991718426 0.09056603773584905 0.008799171842650104 0.006289308176100629
1 0.22541407867494825 0.8226415094339623 0.010869565217391304 0.01509433962264151
10 0.3004658385093168 0.0889937106918239 0.006728778467908903 0.00440251572327044
10 0.20522774327122154 0.8371069182389937 0.006728778467908903 0.005031446540880503
10 0.2179089026915114 0.8349056603773585 0.005175983436853002 0.0031446540880503146
1 0.23136645962732919 0.8383647798742139 0.005175983436853002 0.010062893081761006
1 0.20626293995859213 0.8440251572327044 0.006728778467908903 0.005031446540880503
10 0.21997929606625258 0.8437106918238994 0.005175983436853002 0.0031446540880503146
1 0.20729813664596272 0.8518867924528302 0.004658385093167702 0.0031446540880503146
1 0.20859213250517597 0.8610062893081761 0.006211180124223602 0.0037735849056603774
10 0.30926501035196685 0.8588050314465409 0.013975155279503106 0.015723270440251572
10 0.20781573498964803 0.8823899371069183 0.004658385093167702 0.010062893081761006
1 0.07738095238095238 0.9097484276729559 0.027432712215320912 0.029559748427672956
1 0.36283643892339545 0.08584905660377358 0.009316770186335404 0.005660377358490566
10 0.30150103519668736 0.0959119496855346 0.007763975155279503 0.00440251572327044
1 0.19435817805383024 0.9176100628930818 0.011904761904761904 0.006289308176100629
1 0.13716356107660455 0.9289308176100629 0.016563146997929608 0.007547169811320755
1 0.17727743271221533 0.9242138364779874 0.015010351966873706 0.010691823899371069
1 0.08669772256728779 0.12955974842767295 0.008799171842650104 0.005031446540880503
1 0.05201863354037267 0.9430817610062893 0.007763975155279503 0.006918238993710692
1 0.19461697722567287 0.9257861635220126 0.008281573498964804 0.006289308176100629
1 0.1358695652173913 0.9367924528301886 0.007763975155279503 0.00440251572327044
1 0.9836956521739131 0.8235849056603773 0.007763975155279503 0.008176100628930818
10 0.20678053830227744 0.9427672955974843 0.005693581780538302 0.005031446540880503
1 0.1203416149068323 0.9622641509433962 0.005693581780538302 0.0037735849056603774
10 0.1084368530020704 0.9726415094339622 0.010869565217391304 0.023270440251572325
10 0.12189440993788819 0.9710691823899371 0.006728778467908903 0.005031446540880503
1 0.5667701863354038 0.9075471698113208 0.035196687370600416 0.0389937106918239
10 0.1208592132505176 0.9789308176100628 0.006728778467908903 0.0031446540880503146
10 0.1224120082815735 0.9845911949685534 0.004658385093167702 0.0031446540880503146
1 0.9588509316770186 0.8619496855345912 0.006728778467908903 0.008176100628930818
1 0.8501552795031055 0.8795597484276729 0.004658385093167702 0.009433962264150943
1 0.977743271221532 0.8610062893081761 0.005175983436853002 0.013836477987421384
1 0.9704968944099379 0.8619496855345912 0.005175983436853002 0.013207547169811321
1 0.9221014492753623 0.869182389937107 0.004658385093167702 0.00880503144654088
1 0.837991718426501 0.8817610062893082 0.007246376811594203 0.013836477987421384
1 0.9456521739130435 0.8663522012578616 0.004140786749482402 0.008176100628930818
1 0.9847308488612836 0.8603773584905661 0.005693581780538302 0.016352201257861635
1 0.8757763975155279 0.8767295597484277 0.005175983436853002 0.010062893081761006
1 0.8074534161490683 0.8874213836477988 0.005175983436853002 0.00880503144654088
1 0.8980331262939959 0.8732704402515723 0.005175983436853002 0.009433962264150943
1 0.9094202898550725 0.8723270440251573 0.005175983436853002 0.00880503144654088
1 0.7295548654244306 0.89937106918239 0.009834368530020704 0.018867924528301886
1 0.09316770186335403 0.9943396226415094 0.014492753623188406 0.00880503144654088
1 0.9353002070393375 0.8685534591194969 0.003105590062111801 0.00880503144654088
1 0.07919254658385093 0.9962264150943396 0.007246376811594203 0.006289308176100629
1 0.8863871635610766 0.8757861635220126 0.0036231884057971015 0.009433962264150943
1 0.782608695652174 0.8918238993710692 0.004140786749482402 0.007547169811320755
1 0.8268633540372671 0.8852201257861635 0.008799171842650104 0.013207547169811321
1 0.8625776397515528 0.879874213836478 0.007763975155279503 0.012578616352201259
1 0.7694099378881988 0.8949685534591195 0.0036231884057971015 0.01509433962264151
1 0.6953933747412008 0.9056603773584906 0.007763975155279503 0.016352201257861635
1 0.6583850931677019 0.9113207547169812 0.007246376811594203 0.013836477987421384
1 0.7171325051759835 0.9025157232704403 0.006728778467908903 0.013836477987421384
1 0.8136645962732919 0.8883647798742138 0.010351966873706004 0.013207547169811321
10 0.1229296066252588 0.9911949685534591 0.004658385093167702 0.0025157232704402514
1 0.625 0.9160377358490566 0.006728778467908903 0.011949685534591196
1 0.6340579710144928 0.9157232704402516 0.009316770186335404 0.016352201257861635
1 0.671583850931677 0.910062893081761 0.008799171842650104 0.01761006289308176
1 0.6011904761904762 0.920440251572327 0.005693581780538302 0.015723270440251572
1 0.6125776397515528 0.919496855345912 0.004658385093167702 0.013836477987421384
1 0.7065217391304348 0.9066037735849056 0.005175983436853002 0.016981132075471698
1 0.645703933747412 0.9154088050314465 0.008799171842650104 0.016981132075471698
1 0.1513975155279503 0.9937106918238994 0.008799171842650104 0.0037735849056603774
10 0.1244824016563147 0.9981132075471698 0.004658385093167702 0.0025157232704402514
1 0.7849378881987578 0.9088050314465409 0.018115942028985508 0.018867924528301886
10 0.363871635610766 0.0959119496855346 0.005175983436853002 0.00440251572327044
10 0.3030538302277433 0.10534591194968554 0.006728778467908903 0.005660377358490566
1 0.7575051759834368 0.9150943396226415 0.03364389233954451 0.03773584905660377
1 0.7986542443064182 0.9088050314465409 0.004140786749482402 0.0037735849056603774
1 0.8553312629399586 0.900314465408805 0.008799171842650104 0.00440251572327044
1 0.9443581780538303 0.8905660377358491 0.03157349896480331 0.03647798742138365
10 0.35248447204968947 0.09811320754716982 0.008281573498964804 0.006289308176100629
1 0.980072463768116 0.8918238993710692 0.03364389233954451 0.033962264150943396
12 0.885351966873706 0.9144654088050315 0.009834368530020704 0.010062893081761006
10 0.48576604554865427 0.9757861635220125 0.008799171842650104 0.00440251572327044
1 0.7740683229813664 0.9352201257861635 0.010869565217391304 0.01509433962264151
1 0.8581780538302277 0.9245283018867925 0.013457556935817806 0.007547169811320755
12 0.7471532091097308 0.9430817610062893 0.006728778467908903 0.011949685534591196
10 0.7867494824016563 0.9380503144654088 0.005175983436853002 0.0031446540880503146
1 0.8002070393374742 0.9367924528301886 0.011387163561076604 0.008176100628930818
5 0.8297101449275363 0.9308176100628931 0.031055900621118012 0.050314465408805034
1 0.7994306418219461 0.9455974842767295 0.007763975155279503 0.0031446540880503146
10 0.787008281573499 0.9468553459119496 0.005693581780538302 0.0031446540880503146
1 0.8586956521739131 0.9364779874213837 0.011387163561076604 0.00880503144654088
10 0.7474120082815735 0.9562893081761006 0.005175983436853002 0.0031446540880503146
1 0.7678571428571429 0.9556603773584905 0.019151138716356108 0.018238993710691823
10 0.7463768115942029 0.9641509433962264 0.006211180124223602 0.0025157232704402514
10 0.9831780538302277 0.9283018867924528 0.005693581780538302 0.006289308176100629
10 0.3677536231884058 0.10377358490566038 0.010869565217391304 0.006289308176100629
10 0.35455486542443065 0.1069182389937107 0.009316770186335404 0.005031446540880503
10 0.3522256728778468 0.11320754716981132 0.0036231884057971015 0.0025157232704402514
10 0.36645962732919257 0.11320754716981132 0.007246376811594203 0.0037735849056603774
1 0.26061076604554867 0.13050314465408805 0.011904761904761904 0.008176100628930818
1 0.23395445134575568 0.13742138364779874 0.015527950310559006 0.020754716981132074
1 0.15424430641821946 0.15125786163522012 0.015527950310559006 0.009433962264150943
1 0.006987577639751553 0.17547169811320754 0.013975155279503106 0.007547169811320755
10 0.130175983436853 0.1581761006289308 0.007763975155279503 0.005660377358490566
1 0.24870600414078675 0.14088050314465408 0.012939958592132506 0.007547169811320755
1 0.26242236024844723 0.13962264150943396 0.011387163561076604 0.010062893081761006
1 0.17236024844720496 0.15440251572327043 0.015527950310559006 0.015723270440251572
1 0.8421325051759835 0.055031446540880505 0.006211180124223602 0.010691823899371069
10 0.007246376811594203 0.1830188679245283 0.007246376811594203 0.005031446540880503
1 0.24922360248447206 0.14842767295597484 0.010869565217391304 0.00880503144654088
1 0.26216356107660455 0.14685534591194968 0.011904761904761904 0.008176100628930818
1 0.1317287784679089 0.16729559748427672 0.007763975155279503 0.005031446540880503
10 0.008281573498964804 0.18962264150943398 0.006211180124223602 0.0031446540880503146
5 0.8281573498964804 0.06855345911949685 0.018633540372670808 0.02012578616352201
1 0.25 0.15566037735849056 0.006211180124223602 0.0031446540880503146
1 0.2619047619047619 0.15471698113207547 0.007246376811594203 0.005031446540880503
1 0.18400621118012422 0.1691823899371069 0.018115942028985508 0.02012578616352201
5 0.07789855072463768 0.18553459119496854 0.09265010351966874 0.07421383647798742
10 0.008799171842650104 0.1977987421383648 0.004140786749482402 0.0031446540880503146
1 0.21997929606625258 0.16635220125786163 0.004140786749482402 0.010691823899371069
1 0.29037267080745344 0.15628930817610062 0.012422360248447204 0.009433962264150943
10 0.2769151138716356 0.15849056603773584 0.012422360248447204 0.00880503144654088
1 0.23887163561076605 0.16446540880503144 0.004658385093167702 0.010691823899371069
1 0.2515527950310559 0.16257861635220125 0.007246376811594203 0.005660377358490566
1 0.2324016563146998 0.16572327044025156 0.004140786749482402 0.009433962264150943
1 0.26319875776397517 0.1610062893081761 0.006728778467908903 0.0037735849056603774
1 0.2267080745341615 0.16635220125786163 0.003105590062111801 0.008176100628930818
1 0.21480331262939958 0.1691823899371069 0.008281573498964804 0.01761006289308176
1 0.20238095238095238 0.17075471698113207 0.008281573498964804 0.014465408805031447
10 0.20885093167701863 0.17044025157232703 0.007763975155279503 0.016352201257861635
1 0.26423395445134573 0.16666666666666666 0.004658385093167702 0.0025157232704402514
10 0.010351966873706004 0.20534591194968554 0.007246376811594203 0.005660377358490566
1 0.13405797101449277 0.18742138364779873 0.013457556935817806 0.012578616352201259
1 0.29063146997929606 0.16446540880503144 0.011904761904761904 0.009433962264150943
10 0.2776915113871636 0.16635220125786163 0.012939958592132506 0.009433962264150943
1 0.25129399585921325 0.17044025157232703 0.006728778467908903 0.0037735849056603774
1 0.9125258799171843 0.07515723270440251 0.004140786749482402 0.008176100628930818
12 0.8884575569358178 0.07924528301886792 0.008799171842650104 0.01509433962264151
1 0.8628364389233955 0.08364779874213836 0.004140786749482402 0.00880503144654088
10 0.011645962732919254 0.2110062893081761 0.007763975155279503 0.00440251572327044
1 0.8434265010351967 0.0871069182389937 0.0036231884057971015 0.008176100628930818
1 0.8343685300207039 0.09056603773584905 0.007246376811594203 0.005031446540880503
10 0.2375776397515528 0.18270440251572326 0.006211180124223602 0.013207547169811321
10 0.2443064182194617 0.1830188679245283 0.006211180124223602 0.012578616352201259
10 0.23136645962732919 0.18490566037735848 0.004140786749482402 0.010062893081761006
10 0.011904761904761904 0.21949685534591196 0.007246376811594203 0.005031446540880503
1 0.9063146997929606 0.09559748427672957 0.005175983436853002 0.010062893081761006
1 0.8519668737060041 0.10503144654088051 0.003105590062111801 0.007547169811320755
1 0.8325569358178054 0.10786163522012579 0.0036231884057971015 0.008176100628930818
1 0.8812111801242236 0.10031446540880504 0.0036231884057971015 0.008176100628930818
1 0.8449792960662525 0.10628930817610063 0.0036231884057971015 0.007547169811320755
1 0.8628364389233955 0.10377358490566038 0.003105590062111801 0.006289308176100629
1 0.8266045548654244 0.11069182389937107 0.002070393374741201 0.007547169811320755
10 0.011904761904761904 0.2320754716981132 0.006211180124223602 0.0037735849056603774
10 0.024327122153209108 0.23144654088050315 0.006211180124223602 0.0037735849056603774
10 0.013457556935817806 0.2408805031446541 0.007246376811594203 0.005031446540880503
10 0.027432712215320912 0.2389937106918239 0.006211180124223602 0.0037735849056603774
1 0.048654244306418216 0.23836477987421384 0.016563146997929608 0.02389937106918239
1 0.6876293995859213 0.14371069182389937 0.03571428571428571 0.048427672955974846
1 0.09213250517598344 0.23270440251572327 0.008281573498964804 0.016352201257861635
5 0.7864906832298136 0.13176100628930817 0.021221532091097308 0.01949685534591195
12 0.859472049689441 0.12138364779874214 0.006728778467908903 0.00880503144654088
10 0.026397515527950312 0.24622641509433962 0.007246376811594203 0.0031446540880503146
12 0.8739648033126294 0.12012578616352201 0.007763975155279503 0.012578616352201259
12 0.8894927536231884 0.11855345911949686 0.008799171842650104 0.010691823899371069
12 0.9050207039337475 0.11666666666666667 0.009834368530020704 0.011949685534591196
1 0.8294513457556936 0.12830188679245283 0.0036231884057971015 0.00880503144654088
1 0.8480848861283644 0.12578616352201258 0.004658385093167702 0.011320754716981131
1 0.8216873706004141 0.13018867924528302 0.002587991718426501 0.00880503144654088
1 0.6330227743271222 0.15849056603773584 0.003105590062111801 0.007547169811320755
10 0.6265527950310559 0.16132075471698112 0.0036231884057971015 0.009433962264150943
1 0.8084886128364389 0.13459119496855346 0.003105590062111801 0.00880503144654088
10 0.8234989648033126 0.1421383647798742 0.003105590062111801 0.010062893081761006
10 0.8299689440993789 0.14150943396226415 0.0036231884057971015 0.010062893081761006
12 0.9296066252587992 0.1311320754716981 0.010351966873706004 0.013207547169811321
1 0.724120082815735 0.16226415094339622 0.032091097308488616 0.03647798742138365
1 0.9505693581780539 0.12861635220125786 0.0036231884057971015 0.010691823899371069
1 0.5885093167701864 0.18364779874213835 0.007246376811594203 0.005031446540880503
10 0.9428053830227743 0.13050314465408805 0.0036231884057971015 0.009433962264150943
10 0.8175465838509317 0.15031446540880503 0.0036231884057971015 0.00880503144654088
1 0.80175983436853 0.1540880503144654 0.004140786749482402 0.010062893081761006
10 0.8385093167701864 0.14937106918238993 0.004140786749482402 0.010691823899371069
10 0.8108178053830227 0.1531446540880503 0.002587991718426501 0.010691823899371069
10 0.8511904761904762 0.14748427672955974 0.0036231884057971015 0.008176100628930818
1 0.3879399585921325 0.21635220125786164 0.012939958592132506 0.010062893081761006
10 0.8449792960662525 0.1481132075471698 0.0036231884057971015 0.009433962264150943
10 0.8579192546583851 0.14654088050314465 0.002587991718426501 0.007547169811320755
1 0.37370600414078675 0.21949685534591196 0.012422360248447204 0.010062893081761006
1 0.3605072463768116 0.2210691823899371 0.012939958592132506 0.009433962264150943
1 0.7836438923395446 0.15880503144654087 0.004140786749482402 0.010691823899371069
1 0.5877329192546584 0.1889937106918239 0.006728778467908903 0.00440251572327044
5 0.5690993788819876 0.19308176100628932 0.007763975155279503 0.01509433962264151
10 0.416407867494824 0.21855345911949686 0.011904761904761904 0.008176100628930818
1 0.3612836438923395 0.2279874213836478 0.011387163561076604 0.008176100628930818
1 0.05848861283643892 0.2742138364779874 0.034161490683229816 0.050314465408805034
10 0.589544513457557 0.19748427672955976 0.009316770186335404 0.005031446540880503
10 0.41770186335403725 0.22515723270440252 0.013457556935817806 0.00880503144654088
1 0.4298654244306418 0.22327044025157233 0.012939958592132506 0.00880503144654088
10 0.8530020703933747 0.1610062893081761 0.003105590062111801 0.007547169811320755
10 0.8478260869565217 0.16163522012578616 0.002070393374741201 0.007547169811320755
10 0.8589544513457557 0.16069182389937106 0.0036231884057971015 0.008176100628930818
10 0.9205486542443064 0.15188679245283018 0.0015527950310559005 0.008176100628930818
10 0.9500517598343685 0.14748427672955974 0.002587991718426501 0.008176100628930818
10 0.9451345755693582 0.14779874213836477 0.002070393374741201 0.00880503144654088
10 0.34834368530020704 0.23742138364779874 0.010351966873706004 0.008176100628930818
10 0.9399585921325052 0.14968553459119496 0.002070393374741201 0.00880503144654088
10 0.9549689440993789 0.14685534591194968 0.003105590062111801 0.008176100628930818
10 0.8188405797101449 0.16761006289308175 0.004140786749482402 0.009433962264150943
10 0.927536231884058 0.15157232704402515 0.003105590062111801 0.00880503144654088
1 0.8273809523809523 0.1669811320754717 0.002587991718426501 0.009433962264150943
10 0.3620600414078675 0.23647798742138365 0.011904761904761904 0.00880503144654088
10 0.8126293995859213 0.1691823899371069 0.004140786749482402 0.00880503144654088
1 0.3364389233954451 0.24025157232704403 0.007246376811594203 0.006289308176100629
10 0.9321946169772257 0.15125786163522012 0.002070393374741201 0.008176100628930818
1 0.8333333333333334 0.16635220125786163 0.003105590062111801 0.009433962264150943
10 0.8405797101449275 0.1660377358490566 0.004140786749482402 0.00880503144654088
1 0.8048654244306418 0.17295597484276728 0.006211180124223602 0.016352201257861635
1 0.6925465838509317 0.19150943396226416 0.033126293995859216 0.04716981132075472
1 0.43193581780538304 0.23113207547169812 0.012939958592132506 0.008176100628930818
10 0.41847826086956524 0.2330188679245283 0.012939958592132506 0.009433962264150943
10 0.36257763975155277 0.2430817610062893 0.008799171842650104 0.00440251572327044
1 0.19901656314699792 0.2672955974842767 0.03778467908902691 0.050314465408805034
10 0.3504140786749482 0.24528301886792453 0.011387163561076604 0.00880503144654088
1 0.3364389233954451 0.2481132075471698 0.007246376811594203 0.005660377358490566
12 0.6195652173913043 0.20660377358490567 0.026915113871635612 0.03333333333333333
1 0.43245341614906835 0.23836477987421384 0.012939958592132506 0.00880503144654088
1 0.4197722567287785 0.24119496855345912 0.011387163561076604 0.008176100628930818
10 0.3620600414078675 0.24968553459119497 0.006728778467908903 0.0037735849056603774
10 0.35119047619047616 0.25251572327044025 0.007763975155279503 0.00440251572327044
1 0.3382505175983437 0.25440251572327044 0.004658385093167702 0.0031446540880503146
10 0.46557971014492755 0.24119496855345912 0.006728778467908903 0.00440251572327044
1 0.4329710144927536 0.24622641509433962 0.007763975155279503 0.00440251572327044
10 0.42028985507246375 0.24842767295597484 0.011387163561076604 0.00880503144654088
5 0.3915631469979296 0.2537735849056604 0.025362318840579712 0.057232704402515724
1 0.14440993788819875 0.2921383647798742 0.008281573498964804 0.005660377358490566
12 0.5590062111801242 0.23081761006289309 0.025879917184265012 0.03647798742138365
10 0.5908385093167702 0.22830188679245284 0.005693581780538302 0.006289308176100629
10 0.421583850931677 0.2559748427672956 0.011904761904761904 0.010062893081761006
1 0.4340062111801242 0.2540880503144654 0.005693581780538302 0.0037735849056603774
1 0.36490683229813664 0.2647798742138365 0.011387163561076604 0.00880503144654088
10 0.46195652173913043 0.2518867924528302 0.006728778467908903 0.00440251572327044
1 0.12732919254658384 0.3053459119496855 0.005175983436853002 0.005660377358490566
1 0.43452380952380953 0.260062893081761 0.0036231884057971015 0.0031446540880503146
1 0.4221014492753623 0.2641509433962264 0.009834368530020704 0.006289308176100629
10 0.35248447204968947 0.2742138364779874 0.006211180124223602 0.0037735849056603774
1 0.5191511387163561 0.25031446540880503 0.039337474120082816 0.04025157232704402
1 0.34032091097308487 0.27767295597484276 0.007763975155279503 0.005660377358490566
1 0.4640269151138716 0.25943396226415094 0.004658385093167702 0.0031446540880503146
1 0.43504140786749484 0.26855345911949685 0.006728778467908903 0.0037735849056603774
10 0.4231366459627329 0.270125786163522 0.013975155279503106 0.009433962264150943
10 0.5916149068322981 0.24559748427672956 0.008281573498964804 0.005660377358490566
10 0.6431159420289855 0.23962264150943396 0.004658385093167702 0.010062893081761006
1 0.35248447204968947 0.2830188679245283 0.009316770186335404 0.005031446540880503
1 0.34109730848861286 0.28553459119496855 0.006211180124223602 0.0025157232704402514
10 0.4365942028985507 0.2757861635220126 0.011904761904761904 0.008176100628930818
10 0.42365424430641824 0.27861635220125786 0.012939958592132506 0.00880503144654088
1 0.7031573498964804 0.23773584905660378 0.03364389233954451 0.04150943396226415
1 0.34109730848861286 0.2918238993710692 0.007246376811594203 0.006289308176100629
1 0.5582298136645962 0.259748427672956 0.008799171842650104 0.006289308176100629
10 0.3527432712215321 0.29056603773584905 0.007763975155279503 0.005031446540880503
1 0.4249482401656315 0.2849056603773585 0.012422360248447204 0.007547169811320755
1 0.6436335403726708 0.25440251572327044 0.005693581780538302 0.010691823899371069
10 0.3532608695652174 0.29874213836477986 0.007763975155279503 0.005031446540880503
1 0.5949792960662525 0.2632075471698113 0.008799171842650104 0.005660377358490566
1 0.5592650103519669 0.2682389937106918 0.005693581780538302 0.0031446540880503146
5 0.5768633540372671 0.2660377358490566 0.007763975155279503 0.016352201257861635
1 0.08100414078674949 0.34591194968553457 0.008799171842650104 0.006289308176100629
1 0.1503623188405797 0.3374213836477987 0.007763975155279503 0.00440251572327044
1 0.5564182194616977 0.27735849056603773 0.007246376811594203 0.005031446540880503
1 0.4518633540372671 0.2930817610062893 0.012422360248447204 0.007547169811320755
10 0.4254658385093168 0.29779874213836477 0.013457556935817806 0.008176100628930818
10 0.43814699792960665 0.29559748427672955 0.011904761904761904 0.007547169811320755
10 0.4114906832298137 0.3 0.009316770186335404 0.006289308176100629
1 0.08126293995859213 0.3534591194968553 0.006211180124223602 0.0025157232704402514
1 0.4386645962732919 0.30345911949685533 0.005693581780538302 0.0018867924528301887
1 0.4140786749482402 0.3069182389937107 0.008281573498964804 0.005031446540880503
1 0.42701863354037267 0.3053459119496855 0.005175983436853002 0.0031446540880503146
1 0.453416149068323 0.30157232704402515 0.011387163561076604 0.010691823899371069
10 0.15217391304347827 0.34654088050314463 0.006211180124223602 0.0037735849056603774
1 0.08022774327122154 0.36069182389937104 0.005175983436853002 0.0031446540880503146
5 0.4831780538302277 0.30345911949685533 0.05124223602484472 0.08742138364779874
12 0.6265527950310559 0.28238993710691823 0.024327122153209108 0.03773584905660377
10 0.45367494824016563 0.3081761006289308 0.004658385093167702 0.0037735849056603774
10 0.4396997929606625 0.3110062893081761 0.007763975155279503 0.00440251572327044
1 0.8108178053830227 0.25566037735849056 0.009834368530020704 0.006918238993710692
1 0.8687888198757764 0.24748427672955975 0.006728778467908903 0.00440251572327044
10 0.1513975155279503 0.3550314465408805 0.006728778467908903 0.00440251572327044
1 0.8514492753623188 0.2512578616352201 0.002070393374741201 0.006918238993710692
1 0.8299689440993789 0.2550314465408805 0.002587991718426501 0.006918238993710692
1 0.8237577639751553 0.2559748427672956 0.0036231884057971015 0.007547169811320755
1 0.8408385093167702 0.25440251572327044 0.002587991718426501 0.005660377358490566
1 0.8473084886128365 0.2540880503144654 0.004140786749482402 0.00880503144654088
1 0.8351449275362319 0.25534591194968553 0.0036231884057971015 0.007547169811320755
1 0.4412525879917184 0.3179245283018868 0.008799171842650104 0.006918238993710692
10 0.45445134575569357 0.31666666666666665 0.006211180124223602 0.0031446540880503146
1 0.13405797101449277 0.3654088050314465 0.006211180124223602 0.005031446540880503
12 0.567287784679089 0.30157232704402515 0.024844720496894408 0.03207547169811321
1 0.06366459627329192 0.37704402515723273 0.007246376811594203 0.00440251572327044
1 0.8682712215320911 0.2578616352201258 0.008799171842650104 0.006289308176100629
1 0.812888198757764 0.2672955974842767 0.007763975155279503 0.005031446540880503
10 0.5993788819875776 0.30062893081761005 0.008281573498964804 0.006289308176100629
10 0.45419254658385094 0.32264150943396225 0.005693581780538302 0.0037735849056603774
10 0.4412525879917184 0.3251572327044025 0.006728778467908903 0.0037735849056603774
1 0.7122153209109731 0.28553459119496855 0.031055900621118012 0.033962264150943396
1 0.8555900621118012 0.26540880503144654 0.003105590062111801 0.006289308176100629
1 0.8372153209109731 0.2691823899371069 0.0036231884057971015 0.007547169811320755
1 0.8488612836438924 0.2682389937106918 0.002070393374741201 0.006918238993710692
1 0.8245341614906833 0.2720125786163522 0.003105590062111801 0.005660377358490566
1 0.8426501035196687 0.2688679245283019 0.003105590062111801 0.006918238993710692
1 0.8310041407867494 0.27169811320754716 0.0036231884057971015 0.00880503144654088
1 0.8113354037267081 0.2748427672955975 0.005693581780538302 0.0037735849056603774
1 0.8731884057971014 0.2669811320754717 0.004140786749482402 0.0031446540880503146
10 0.4409937888198758 0.3323899371069182 0.004140786749482402 0.0031446540880503146
10 0.45626293995859213 0.32987421383647797 0.010869565217391304 0.008176100628930818
10 0.3651656314699793 0.3452830188679245 0.012939958592132506 0.00880503144654088
1 0.8115942028985508 0.2820754716981132 0.003105590062111801 0.0031446540880503146
1 0.8739648033126294 0.2748427672955975 0.005693581780538302 0.0025157232704402514
10 0.44280538302277433 0.33867924528301885 0.005693581780538302 0.0031446540880503146
10 0.45703933747412007 0.33679245283018866 0.011387163561076604 0.006918238993710692
1 0.82324016563147 0.2830188679245283 0.004658385093167702 0.0025157232704402514
10 0.41796066252587993 0.3440251572327044 0.005693581780538302 0.0037735849056603774
1 0.4306418219461698 0.3424528301886792 0.008281573498964804 0.00440251572327044
10 0.3662008281573499 0.3531446540880503 0.011904761904761904 0.009433962264150943
1 0.6752070393374742 0.3078616352201258 0.007763975155279503 0.00440251572327044
1 0.8108178053830227 0.28867924528301886 0.005693581780538302 0.0037735849056603774
10 0.599120082815735 0.32044025157232703 0.010869565217391304 0.005660377358490566
10 0.45678053830227744 0.3433962264150943 0.004658385093167702 0.0037735849056603774
1 0.8765527950310559 0.2820754716981132 0.005693581780538302 0.0031446540880503146
10 0.4438405797101449 0.34654088050314463 0.006728778467908903 0.0037735849056603774
1 0.8242753623188406 0.28962264150943395 0.005693581780538302 0.0031446540880503146
10 0.4314182194616977 0.35 0.006728778467908903 0.00440251572327044
10 0.36801242236024845 0.3610062893081761 0.013457556935817806 0.00880503144654088
1 0.812111801242236 0.29559748427672955 0.005175983436853002 0.0025157232704402514
10 0.45678053830227744 0.35 0.005693581780538302 0.0018867924528301887
1 0.6765010351966874 0.3182389937106918 0.007246376811594203 0.005031446540880503
1 0.8760351966873706 0.2889937106918239 0.006728778467908903 0.0031446540880503146
1 0.4443581780538302 0.3531446540880503 0.007763975155279503 0.00440251572327044
1 0.8260869565217391 0.2971698113207547 0.005175983436853002 0.0031446540880503146
10 0.43245341614906835 0.35660377358490564 0.007763975155279503 0.005031446540880503
1 0.3682712215320911 0.36855345911949683 0.012939958592132506 0.00880503144654088
1 0.4580745341614907 0.3562893081761006 0.005175983436853002 0.00440251572327044
1 0.8146997929606625 0.3040880503144654 0.008281573498964804 0.0031446540880503146
1 0.53027950310559 0.3471698113207547 0.03467908902691511 0.04905660377358491
5 0.5861801242236024 0.33962264150943394 0.009834368530020704 0.016352201257861635
1 0.8258281573498965 0.3040880503144654 0.005693581780538302 0.0031446540880503146
1 0.8781055900621118 0.2971698113207547 0.005693581780538302 0.0031446540880503146
1 0.3693064182194617 0.3745283018867924 0.012939958592132506 0.009433962264150943
1 0.6053312629399586 0.339937106918239 0.008799171842650104 0.008176100628930818
1 0.8141821946169773 0.3110062893081761 0.005175983436853002 0.0031446540880503146
1 0.6526915113871635 0.33584905660377357 0.003105590062111801 0.010062893081761006
1 0.8770703933747412 0.3040880503144654 0.005693581780538302 0.0031446540880503146
2 0.11387163561076605 0.41949685534591197 0.06314699792960662 0.3584905660377358
1 0.7163561076604554 0.33050314465408803 0.041407867494824016 0.04465408805031446
1 0.8535196687370601 0.310377358490566 0.003105590062111801 0.008176100628930818
1 0.828416149068323 0.31446540880503143 0.0036231884057971015 0.00880503144654088
10 0.3695652173913043 0.3836477987421384 0.010351966873706004 0.007547169811320755
1 0.8343685300207039 0.31446540880503143 0.005175983436853002 0.00880503144654088
1 0.8418737060041408 0.31383647798742137 0.002587991718426501 0.007547169811320755
1 0.8470496894409938 0.3128930817610063 0.002587991718426501 0.006918238993710692
10 0.6058488612836439 0.3490566037735849 0.008799171842650104 0.005031446540880503
1 0.8154761904761905 0.31761006289308175 0.006728778467908903 0.0037735849056603774
2 0.25491718426501037 0.4009433962264151 0.08229813664596274 0.3641509433962264
10 0.4143374741200828 0.3779874213836478 0.011904761904761904 0.010062893081761006
2 0.3222049689440994 0.39213836477987424 0.07298136645962733 0.3654088050314465
2 0.04218426501035197 0.4345911949685535 0.07298136645962733 0.3635220125786163
2 0.18219461697722567 0.4166666666666667 0.07142857142857142 0.3654088050314465
10 0.37060041407867494 0.39025157232704405 0.012422360248447204 0.008176100628930818
1 0.8196169772256728 0.3270440251572327 0.009834368530020704 0.007547169811320755
1 0.41511387163561075 0.3886792452830189 0.007246376811594203 0.007547169811320755
1 0.8726708074534162 0.32044025157232703 0.005175983436853002 0.010691823899371069
1 0.8809523809523809 0.31981132075471697 0.006211180124223602 0.013207547169811321
1 0.4415113871635611 0.3858490566037736 0.037267080745341616 0.04968553459119497
1 0.3713768115942029 0.39716981132075474 0.012939958592132506 0.010691823899371069
1 0.8548136645962733 0.32672955974842766 0.0036231884057971015 0.008176100628930818
1 0.8493788819875776 0.3283018867924528 0.003105590062111801 0.007547169811320755
1 0.843167701863354 0.3292452830188679 0.003105590062111801 0.006918238993710692
1 0.8374741200828157 0.330188679245283 0.004140786749482402 0.00880503144654088
1 0.8312629399585921 0.3311320754716981 0.004140786749482402 0.006918238993710692
12 0.6317287784679089 0.3632075471698113 0.024327122153209108 0.030817610062893082
1 0.8209109730848861 0.33553459119496853 0.008281573498964804 0.005660377358490566
12 0.5753105590062112 0.37484276729559746 0.024327122153209108 0.033962264150943396
10 0.416407867494824 0.3987421383647799 0.006728778467908903 0.005031446540880503
10 0.416407867494824 0.40628930817610065 0.006728778467908903 0.0037735849056603774
1 0.3729296066252588 0.4160377358490566 0.010869565217391304 0.009433962264150943
10 0.6066252587991718 0.3937106918238994 0.010351966873706004 0.005031446540880503
1 0.7238612836438924 0.379559748427673 0.03157349896480331 0.04339622641509434
1 0.375 0.4349056603773585 0.010869565217391304 0.008176100628930818
1 0.4192546583850932 0.43616352201257863 0.008281573498964804 0.006918238993710692
1 0.4518633540372671 0.4336477987421384 0.037267080745341616 0.04465408805031446
10 0.42054865424430643 0.4490566037735849 0.007763975155279503 0.0037735849056603774
1 0.3770703933747412 0.45628930817610064 0.010869565217391304 0.008176100628930818
10 0.42339544513457555 0.4569182389937107 0.007246376811594203 0.005660377358490566
10 0.37422360248447206 0.46949685534591196 0.003105590062111801 0.009433962264150943
1 0.380175983436853 0.4688679245283019 0.006728778467908903 0.013207547169811321
1 0.4249482401656315 0.4657232704402516 0.006211180124223602 0.00440251572327044
1 0.6762422360248447 0.42924528301886794 0.008799171842650104 0.006918238993710692