9 0.18765984654731457 0.22788461538461538 0.09782608695652174 0.07884615384615384
9 0.5585038363171355 0.13365384615384615 0.460997442455243 0.2
2 0.30914322250639387 0.2759615384615385 0.05051150895140665 0.04807692307692308
8 0.7803708439897699 0.13942307692307693 0.037723785166240406 0.03461538461538462
9 0.20907928388746802 0.3110576923076923 0.05754475703324808 0.13365384615384615
1 0.7455242966751918 0.16923076923076924 0.005115089514066497 0.009615384615384616
10 0.7471227621483376 0.18269230769230768 0.007033248081841432 0.013461538461538462
8 0.29539641943734013 0.3490384615384615 0.011508951406649617 0.026923076923076925
1 0.4670716112531969 0.3014423076923077 0.01854219948849105 0.016346153846153847
8 0.3132992327365729 0.35 0.017902813299232736 0.01730769230769231
1 0.7506393861892583 0.23173076923076924 0.00639386189258312 0.007692307692307693
5 0.77653452685422 0.2264423076923077 0.03644501278772379 0.07403846153846154
8 0.315537084398977 0.3629807692307692 0.017263427109974423 0.016346153846153847
1 0.48081841432225064 0.3158653846153846 0.011508951406649617 0.025961538461538463
1 0.45812020460358055 0.32259615384615387 0.00959079283887468 0.027884615384615386
5 0.4686700767263427 0.3192307692307692 0.017902813299232736 0.026923076923076925
1 0.7960358056265985 0.22932692307692307 0.00639386189258312 0.0125
1 0.7468030690537084 0.24519230769230768 0.015345268542199489 0.013461538461538462
1 0.8069053708439897 0.2298076923076923 0.010230179028132993 0.025
10 0.6863810741687979 0.27403846153846156 0.01854219948849105 0.028846153846153848
1 0.5930306905370843 0.30480769230769234 0.0159846547314578 0.04230769230769231
1 0.7522378516624041 0.26346153846153847 0.008312020460358057 0.023076923076923078
8 0.6998081841432225 0.28509615384615383 0.010869565217391304 0.027884615384615386
1 0.7608695652173914 0.26875 0.010230179028132993 0.02403846153846154
1 0.5495524296675192 0.33221153846153845 0.0159846547314578 0.025961538461538463
9 0.21387468030690537 0.4341346153846154 0.10421994884910486 0.14711538461538462
1 0.3510230179028133 0.39903846153846156 0.010230179028132993 0.026923076923076925
1 0.657608695652174 0.3105769230769231 0.017263427109974423 0.015384615384615385
1 0.6083759590792839 0.3269230769230769 0.00959079283887468 0.025
1 0.37595907928388744 0.39663461538461536 0.017902813299232736 0.014423076923076924
1 0.6262787723785166 0.3245192307692308 0.00959079283887468 0.022115384615384617
1 0.7554347826086957 0.28942307692307695 0.00959079283887468 0.023076923076923078
1 0.3046675191815857 0.4254807692307692 0.0159846547314578 0.014423076923076924
6 0.7726982097186701 0.28894230769230766 0.026214833759590793 0.02403846153846154
1 0.6505754475703325 0.33221153846153845 0.00959079283887468 0.02403846153846154
1 0.6697570332480819 0.32884615384615384 0.017263427109974423 0.026923076923076925
1 0.3820332480818414 0.42788461538461536 0.01854219948849105 0.015384615384615385
1 0.6838235294117647 0.3485576923076923 0.017263427109974423 0.014423076923076924
1 0.30818414322250637 0.45865384615384613 0.017902813299232736 0.01730769230769231
1 0.38395140664961636 0.4394230769230769 0.017263427109974423 0.015384615384615385
1 0.6860613810741688 0.3658653846153846 0.016624040920716114 0.014423076923076924
5 0.4884910485933504 0.42403846153846153 0.13171355498721227 0.20384615384615384
1 0.4319053708439898 0.44519230769230766 0.010869565217391304 0.025
1 0.3139386189258312 0.49182692307692305 0.016624040920716114 0.014423076923076924
1 0.6934143222506394 0.3908653846153846 0.017263427109974423 0.016346153846153847
1 0.38938618925831203 0.48028846153846155 0.017902813299232736 0.016346153846153847
1 0.3945012787723785 0.49759615384615385 0.010230179028132993 0.025961538461538463
1 0.38714833759590794 0.5 0.00959079283887468 0.025
1 0.3209718670076726 0.5216346153846154 0.008951406649616368 0.02403846153846154
1 0.3654092071611253 0.510576923076923 0.012148337595907928 0.026923076923076925
1 0.3305626598465473 0.520673076923077 0.010230179028132993 0.025961538461538463
1 0.35262148337595906 0.5149038461538461 0.00959079283887468 0.025961538461538463
1 0.37851662404092073 0.5076923076923077 0.011508951406649617 0.026923076923076925
9 0.2420076726342711 0.5528846153846154 0.058184143222506396 0.1346153846153846
1 0.5626598465473146 0.4620192307692308 0.011508951406649617 0.025961538461538463
5 0.8283248081841432 0.3995192307692308 0.1336317135549872 0.20288461538461539
10 0.7129156010230179 0.43846153846153846 0.017902813299232736 0.015384615384615385
1 0.3312020460358056 0.5610576923076923 0.014066496163682864 0.03942307692307692
1 0.3174552429667519 0.5649038461538461 0.0159846547314578 0.03942307692307692
8 0.46898976982097185 0.5221153846153846 0.017263427109974423 0.01730769230769231
10 0.5003196930946292 0.5129807692307692 0.017263427109974423 0.016346153846153847
1 0.6278772378516624 0.48173076923076924 0.008951406649616368 0.023076923076923078
10 0.600383631713555 0.5173076923076924 0.017902813299232736 0.01730769230769231
1 0.5588235294117647 0.5307692307692308 0.026854219948849106 0.025
1 0.5095907928388747 0.55 0.010230179028132993 0.025
1 0.6016624040920716 0.5307692307692308 0.017902813299232736 0.015384615384615385
1 0.6889386189258312 0.5134615384615384 0.00959079283887468 0.023076923076923078
1 0.5332480818414322 0.5677884615384615 0.017902813299232736 0.014423076923076924
1 0.6473785166240409 0.5355769230769231 0.00959079283887468 0.025
1 0.8532608695652174 0.49278846153846156 0.026214833759590793 0.022115384615384617
9 0.24584398976982097 0.6735576923076924 0.100383631713555 0.13365384615384615
10 0.6703964194373402 0.55625 0.017263427109974423 0.016346153846153847
10 0.8193734015345269 0.525 0.00959079283887468 0.025
10 0.8017902813299232 0.5317307692307692 0.010230179028132993 0.026923076923076925
1 0.8110613810741688 0.5288461538461539 0.00959079283887468 0.025
8 0.6745524296675192 0.5774038461538461 0.028132992327365727 0.02980769230769231
8 0.6531329923273658 0.5850961538461539 0.00959079283887468 0.025961538461538463
12 0.8941815856777494 0.5216346153846154 0.021099744245524295 0.0375
1 0.8369565217391305 0.5509615384615385 0.017902813299232736 0.01730769230769231
10 0.8388746803069054 0.5639423076923077 0.017902813299232736 0.016346153846153847
9 0.19757033248081843 0.7528846153846154 0.026854219948849106 0.07115384615384615
10 0.8938618925831202 0.5596153846153846 0.010230179028132993 0.023076923076923078
10 0.9044117647058824 0.5572115384615385 0.010869565217391304 0.022115384615384617
12 0.8724424552429667 0.583173076923077 0.021099744245524295 0.03942307692307692
1 0.8532608695652174 0.5899038461538462 0.010869565217391304 0.025961538461538463
12 0.8123401534526854 0.6096153846153847 0.027493606138107418 0.032692307692307694
12 0.784846547314578 0.6298076923076923 0.03260869565217391 0.05961538461538462
10 0.7471227621483376 0.6413461538461539 0.00959079283887468 0.023076923076923078
10 0.7650255754475703 0.6365384615384615 0.00959079283887468 0.025
10 0.7557544757033248 0.6403846153846153 0.008951406649616368 0.023076923076923078
1 0.7378516624040921 0.6466346153846154 0.0076726342710997444 0.02403846153846154
9 0.4437340153452685 0.7322115384615384 0.08695652173913043 0.06826923076923076
9 0.31074168797953966 0.7947115384615384 0.06010230179028133 0.16442307692307692
12 0.8260869565217391 0.6576923076923077 0.0370843989769821 0.06153846153846154
10 0.7669437340153452 0.6903846153846154 0.00959079283887468 0.025
5 0.7973145780051151 0.6836538461538462 0.034526854219948847 0.04230769230769231
9 0.5786445012787724 0.7649038461538461 0.03836317135549872 0.13557692307692307
9 0.7087595907928389 0.7322115384615384 0.037723785166240406 0.12980769230769232
10 0.7906010230179028 0.7230769230769231 0.00959079283887468 0.023076923076923078
10 0.8005115089514067 0.7197115384615385 0.008951406649616368 0.02403846153846154
9 0.22186700767263426 0.8947115384615385 0.02557544757033248 0.06826923076923076
8 0.6480179028132992 0.775 0.10421994884910486 0.08653846153846154
9 0.45684143222506396 0.8447115384615385 0.0850383631713555 0.06057692307692308
9 0.8638107416879796 0.7322115384615384 0.024296675191815855 0.07211538461538461
9 0.8174552429667519 0.7461538461538462 0.023657289002557546 0.06923076923076923
9 0.28452685421994883 0.9072115384615385 0.03964194373401535 0.05480769230769231