1 0.20464135021097046 0.783203125 0.05168776371308017 0.03984375
8 0.7732067510548524 0.74296875 0.022151898734177215 0.015625
1 0.7078059071729957 0.7484375 0.024261603375527425 0.075
7 0.02979957805907173 0.801171875 0.01529535864978903 0.04921875
1 0.2616033755274262 0.7921875 0.02109704641350211 0.0125
8 0.7708333333333334 0.76796875 0.02267932489451477 0.01875
2 0.8889767932489452 0.765234375 0.2209915611814346 0.32734375
8 0.5901898734177216 0.797265625 0.011603375527426161 0.03359375
5 0.2621308016877637 0.82578125 0.046413502109704644 0.0609375
6 0.07515822784810126 0.842578125 0.05643459915611814 0.07421875
3 0.19277426160337552 0.84296875 0.08386075949367089 0.06875
8 0.7758438818565401 0.80234375 0.02109704641350211 0.015625
7 0.03243670886075949 0.862109375 0.014240506329113924 0.04921875
1 0.7167721518987342 0.812109375 0.04852320675105485 0.03828125
2 0.3251582278481013 0.825 0.08175105485232068 0.3484375
1 0.7753164556962026 0.821484375 0.020042194092827006 0.01484375
1 0.26424050632911394 0.865234375 0.022151898734177215 0.01640625
10 0.5021097046413502 0.850390625 0.017932489451476793 0.01484375
10 0.5034282700421941 0.869140625 0.016350210970464137 0.01328125
2 0.6495253164556962 0.86484375 0.09018987341772151 0.253125
2 0.39425105485232065 0.8875 0.1872362869198312 0.2234375
5 0.2563291139240506 0.925 0.03691983122362869 0.06875
1 0.232331223628692 0.926953125 0.008966244725738396 0.02890625
10 0.28270042194092826 0.9234375 0.008438818565400843 0.028125
2 0.14741561181434598 0.945703125 0.09757383966244726 0.10703125
1 0.7747890295358649 0.084765625 0.024261603375527425 0.07578125
1 0.3314873417721519 0.13125 0.020569620253164556 0.015625
10 0.1529535864978903 0.15 0.022151898734177215 0.015625
1 0.10812236286919831 0.15390625 0.00949367088607595 0.0296875
10 0.12262658227848101 0.1546875 0.010021097046413503 0.0296875
2 0.7159810126582279 0.121484375 0.06276371308016877 0.04609375
2 0.9016350210970464 0.1234375 0.1787974683544304 0.246875
1 0.6558544303797469 0.142578125 0.020569620253164556 0.01484375
10 0.6569092827004219 0.159375 0.019514767932489453 0.0140625
1 0.7544831223628692 0.173046875 0.019514767932489453 0.01484375
1 0.6877637130801688 0.18671875 0.00949367088607595 0.0265625
10 0.6247362869198312 0.1921875 0.008966244725738396 0.0296875
3 0.6563818565400844 0.196875 0.0490506329113924 0.05625
5 0.7183544303797469 0.191796875 0.046413502109704644 0.05546875
10 0.755801687763713 0.190625 0.020042194092827006 0.0140625
8 0.755801687763713 0.2140625 0.02109704641350211 0.0125
10 0.23681434599156118 0.277734375 0.008438818565400843 0.03046875
10 0.26872362869198313 0.274609375 0.011075949367088608 0.02890625
10 0.2478902953586498 0.2765625 0.008438818565400843 0.028125
10 0.2576476793248945 0.276171875 0.008966244725738396 0.03046875
1 0.13291139240506328 0.29609375 0.00949367088607595 0.0296875
10 0.28560126582278483 0.2859375 0.008966244725738396 0.028125
1 0.5704113924050633 0.265625 0.031118143459915613 0.021875
1 0.1160337552742616 0.301953125 0.012658227848101266 0.03359375
10 0.7257383966244726 0.257421875 0.008438818565400843 0.03046875
10 0.7143987341772152 0.258984375 0.008966244725738396 0.03046875
10 0.3618143459915612 0.2875 0.02109704641350211 0.015625
8 0.5487869198312236 0.280859375 0.008966244725738396 0.02890625
1 0.5284810126582279 0.283203125 0.010548523206751054 0.02890625
1 0.5005274261603375 0.2859375 0.008438818565400843 0.028125
1 0.568301687763713 0.291015625 0.02267932489451477 0.01328125
1 0.6302742616033755 0.324609375 0.014767932489451477 0.04765625
1 0.582542194092827 0.334375 0.03217299578059072 0.0234375
1 0.4902426160337553 0.347265625 0.008966244725738396 0.03046875
10 0.1540084388185654 0.3765625 0.010548523206751054 0.03125
10 0.09599156118143459 0.386328125 0.0189873417721519 0.01328125
5 0.5192510548523207 0.3640625 0.01529535864978903 0.0234375
10 0.09599156118143459 0.405859375 0.0189873417721519 0.01328125
1 0.45806962025316456 0.381640625 0.018459915611814346 0.01328125
1 0.48154008438818563 0.38046875 0.017932489451476793 0.0125
5 0.7054324894514767 0.3640625 0.1070675105485232 0.159375
1 0.5775316455696202 0.38203125 0.008438818565400843 0.0296875
1 0.5203059071729957 0.387109375 0.019514767932489453 0.01484375
5 0.12948312236286919 0.422265625 0.037447257383966245 0.04140625
1 0.47811181434599154 0.397265625 0.020569620253164556 0.01484375
1 0.3204113924050633 0.4296875 0.17985232067510548 0.265625
1 0.633175105485232 0.406640625 0.01529535864978903 0.04609375
8 0.5187236286919831 0.41640625 0.03217299578059072 0.0234375
1 0.10337552742616034 0.4515625 0.02109704641350211 0.015625
1 0.5569620253164557 0.422265625 0.02109704641350211 0.01484375
1 0.49630801687763715 0.433203125 0.011603375527426161 0.03046875
1 0.5788502109704642 0.430859375 0.007911392405063292 0.03046875
10 0.1308016877637131 0.4671875 0.00949367088607595 0.03125
1 0.5189873417721519 0.441796875 0.0189873417721519 0.01328125
1 0.5756856540084389 0.468359375 0.018459915611814346 0.01328125
2 0.9124472573839663 0.44296875 0.17405063291139242 0.253125
1 0.48575949367088606 0.47578125 0.020042194092827006 0.0125
1 0.5522151898734177 0.471484375 0.02109704641350211 0.01328125
1 0.4633438818565401 0.479296875 0.019514767932489453 0.01484375
2 0.04746835443037975 0.514453125 0.09177215189873418 0.40234375
1 0.5305907172995781 0.478125 0.0189873417721519 0.0328125
10 0.6571729957805907 0.481640625 0.008438818565400843 0.02734375
10 0.7478902953586498 0.484375 0.008438818565400843 0.03125
10 0.6677215189873418 0.4921875 0.010548523206751054 0.0265625
10 0.7120253164556962 0.489453125 0.010548523206751054 0.03046875
10 0.6843354430379747 0.4921875 0.008966244725738396 0.028125
10 0.6954113924050633 0.4921875 0.007911392405063292 0.0265625
10 0.6400316455696202 0.5 0.020569620253164556 0.015625
1 0.7945675105485233 0.493359375 0.025843881856540084 0.07578125
10 0.42563291139240506 0.5375 0.00949367088607595 0.03125
10 0.2776898734177215 0.580859375 0.007911392405063292 0.03203125
1 0.7834915611814346 0.559375 0.051160337552742616 0.0390625
10 0.22837552742616032 0.619140625 0.0189873417721519 0.01171875
10 0.22811181434599156 0.6375 0.021624472573839662 0.0140625
1 0.6368670886075949 0.625390625 0.008966244725738396 0.02890625
1 0.61207805907173 0.63203125 0.03217299578059072 0.021875
1 0.702795358649789 0.629296875 0.01740506329113924 0.01328125
1 0.6553270042194093 0.633984375 0.016350210970464137 0.01328125
6 0.1339662447257384 0.678125 0.056962025316455694 0.0796875
1 0.19936708860759494 0.675390625 0.05168776371308017 0.03359375
5 0.6782700421940928 0.648046875 0.03059071729957806 0.06171875
10 0.6550632911392406 0.650390625 0.0189873417721519 0.01171875
10 0.7035864978902954 0.647265625 0.0189873417721519 0.01328125
10 0.2597573839662447 0.684375 0.010021097046413503 0.03125
10 0.7030590717299579 0.664453125 0.0189873417721519 0.01328125
10 0.6566455696202531 0.66875 0.016877637130801686 0.0140625
5 0.6294831223628692 0.6734375 0.02689873417721519 0.0609375
8 0.2734704641350211 0.702734375 0.012130801687763712 0.03359375
2 0.3715717299578059 0.065625 0.604957805907173 0.13125
5 0.24235232067510548 0.719921875 0.0290084388185654 0.02890625
1 0.21809071729957805 0.723046875 0.020569620253164556 0.05546875
1 0.6893459915611815 0.689453125 0.0189873417721519 0.01328125
6 0.19040084388185655 0.729296875 0.03059071729957806 0.05859375
3 0.5949367088607594 0.698828125 0.035864978902953586 0.06953125
10 0.6569092827004219 0.69375 0.018459915611814346 0.0140625
10 0.2927215189873418 0.727734375 0.008438818565400843 0.02890625
12 0.3138185654008439 0.727734375 0.029535864978902954 0.03671875
8 0.7710970464135021 0.6984375 0.02109704641350211 0.0140625
1 0.6289556962025317 0.71015625 0.020569620253164556 0.0140625
10 0.6569092827004219 0.709375 0.018459915611814346 0.0125
1 0.15585443037974683 0.755078125 0.020569620253164556 0.05234375
5 0.10416666666666667 0.759765625 0.03850210970464135 0.05703125
1 0.07515822784810126 0.7625 0.019514767932489453 0.0546875
1 0.13449367088607594 0.7578125 0.020042194092827006 0.0546875
5 0.3491561181434599 0.741796875 0.017932489451476793 0.02421875
1 0.05300632911392405 0.764453125 0.021624472573839662 0.05546875
6 0.3850210970464135 0.74609375 0.012658227848101266 0.0265625
6 0.4029535864978903 0.745703125 0.013713080168776372 0.02734375
6 0.41983122362869196 0.74453125 0.013713080168776372 0.025
6 0.4375 0.74375 0.013185654008438819 0.028125
8 0.7703059071729957 0.723046875 0.024789029535864978 0.01640625
12 0.3143459915611814 0.762890625 0.029535864978902954 0.03359375
8 0.2935126582278481 0.765234375 0.008966244725738396 0.03046875