5 0.18448275862068966 0.25517241379310346 0.2689655172413793 0.38275862068965516
2 0.5310344827586206 0.04913793103448276 0.8793103448275862 0.09827586206896552
5 0.6301724137931034 0.3905172413793103 0.656896551724138 0.6603448275862069
2 0.9517241379310345 0.5379310344827586 0.09310344827586207 0.8827586206896552
2 0.041379310344827586 0.47413793103448276 0.08275862068965517 0.8827586206896552
10 0.20948275862068966 0.5465517241379311 0.04655172413793104 0.08620689655172414
10 0.2646551724137931 0.5551724137931034 0.05 0.0896551724137931
11 0.11379310344827587 0.5793103448275863 0.12758620689655173 0.2206896551724138
1 0.23706896551724138 0.7112068965517241 0.12241379310344827 0.0603448275862069
7 0.47155172413793106 0.728448275862069 0.11551724137931034 0.05344827586206897
7 0.46293103448275863 0.8008620689655173 0.11896551724137931 0.056896551724137934
5 0.7491379310344828 0.843103448275862 0.35 0.2689655172413793
5 0.2517241379310345 0.8387931034482758 0.13448275862068965 0.14655172413793102
7 0.46293103448275863 0.8637931034482759 0.11206896551724138 0.04827586206896552
10 0.35258620689655173 0.8775862068965518 0.04655172413793104 0.0896551724137931
1 0.14741379310344827 0.8793103448275862 0.04310344827586207 0.08620689655172414
2 0.46206896551724136 0.9577586206896552 0.8862068965517241 0.08103448275862069