5 0.3283398821218075 0.23711340206185566 0.09774066797642436 0.11782032400589101
10 0.3880157170923379 0.2768777614138439 0.008840864440078585 0.020618556701030927
10 0.37770137524557956 0.27503681885125186 0.009823182711198428 0.021354933726067747
4 0.40078585461689586 0.2801914580265096 0.019646365422396856 0.04197349042709867
2 0.5584479371316307 0.33505154639175255 0.10019646365422397 0.07069219440353461
2 0.19523575638506876 0.2698821796759941 0.15176817288801572 0.29381443298969073
4 0.3241650294695481 0.30559646539027985 0.0275049115913556 0.029455081001472753
1 0.8158153241650294 0.4167893961708395 0.008840864440078585 0.020618556701030927
1 0.7011296660117878 0.3946980854197349 0.009332023575638507 0.020618556701030927
1 0.8069744597249509 0.42378497790868924 0.009823182711198428 0.021354933726067747
1 0.7080058939096268 0.40427098674521356 0.009332023575638507 0.022091310751104567
1 0.824901768172888 0.4337260677466863 0.015225933202357564 0.014727540500736377
1 0.6890962671905697 0.4068483063328424 0.014734774066797643 0.013991163475699559
1 0.818516699410609 0.44477172312223856 0.015225933202357564 0.014727540500736377
1 0.693516699410609 0.41973490427098675 0.0137524557956778 0.013254786450662739
10 0.3241650294695481 0.3950662739322533 0.009823182711198428 0.021354933726067747
7 0.3143418467583497 0.3954344624447717 0.011787819253438114 0.030927835051546393
0 0.28094302554027506 0.3895434462444772 0.055992141453831044 0.07069219440353461
2 0.9192043222003929 0.5283505154639175 0.12229862475442044 0.46023564064801176
5 0.7497544204322201 0.509941089837997 0.112475442043222 0.16568483063328424
2 0.19793713163064833 0.45471281296023564 0.10805500982318271 0.10088365243004419
1 0.8047642436149313 0.5949926362297496 0.01424361493123772 0.013254786450662739
1 0.6802554027504911 0.5699558173784978 0.0137524557956778 0.013254786450662739
1 0.8118860510805501 0.6089837997054491 0.0137524557956778 0.013254786450662739
1 0.6733791748526523 0.5798969072164949 0.0137524557956778 0.013991163475699559
1 0.6915520628683693 0.5902061855670103 0.008840864440078585 0.021354933726067747
1 0.7917485265225933 0.6119293078055965 0.008840864440078585 0.020618556701030927
10 0.7794695481335953 0.6093519882179675 0.009823182711198428 0.021354933726067747
10 0.7404223968565815 0.6071428571428571 0.009332023575638507 0.021354933726067747
1 0.7986247544204322 0.6222385861561119 0.009823182711198428 0.020618556701030927
1 0.6829567779960707 0.5990427098674521 0.009332023575638507 0.021354933726067747
4 0.8106581532416502 0.6439617083946981 0.02111984282907662 0.04197349042709867
1 0.7340373280943026 0.6413843888070693 0.009332023575638507 0.022091310751104567
1 0.7428781925343811 0.6435935198821797 0.009332023575638507 0.022091310751104567
7 0.2644891944990177 0.5504418262150221 0.015225933202357564 0.03460972017673049
10 0.8548624754420432 0.6793078055964654 0.01424361493123772 0.015463917525773196
10 0.8528978388998035 0.6925625920471281 0.015225933202357564 0.013991163475699559
10 0.8521611001964636 0.7065537555228277 0.014734774066797643 0.015463917525773196
1 0.25171905697445973 0.5920471281296024 0.009332023575638507 0.022091310751104567
10 0.8509332023575639 0.7216494845360825 0.016208251473477406 0.014727540500736377
10 0.8492141453831041 0.7367452135493373 0.014734774066797643 0.015463917525773196
1 0.23551080550098233 0.6115611192930781 0.009332023575638507 0.021354933726067747
5 0.26154223968565815 0.6494845360824743 0.04862475442043222 0.09572901325478646
1 0.23158153241650295 0.6435935198821797 0.009332023575638507 0.022091310751104567
2 0.8740176817288802 0.7812960235640648 0.016208251473477406 0.027982326951399118
2 0.4992632612966601 0.7117083946980854 0.06827111984282908 0.10088365243004419
1 0.2305992141453831 0.6678939617083947 0.009332023575638507 0.022091310751104567
2 0.1574165029469548 0.6656848306332842 0.1556974459724951 0.3122238586156112
7 0.4295186640471513 0.7731958762886598 0.013261296660117878 0.03240058910162003
7 0.4577603143418468 0.7790868924889544 0.011787819253438114 0.03240058910162003
7 0.3182711198428291 0.7507363770250368 0.012770137524557957 0.03313696612665685
7 0.3745088408644401 0.7621502209131075 0.011296660117878193 0.030927835051546393
7 0.4025049115913556 0.7691458026509573 0.013261296660117878 0.03313696612665685
7 0.3462671905697446 0.7569955817378498 0.012770137524557957 0.033873343151693665
7 0.2919941060903733 0.7463181148748159 0.012278978388998035 0.03166421207658321
7 0.26547151277013753 0.7404270986745214 0.015225933202357564 0.03313696612665685
2 0.8666502946954814 0.8825478645066274 0.09479371316306483 0.1642120765832106
11 0.7900294695481336 0.9418262150220913 0.04862475442043222 0.11487481590574374
11 0.6105108055009824 0.9075846833578792 0.047151277013752456 0.1170839469808542
11 0.6549607072691552 0.9171575846833578 0.04567779960707269 0.11561119293078057
11 0.7003929273084479 0.9267304860088366 0.0481335952848723 0.1170839469808542
11 0.5203831041257367 0.8899116347569955 0.04862475442043222 0.1170839469808542
11 0.7455795677799607 0.9381443298969072 0.047151277013752456 0.11782032400589101
11 0.47593320235756387 0.8814432989690721 0.047151277013752456 0.11782032400589101
11 0.5645874263261297 0.9005891016200295 0.04567779960707269 0.11634756995581738
0 0.4167485265225933 0.8729749631811488 0.046660117878192534 0.08468335787923417
0 0.356090373280943 0.8600883652430045 0.04616895874263261 0.08394698085419734
0 0.2951866404715128 0.8490427098674521 0.047151277013752456 0.08541973490427099
0 0.23526522593320237 0.8368924889543446 0.047151277013752456 0.08762886597938144
2 0.7387033398821218 0.17783505154639176 0.3045186640471513 0.18630338733431517
2 0.40594302554027506 0.11266568483063329 0.30402750491159136 0.18851251840942562
1 0.5739194499017681 0.15795287187039764 0.01424361493123772 0.013991163475699559
5 0.5734282907662083 0.18114874815905743 0.015225933202357564 0.01914580265095729
10 0.5712180746561886 0.20213549337260678 0.0137524557956778 0.013991163475699559
2 0.8730353634577603 0.2864506627393225 0.01719056974459725 0.030927835051546393
2 0.5670432220039293 0.24005891016200295 0.09086444007858546 0.044182621502209134
5 0.7627701375245579 0.28276877761413843 0.04420432220039293 0.06480117820324006
2 0.4717583497053045 0.2264359351988218 0.03388998035363458 0.03166421207658321
4 0.4071709233791749 0.2190721649484536 0.0206286836935167 0.04050073637702504
4 0.3880157170923379 0.21502209131075112 0.0206286836935167 0.041237113402061855