5 0.1411439114391144 0.29059040590405905 0.26014760147601473 0.3929889298892989
2 0.4944649446494465 0.03228782287822878 0.9372693726937269 0.06457564575645756
5 0.6263837638376384 0.40313653136531363 0.6586715867158671 0.6623616236162362
2 0.981549815498155 0.5313653136531366 0.033210332103321034 0.933579335793358
10 0.1881918819188192 0.5996309963099631 0.04428044280442804 0.08856088560885608
10 0.24907749077490776 0.6051660516605166 0.04797047970479705 0.09225092250922509
11 0.08856088560885608 0.6420664206642066 0.12177121771217712 0.22878228782287824
1 0.23154981549815498 0.7749077490774908 0.12730627306273062 0.055350553505535055
7 0.48247232472324725 0.775830258302583 0.11992619926199262 0.04981549815498155
7 0.47878228782287824 0.8523985239852399 0.12361623616236163 0.05166051660516605
5 0.7878228782287823 0.8717712177121771 0.35793357933579334 0.25276752767527677
5 0.2555350553505535 0.9095940959409594 0.13468634686346864 0.14760147601476015
7 0.4843173431734317 0.9206642066420664 0.11623616236162361 0.04428044280442804
10 0.3662361623616236 0.9437269372693727 0.042435424354243544 0.0940959409594096
1 0.14852398523985239 0.9566420664206642 0.042435424354243544 0.08302583025830258