5 0.2885610766045549 0.2807153965785381 0.10300207039337474 0.12441679626749612
10 0.35662525879917184 0.29471228615863143 0.009316770186335404 0.02177293934681182
10 0.34575569358178054 0.29821150855365475 0.010351966873706004 0.02255054432348367
4 0.37008281573498963 0.2927682737169518 0.020703933747412008 0.04432348367029549
2 0.5403726708074534 0.27993779160186627 0.10559006211180125 0.07465007776049767
2 0.16019668737060042 0.3728615863141524 0.15993788819875776 0.31026438569206843
4 0.2971014492753623 0.3522550544323484 0.028985507246376812 0.03110419906687403
1 0.8167701863354038 0.25038880248833595 0.009316770186335404 0.02177293934681182
1 0.6964285714285714 0.27838258164852253 0.009834368530020704 0.02177293934681182
1 0.8090062111801242 0.26166407465007774 0.010351966873706004 0.02255054432348367
1 0.7052277432712215 0.2846034214618974 0.009834368530020704 0.02332814930015552
1 0.8294513457556936 0.2643856920684292 0.016045548654244308 0.015552099533437015
1 0.6863354037267081 0.29587869362363917 0.015527950310559006 0.014774494556765163
1 0.8247929606625258 0.2776049766718507 0.016045548654244308 0.015552099533437015
1 0.6935817805383023 0.307153965785381 0.014492753623188406 0.013996889580093312
10 0.3146997929606625 0.44362363919129083 0.010351966873706004 0.02255054432348367
7 0.3048654244306418 0.447900466562986 0.012422360248447204 0.03265940902021773
0 0.2696687370600414 0.45645412130637636 0.059006211180124224 0.07465007776049767
2 0.9389233954451346 0.3188180404354588 0.12111801242236025 0.4867807153965785
5 0.7678571428571429 0.37363919129082424 0.11853002070393374 0.1749611197511664
2 0.19824016563146998 0.5587091757387247 0.11387163561076605 0.10653188180404355
1 0.8403209109730849 0.43623639191290825 0.015010351966873706 0.013996889580093312
1 0.7091097308488613 0.46578538102643857 0.014492753623188406 0.013996889580093312
1 0.849896480331263 0.44712286158631415 0.014492753623188406 0.013996889580093312
1 0.7039337474120083 0.4786158631415241 0.014492753623188406 0.014774494556765163
1 0.7246376811594203 0.4809486780715397 0.009316770186335404 0.02255054432348367
1 0.8302277432712215 0.4595645412130638 0.009316770186335404 0.02177293934681182
10 0.817287784679089 0.46228615863141526 0.010351966873706004 0.02255054432348367
10 0.7776915113871635 0.4770606531881804 0.009834368530020704 0.02255054432348367
1 0.839544513457557 0.46734059097978226 0.010351966873706004 0.02177293934681182
1 0.7176501035196687 0.49339035769828926 0.009834368530020704 0.02255054432348367
4 0.8553312629399586 0.4832814930015552 0.022256728778467908 0.04432348367029549
1 0.7776915113871635 0.5147744945567652 0.009834368530020704 0.02332814930015552
1 0.787008281573499 0.5124416796267496 0.009834368530020704 0.02332814930015552
7 0.28390269151138714 0.6263608087091758 0.016045548654244308 0.03654743390357698
10 0.9070910973084886 0.49961119751166405 0.015010351966873706 0.016329704510108865
10 0.9081262939958592 0.5143856920684292 0.016045548654244308 0.014774494556765163
10 0.9099378881987578 0.5291601866251944 0.015527950310559006 0.016329704510108865
1 0.27976190476190477 0.6749611197511665 0.009834368530020704 0.02332814930015552
10 0.9112318840579711 0.5443234836702955 0.017080745341614908 0.015552099533437015
10 0.9130434782608695 0.5610419906687403 0.015527950310559006 0.016329704510108865
1 0.2668219461697723 0.7017884914463453 0.009834368530020704 0.02255054432348367
5 0.3004658385093168 0.7286158631415242 0.05124223602484472 0.10108864696734059
1 0.2694099378881988 0.7356143079315708 0.009834368530020704 0.02332814930015552
2 0.9464285714285714 0.5948678071539658 0.017080745341614908 0.029548989113530325
2 0.5530538302277432 0.6885692068429238 0.07194616977225674 0.10653188180404355
1 0.27251552795031053 0.7612752721617418 0.009834368530020704 0.02332814930015552
2 0.19798136645962733 0.7908242612752722 0.16407867494824016 0.3297045101088647
7 0.4945652173913043 0.7807153965785381 0.013975155279503106 0.03421461897356143
7 0.5243271221532091 0.7744945567651633 0.012422360248447204 0.03421461897356143
7 0.3778467908902691 0.8059875583203733 0.013457556935817806 0.034992223950233284
7 0.4365942028985507 0.7939346811819595 0.011904761904761904 0.03265940902021773
7 0.4666149068322981 0.7881026438569206 0.013975155279503106 0.034992223950233284
7 0.40683229813664595 0.8009331259720062 0.013457556935817806 0.03576982892690513
7 0.3501552795031056 0.8137636080870918 0.012939958592132506 0.03343701399688958
7 0.3222049689440994 0.8199844479004665 0.016045548654244308 0.034992223950233284
2 0.9539337474120083 0.7013996889580093 0.09109730848861283 0.17418351477449456
11 0.8933747412008282 0.7982115085536547 0.050724637681159424 0.12674961119751166
11 0.7044513457556936 0.838646967340591 0.049689440993788817 0.12363919129082426
11 0.7507763975155279 0.828538102643857 0.04813664596273292 0.12208398133748057
11 0.7986542443064182 0.8184292379471229 0.050724637681159424 0.12363919129082426
11 0.6089544513457557 0.859642301710731 0.05124223602484472 0.12363919129082426
11 0.8467908902691511 0.8102643856920684 0.049689440993788817 0.12441679626749612
11 0.5626293995859213 0.8709175738724728 0.049689440993788817 0.12441679626749612
11 0.6565734989648033 0.8514774494556765 0.04813664596273292 0.12286158631415241
0 0.5007763975155279 0.8876360808709176 0.04917184265010352 0.08942457231726283
0 0.43737060041407866 0.9012441679626749 0.048654244306418216 0.08864696734059098
0 0.37318840579710144 0.916796267496112 0.049689440993788817 0.09020217729393468
0 0.3105590062111801 0.9304043545878694 0.049689440993788817 0.09253499222395023
2 0.692287784679089 0.07037325038880249 0.32142857142857145 0.14074650077760498
2 0.34290890269151136 0.12130637636080871 0.32039337474120083 0.19906687402799378
1 0.5214803312629399 0.093701399688958 0.015010351966873706 0.014774494556765163
5 0.5256211180124224 0.11741835147744946 0.016045548654244308 0.02021772939346812
10 0.527432712215321 0.13958009331259721 0.014492753623188406 0.014774494556765163
2 0.8496376811594203 0.09331259720062209 0.018115942028985508 0.03265940902021773
2 0.5307971014492754 0.1796267496111975 0.09575569358178054 0.04665629860031104
5 0.7370600414078675 0.13763608087091758 0.046583850931677016 0.06842923794712286
2 0.4314182194616977 0.20800933125972007 0.03571428571428571 0.03343701399688958
4 0.36438923395445133 0.22822706065318818 0.021739130434782608 0.042768273716951785
4 0.3442028985507246 0.23250388802488337 0.021739130434782608 0.04354587869362364