9 0.630965005302227 0.29093799682034976 0.10604453870625663 0.058823529411764705
2 0.8459703075291622 0.38195548489666137 0.05885471898197243 0.15977742448330684
2 0.7746553552492047 0.3871224165341812 0.053022269353128315 0.12400635930047695
9 0.6977730646871686 0.41812400635930047 0.03923647932131495 0.1589825119236884
9 0.546659597030753 0.39069952305246425 0.03817603393425239 0.15818759936406995
5 0.6219512195121951 0.404610492845787 0.10816542948038176 0.16057233704292528
2 0.42126193001060447 0.3942766295707472 0.05461293743372216 0.3799682034976153
9 0.612407211028632 0.5170906200317965 0.10498409331919406 0.05802861685214626
2 0.8109756097560976 0.5596184419713831 0.04294803817603393 0.1971383147853736
2 0.637592788971368 0.6005564387917329 0.02916224814422057 0.08823529411764706
2 0.6102863202545069 0.6315580286168522 0.027571580063626724 0.02782193958664547
2 0.5962354188759279 0.7178060413354531 0.2550371155885472 0.08585055643879173
2 0.8297985153764581 0.7945151033386327 0.11558854718981973 0.2503974562798092
2 0.35922587486744434 0.7094594594594594 0.11399787910922587 0.2503974562798092
1 0.5514316012725344 0.7937201907790143 0.018027571580063628 0.016693163751987282
5 0.5869565217391305 0.8211446740858506 0.05620360551431601 0.06677265500794913
2 0.45625662778366916 0.8068362480127186 0.030222693531283137 0.04292527821939587
10 0.5283669141039237 0.8227344992050875 0.011134676564156946 0.028616852146263912
1 0.6333510074231177 0.8426073131955485 0.012195121951219513 0.028616852146263912
1 0.5389713679745494 0.825516693163752 0.011134676564156946 0.029411764705882353
1 0.6224814422057264 0.8406200317965024 0.01166489925768823 0.029411764705882353
1 0.6444856839872747 0.8445945945945946 0.012195121951219513 0.029411764705882353
1 0.5503711558854719 0.8275039745627981 0.01166489925768823 0.028616852146263912
1 0.5524920466595971 0.8628775834658188 0.019088016967126194 0.018282988871224166
1 0.532608695652174 0.859697933227345 0.01855779427359491 0.018282988871224166
1 0.5752916224814422 0.8680445151033387 0.019088016967126194 0.017488076311605722
10 0.6018027571580064 0.8728139904610492 0.019088016967126194 0.017488076311605722
7 0.6299045599151644 0.9232909379968204 0.026511134676564158 0.023052464228934817
2 0.4427359490986214 0.8891096979332274 0.2046659597030753 0.06120826709062003
7 0.6007423117709438 0.9185214626391097 0.026511134676564158 0.023052464228934817
7 0.5718451749734889 0.9129570747217806 0.02386002120890774 0.021462639109697933
7 0.6577412513255567 0.9292527821939587 0.02704135737009544 0.025437201907790145
7 0.7441675503711559 0.9459459459459459 0.02704135737009544 0.025437201907790145
7 0.7727995758218452 0.9507154213036566 0.028101802757158005 0.025437201907790145
7 0.7147401908801697 0.9399841017488076 0.027571580063626724 0.0246422893481717
7 0.6866383881230117 0.9360095389507154 0.027571580063626724 0.026232114467408585
0 0.8077942735949099 0.9638314785373608 0.039766702014846236 0.06915739268680444
0 0.39262990455991514 0.949523052464229 0.0408271474019088 0.06915739268680444
0 0.5477200424178155 0.9709856915739269 0.041357370095440084 0.05643879173290938
0 0.7036055143160127 0.985691573926868 0.043478260869565216 0.02702702702702703
0 0.44300106044538706 0.9602543720190779 0.0408271474019088 0.06995230524642289
0 0.6513785790031813 0.9817170111287759 0.04188759278897137 0.034976152623211444
0 0.4960233297985154 0.9670111287758346 0.0408271474019088 0.0643879173290938
0 0.7571580063626723 0.9908585055643879 0.041357370095440084 0.016693163751987282
0 0.6007423117709438 0.9769475357710652 0.04029692470837752 0.04451510333863275
1 0.47879109225874866 0.10214626391096979 0.018027571580063628 0.016693163751987282
2 0.4247083775185578 0.09300476947535771 0.06362672322375397 0.057233704292527825
1 0.4766702014846235 0.12082670906200318 0.018027571580063628 0.01589825119236884
2 0.6606574761399788 0.17170111287758347 0.2545068928950159 0.08585055643879173
2 0.47030752916224816 0.13910969793322733 0.016967126193001062 0.022257551669316374
10 0.5116648992576882 0.1554054054054054 0.019088016967126194 0.016693163751987282
2 0.8592258748674443 0.22098569157392686 0.057794273594909865 0.16057233704292528
2 0.4676564156945917 0.15818759936406995 0.016967126193001062 0.02066772655007949
5 0.42073170731707316 0.1554054054054054 0.0535524920466596 0.06120826709062003
7 0.51033934252386 0.1740858505564388 0.024920466595970307 0.02066772655007949
1 0.45227995758218453 0.1685214626391097 0.010604453870625663 0.028616852146263912