9 0.5785714285714286 0.27869897959183676 0.09523809523809523 0.0375
2 0.7817176870748299 0.3252551020408163 0.04336734693877551 0.14081632653061224
2 0.7172619047619048 0.342219387755102 0.04064625850340136 0.10790816326530613
9 0.6485544217687075 0.3836734693877551 0.02534013605442177 0.1433673469387755
9 0.5087585034013605 0.38431122448979593 0.024319727891156464 0.1420918367346939
5 0.5782312925170068 0.38443877551020406 0.08945578231292517 0.13316326530612244
2 0.3943877551020408 0.40816326530612246 0.022448979591836733 0.3489795918367347
9 0.5782312925170068 0.48839285714285713 0.0945578231292517 0.036989795918367346
2 0.763095238095238 0.49387755102040815 0.02585034013605442 0.17857142857142858
2 0.6075680272108843 0.5607142857142857 0.020918367346938777 0.07908163265306123
2 0.5846088435374149 0.5933673469387755 0.023979591836734693 0.02142857142857143
2 0.5784013605442176 0.6748724489795919 0.2336734693877551 0.036989795918367346
2 0.7977891156462585 0.705484693877551 0.08979591836734693 0.21607142857142858
2 0.36113945578231293 0.7071428571428572 0.08826530612244898 0.2163265306122449
1 0.5434523809523809 0.7521683673469388 0.015816326530612244 0.0125
5 0.5780612244897959 0.7705357142857143 0.04829931972789116 0.0538265306122449
2 0.45714285714285713 0.7794642857142857 0.025510204081632654 0.03545918367346939
10 0.5242346938775511 0.7818877551020408 0.008673469387755102 0.025
1 0.6216836734693878 0.7823979591836735 0.009693877551020408 0.025510204081632654
1 0.534608843537415 0.7825255102040817 0.008673469387755102 0.026275510204081632
1 0.6114795918367347 0.7826530612244897 0.00901360544217687 0.026020408163265306
1 0.6320578231292517 0.7826530612244897 0.009693877551020408 0.026020408163265306
1 0.5448979591836735 0.7829081632653061 0.008843537414965987 0.025510204081632654
1 0.5496598639455782 0.8149234693877551 0.017006802721088437 0.014540816326530611
1 0.5307823129251701 0.8151785714285714 0.0163265306122449 0.01403061224489796
1 0.5707482993197279 0.8154336734693878 0.017006802721088437 0.013520408163265307
10 0.5950680272108844 0.8154336734693878 0.017006802721088437 0.013520408163265307
7 0.6249149659863945 0.8568877551020408 0.023639455782312926 0.017346938775510204
2 0.45076530612244897 0.8571428571428571 0.188265306122449 0.022448979591836733
7 0.5971938775510204 0.8571428571428571 0.023639455782312926 0.017346938775510204
7 0.5712585034013605 0.8573979591836735 0.02142857142857143 0.01683673469387755
7 0.650765306122449 0.8573979591836735 0.023639455782312926 0.019387755102040816
7 0.7306972789115647 0.8580357142857142 0.023639455782312926 0.01913265306122449
7 0.757482993197279 0.8580357142857142 0.024829931972789116 0.01913265306122449
7 0.7035714285714286 0.8582908163265306 0.02414965986394558 0.018622448979591838
7 0.6774659863945578 0.8584183673469388 0.023979591836734693 0.01989795918367347
0 0.7904761904761904 0.8637755102040816 0.03231292517006803 0.05918367346938776
0 0.40977891156462587 0.921045918367347 0.033503401360544215 0.058418367346938775
0 0.5539965986394558 0.9214285714285714 0.033503401360544215 0.060714285714285714
0 0.6985544217687075 0.9218112244897959 0.03520408163265306 0.05994897959183673
0 0.4568877551020408 0.9221938775510204 0.033503401360544215 0.05918367346938776
0 0.6503401360544218 0.9221938775510204 0.034013605442176874 0.05765306122448979
0 0.5057823129251701 0.9223214285714286 0.03299319727891156 0.05994897959183673
0 0.7483843537414966 0.9225765306122449 0.033503401360544215 0.05994897959183673
0 0.6026360544217687 0.923469387755102 0.031802721088435376 0.06020408163265306
1 0.4248299319727891 0.13150510204081634 0.01598639455782313 0.0125
2 0.37491496598639457 0.13252551020408163 0.055952380952380955 0.04362244897959184
1 0.42465986394557825 0.14885204081632653 0.015646258503401362 0.011989795918367347
2 0.596343537414966 0.16466836734693877 0.23316326530612244 0.036989795918367346
2 0.4200680272108844 0.16683673469387755 0.014625850340136054 0.018367346938775512
10 0.45918367346938777 0.17436224489795918 0.016666666666666666 0.013010204081632653
2 0.7814625850340136 0.17589285714285716 0.04217687074829932 0.14158163265306123
2 0.4193877551020408 0.1840561224489796 0.014625850340136054 0.017091836734693878
5 0.37610544217687075 0.19005102040816327 0.04608843537414966 0.04846938775510204
7 0.4590136054421769 0.19183673469387755 0.022448979591836733 0.015816326530612244
1 0.4058673469387755 0.19693877551020408 0.007993197278911564 0.025