2 0.07769941634241245 0.36003989361702127 0.020184824902723737 0.14162234042553193
9 0.5134970817120622 0.4044215425531915 0.03623540856031129 0.02559840425531915
9 0.5802529182879378 0.4401595744680851 0.013618677042801557 0.11569148936170212
9 0.14445525291828792 0.4453125 0.023832684824902722 0.2609707446808511
9 0.2232490272373541 0.4454787234042553 0.023832684824902722 0.2666223404255319
9 0.31760700389105057 0.5009973404255319 0.035505836575875485 0.02127659574468085
2 0.07624027237354086 0.5290890957446809 0.020671206225680933 0.13863031914893617
9 0.5007295719844358 0.5616688829787234 0.061770428015564205 0.022938829787234043
9 0.428988326848249 0.6107047872340425 0.04669260700389105 0.0625
9 0.6894455252918288 0.617686170212766 0.0933852140077821 0.06914893617021277
9 0.5955739299610895 0.6278257978723404 0.055933852140077824 0.01761968085106383
2 0.29973249027237353 0.6466090425531915 0.023589494163424124 0.17154255319148937
2 0.36770428015564205 0.6486037234042553 0.02237354085603113 0.17287234042553193
9 0.9040612840466926 0.6715425531914894 0.05423151750972763 0.07446808510638298
2 0.7631322957198443 0.6939827127659575 0.05496108949416342 0.07613031914893617
9 0.4406614785992218 0.741688829787234 0.06760700389105058 0.021941489361702128
9 0.8970087548638133 0.7850731382978723 0.07514591439688716 0.09009308510638298
11 0.9680204280155642 0.7908909574468085 0.03428988326848249 0.03922872340425532
2 0.19771400778210116 0.7915558510638298 0.08073929961089495 0.03523936170212766
2 0.7624027237354085 0.809341755319149 0.05982490272373541 0.0728058510638298
2 0.19661964980544747 0.8459109042553191 0.11405642023346303 0.03756648936170213
9 0.48224708171206226 0.8538896276595744 0.01556420233463035 0.020944148936170214
9 0.7169260700389105 0.854720744680851 0.013618677042801557 0.022606382978723406
2 0.20330739299610895 0.1085438829787234 0.11429961089494163 0.034242021276595744
9 0.36782587548638135 0.11402925531914894 0.06736381322957198 0.014627659574468085
9 0.8706225680933852 0.11868351063829788 0.11527237354085604 0.03789893617021277
9 0.5736867704280155 0.13597074468085107 0.04912451361867704 0.04853723404255319
9 0.6900535019455253 0.13912898936170212 0.0946011673151751 0.0728058510638298
2 0.20221303501945526 0.16256648936170212 0.08049610894941635 0.03324468085106383
9 0.8697714007782101 0.1702127659574468 0.08292801556420233 0.03789893617021277
9 0.6428745136186771 0.2679521276595745 0.011916342412451361 0.0511968085106383
9 0.4771400778210117 0.2712765957446808 0.035505836575875485 0.023936170212765957
9 0.7351653696498055 0.2923869680851064 0.017023346303501944 0.1432845744680851