8 0.5758928571428571 0.36329715061058343 0.013888888888888888 0.018317503392130258
11 0.6917162698412699 0.3948439620081411 0.10863095238095238 0.0814111261872456
11 0.43154761904761907 0.3493894165535957 0.0625 0.07327001356852103
10 0.5721726190476191 0.3985753052917232 0.019345238095238096 0.014246947082767978
10 0.5711805555555556 0.4087516960651289 0.019345238095238096 0.014246947082767978
10 0.6135912698412699 0.4331750339213026 0.018849206349206348 0.012890094979647219
10 0.5696924603174603 0.4243554952510176 0.019345238095238096 0.014246947082767978
8 0.4732142857142857 0.4114654002713704 0.01488095238095238 0.018317503392130258
4 0.5910218253968254 0.4481004070556309 0.01240079365079365 0.03867028493894165
7 0.31547619047619047 0.3951831750339213 0.015873015873015872 0.025101763907734057
10 0.3013392857142857 0.39348710990502034 0.011408730158730158 0.036635006784260515
1 0.6319444444444444 0.458955223880597 0.00992063492063492 0.026458616010854818
1 0.6669146825396826 0.466078697421981 0.009424603174603174 0.025780189959294438
1 0.6525297619047619 0.46404341926729986 0.009424603174603174 0.025780189959294438
10 0.607390873015873 0.45725915875169604 0.009424603174603174 0.027137042062415198
10 0.6173115079365079 0.46132971506105835 0.009424603174603174 0.027137042062415198
2 0.06845238095238096 0.3622795115332429 0.03373015873015873 0.13975576662143827
1 0.6919642857142857 0.4843962008141113 0.018849206349206348 0.013568521031207599
4 0.7093253968253969 0.4966078697421981 0.011904761904761904 0.036635006784260515
4 0.5721726190476191 0.47388059701492535 0.024305555555555556 0.015603799185888738
4 0.4419642857142857 0.45081411126187243 0.011904761904761904 0.03731343283582089
1 0.4134424603174603 0.4525101763907734 0.009424603174603174 0.025780189959294438
4 0.3395337301587302 0.439280868385346 0.01240079365079365 0.03867028493894165
1 0.38467261904761907 0.4494572591587517 0.009424603174603174 0.026458616010854818
1 0.3970734126984127 0.45149253731343286 0.009424603174603174 0.026458616010854818
1 0.36929563492063494 0.44776119402985076 0.010416666666666666 0.025780189959294438
10 0.3501984126984127 0.4450474898236092 0.008928571428571428 0.025780189959294438
1 0.5706845238095238 0.48778833107191316 0.018353174603174604 0.013568521031207599
0 0.30778769841269843 0.4386024423337856 0.032242063492063495 0.044097693351424695
4 0.5500992063492064 0.48677069199457257 0.011904761904761904 0.03867028493894165
10 0.7581845238095238 0.5362957937584804 0.019345238095238096 0.012890094979647219
4 0.45982142857142855 0.4833785617367707 0.011904761904761904 0.03867028493894165
1 0.46875 0.48677069199457257 0.00992063492063492 0.026458616010854818
1 0.5381944444444444 0.4996607869742198 0.00992063492063492 0.026458616010854818
5 0.5047123015873016 0.49389416553595655 0.06498015873015874 0.08955223880597014
10 0.7569444444444444 0.5508819538670285 0.018849206349206348 0.013568521031207599
1 0.314484126984127 0.4728629579375848 0.018849206349206348 0.013568521031207599
1 0.7554563492063492 0.566146540027137 0.018849206349206348 0.012890094979647219
10 0.31374007936507936 0.4864314789687924 0.018353174603174604 0.013568521031207599
2 0.873015873015873 0.5943012211668928 0.22123015873015872 0.3541383989145183
1 0.705109126984127 0.5627544097693351 0.019345238095238096 0.014246947082767978
10 0.7765376984126984 0.5800542740841248 0.010416666666666666 0.010854816824966078
5 0.6361607142857143 0.555291723202171 0.11557539682539683 0.16078697421981003
1 0.5654761904761905 0.5430800542740841 0.018849206349206348 0.012890094979647219
2 0.1267361111111111 0.45827679782903663 0.052083333333333336 0.2666214382632293
2 0.20560515873015872 0.47455902306648573 0.052083333333333336 0.2666214382632293
4 0.7512400793650794 0.5810719131614654 0.024305555555555556 0.015603799185888738
1 0.7038690476190477 0.5759837177747625 0.018849206349206348 0.014925373134328358
10 0.7522321428571429 0.5973541383989145 0.019345238095238096 0.012890094979647219
1 0.5629960317460317 0.5654681139755766 0.018849206349206348 0.014246947082767978
1 0.3100198412698413 0.5176390773405699 0.017857142857142856 0.013568521031207599
1 0.45461309523809523 0.5502035278154681 0.018353174603174604 0.013568521031207599
10 0.7512400793650794 0.6116010854816825 0.018353174603174604 0.012890094979647219
5 0.3821924603174603 0.5457937584803256 0.11755952380952381 0.1621438263229308
1 0.45287698412698413 0.562415196743555 0.018849206349206348 0.013568521031207599
1 0.3080357142857143 0.5352781546811397 0.017857142857142856 0.012211668928086838
4 0.7001488095238095 0.6119402985074627 0.024305555555555556 0.016282225237449117
0 0.49231150793650796 0.5756445047489823 0.03125 0.042740841248303935
1 0.6961805555555556 0.6265264586160109 0.018353174603174604 0.012890094979647219
4 0.3060515873015873 0.5549525101763908 0.0248015873015873 0.016282225237449117
4 0.4513888888888889 0.5902306648575305 0.0248015873015873 0.016282225237449117
2 0.05133928571428571 0.5315468113975577 0.033234126984126984 0.13772048846675713
10 0.5550595238095238 0.6289009497964722 0.008928571428571428 0.025780189959294438
10 0.5441468253968254 0.6268656716417911 0.008928571428571428 0.025780189959294438
10 0.623015873015873 0.6448439620081411 0.008928571428571428 0.026458616010854818
1 0.6031746031746031 0.641112618724559 0.00992063492063492 0.025780189959294438
1 0.613343253968254 0.6434871099050203 0.009424603174603174 0.026458616010854818
1 0.6331845238095238 0.6468792401628223 0.009424603174603174 0.025101763907734057
1 0.6540178571428571 0.6512890094979648 0.009424603174603174 0.025780189959294438
4 0.5716765873015873 0.635685210312076 0.011408730158730158 0.033921302578018994
1 0.6436011904761905 0.6495929443690638 0.009424603174603174 0.026458616010854818
10 0.591765873015873 0.6397557666214383 0.00992063492063492 0.027137042062415198
1 0.44742063492063494 0.6173677069199457 0.018849206349206348 0.013568521031207599
4 0.6728670634920635 0.662483039348711 0.024305555555555556 0.015603799185888738
1 0.671875 0.6780868385345997 0.018353174603174604 0.012890094979647219
4 0.6478174603174603 0.6753731343283582 0.023809523809523808 0.015603799185888738
10 0.7604166666666666 0.6991180461329715 0.010912698412698412 0.03595658073270014
7 0.7214781746031746 0.6919945725915875 0.015376984126984126 0.024423337856173677
4 0.3134920634920635 0.6207598371777476 0.023809523809523808 0.016282225237449117
1 0.35193452380952384 0.6316146540027137 0.009424603174603174 0.025780189959294438
1 0.33407738095238093 0.6278833107191316 0.009424603174603174 0.026458616010854818
1 0.36507936507936506 0.6339891451831751 0.008928571428571428 0.025101763907734057
1 0.3767361111111111 0.6363636363636364 0.009424603174603174 0.025780189959294438
10 0.4052579365079365 0.6424694708276798 0.008928571428571428 0.025780189959294438
4 0.6024305555555556 0.6801221166892809 0.023313492063492064 0.015603799185888738
4 0.42162698412698413 0.6506105834464043 0.012896825396825396 0.037991858887381276
1 0.3916170634920635 0.6458616010854816 0.009424603174603174 0.025780189959294438
10 0.6049107142857143 0.6926729986431479 0.019345238095238096 0.013568521031207599
10 0.5493551587301587 0.6835142469470827 0.019345238095238096 0.012890094979647219
4 0.7326388888888888 0.7242198100407056 0.03273809523809524 0.026458616010854818
1 0.6892361111111112 0.7170963364993216 0.009424603174603174 0.025780189959294438
1 0.6059027777777778 0.7059023066485753 0.018353174603174604 0.014246947082767978
10 0.5758928571428571 0.7075983717774763 0.018849206349206348 0.013568521031207599
10 0.294890873015873 0.6556987788331072 0.028273809523809524 0.030529172320217096
5 0.6505456349206349 0.7265943012211669 0.06498015873015874 0.08955223880597014
1 0.5744047619047619 0.7194708276797829 0.018849206349206348 0.012890094979647219
0 0.44246031746031744 0.7001356852103121 0.03273809523809524 0.04477611940298507
7 0.714781746031746 0.7581411126187245 0.013888888888888888 0.025101763907734057
1 0.08110119047619048 0.6390773405698779 0.009424603174603174 0.025780189959294438
4 0.6852678571428571 0.755427408412483 0.011408730158730158 0.03459972862957938
7 0.36904761904761907 0.6953867028493894 0.015873015873015872 0.024423337856173677
7 0.35168650793650796 0.6926729986431479 0.015873015873015872 0.024423337856173677
7 0.38492063492063494 0.6994572591587517 0.015873015873015872 0.024423337856173677
7 0.40228174603174605 0.7028493894165536 0.015873015873015872 0.024423337856173677
4 0.08953373015873016 0.6445047489823609 0.01240079365079365 0.033921302578018994
10 0.29092261904761907 0.6902985074626866 0.028273809523809524 0.030529172320217096
10 0.5416666666666666 0.7408412483039348 0.008928571428571428 0.025780189959294438
10 0.736359126984127 0.7801899592944369 0.025297619047619048 0.014925373134328358
7 0.39880952380952384 0.728629579375848 0.015873015873015872 0.024423337856173677
7 0.3655753968253968 0.723202170963365 0.015873015873015872 0.024423337856173677
7 0.34871031746031744 0.7198100407055631 0.015873015873015872 0.024423337856173677
7 0.38244047619047616 0.7259158751696065 0.015873015873015872 0.024423337856173677
10 0.6557539682539683 0.7801899592944369 0.018849206349206348 0.013568521031207599
10 0.6351686507936508 0.7778154681139756 0.02132936507936508 0.015603799185888738
7 0.7110615079365079 0.7961329715061058 0.014384920634920634 0.023744911804613297
10 0.8859126984126984 0.832089552238806 0.018849206349206348 0.012890094979647219
10 0.21428571428571427 0.7069199457259159 0.018849206349206348 0.013568521031207599
10 0.2874503968253968 0.7242198100407056 0.028273809523809524 0.030529172320217096
10 0.5376984126984127 0.7751017639077341 0.008928571428571428 0.026458616010854818
10 0.8839285714285714 0.8470149253731343 0.018849206349206348 0.012890094979647219
7 0.3630952380952381 0.7496607869742198 0.015873015873015872 0.024423337856173677
7 0.3794642857142857 0.7530529172320217 0.015873015873015872 0.024423337856173677
7 0.39632936507936506 0.7564450474898237 0.015873015873015872 0.024423337856173677
7 0.3462301587301587 0.7476255088195387 0.015873015873015872 0.024423337856173677
10 0.21279761904761904 0.7225237449118046 0.018849206349206348 0.013568521031207599
10 0.7229662698412699 0.8215739484396201 0.025297619047619048 0.014925373134328358
10 0.28348214285714285 0.7594979647218453 0.028273809523809524 0.030529172320217096
7 0.376984126984127 0.7808683853459973 0.015873015873015872 0.024423337856173677
7 0.34325396825396826 0.7740841248303935 0.015873015873015872 0.024423337856173677
7 0.36061507936507936 0.7774762550881954 0.015873015873015872 0.024423337856173677
7 0.3943452380952381 0.7842605156037992 0.015873015873015872 0.024423337856173677
2 0.8293650793650794 0.8799185888738128 0.27380952380952384 0.1112618724559023
2 0.15575396825396826 0.7540705563093623 0.08134920634920635 0.042740841248303935
10 0.7065972222222222 0.8853459972862958 0.019345238095238096 0.013568521031207599
11 0.6428571428571429 0.878561736770692 0.10912698412698413 0.0814111261872456
2 0.3159722222222222 0.8364993215739485 0.07043650793650794 0.031207598371777476
2 0.14856150793650794 0.8103799185888738 0.11359126984126984 0.04816824966078698
2 0.8189484126984127 0.9501356852103121 0.1865079365079365 0.09837177747625508
10 0.5597718253968254 0.11906377204884667 0.009424603174603174 0.02103120759837178
10 0.5431547619047619 0.11601085481682497 0.007936507936507936 0.018995929443690638
5 0.5739087301587301 0.12381275440976934 0.01488095238095238 0.018317503392130258
10 0.5319940476190477 0.11635006784260515 0.009424603174603174 0.026458616010854818
10 0.6287202380952381 0.13568521031207598 0.008432539682539682 0.025780189959294438
10 0.6183035714285714 0.13398914518317503 0.009424603174603174 0.026458616010854818
10 0.7137896825396826 0.1519674355495251 0.010912698412698412 0.035278154681139755
10 0.7249503968253969 0.15434192672998642 0.011408730158730158 0.03595658073270014
7 0.6832837301587301 0.14721845318860244 0.014384920634920634 0.018995929443690638
2 0.2244543650793651 0.07055630936227951 0.11458333333333333 0.048846675712347354
4 0.5714285714285714 0.15332428765264586 0.04365079365079365 0.027137042062415198
4 0.7103174603174603 0.182157394843962 0.04365079365079365 0.029172320217096336
4 0.6478174603174603 0.17299864314789687 0.04563492063492063 0.031207598371777476
1 0.609375 0.17435549525101765 0.009424603174603174 0.025780189959294438
1 0.5188492063492064 0.1614654002713704 0.00992063492063492 0.025780189959294438
2 0.7847222222222222 0.2167571234735414 0.05952380952380952 0.0807327001356852
4 0.4618055555555556 0.15976933514246947 0.044642857142857144 0.029172320217096336
2 0.21825396825396826 0.12211668928086838 0.08432539682539683 0.04748982360922659
4 0.49702380952380953 0.18147896879240163 0.021825396825396824 0.05223880597014925
11 0.9384920634920635 0.27544097693351427 0.12202380952380952 0.10583446404341927
5 0.5478670634920635 0.20963364993215738 0.08878968253968254 0.10176390773405698
5 0.6649305555555556 0.23371777476255087 0.09573412698412699 0.10244233378561737
4 0.6076388888888888 0.22557666214382632 0.015873015873015872 0.042740841248303935
5 0.7286706349206349 0.26424694708276797 0.03869047619047619 0.07666214382632293
4 0.32415674603174605 0.1930122116689281 0.03819444444444445 0.030529172320217096
10 0.15426587301587302 0.1628222523744912 0.018849206349206348 0.013568521031207599
2 0.4556051587301587 0.223202170963365 0.06994047619047619 0.031207598371777476
10 0.1527777777777778 0.17740841248303935 0.018849206349206348 0.012890094979647219
4 0.49206349206349204 0.25576662143826323 0.011904761904761904 0.037991858887381276
1 0.5032242063492064 0.25949796472184533 0.009424603174603174 0.025101763907734057
4 0.5396825396825397 0.27408412483039346 0.054563492063492064 0.036635006784260515
4 0.6512896825396826 0.29579375848032563 0.05952380952380952 0.03934871099050204
12 0.5954861111111112 0.2876526458616011 0.04811507936507937 0.04748982360922659
8 0.45610119047619047 0.27137042062415195 0.009424603174603174 0.025780189959294438
2 0.7733134920634921 0.33242876526458615 0.05853174603174603 0.08005427408412483
5 0.44047619047619047 0.2693351424694708 0.015873015873015872 0.025780189959294438
10 0.4176587301587302 0.26594301221166894 0.008928571428571428 0.025780189959294438
10 0.42757936507936506 0.2672998643147897 0.008928571428571428 0.025780189959294438
2 0.9270833333333334 0.3995929443690638 0.07837301587301587 0.08005427408412483
2 0.373015873015873 0.3012211668928087 0.03670634920634921 0.16960651289009498
2 0.3055555555555556 0.28900949796472186 0.03670634920634921 0.16960651289009498