2 0.05347734457323498 0.41714697406340057 0.04056902002107481 0.15561959654178675
9 0.5223919915700738 0.3523054755043228 0.04162276080084299 0.03602305475504323
9 0.5982613277133825 0.37355907780979825 0.030031612223393046 0.1260806916426513
9 0.1356691253951528 0.49063400576368876 0.06059009483667018 0.2824207492795389
9 0.21996838777660696 0.470821325648415 0.06164383561643835 0.2889048991354467
9 0.32718651211801897 0.5054034582132565 0.040042149631190724 0.030979827089337175
2 0.07507903055848261 0.5969020172910663 0.04056902002107481 0.15201729106628242
9 0.5305584826132771 0.5226945244956772 0.0684931506849315 0.03962536023054755
9 0.4610115911485774 0.5929394812680115 0.05795574288724974 0.07780979827089338
9 0.738145416227608 0.534221902017291 0.10853530031612224 0.09726224783861671
9 0.6398840885142255 0.5688040345821326 0.06164383561643835 0.032420749279538905
2 0.32824025289778713 0.6642651296829971 0.04847207586933614 0.1873198847262248
2 0.4012118018967334 0.649135446685879 0.04689146469968388 0.18876080691642652
9 0.9697049525816649 0.5367435158501441 0.059536354056902004 0.0936599423631124
2 0.827186512118019 0.5965417867435159 0.0684931506849315 0.09510086455331412
9 0.49130663856691253 0.7301873198847262 0.07428872497365648 0.03962536023054755
9 0.9678609062170705 0.659221902017291 0.06322444678609063 0.11527377521613832
2 0.23972602739726026 0.8443804034582133 0.09062170706006323 0.05763688760806916
2 0.8422023182297155 0.7193804034582133 0.0732349841938883 0.09293948126801153
2 0.24631190727081137 0.9027377521613833 0.12592202318229714 0.069164265129683
9 0.5505795574288725 0.8386167146974063 0.018967334035827187 0.025936599423631124
9 0.8003161222339304 0.779178674351585 0.01685985247629083 0.026657060518731988
2 0.15200210748155954 0.11707492795389049 0.12592202318229714 0.06556195965417867
9 0.3279768177028451 0.08069164265129683 0.0732349841938883 0.03170028818443804
9 0.5492623814541623 0.05187319884726225 0.058482613277133826 0.06340057636887608
9 0.6738672286617492 0.03818443804034582 0.11064278187565858 0.07636887608069164
2 0.15858798735511065 0.17471181556195967 0.08956796628029505 0.05547550432276657
9 0.869072708113804 0.021613832853025938 0.09325605900948367 0.043227665706051875
9 0.6409378292939937 0.1739913544668588 0.019494204425711276 0.0569164265129683
9 0.4654899894625922 0.22010086455331412 0.04056902002107481 0.03386167146974063
9 0.7426238145416227 0.17687319884726224 0.037407797681770286 0.1563400576368876