2 0.3985756385068762 0.5071976967370442 0.11051080550098231 0.07389635316698656
2 0.4916502946954813 0.04750479846449136 0.03831041257367387 0.07389635316698656
10 0.18762278978389 0.4798464491362764 0.015717092337917484 0.02111324376199616
10 0.1387524557956778 0.48080614203454897 0.016208251473477406 0.02111324376199616
5 0.15913555992141454 0.4937619961612284 0.021611001964636542 0.025911708253358926
10 0.18639489194499018 0.4985604606525912 0.015225933202357564 0.02015355086372361
2 0.042976424361493126 0.4966410748560461 0.06041257367387033 0.118042226487524
10 0.16552062868369352 0.5235124760076776 0.010805500982318271 0.03166986564299424
5 0.5923379174852652 0.5993282149712092 0.293713163064833 0.4961612284069098
2 0.7512278978388998 0.6261996161228407 0.04960707269155206 0.23128598848368523
4 0.18467583497053044 0.5359884836852208 0.018664047151277015 0.05854126679462572
2 0.3941552062868369 0.5858925143953935 0.11149312377210216 0.07005758157389635
2 0.9177308447937131 0.6799424184261037 0.15275049115913555 0.23512476007677544
1 0.09135559921414538 0.5388675623800384 0.009823182711198428 0.03166986564299424
5 0.13089390962671907 0.5575815738963532 0.05550098231827112 0.09596928982725528
1 0.09995088408644401 0.5532629558541267 0.01031434184675835 0.03742802303262956
5 0.2006385068762279 0.5705374280230326 0.02013752455795678 0.045105566218809984
10 0.46463654223968565 0.05326295585412668 0.019646365422396856 0.060460652591170824
1 0.07539292730844793 0.5527831094049904 0.01031434184675835 0.030710172744721688
1 0.21586444007858546 0.5782149712092131 0.01031434184675835 0.029750479846449136
1 0.22519646365422397 0.5791746641074856 0.009332023575638507 0.03166986564299424
6 0.0869351669941061 0.5628598848368522 0.015717092337917484 0.018234165067178502
1 0.17215127701375246 0.5820537428023033 0.01031434184675835 0.029750479846449136
1 0.1832023575638507 0.5839731285988484 0.011787819253438114 0.03550863723608445
2 0.3894891944990177 0.6564299424184261 0.11100196463654224 0.0690978886756238
1 0.13064833005893908 0.6204414587332053 0.015717092337917484 0.02015355086372361
1 0.11345776031434185 0.6223608445297505 0.010805500982318271 0.03166986564299424
2 0.03413555992141454 0.6295585412667947 0.061394891944990176 0.11900191938579655
4 0.16601178781925344 0.6549904030710173 0.060903732809430254 0.11228406909788867
1 0.26203339882121807 0.699616122840691 0.03388998035363458 0.036468330134357005
1 0.3231827111984283 0.7384836852207294 0.019646365422396856 0.06813819577735125
3 0.29346758349705304 0.7480806142034548 0.023084479371316306 0.07581573896353166
10 0.21586444007858546 0.7504798464491362 0.01031434184675835 0.030710172744721688
8 0.22519646365422397 0.7519193857965452 0.01031434184675835 0.03166986564299424
1 0.20604125736738704 0.7495201535508638 0.009332023575638507 0.030710172744721688
1 0.24091355599214145 0.7581573896353166 0.009332023575638507 0.030710172744721688
4 0.15888998035363458 0.7504798464491362 0.06041257367387033 0.09596928982725528
10 0.26571709233791746 0.7869481765834933 0.019646365422396856 0.07869481765834933
2 0.39710216110019647 0.8099808061420346 0.016208251473477406 0.0710172744721689
10 0.20358546168958744 0.7855086372360844 0.011296660117878193 0.03166986564299424
5 0.22716110019646366 0.7907869481765835 0.027013752455795677 0.036468330134357005
3 0.11910609037328095 0.777831094049904 0.02406679764243615 0.07581573896353166
2 0.5208742632612967 0.8517274472168906 0.03880157170923379 0.08157389635316699
10 0.20972495088408644 0.8147792706333973 0.015717092337917484 0.019193857965451054
2 0.9069253438113949 0.9112284069097889 0.15667976424361493 0.17562380038387715
1 0.23452848722986247 0.8286948176583493 0.011296660117878193 0.03166986564299424
2 0.05304518664047151 0.7984644913627639 0.10609037328094302 0.18809980806142035
1 0.36861493123772104 0.8550863723608445 0.009332023575638507 0.030710172744721688
6 0.31213163064833005 0.8469289827255279 0.06041257367387033 0.10844529750479846
1 0.3799115913555992 0.8622840690978887 0.011296660117878193 0.03742802303262956
2 0.15864440078585462 0.8267754318618042 0.036345776031434185 0.08157389635316699
8 0.2030943025540275 0.8373320537428023 0.009332023575638507 0.03166986564299424
10 0.21193516699410608 0.8397312859884837 0.009332023575638507 0.030710172744721688
12 0.26105108055009824 0.8685220729366603 0.04076620825147348 0.06525911708253358
8 0.20579567779960709 0.8637236084452975 0.015717092337917484 0.019193857965451054
8 0.6171414538310412 0.935700575815739 0.16453831041257366 0.12667946257197696
11 0.5260314341846758 0.9352207293666027 0.025540275049115914 0.0854126679462572
10 0.081286836935167 0.9150671785028791 0.015225933202357564 0.02015355086372361
7 0.06237721021611002 0.9126679462571977 0.015717092337917484 0.02111324376199616
7 0.11959724950884086 0.031190019193857964 0.015225933202357564 0.018234165067178502
2 0.930992141453831 0.17610364683301344 0.13703339882121807 0.22744721689059502
1 0.5272593320235757 0.11660268714011517 0.013261296660117878 0.01055662188099808
11 0.06360510805500982 0.046065259117082535 0.05157170923379175 0.09213051823416507
2 0.4025049115913556 0.09980806142034548 0.07514734774066797 0.05950095969289827
5 0.5098231827111984 0.12284069097888675 0.010805500982318271 0.023032629558541268
2 0.6021611001964636 0.14251439539347407 0.12082514734774066 0.05662188099808062
10 0.1181237721021611 0.05998080614203455 0.016208251473477406 0.02015355086372361
2 0.16723968565815325 0.08685220729366602 0.03585461689587426 0.0873320537428023
10 0.11665029469548134 0.08829174664107485 0.016208251473477406 0.02111324376199616
2 0.24165029469548133 0.11468330134357006 0.04027504911591356 0.1257197696737044
7 0.1137033398821218 0.13771593090211132 0.016208251473477406 0.02015355086372361
2 0.16355599214145383 0.16314779270633398 0.036345776031434185 0.07869481765834933
11 0.05648330058939096 0.15355086372360843 0.05108055009823183 0.09788867562380038
10 0.11222986247544205 0.1665067178502879 0.016208251473477406 0.018234165067178502
10 0.34528487229862476 0.2154510556621881 0.010805500982318271 0.03166986564299424
10 0.3568271119842829 0.21880998080614203 0.01031434184675835 0.030710172744721688
10 0.1100196463654224 0.19625719769673705 0.015717092337917484 0.02015355086372361
2 0.23649312377210216 0.22648752399232247 0.03880157170923379 0.1017274472168906
2 0.1593811394891945 0.2375239923224568 0.03781925343811395 0.07965451055662189
7 0.10780943025540275 0.24856046065259116 0.016208251473477406 0.02111324376199616
11 0.05034381139489195 0.2663147792706334 0.05157170923379175 0.09884836852207293
10 0.10609037328094302 0.2763915547024952 0.015717092337917484 0.019193857965451054
2 0.925098231827112 0.42130518234165065 0.14882121807465618 0.23416506717850288
10 0.10461689587426326 0.30614203454894434 0.015717092337917484 0.019193857965451054
0 0.28929273084479373 0.011036468330134356 0.04518664047151277 0.022072936660268713
7 0.1006876227897839 0.359404990403071 0.01669941060903733 0.02015355086372361
2 0.4037328094302554 0.43905950095969287 0.11198428290766209 0.07197696737044146
11 0.043958742632612964 0.3790786948176583 0.05157170923379175 0.09788867562380038
10 0.09970530451866405 0.38915547024952013 0.015717092337917484 0.02015355086372361
10 0.0987229862475442 0.41938579654510555 0.01669941060903733 0.02111324376199616
2 0.24607072691552062 0.4592130518234165 0.043222003929273084 0.17370441458733205
10 0.1881139489194499 0.4596928982725528 0.014734774066797643 0.019193857965451054
1 0.16822200392927308 0.4611324376199616 0.01031434184675835 0.03166986564299424