2 0.4087665647298675 0.544234592445328 0.11518858307849134 0.0805168986083499
2 0.45718654434250766 0.041749502982107355 0.040774719673802244 0.0775347912524851
10 0.1906218144750255 0.5974155069582505 0.0163098878695209 0.02186878727634195
10 0.140927624872579 0.6182902584493042 0.016819571865443424 0.02186878727634195
5 0.1636085626911315 0.6227634194831014 0.022426095820591234 0.0268389662027833
10 0.19164118246687054 0.6177932405566601 0.0163098878695209 0.020874751491053677
2 0.04510703363914373 0.6709741550695825 0.063710499490316 0.12326043737574553
10 0.172782874617737 0.6515904572564613 0.011213047910295617 0.032803180914512925
5 0.6154434250764526 0.562624254473161 0.30835881753312944 0.5228628230616302
2 0.7800713557594292 0.5288270377733598 0.053516819571865444 0.24055666003976142
4 0.19342507645259938 0.6565606361829026 0.019877675840978593 0.06063618290258449
2 0.4120795107033639 0.6257455268389662 0.11569826707441386 0.07654075546719682
2 0.9367991845056065 0.5218687872763419 0.12538226299694188 0.24453280318091453
1 0.0983690112130479 0.6958250497017893 0.010193679918450561 0.033797216699801194
5 0.14067278287461774 0.6993041749502982 0.0581039755351682 0.10039761431411531
1 0.109072375127421 0.7067594433399602 0.011213047910295617 0.039761431411530816
5 0.21330275229357798 0.6848906560636183 0.02089704383282365 0.04771371769383698
10 0.42940876656472987 0.05715705765407555 0.02089704383282365 0.06262425447316103
1 0.08384301732925586 0.7152087475149106 0.010703363914373088 0.032803180914512925
1 0.22910295616717635 0.6868787276341949 0.010703363914373088 0.03180914512922465
1 0.2392966360856269 0.6843936381709742 0.009683995922528032 0.032803180914512925
6 0.09709480122324159 0.7211729622266402 0.016819571865443424 0.018886679920477135
1 0.18527013251783894 0.7077534791252486 0.010703363914373088 0.03180914512922465
1 0.19699286442405708 0.7052683896620279 0.0127420998980632 0.036779324055666
2 0.41437308868501527 0.6998011928429424 0.11518858307849134 0.07554671968190854
1 0.14755351681957188 0.7629224652087475 0.016819571865443424 0.020874751491053677
1 0.12996941896024464 0.7708747514910537 0.011213047910295617 0.032803180914512925
2 0.04969418960244648 0.8091451292246521 0.06472986748216106 0.12524850894632206
4 0.18654434250764526 0.7842942345924453 0.06422018348623854 0.1172962226640159
1 0.2887359836901121 0.7927435387673957 0.035168195718654434 0.03876739562624255
1 0.3555045871559633 0.808648111332008 0.02089704383282365 0.0705765407554672
3 0.3259429153924567 0.8300198807157058 0.024974515800203875 0.07952286282306163
10 0.24694189602446484 0.8623260437375746 0.010703363914373088 0.032803180914512925
8 0.25662589194699287 0.8598409542743539 0.010703363914373088 0.033797216699801194
1 0.23674821610601426 0.8653081510934394 0.009683995922528032 0.032803180914512925
1 0.2734454638124363 0.860337972166998 0.009683995922528032 0.032803180914512925
4 0.18934760448521917 0.8836978131212724 0.063710499490316 0.10139165009940358
10 0.30198776758409784 0.8797216699801192 0.02089704383282365 0.08151093439363817
2 0.4378185524974516 0.852882703777336 0.017329255861365953 0.073558648111332
10 0.23776758409785934 0.9030815109343936 0.011722731906218144 0.032803180914512925
5 0.2627420998980632 0.8991053677932406 0.02803261977573904 0.03876739562624255
3 0.15112130479102956 0.9274353876739563 0.02599388379204893 0.07952286282306163
2 0.5677879714576962 0.8469184890656064 0.040774719673802244 0.08548707753479125
10 0.24745158002038736 0.9294234592445328 0.016819571865443424 0.019880715705765408
2 0.9439347604485219 0.7947316103379721 0.1111111111111111 0.24950298210735586
1 0.27395514780835883 0.9348906560636183 0.011722731906218144 0.032803180914512925
2 0.08078491335372069 0.9383697813121272 0.12385321100917432 0.12127236580516898
1 0.4136085626911315 0.9100397614314115 0.009683995922528032 0.032803180914512925
6 0.3547400611620795 0.9224652087475149 0.06320081549439348 0.11332007952286283
1 0.4255861365953109 0.9120278330019881 0.012232415902140673 0.03876739562624255
2 0.1967380224260958 0.9592445328031809 0.03873598369011213 0.07952286282306163
8 0.2428644240570846 0.955765407554672 0.009683995922528032 0.032803180914512925
10 0.2520387359836901 0.9547713717693836 0.009683995922528032 0.032803180914512925
12 0.3053007135575943 0.9647117296222664 0.04281345565749235 0.06858846918489066
8 0.2484709480122324 0.9821073558648111 0.016819571865443424 0.019880715705765408
8 0.6758409785932722 0.904572564612326 0.1712538226299694 0.1550695825049702
11 0.5815494393476045 0.929920477137177 0.027522935779816515 0.08846918489065607
7 0.0764525993883792 0.16848906560636182 0.0163098878695209 0.018886679920477135
2 0.9133537206931702 0.060139165009940355 0.1345565749235474 0.12027833001988071
1 0.4997451580020387 0.09741550695825049 0.013761467889908258 0.011928429423459244
11 0.023700305810397553 0.20129224652087474 0.047400611620795105 0.10636182902584493
2 0.37130479102956165 0.12922465208747516 0.0779816513761468 0.0636182902584493
5 0.48267074413863403 0.11133200795228629 0.011213047910295617 0.02385685884691849
2 0.5792558613659531 0.09493041749502983 0.12589194699286443 0.06262425447316103
10 0.07747196738022426 0.19831013916500995 0.017329255861365953 0.020874751491053677
2 0.1302242609582059 0.20675944333996024 0.0382262996941896 0.09145129224652088
10 0.07874617737003058 0.22664015904572565 0.016819571865443424 0.02186878727634195
2 0.2089704383282365 0.20576540755467196 0.04281345565749235 0.1312127236580517
7 0.08053007135575943 0.2788270377733598 0.017329255861365953 0.020874751491053677
2 0.1345565749235474 0.28578528827037775 0.03873598369011213 0.08250497017892644
11 0.025739041794087664 0.31660039761431413 0.05147808358817533 0.10437375745526839
10 0.08231396534148827 0.3076540755467197 0.016819571865443424 0.018886679920477135
10 0.32466870540265036 0.2678926441351889 0.011213047910295617 0.032803180914512925
10 0.3366462793068298 0.2668986083499006 0.010703363914373088 0.032803180914512925
10 0.0828236493374108 0.3394632206759443 0.016819571865443424 0.020874751491053677
2 0.21483180428134557 0.3215705765407555 0.04128440366972477 0.10636182902584493
2 0.1373598369011213 0.3628230616302187 0.040265035677879715 0.08349900596421471
7 0.08588175331294598 0.39363817097415504 0.016819571865443424 0.02186878727634195
11 0.0290519877675841 0.43389662027833004 0.05402650356778797 0.10437375745526839
10 0.08741080530071356 0.4224652087475149 0.016819571865443424 0.019880715705765408
2 0.9260958205912334 0.2554671968190855 0.1365953109072375 0.24254473161033796
10 0.08843017329255862 0.4532803180914513 0.016819571865443424 0.019880715705765408
0 0.24592252803261977 0.06908548707753479 0.047400611620795105 0.048707753479125246
7 0.0899592252803262 0.5094433399602386 0.01783893985728848 0.020874751491053677
2 0.40698267074413863 0.47365805168986086 0.11671763506625892 0.07852882703777336
11 0.034658511722731905 0.5506958250497018 0.05402650356778797 0.10337972166998012
10 0.09250764525993883 0.540258449304175 0.016819571865443424 0.020874751491053677
10 0.09378185524974515 0.5705765407554672 0.017329255861365953 0.02186878727634195
2 0.2484709480122324 0.5536779324055666 0.046381243628950054 0.18091451292246521
10 0.18883792048929662 0.577037773359841 0.01580020387359837 0.020874751491053677
1 0.16896024464831805 0.5864811133200796 0.010703363914373088 0.033797216699801194