12 0.703428773418169 0.2667020148462354 0.013785790031813362 0.015906680805938492
7 0.1102863202545069 0.26762990455991514 0.01343230823612584 0.010869565217391304
2 0.14510427712972782 0.26776246023329797 0.056910569105691054 0.2598091198303287
2 0.18080593849416754 0.269220572640509 0.010957935666313185 0.016171792152704135
7 0.11019794980558502 0.280355249204666 0.013255567338282079 0.009809119830328738
10 0.7082891481088724 0.2831389183457052 0.005478967833156593 0.012195121951219513
2 0.1805408271474019 0.28552492046659594 0.011134676564156946 0.018027571580063628
7 0.6997172145634499 0.2873806998939555 0.006009190526687876 0.01855779427359491
1 0.2073170731707317 0.28804347826086957 0.008837044892188053 0.0076882290562036056
1 0.2231353835277483 0.2888388123011665 0.008660303994344292 0.0076882290562036056
2 0.3796394485683987 0.28923647932131497 0.010250972074938141 0.02704135737009544
4 0.5445387062566278 0.2897667020148462 0.028278543655001768 0.028101802757158005
4 0.2722693531283139 0.2916224814422057 0.022799575821845174 0.02545068928950159
7 0.11046306115235065 0.2932131495227996 0.012725344644750796 0.010604453870625663
2 0.7184517497348887 0.29427359490986216 0.010250972074938141 0.06733828207847296
4 0.7822552138564864 0.3009013785790032 0.03322728879462708 0.0535524920466596
4 0.22896783315659244 0.3034199363732768 0.023153057617532696 0.017762460233297986
7 0.11002120890774125 0.3068663838812301 0.0136090491339696 0.009809119830328738
10 0.227819017320608 0.307661717921527 0.004595263343937788 0.01193001060445387
10 0.23241428066454578 0.3079268292682927 0.003888299752562743 0.012990455991516436
10 0.2369211735595617 0.3079268292682927 0.005125486037469071 0.012990455991516436
1 0.5828914810887239 0.3087221633085896 0.004595263343937788 0.01193001060445387
11 0.673029338989042 0.30978260869565216 0.04418522446094026 0.05805938494167551
11 0.6204489218805231 0.309915164369035 0.05956168257334747 0.05832449628844114
2 0.7487628137150937 0.31680805938494166 0.035171438670908446 0.13467656415694593
2 0.4381406857546836 0.31720572640509015 0.026511134676564158 0.040562036055143164
2 0.47720042417815484 0.317338282078473 0.02686461647225168 0.0408271474019088
2 0.5164369034994698 0.323966065747614 0.026511134676564158 0.039766702014846236
2 0.555496641922941 0.3247613997879109 0.026511134676564158 0.04029692470837752
1 0.20254506892895016 0.3303287380699894 0.006009190526687876 0.013255567338282079
5 0.23586072817249912 0.33125662778366916 0.007246376811594203 0.023064687168610817
1 0.24284199363732767 0.33655885471898195 0.004595263343937788 0.01193001060445387
10 0.2718275008837045 0.34172852598091197 0.007776599505125486 0.008483563096500531
10 0.2838458819370802 0.3418610816542948 0.007423117709437964 0.009278897136797455
10 0.29604100388829974 0.3419936373276776 0.007776599505125486 0.01007423117709438
10 0.22976316719688936 0.346898197242842 0.008130081300813009 0.0071580063626723225
10 0.22021915871332626 0.3475609756097561 0.007069635913750442 0.006892895015906681
1 0.20298692117355957 0.35180275715800635 0.005125486037469071 0.01166489925768823
10 0.22030752916224813 0.3544538706256628 0.007953340402969246 0.007423117709437964
10 0.34782608695652173 0.3551166489925769 0.006009190526687876 0.012460233297985153
2 0.9044715447154471 0.3559119830328738 0.10374690703428774 0.2717391304347826
7 0.7847295864262991 0.3564422057264051 0.006362672322375398 0.0204135737009544
2 0.578384588193708 0.35737009544008486 0.009367267585719336 0.015906680805938492
1 0.5221809826793921 0.3579003181336161 0.0136090491339696 0.01166489925768823
1 0.405355249204666 0.35935843054082717 0.011488158359844469 0.0071580063626723225
1 0.6200070696359138 0.3613467656415695 0.004595263343937788 0.013255567338282079
0 0.808412866737363 0.3641304347826087 0.03852951572993991 0.031018027571580065
4 0.5626546482856133 0.36704665959703076 0.022446094026157652 0.018822905620360552
1 0.24381406857546836 0.36744432661717924 0.008660303994344292 0.008483563096500531
10 0.7772180982679392 0.3681071049840933 0.005125486037469071 0.01193001060445387
1 0.21624248851184164 0.36823966065747615 0.007599858607281725 0.006892895015906681
1 0.5425061859314245 0.3711558854718982 0.007953340402969246 0.020678685047720042
10 0.34791445740544363 0.3723488865323436 0.005832449628844115 0.01193001060445387
7 0.7848179568752209 0.3828207847295864 0.005125486037469071 0.01855779427359491
2 0.8391657829621775 0.38427889713679747 0.01979498055850124 0.02730646871686108
10 0.34782608695652173 0.39037645811240723 0.006009190526687876 0.011399787910922587
1 0.20174973488865325 0.39077412513255566 0.0044185224460940265 0.012195121951219513
1 0.2067868504772004 0.3910392364793213 0.00494874513962531 0.012725344644750796
1 0.3902439024390244 0.39316012725344646 0.01343230823612584 0.011134676564156946
1 0.6421880523153057 0.3975344644750795 0.005125486037469071 0.01193001060445387
1 0.5889890420643337 0.397932131495228 0.0044185224460940265 0.01166489925768823
4 0.7271120537292329 0.39965535524920465 0.02863202545068929 0.018822905620360552
0 0.8080593849416755 0.4024390243902439 0.037469070342877345 0.031813361611876985
0 0.759632378932485 0.40323435843054084 0.03888299752562743 0.03234358430540827
1 0.6879639448568399 0.40522269353128315 0.0044185224460940265 0.012460233297985153
1 0.6018911276069282 0.4057529162248144 0.004772004241781549 0.011399787910922587
2 0.6590668080593849 0.4065482502651113 0.010604453870625663 0.028897136797454932
10 0.3477377165075999 0.40668080593849415 0.006185931424531637 0.011134676564156946
5 0.6158536585365854 0.4073435843054083 0.024566984800282785 0.026246023329798515
10 0.630876634853305 0.4081389183457052 0.004772004241781549 0.01193001060445387
10 0.24469777306468718 0.4091993637327678 0.005125486037469071 0.011399787910922587
1 0.5889890420643337 0.4091993637327678 0.0044185224460940265 0.011399787910922587
1 0.7006009190526687 0.41423647932131497 0.00671615411806292 0.01670201484623542
2 0.07025450689289502 0.41609225874867445 0.03729232944503358 0.05805938494167551
1 0.3901555319901025 0.4244432661717922 0.013962530929657123 0.01166489925768823
10 0.3475609756097561 0.4253711558854719 0.005832449628844115 0.012460233297985153
10 0.10233297985153765 0.43213149522799577 0.0042417815482502655 0.01166489925768823
10 0.6315835984446801 0.433457051961824 0.0044185224460940265 0.012195121951219513
5 0.755920820077766 0.43915694591728527 0.012371862849063274 0.019883351007423118
10 0.3477377165075999 0.4424708377518558 0.006539413220219159 0.012195121951219513
2 0.13396960056557086 0.4426033934252386 0.029692470837751856 0.04003181336161188
2 0.6610993283845882 0.4427359490986214 0.020678685047720042 0.029692470837751856
4 0.8253799929303641 0.4444591728525981 0.03322728879462708 0.046394485683987276
7 0.09791445740544362 0.4477730646871686 0.012018381053375752 0.018027571580063628
2 0.73073524213503 0.45652173913043476 0.012195121951219513 0.02916224814422057
10 0.10242135030045953 0.4616914103923648 0.004772004241781549 0.01193001060445387
2 0.212265818310357 0.4668610816542948 0.01166489925768823 0.029692470837751856
10 0.6803640862495581 0.46858430540827145 0.0040650406504065045 0.01352067868504772
1 0.744079179922234 0.47017497348886533 0.010250972074938141 0.02518557794273595
10 0.6844291268999646 0.47057264050901376 0.003711558854718982 0.012195121951219513
1 0.6939731353835278 0.4707051961823966 0.004772004241781549 0.01193001060445387
10 0.6588016967126193 0.47097030752916225 0.0040650406504065045 0.01193001060445387
10 0.6633085896076352 0.47097030752916225 0.0042417815482502655 0.012460233297985153
1 0.6721456344998232 0.47097030752916225 0.0042417815482502655 0.01193001060445387
10 0.6770060091905267 0.47097030752916225 0.003711558854718982 0.011399787910922587
10 0.6679922234004949 0.4712354188759279 0.005125486037469071 0.012460233297985153
3 0.7018381053375751 0.47375397667020147 0.018027571580063628 0.009013785790031814
5 0.5768822905620361 0.47560975609756095 0.027925061859314246 0.03552492046659597
2 0.06972428419936373 0.47613997879109227 0.03835277483209615 0.05726405090137858
4 0.825468363379286 0.48117709437963946 0.033050547896783314 0.025980911983032873
5 0.4691587133262637 0.48316542948038177 0.13768115942028986 0.20705196182396607
2 0.19768469423824672 0.48926299045599153 0.021032166843407564 0.014581124072110286
5 0.7567161541180629 0.48952810180275713 0.012548603746907035 0.019353128313891833
2 0.6159420289855072 0.49204665959703076 0.026157652880876636 0.05143160127253447
10 0.11108165429480382 0.49244432661717924 0.00830682219865677 0.0071580063626723225
1 0.17718275008837045 0.49323966065747615 0.007599858607281725 0.0071580063626723225
1 0.1851360904913397 0.4937698833510074 0.007599858607281725 0.0076882290562036056
1 0.7834924001413928 0.49787910922587486 0.017674089784376106 0.014846235418875928
10 0.11099328384588193 0.4996023329798515 0.008483563096500531 0.0071580063626723225
1 0.5491339696005656 0.49986744432661717 0.012725344644750796 0.010869565217391304
2 0.13405797101449277 0.5015906680805938 0.02880876634853305 0.039766702014846236
1 0.39042064333686816 0.5034464475079533 0.014139271827500884 0.012195121951219513
10 0.11125839519264757 0.505965005302227 0.007953340402969246 0.0071580063626723225
5 0.22843761046306116 0.5084835630965006 0.028455284552845527 0.016436903499469777
10 0.5459526334393778 0.5095440084835631 0.007423117709437964 0.006362672322375398
10 0.11099328384588193 0.5128579003181336 0.008483563096500531 0.0071580063626723225
5 0.5768822905620361 0.5139183457051962 0.027571580063626724 0.035790031813361614
10 0.5456875220926122 0.5168345705196182 0.007246376811594203 0.004506892895015907
5 0.679745493107105 0.5194856839872747 0.051961823966065745 0.07608695652173914
10 0.11090491339696006 0.5197507953340403 0.007953340402969246 0.006627783669141039
1 0.7324142806645457 0.5201484623541888 0.008483563096500531 0.007423117709437964
4 0.8529515729939908 0.522932131495228 0.0335807705903146 0.04798515376458112
10 0.11108165429480382 0.5263785790031813 0.008660303994344292 0.0071580063626723225
7 0.06548250265111347 0.5269088016967126 0.06062212796041004 0.04427359490986214
5 0.8937787203958996 0.5269088016967126 0.018734535171438672 0.03525980911983033
2 0.7588370448921881 0.5298250265111347 0.020678685047720042 0.015641569459172854
1 0.16048073524213502 0.5299575821845175 0.008130081300813009 0.012195121951219513
2 0.6415694591728526 0.5324761399787911 0.018027571580063628 0.051166489925768825
1 0.7235772357723578 0.5347295864262991 0.00494874513962531 0.01166489925768823
1 0.389802050194415 0.5355249204665959 0.013962530929657123 0.012195121951219513
5 0.9289501590668081 0.5418875927889714 0.04630611523506539 0.07423117709437964
12 0.6163838812301167 0.5426829268292683 0.023153057617532696 0.0440084835630965
1 0.8771650759985861 0.5434782608695652 0.010957935666313185 0.024920466595970307
10 0.7619300106044539 0.5448038176033935 0.004595263343937788 0.012195121951219513
1 0.38962530929657124 0.5477200424178155 0.0136090491339696 0.012195121951219513
1 0.8875044185224461 0.5519618239660657 0.009013785790031814 0.007423117709437964
1 0.823170731707317 0.5539501590668081 0.010781194768469424 0.02518557794273595
5 0.5779427359490986 0.5551431601272534 0.02686461647225168 0.03499469777306469
10 0.3469423824673029 0.5595174973488866 0.005302226935312832 0.01193001060445387
1 0.38989042064333684 0.5608430540827147 0.013785790031813362 0.012460233297985153
10 0.13458819370802402 0.5660127253446448 0.013255567338282079 0.019618239660657476
2 0.740367621067515 0.5703870625662778 0.03499469777306469 0.011399787910922587
4 0.7650229763167197 0.5706521739130435 0.012548603746907035 0.03260869565217391
1 0.8784906327324142 0.5738335100742312 0.011134676564156946 0.02518557794273595
4 0.8509190526687875 0.5771474019088016 0.019971721456344998 0.05090137857900318
5 0.894220572640509 0.578340402969247 0.01714386709084482 0.0331389183457052
10 0.3470307529162248 0.5787380699893956 0.005125486037469071 0.01166489925768823
1 0.6822198656769176 0.5824496288441146 0.013785790031813362 0.03234358430540827
1 0.665694591728526 0.5832449628844114 0.0136090491339696 0.03128313891834571
5 0.20077765995051255 0.5848356309650053 0.08448214916931777 0.09331919406150584
10 0.13485330505478968 0.5885471898197243 0.012725344644750796 0.02014846235418876
1 0.9219688936019795 0.5894750795334041 0.018204312477907388 0.015111346765641569
1 0.9407034287734182 0.5908006362672322 0.016083421703782255 0.016171792152704135
1 0.39943442912689997 0.5925238600212089 0.00494874513962531 0.012195121951219513
1 0.40402969247083775 0.5925238600212089 0.0042417815482502655 0.012195121951219513
1 0.49399080947331214 0.5926564156945917 0.01343230823612584 0.010339342523860021
5 0.8173382820784729 0.5941145281018028 0.012902085542594557 0.019088016967126194
1 0.8072640509013785 0.5947773064687168 0.009367267585719336 0.0071580063626723225
2 0.746995404736656 0.5951749734888653 0.03199010250972075 0.037645811240721104
2 0.08236125839519265 0.5958377518557795 0.08731000353481795 0.08669141039236479
5 0.7863202545068929 0.5959703075291622 0.013785790031813362 0.019618239660657476
10 0.34685401201838106 0.5963679745493107 0.005478967833156593 0.012460233297985153
5 0.6460763520678685 0.6002120890774125 0.02562743018734535 0.02545068928950159
1 0.6100212089077413 0.601272534464475 0.012902085542594557 0.011134676564156946
4 0.5682219865676917 0.6097560975609756 0.017320607988688584 0.047189819724284196
1 0.8040827147401909 0.6118769883351007 0.017497348886532343 0.016436903499469777
1 0.585807705903146 0.6132025450689289 0.0044185224460940265 0.011134676564156946
1 0.6101979498055851 0.6136002120890774 0.012902085542594557 0.011399787910922587
1 0.47039589961117 0.6141304347826086 0.007246376811594203 0.019883351007423118
10 0.34676564156945916 0.6142629904559915 0.005302226935312832 0.011134676564156946
1 0.6629551078119477 0.6145281018027572 0.004595263343937788 0.011134676564156946
1 0.6678154825026511 0.61466065747614 0.0044185224460940265 0.011399787910922587
2 0.7262283492400141 0.6147932131495228 0.007423117709437964 0.05620360551431601
2 0.7053729232944503 0.6178419936373277 0.0335807705903146 0.10630965005302227
1 0.5559384941675504 0.61983032873807 0.00830682219865677 0.008483563096500531
5 0.14006716154118062 0.6210233297985154 0.02527394839165783 0.04586426299045599
2 0.44061505832449627 0.623541887592789 0.025804171085189113 0.03923647932131495
2 0.4010250972074938 0.6243372216330859 0.026157652880876636 0.0408271474019088
1 0.6101095793566631 0.6263255567338282 0.012725344644750796 0.010869565217391304
8 0.6374160480735243 0.6281813361611877 0.006185931424531637 0.015641569459172854
2 0.7425768822905621 0.6289766702014846 0.021032166843407564 0.027836691410392366
1 0.666401555319901 0.6296394485683987 0.010427712972781902 0.009013785790031814
4 0.763255567338282 0.6300371155885471 0.01184164015553199 0.0331389183457052
2 0.6838105337575114 0.63016967126193 0.00989749027925062 0.03128313891834571
4 0.8531283138918345 0.6308324496288441 0.0335807705903146 0.05434782608695652
5 0.8934252386002121 0.6320254506892895 0.01838105337575115 0.032873806998939555
10 0.3465005302226935 0.6325556733828208 0.005832449628844115 0.011134676564156946
1 0.6099328384588194 0.6385206786850477 0.013078826440438318 0.010869565217391304
10 0.34720749381406857 0.6474019088016967 0.006185931424531637 0.011134676564156946
4 0.8119476846942383 0.6484623541887593 0.017320607988688584 0.049310710498409335
10 0.09738423471191233 0.6507158006362672 0.00494874513962531 0.01193001060445387
1 0.8784906327324142 0.6509809119830329 0.011488158359844469 0.02518557794273595
5 0.9308059384941676 0.6511134676564156 0.045068928950159064 0.07476139978791092
4 0.7878225521385649 0.6512460233297985 0.031636620714033226 0.04692470837751856
5 0.1569459172852598 0.6520413573700954 0.013785790031813362 0.016171792152704135
5 0.8592258748674443 0.6533669141039237 0.029869211735595615 0.05752916224814422
1 0.8882113821138211 0.6589342523860021 0.01007423117709438 0.006627783669141039
5 0.20431247790738777 0.6719247083775186 0.048073524213503006 0.05593849416755037
10 0.2777483209614705 0.6778897136797455 0.014669494521032167 0.010604453870625663
1 0.8784906327324142 0.6813361611876988 0.011488158359844469 0.026511134676564158
5 0.8940438317426652 0.6838547189819725 0.019264757864969954 0.03419936373276776
4 0.851272534464475 0.684119830328738 0.018204312477907388 0.04851537645811241
4 0.8292682926829268 0.6846500530222693 0.017674089784376106 0.04957582184517497
8 0.15844821491693178 0.6847826086956522 0.00830682219865677 0.02014846235418876
1 0.2704135737009544 0.6882290562036055 0.00671615411806292 0.006362672322375398
1 0.2858784022622835 0.6884941675503712 0.007953340402969246 0.007423117709437964
0 0.750795334040297 0.6915429480381761 0.039943442912689996 0.03260869565217391
5 0.24036762106751502 0.6959172852598091 0.010604453870625663 0.02014846235418876
1 0.9215270413573701 0.6972428419936373 0.017320607988688584 0.016436903499469777
2 0.2568928950159067 0.6979056203605515 0.01891127606928243 0.024655355249204668
7 0.7750088370448922 0.6979056203605515 0.00671615411806292 0.0204135737009544
8 0.799575821845175 0.698170731707317 0.030045952633439378 0.034729586426299044
1 0.9403499469777307 0.6983032873806999 0.017850830682219865 0.015906680805938492
10 0.15986214209968186 0.6988335100742312 0.007953340402969246 0.006892895015906681
1 0.1519971721456345 0.716728525980912 0.007776599505125486 0.020943796394485684
2 0.31336161187698836 0.7246818663838812 0.026157652880876636 0.04109225874867444
2 0.3528632025450689 0.7253446447507953 0.025980911983032873 0.042417815482502653
1 0.8530399434429127 0.725609756097561 0.016436903499469777 0.015376458112407211
2 0.3925415341109933 0.7260074231177094 0.017320607988688584 0.09729586426299046
5 0.8800813008130082 0.735153764581124 0.0136090491339696 0.021208907741251327
0 0.7038706256627784 0.7364793213149523 0.0344644750795334 0.03234358430540827
0 0.7508837044892188 0.7372746553552492 0.03905973842347119 0.030752916224814422
0 0.7992223400494874 0.7380699893955461 0.039943442912689996 0.03340402969247084
4 0.9171968893601979 0.7427094379639448 0.033050547896783314 0.02730646871686108
7 0.7261399787910923 0.7432396606574762 0.006892895015906681 0.019353128313891833
2 0.055231530576175324 0.7437698833510075 0.0889006716154118 0.2059915164369035
7 0.7747437256981266 0.7439024390243902 0.006892895015906681 0.019618239660657476
7 0.8237009544008483 0.7449628844114529 0.006185931424531637 0.019618239660657476
5 0.2036938847649346 0.7513255567338282 0.07582184517497349 0.07317073170731707
1 0.8928066454577589 0.7550371155885471 0.011134676564156946 0.026511134676564158
1 0.15535524920466595 0.7550371155885471 0.008483563096500531 0.007423117709437964
1 0.884676564156946 0.7598091198303287 0.0044185224460940265 0.014846235418875928
8 0.8005478967833156 0.7784994697773064 0.03057617532697066 0.0331389183457052
4 0.7098798161894663 0.7787645811240721 0.03340402969247084 0.025715800636267234
4 0.9196712619300106 0.7798250265111347 0.03729232944503358 0.045334040296924706
5 0.8819370802403677 0.7820784729586426 0.013078826440438318 0.021208907741251327
0 0.7514139271827501 0.7838016967126193 0.03870625662778367 0.0331389183457052
7 0.7753623188405797 0.790694591728526 0.006362672322375398 0.019883351007423118
8 0.2982502651113468 0.8564422057264051 0.17868504772004243 0.03048780487804878
4 0.20272180982679391 0.1651643690349947 0.027571580063626724 0.019088016967126194
2 0.8700954400848356 0.17576882290562035 0.03817603393425239 0.05249204665959703
7 0.9345174973488866 0.17590137857900318 0.009367267585719336 0.027836691410392366
7 0.9209968186638389 0.17643160127253446 0.012725344644750796 0.008218451749734889
2 0.21041003888299753 0.18663838812301167 0.010781194768469424 0.015906680805938492
2 0.335807705903146 0.18928950159066807 0.2350653941322022 0.08059384941675504
7 0.9212619300106044 0.18928950159066807 0.012548603746907035 0.009013785790031814
2 0.5764404383174266 0.18981972428419935 0.23241428066454578 0.07953340402969247
2 0.7136797454931071 0.19419406150583246 0.024036762106751503 0.11373276776246023
10 0.9365500176740897 0.19485683987274655 0.008130081300813009 0.007423117709437964
11 0.8767232237539767 0.1964475079533404 0.050724637681159424 0.1283138918345705
2 0.9351360904913397 0.2071845174973489 0.010957935666313185 0.015641569459172854
7 0.8549840933191941 0.21023329798515378 0.012195121951219513 0.009013785790031814
7 0.10993283845881938 0.21460763520678686 0.014139271827500884 0.010869565217391304
7 0.11019794980558502 0.2283934252386002 0.013255567338282079 0.009809119830328738
7 0.11010957935666313 0.24098621420996819 0.014492753623188406 0.012195121951219513
2 0.1806291975963238 0.25371155885471897 0.012018381053375752 0.015906680805938492
7 0.11010957935666313 0.2543743372216331 0.013785790031813362 0.009809119830328738
2 0.20820077765995051 0.2598091198303287 0.010957935666313185 0.014316012725344645
2 0.19158713326263696 0.2600742311770944 0.01343230823612584 0.1071049840933192