12 0.6832023575638507 0.23269513991163476 0.014734774066797643 0.017673048600883652
7 0.0906188605108055 0.3427835051546392 0.01424361493123772 0.012518409425625921
2 0.12573673870333987 0.33615611192930783 0.07760314341846758 0.26877761413843887
2 0.1618369351669941 0.33100147275405006 0.012278978388998035 0.018409425625920472
7 0.09184675834970531 0.3549337260677467 0.0137524557956778 0.011782032400589101
10 0.6893418467583498 0.24779086892488955 0.0063850687622789785 0.012518409425625921
2 0.16232809430255402 0.3472017673048601 0.012278978388998035 0.019882179675994108
7 0.681483300589391 0.2540500736377025 0.0073673870333988214 0.01914580265095729
1 0.1893418467583497 0.34536082474226804 0.009332023575638507 0.008836524300441826
1 0.20530451866404714 0.3431516936671576 0.008840864440078585 0.008836524300441826
2 0.3614931237721022 0.31443298969072164 0.011787819253438114 0.027982326951399118
4 0.5262770137524558 0.2846097201767305 0.029960707269155205 0.03313696612665685
4 0.2549115913555992 0.33689248895434465 0.02455795677799607 0.028718703976435934
7 0.09332023575638507 0.36782032400589104 0.0137524557956778 0.012518409425625921
2 0.7006385068762279 0.25736377025036816 0.015225933202357564 0.06848306332842416
4 0.7647347740667977 0.25220913107511045 0.03732809430255403 0.05964653902798233
4 0.21218074656188604 0.35640648011782033 0.02455795677799607 0.022091310751104567
7 0.093811394891945 0.38144329896907214 0.0137524557956778 0.011782032400589101
10 0.21144400785854617 0.36119293078055964 0.0054027504911591355 0.012518409425625921
10 0.21586444007858546 0.3600883652430044 0.0044204322200392925 0.013254786450662739
10 0.22102161100196463 0.3593519882179676 0.005893909626719057 0.013254786450662739
1 0.5660609037328095 0.2963917525773196 0.0054027504911591355 0.012518409425625921
11 0.6564341846758349 0.2809278350515464 0.04862475442043222 0.06553755522827688
11 0.6036345776031434 0.2912371134020619 0.06385068762278978 0.06848306332842416
2 0.7323182711198428 0.27393225331369664 0.04616895874263261 0.13991163475699558
2 0.4223968565815324 0.3317378497790869 0.029469548133595286 0.04491899852724595
2 0.46144400785854617 0.32511045655375553 0.029960707269155205 0.04491899852724595
2 0.5009823182711198 0.3240058910162003 0.029469548133595286 0.044182621502209134
2 0.5402750491159135 0.3177466863033873 0.029469548133595286 0.04491899852724595
1 0.1881139489194499 0.38843888070692195 0.0068762278978389 0.013991163475699559
5 0.2220039292730845 0.38291605301914583 0.008840864440078585 0.023564064801178203
1 0.22912573673870335 0.3869661266568483 0.0054027504911591355 0.012518409425625921
10 0.2583497053045187 0.3869661266568483 0.007858546168958742 0.009572901325478646
10 0.2706286836935167 0.38438880706921946 0.007858546168958742 0.010309278350515464
10 0.2824165029469548 0.38254786450662737 0.007858546168958742 0.011045655375552283
10 0.2168467583497053 0.39948453608247425 0.008349705304518664 0.008100147275405008
10 0.2075147347740668 0.4016936671575847 0.0073673870333988214 0.008100147275405008
1 0.1905697445972495 0.40942562592047127 0.005893909626719057 0.011782032400589101
10 0.20800589390962673 0.40868924889543445 0.008349705304518664 0.008836524300441826
10 0.33546168958742634 0.3858615611192931 0.0068762278978389 0.013254786450662739
2 0.8909626719056974 0.28424153166421207 0.12573673870333987 0.29013254786450665
7 0.7716110019646365 0.3070692194403535 0.007858546168958742 0.020618556701030927
2 0.5655697445972495 0.34572901325478644 0.01031434184675835 0.016936671575846832
1 0.5095776031434185 0.35640648011782033 0.01424361493123772 0.013254786450662739
1 0.3934184675834971 0.3799705449189985 0.011787819253438114 0.008836524300441826
1 0.6073182711198428 0.3427835051546392 0.0054027504911591355 0.013991163475699559
0 0.7959233791748527 0.31038291605301915 0.04076620825147348 0.03755522827687776
4 0.5510805500982319 0.3586156111929308 0.023575638506876228 0.022091310751104567
1 0.23231827111984282 0.4171575846833579 0.008840864440078585 0.009572901325478646
10 0.7647347740667977 0.31995581737849776 0.005893909626719057 0.012518409425625921
1 0.20481335952848723 0.4230486008836524 0.007858546168958742 0.008100147275405008
1 0.531188605108055 0.36597938144329895 0.009332023575638507 0.022091310751104567
10 0.33668958742632615 0.40316642120765833 0.0063850687622789785 0.012518409425625921
7 0.7738212180746562 0.3335787923416789 0.0063850687622789785 0.01914580265095729
2 0.8280943025540275 0.3247422680412371 0.021611001964636542 0.030927835051546393
10 0.33840864440078583 0.4212076583210604 0.0068762278978389 0.011782032400589101
1 0.19277996070726916 0.4488217967599411 0.0054027504911591355 0.012518409425625921
1 0.1974459724950884 0.4477172312223859 0.005893909626719057 0.013254786450662739
1 0.38089390962671904 0.41605301914580267 0.01424361493123772 0.013254786450662739
1 0.6326129666011788 0.3744477172312224 0.005893909626719057 0.012518409425625921
1 0.5798133595284872 0.38438880706921946 0.0054027504911591355 0.011782032400589101
4 0.7178290766208252 0.36082474226804123 0.029960707269155205 0.023564064801178203
0 0.7983791748526523 0.3490427098674521 0.039783889980353634 0.03829160530191458
0 0.75049115913556 0.3582474226804124 0.0412573673870334 0.0390279823269514
1 0.6790275049115914 0.374079528718704 0.0054027504911591355 0.013254786450662739
1 0.5930746561886051 0.3895434462444772 0.0054027504911591355 0.011782032400589101
2 0.650294695481336 0.3803387334315169 0.012770137524557957 0.030191458026509573
10 0.3393909626719057 0.4374079528718704 0.0068762278978389 0.011782032400589101
5 0.6075638506876228 0.38917525773195877 0.026522593320235755 0.030191458026509573
10 0.6225442043222004 0.3869661266568483 0.0054027504911591355 0.012518409425625921
10 0.23673870333988212 0.4587628865979381 0.005893909626719057 0.011782032400589101
1 0.5807956777996071 0.3954344624447717 0.0054027504911591355 0.011782032400589101
1 0.6920432220039293 0.3803387334315169 0.007858546168958742 0.016936671575846832
2 0.06311394891944991 0.49852724594992637 0.04174852652259332 0.06480117820324006
1 0.3835952848722986 0.4477172312223859 0.014734774066797643 0.013254786450662739
10 0.3406188605108055 0.45581737849779086 0.0063850687622789785 0.013254786450662739
10 0.0962671905697446 0.508100147275405 0.004911591355599214 0.011782032400589101
10 0.625 0.4120029455081001 0.0054027504911591355 0.012518409425625921
5 0.75 0.3946980854197349 0.0137524557956778 0.022091310751104567
10 0.3425834970530452 0.4738586156111929 0.0073673870333988214 0.012518409425625921
2 0.12917485265225934 0.5128865979381443 0.03241650294695481 0.04491899852724595
2 0.6549607072691552 0.41568483063328426 0.023084479371316306 0.03313696612665685
4 0.8194990176817288 0.3869661266568483 0.03683693516699411 0.05228276877761414
7 0.09356581532416502 0.5246686303387335 0.013261296660117878 0.019882179675994108
2 0.7256876227897839 0.4167893961708395 0.01424361493123772 0.030927835051546393
10 0.09896856581532416 0.5379234167893961 0.0054027504911591355 0.012518409425625921
2 0.20923379174852652 0.522459499263623 0.0137524557956778 0.03166421207658321
10 0.6768172888015717 0.4377761413843888 0.004911591355599214 0.013991163475699559
1 0.7401768172888016 0.42783505154639173 0.011787819253438114 0.026509572901325478
10 0.6805009823182712 0.43924889543446244 0.0044204322200392925 0.012518409425625921
1 0.6903241650294696 0.4377761413843888 0.0054027504911591355 0.012518409425625921
10 0.6552062868369352 0.44513991163475697 0.004911591355599214 0.012518409425625921
10 0.6596267190569745 0.44403534609720174 0.004911591355599214 0.013254786450662739
1 0.668467583497053 0.4421944035346097 0.004911591355599214 0.012518409425625921
10 0.6736247544204322 0.4418262150220913 0.0044204322200392925 0.011782032400589101
10 0.6645383104125737 0.44329896907216493 0.005893909626719057 0.013254786450662739
3 0.6986738703339882 0.43888070692194403 0.018172888015717092 0.011782032400589101
5 0.5736738703339882 0.4642857142857143 0.030451866404715127 0.04050073637702504
2 0.06753438113948919 0.5585419734904271 0.04273084479371316 0.06406480117820323
4 0.8224459724950884 0.42378497790868924 0.03487229862475442 0.03166421207658321
5 0.4668467583497053 0.49116347569955815 0.1537328094302554 0.23122238586156113
2 0.1962180746561886 0.5478645066273933 0.022102161100196464 0.017673048600883652
5 0.7544204322200393 0.44513991163475697 0.0137524557956778 0.021354933726067747
2 0.6141944990176817 0.4734904270986745 0.029960707269155205 0.055964653902798235
10 0.1100196463654224 0.5666421207658321 0.008840864440078585 0.008100147275405008
1 0.17583497053045186 0.5555964653902798 0.007858546168958742 0.008100147275405008
1 0.18418467583497053 0.5544918998527246 0.007858546168958742 0.008836524300441826
1 0.7819253438113949 0.4484536082474227 0.018664047151277015 0.017673048600883652
10 0.11100196463654224 0.5740058910162003 0.008840864440078585 0.008100147275405008
1 0.5481335952848723 0.49374079528718706 0.0137524557956778 0.012518409425625921
2 0.1338408644400786 0.571060382916053 0.03192534381139489 0.04491899852724595
1 0.3899803536345776 0.5261413843888071 0.014734774066797643 0.013991163475699559
10 0.1112475442043222 0.5798969072164949 0.008349705304518664 0.008100147275405008
5 0.22838899803536344 0.5614874815905744 0.029469548133595286 0.021354933726067747
10 0.5461689587426326 0.5036818851251841 0.007858546168958742 0.007363770250368188
10 0.11198428290766209 0.5872606774668631 0.008840864440078585 0.008100147275405008
5 0.5768664047151277 0.5022091310751104 0.029960707269155205 0.039764359351988215
10 0.5459233791748527 0.5110456553755522 0.0073673870333988214 0.005891016200294551
5 0.6802554027504911 0.4893225331369661 0.05795677799607073 0.08468335787923417
10 0.11222986247544205 0.5938880706921944 0.008349705304518664 0.008100147275405008
1 0.7328094302554028 0.4801178203240059 0.008840864440078585 0.008836524300441826
4 0.8533889980353635 0.46060382916053016 0.03683693516699411 0.05375552282768778
2 0.5029469548133595 0.5268777614138439 0.06385068762278978 0.12739322533136965
10 0.11296660117878192 0.6005154639175257 0.008840864440078585 0.008100147275405008
7 0.06777996070726916 0.6093519882179675 0.06385068762278978 0.05522827687776141
5 0.8944007858546169 0.4572901325478645 0.021611001964636542 0.03829160530191458
2 0.7603143418467584 0.4852724594992636 0.021611001964636542 0.01914580265095729
1 0.162573673870334 0.5949926362297496 0.008840864440078585 0.013254786450662739
2 0.6429273084479371 0.5092047128129602 0.021611001964636542 0.05375552282768778
1 0.724950884086444 0.4963181148748159 0.005893909626719057 0.011782032400589101
1 0.3919449901768173 0.5585419734904271 0.014734774066797643 0.013991163475699559
5 0.9307465618860511 0.4653902798232695 0.05206286836935167 0.08247422680412371
12 0.618860510805501 0.5239322533136966 0.026522593320235755 0.04786450662739323
1 0.8791748526522594 0.47717231222385864 0.012770137524557957 0.026509572901325478
10 0.7644891944990176 0.4988954344624448 0.0054027504911591355 0.012518409425625921
1 0.3926817288801572 0.5703240058910162 0.01424361493123772 0.013991163475699559
1 0.8902259332023575 0.48306332842415317 0.009332023575638507 0.008836524300441826
1 0.8261296660117878 0.49705449189985274 0.012770137524557957 0.026509572901325478
5 0.581532416502947 0.5430780559646539 0.029469548133595286 0.0390279823269514
10 0.3511787819253438 0.5902061855670103 0.005893909626719057 0.012518409425625921
1 0.393909626719057 0.5832106038291606 0.014734774066797643 0.014727540500736377
10 0.13948919449901767 0.635861561119293 0.014734774066797643 0.021354933726067747
2 0.7450884086444007 0.5287187039764359 0.03536345776031434 0.017673048600883652
4 0.769155206286837 0.5246686303387335 0.014734774066797643 0.03460972017673049
1 0.8831041257367387 0.5066273932253313 0.012770137524557957 0.026509572901325478
4 0.8555992141453831 0.5150957290132547 0.023575638506876228 0.05375552282768778
5 0.8993123772102161 0.5084683357879234 0.019646365422396856 0.03608247422680412
10 0.3526522593320236 0.6097201767304861 0.005893909626719057 0.011782032400589101
1 0.68786836935167 0.5519145802650958 0.016208251473477406 0.03460972017673049
1 0.6714145383104125 0.5555964653902798 0.015717092337917484 0.03313696612665685
5 0.2075147347740668 0.6424889543446245 0.09184675834970531 0.10824742268041238
10 0.14169941060903732 0.658321060382916 0.01424361493123772 0.022091310751104567
1 0.9280451866404715 0.5139911634756995 0.019155206286836934 0.017673048600883652
1 0.9464636542239686 0.5125184094256259 0.01669941060903733 0.01914580265095729
1 0.4066797642436149 0.6130338733431517 0.005893909626719057 0.012518409425625921
1 0.4106090373280943 0.6122974963181149 0.004911591355599214 0.012518409425625921
1 0.5007367387033399 0.5968335787923417 0.01424361493123772 0.012518409425625921
5 0.8234282907662083 0.538659793814433 0.01424361493123772 0.021354933726067747
1 0.8138506876227898 0.5408689248895434 0.009823182711198428 0.008100147275405008
2 0.7531925343811395 0.5519145802650958 0.03487229862475442 0.04344624447717231
2 0.08963654223968566 0.6748895434462445 0.093811394891945 0.10235640648011782
5 0.7929764243614931 0.5460235640648011 0.015225933202357564 0.021354933726067747
10 0.3543713163064833 0.6273932253313697 0.0063850687622789785 0.013254786450662739
5 0.6532416502946955 0.5758468335787923 0.0275049115913556 0.029455081001472753
1 0.6173870333988212 0.5832106038291606 0.0137524557956778 0.013254786450662739
4 0.5758840864440079 0.5994108983799705 0.02111984282907662 0.050073637702503684
1 0.8116404715127702 0.5589101620029455 0.018172888015717092 0.01914580265095729
1 0.5940569744597249 0.6001472754050073 0.0054027504911591355 0.011782032400589101
1 0.6183693516699411 0.5957290132547864 0.0137524557956778 0.013254786450662739
1 0.47912573673870335 0.6218703976435935 0.008349705304518664 0.021354933726067747
10 0.3555992141453831 0.6450662739322534 0.005893909626719057 0.011782032400589101
1 0.6711689587426326 0.5876288659793815 0.0054027504911591355 0.011782032400589101
1 0.6760805500982319 0.5861561119293078 0.0054027504911591355 0.011782032400589101
2 0.7342829076620825 0.5754786450662739 0.011787819253438114 0.05670103092783505
2 0.7138998035363457 0.5824742268041238 0.04174852652259332 0.11192930780559647
1 0.5648330058939096 0.6122974963181149 0.008840864440078585 0.009572901325478646
5 0.14931237721021612 0.6892488954344624 0.02848722986247544 0.050073637702503684
2 0.449901768172888 0.6373343151693667 0.02848722986247544 0.04344624447717231
2 0.41036345776031435 0.644698085419735 0.028978388998035363 0.04491899852724595
1 0.619351669941061 0.6086156111929307 0.0137524557956778 0.012518409425625921
8 0.6468565815324165 0.605301914580265 0.0068762278978389 0.016200294550810016
2 0.7517190569744597 0.5865243004418262 0.023084479371316306 0.03166421207658321
1 0.6758349705304518 0.601620029455081 0.010805500982318271 0.010309278350515464
4 0.7728388998035364 0.5839469808541974 0.01424361493123772 0.035346097201767304
2 0.6932711198428291 0.5986745213549337 0.012278978388998035 0.03240058910162003
4 0.862721021611002 0.5684830633284241 0.03781925343811395 0.060382916053019146
5 0.9027504911591355 0.5618556701030928 0.0206286836935167 0.035346097201767304
10 0.3568271119842829 0.6634756995581738 0.0063850687622789785 0.011782032400589101
1 0.6203339882121808 0.6203976435935199 0.0137524557956778 0.012518409425625921
10 0.35854616895874264 0.6774668630338734 0.0068762278978389 0.011782032400589101
4 0.8224459724950884 0.5938880706921944 0.02111984282907662 0.05228276877761414
10 0.10952848722986247 0.7271723122238586 0.005893909626719057 0.012518409425625921
1 0.8892436149312377 0.583578792341679 0.013261296660117878 0.027245949926362298
5 0.9415520628683693 0.5736377025036818 0.05108055009823183 0.08247422680412371
4 0.7988703339882122 0.6012518409425626 0.03487229862475442 0.05228276877761414
5 0.16895874263261296 0.71759941089838 0.014734774066797643 0.018409425625920472
5 0.8703339882121808 0.5902061855670103 0.0343811394891945 0.0625920471281296
1 0.900049115913556 0.5894698085419735 0.01031434184675835 0.008100147275405008
5 0.21782907662082515 0.7286450662739322 0.05255402750491159 0.06406480117820323
10 0.2915029469548134 0.7209131075110456 0.015225933202357564 0.013254786450662739
1 0.8921905697445972 0.6145066273932254 0.013261296660117878 0.028718703976435934
5 0.9076620825147348 0.6134020618556701 0.021611001964636542 0.036818851251840944
4 0.8646856581532416 0.6222385861561119 0.022102161100196464 0.05154639175257732
4 0.8428290766208252 0.6262886597938144 0.021611001964636542 0.05228276877761414
8 0.17337917485265225 0.7492636229749632 0.009823182711198428 0.021354933726067747
1 0.28487229862475444 0.7326951399116347 0.0068762278978389 0.007363770250368188
1 0.3008349705304519 0.7304860088365243 0.008349705304518664 0.008836524300441826
0 0.7652259332023575 0.6480117820324006 0.04223968565815324 0.039764359351988215
5 0.25589390962671904 0.7463181148748159 0.011787819253438114 0.021354933726067747
1 0.9359037328094303 0.6215022091310751 0.018172888015717092 0.01914580265095729
2 0.2725933202357564 0.7448453608247423 0.0206286836935167 0.027245949926362298
7 0.7897838899803536 0.6494845360824743 0.007858546168958742 0.020618556701030927
8 0.8143418467583498 0.6458026509572902 0.03241650294695481 0.039764359351988215
1 0.9548133595284872 0.6196612665684831 0.018664047151277015 0.018409425625920472
10 0.1755893909626719 0.7639911634756995 0.008349705304518664 0.008100147275405008
1 0.1694499017681729 0.7827687776141384 0.008840864440078585 0.022091310751104567
2 0.33079567779960706 0.7614138438880707 0.028978388998035363 0.045655375552282766
2 0.3703339882121807 0.7544182621502209 0.029469548133595286 0.04639175257731959
1 0.8700884086444007 0.6627393225331369 0.01719056974459725 0.017673048600883652
2 0.40987229862475444 0.7485272459499264 0.02504911591355599 0.09941089837997054
5 0.8978388998035364 0.6675257731958762 0.014734774066797643 0.022827687776141383
0 0.7217583497053045 0.7010309278350515 0.03683693516699411 0.03829160530191458
0 0.7689096267190569 0.6936671575846833 0.04076620825147348 0.036818851251840944
0 0.8172888015717092 0.68519882179676 0.04223968565815324 0.04050073637702504
4 0.9354125736738703 0.6682621502209131 0.03487229862475442 0.03313696612665685
7 0.7448428290766208 0.7039764359351989 0.008349705304518664 0.020618556701030927
2 0.07539292730844793 0.8280559646539027 0.1055992141453831 0.22164948453608246
7 0.793467583497053 0.695139911634757 0.008349705304518664 0.020618556701030927
7 0.8420923379174853 0.6881443298969072 0.0073673870333988214 0.019882179675994108
5 0.22396856581532418 0.8074374079528719 0.08153241650294696 0.0861561119293078
1 0.9120825147347741 0.6848306332842415 0.012770137524557957 0.027982326951399118
1 0.17583497053045186 0.8203240058910162 0.008840864440078585 0.008836524300441826
1 0.9044695481335953 0.6910898379970545 0.0054027504911591355 0.015463917525773196
8 0.8219548133595285 0.7253313696612665 0.032907662082514735 0.03829160530191458
4 0.731335952848723 0.7426362297496318 0.03536345776031434 0.03166421207658321
4 0.9408153241650294 0.7047128129602357 0.04076620825147348 0.05154639175257732
5 0.9034872298624754 0.7139175257731959 0.01424361493123772 0.022827687776141383
0 0.7730844793713163 0.740058910162003 0.0412573673870334 0.039764359351988215
7 0.7976424361493124 0.7422680412371134 0.007858546168958742 0.020618556701030927
8 0.3268664047151277 0.8958026509572902 0.18025540275049115 0.0625920471281296
4 0.17509823182711198 0.22349042709867453 0.028978388998035363 0.024300441826215022
2 0.8418467583497053 0.11119293078055964 0.04223968565815324 0.05891016200294551
7 0.9064341846758349 0.09941089837997054 0.011296660117878193 0.029455081001472753
7 0.893172888015717 0.10235640648011782 0.013261296660117878 0.010309278350515464
2 0.18418467583497053 0.24300441826215022 0.011787819253438114 0.017673048600883652
2 0.3096758349705305 0.22312223858615612 0.2411591355599214 0.12371134020618557
7 0.8944007858546169 0.11524300441826216 0.012770137524557957 0.011045655375552283
2 0.549852652259332 0.1793078055964654 0.2382121807465619 0.12150220913107511
2 0.68762278978389 0.15832106038291605 0.03339882121807466 0.11782032400589101
10 0.9103634577603144 0.11855670103092783 0.008349705304518664 0.008836524300441826
11 0.850196463654224 0.13107511045655376 0.060903732809430254 0.13696612665684832
2 0.9096267190569745 0.13033873343151695 0.011787819253438114 0.017673048600883652
7 0.8303045186640472 0.148379970544919 0.012278978388998035 0.011045655375552283
7 0.08668958742632613 0.28976435935198824 0.01424361493123772 0.012518409425625921
7 0.08742632612966601 0.30338733431516934 0.0137524557956778 0.011782032400589101
7 0.08865422396856582 0.3162739322533137 0.015225933202357564 0.013991163475699559
2 0.16011787819253437 0.3159057437407953 0.012770137524557957 0.017673048600883652
7 0.08963654223968566 0.329160530191458 0.01424361493123772 0.011782032400589101
2 0.1881139489194499 0.3166421207658321 0.011787819253438114 0.016200294550810016
2 0.17166011787819255 0.32032400589101623 0.022102161100196464 0.10898379970544919