5 0.6516393442622951 0.32283680175246443 0.15471311475409835 0.16812705366922234
5 0.3104508196721312 0.3310514786418401 0.2028688524590164 0.1429353778751369
1 0.13345286885245902 0.3622672508214677 0.056864754098360656 0.02792990142387733
10 0.4756659836065574 0.3880065717415115 0.02612704918032787 0.061883899233296825
1 0.5081967213114754 0.3882803943044907 0.027663934426229508 0.06352683461117196
1 0.8491290983606558 0.3910186199342826 0.024077868852459015 0.060240963855421686
9 0.03278688524590164 0.45180722891566266 0.06557377049180328 0.8587075575027382
9 0.9403176229508197 0.4424972617743702 0.07633196721311475 0.8576122672508215
10 0.26434426229508196 0.4846659364731654 0.05737704918032787 0.03176341730558598
10 0.2635758196721312 0.52026286966046 0.056864754098360656 0.03176341730558598
10 0.2635758196721312 0.5208105147864184 0.05891393442622951 0.03066812705366922
1 0.29098360655737704 0.6067907995618839 0.03483606557377049 0.0755750273822563
5 0.8045594262295082 0.6180175246440307 0.09067622950819672 0.15826944140197152
5 0.48155737704918034 0.6295180722891566 0.3135245901639344 0.3389923329682366
1 0.21875 0.7475355969331873 0.03381147540983607 0.07667031763417305
1 0.8573258196721312 0.8225629791894852 0.056864754098360656 0.029572836801752465
1 0.7108094262295082 0.8269441401971522 0.03227459016393443 0.0755750273822563
1 0.6716188524590164 0.8285870755750274 0.03381147540983607 0.07667031763417305
1 0.7451331967213115 0.8291347207009858 0.02817622950819672 0.06462212486308871
5 0.7868852459016393 0.8480284775465499 0.04610655737704918 0.04326396495071194
1 0.5663422131147541 0.858433734939759 0.027151639344262294 0.061883899233296825
1 0.5978483606557377 0.8578860898138007 0.028688524590163935 0.061883899233296825
1 0.6273053278688525 0.8581599123767798 0.02612704918032787 0.0624315443592552
1 0.8598872950819673 0.8619934282584885 0.0701844262295082 0.038335158817086525
2 0.6662397540983607 0.07639649507119387 0.1880122950819672 0.15279299014238773
9 0.5309938524590164 0.9372946330777656 0.8867827868852459 0.08817086527929902
5 0.46260245901639346 0.09090909090909091 0.07274590163934426 0.05805038335158817
6 0.37218237704918034 0.09337349397590361 0.07325819672131148 0.08159912376779847
10 0.5245901639344263 0.09200438116100766 0.030737704918032786 0.06133625410733844
1 0.3145491803278688 0.09665936473165389 0.035860655737704916 0.07502738225629792
2 0.24334016393442623 0.10733844468784227 0.04610655737704918 0.05914567360350493
1 0.7868852459016393 0.12924424972617743 0.02971311475409836 0.06352683461117196
10 0.5105020491803278 0.15005476451259583 0.057889344262295084 0.03066812705366922
10 0.35911885245901637 0.17935377875136913 0.05942622950819672 0.02792990142387733
10 0.4208504098360656 0.1799014238773275 0.057889344262295084 0.03231106243154436
10 0.5097336065573771 0.1796276013143483 0.05635245901639344 0.03176341730558598
2 0.8537397540983607 0.20728368017524645 0.043545081967213115 0.2634173055859803
5 0.5092213114754098 0.26506024096385544 0.08913934426229508 0.12595837897042717