2 0.3275 0.24754098360655738 0.095 0.05573770491803279
8 0.4116666666666667 0.24016393442622952 0.04 0.02459016393442623
8 0.4125 0.2614754098360656 0.041666666666666664 0.021311475409836064
1 0.7983333333333333 0.24180327868852458 0.043333333333333335 0.02459016393442623
8 0.415 0.2827868852459016 0.04 0.021311475409836064
1 0.6841666666666667 0.3418032786885246 0.10833333333333334 0.07049180327868852
9 0.0375 0.4278688524590164 0.075 0.3475409836065574
1 0.5766666666666667 0.38524590163934425 0.043333333333333335 0.07540983606557378
10 0.42916666666666664 0.4377049180327869 0.021666666666666667 0.03934426229508197
10 0.43333333333333335 0.4737704918032787 0.023333333333333334 0.036065573770491806
6 0.525 0.4663934426229508 0.03 0.05737704918032787
6 0.375 0.48442622950819675 0.03 0.054098360655737705
12 0.73 0.45491803278688525 0.05 0.04426229508196721
10 0.4816666666666667 0.5016393442622951 0.04 0.022950819672131147
1 0.44333333333333336 0.5057377049180328 0.03666666666666667 0.02459016393442623
10 0.7308333333333333 0.4967213114754098 0.041666666666666664 0.022950819672131147
10 0.43583333333333335 0.5352459016393443 0.025 0.03770491803278689
10 0.775 0.5237704918032787 0.02 0.040983606557377046
10 0.8016666666666666 0.5237704918032787 0.023333333333333334 0.03770491803278689
2 0.4725 0.07377049180327869 0.945 0.14754098360655737
10 0.5133333333333333 0.5598360655737705 0.02666666666666667 0.040983606557377046
10 0.36 0.5836065573770491 0.04 0.022950819672131147
2 0.06 0.6959016393442623 0.07666666666666666 0.14918032786885246
1 0.5458333333333333 0.7081967213114754 0.07166666666666667 0.10491803278688525
10 0.355 0.7745901639344263 0.023333333333333334 0.040983606557377046
10 0.39 0.7729508196721312 0.02666666666666667 0.04426229508196721
10 0.5333333333333333 0.7745901639344263 0.04 0.02459016393442623
1 0.8175 0.7836065573770492 0.105 0.07213114754098361
5 0.545 0.8131147540983606 0.06 0.05573770491803279
2 0.5275 0.9295081967213115 0.9416666666666667 0.1377049180327869