1 0.6265274949083504 0.33774373259052926 0.010692464358452138 0.009749303621169917
1 0.22123217922606925 0.366991643454039 0.01374745417515275 0.012534818941504178
12 0.25661914460285135 0.3722144846796657 0.016293279022403257 0.02437325905292479
1 0.2431262729124236 0.3729108635097493 0.008655804480651732 0.0201949860724234
1 0.1909368635437882 0.3812674094707521 0.007128309572301426 0.014623955431754874
1 0.1810081466395112 0.3850974930362117 0.008655804480651732 0.019498607242339833
10 0.7912423625254582 0.34192200557103064 0.014256619144602852 0.022284122562674095
4 0.6176171079429735 0.3568941504178273 0.03767820773930754 0.02298050139275766
1 0.24490835030549898 0.38997214484679665 0.009164969450101833 0.008356545961002786
10 0.8085539714867617 0.34958217270194986 0.008146639511201629 0.019498607242339833
1 0.2634928716904277 0.38997214484679665 0.01883910386965377 0.013927576601671309
5 0.7530549898167006 0.3555013927576602 0.03665987780040733 0.07311977715877438
1 0.7780040733197556 0.35863509749303624 0.008146639511201629 0.018105849582172703
1 0.24516293279022403 0.4025069637883008 0.010692464358452138 0.009749303621169917
5 0.21690427698574338 0.4052924791086351 0.04175152749490835 0.06824512534818941
1 0.18431771894093688 0.40947075208913647 0.006109979633401222 0.012534818941504178
10 0.16547861507128309 0.4115598885793872 0.008146639511201629 0.020891364902506964
10 0.17540733197556008 0.41086350974930363 0.007637474541751527 0.018105849582172703
1 0.2640020366598778 0.4052924791086351 0.01883910386965377 0.013927576601671309
1 0.654786150712831 0.3791782729805014 0.009164969450101833 0.0201949860724234
4 0.6188900203665988 0.3864902506963788 0.03818737270875764 0.022284122562674095
10 0.7970977596741344 0.3732590529247911 0.014765784114052953 0.022284122562674095
1 0.24567209775967414 0.4153899721448468 0.009674134419551934 0.010445682451253482
1 0.3230651731160896 0.40947075208913647 0.003564154786150713 0.012534818941504178
10 0.8098268839103869 0.3816155988857939 0.007637474541751527 0.016713091922005572
10 0.17566191446028515 0.431058495821727 0.008146639511201629 0.018105849582172703
10 0.1659877800407332 0.43454038997214484 0.008146639511201629 0.019498607242339833
1 0.18508146639511203 0.43454038997214484 0.00560081466395112 0.012534818941504178
12 0.25891038696537677 0.42862116991643456 0.015784114052953158 0.02437325905292479
1 0.24618126272912425 0.43071030640668523 0.008655804480651732 0.018802228412256268
1 0.6280549898167006 0.4052924791086351 0.01374745417515275 0.012534818941504178
4 0.2953156822810591 0.43036211699164345 0.054989816700611 0.0766016713091922
1 0.780295315682281 0.3986768802228412 0.008655804480651732 0.018802228412256268
1 0.1929735234215886 0.44045961002785516 0.0050916496945010185 0.013231197771587743
10 0.7935336048879837 0.403899721448468 0.01374745417515275 0.020891364902506964
5 0.5972505091649695 0.4206128133704735 0.048879837067209775 0.04317548746518106
1 0.6285641547861507 0.4192200557103064 0.014765784114052953 0.012534818941504178
10 0.8207739307535642 0.40598885793871864 0.008146639511201629 0.018105849582172703
10 0.810336048879837 0.4077298050139276 0.008655804480651732 0.017409470752089137
8 0.22174134419551936 0.45473537604456826 0.007637474541751527 0.016713091922005572
1 0.24643584521384929 0.4533426183844011 0.008146639511201629 0.019498607242339833
10 0.2135947046843177 0.4568245125348189 0.008655804480651732 0.019498607242339833
10 0.20341140529531568 0.4582172701949861 0.008655804480651732 0.019498607242339833
10 0.1929735234215886 0.45856545961002787 0.009164969450101833 0.0201949860724234
10 0.18355397148676172 0.4592618384401114 0.008655804480651732 0.02158774373259053
2 0.9238798370672098 0.407033426183844 0.037169042769857434 0.0201949860724234
4 0.25865580448065173 0.45647632311977715 0.015274949083503055 0.029944289693593314
1 0.630346232179226 0.4334958217270195 0.010183299389002037 0.00766016713091922
2 0.700356415478615 0.4331476323119777 0.07077393075356415 0.26323119777158777
10 0.794806517311609 0.42653203342618384 0.014256619144602852 0.02158774373259053
5 0.755346232179226 0.43036211699164345 0.03615071283095723 0.07242339832869081
1 0.31771894093686354 0.46448467966573814 0.007128309572301426 0.005571030640668524
8 0.914714867617108 0.42409470752089135 0.01374745417515275 0.012534818941504178
10 0.929989816700611 0.42374651810584957 0.014765784114052953 0.013231197771587743
1 0.7808044806517311 0.4397632311977716 0.008655804480651732 0.018802228412256268
10 0.17769857433808553 0.4829387186629526 0.014256619144602852 0.011838440111420613
4 0.6211812627291242 0.45229805013927576 0.03767820773930754 0.02576601671309192
4 0.6514765784114053 0.451949860724234 0.02189409368635438 0.022284122562674095
1 0.3182281059063136 0.4756267409470752 0.008146639511201629 0.006963788300835654
1 0.24465376782077394 0.4899025069637883 0.008655804480651732 0.0201949860724234
1 0.23447046843177188 0.4909470752089137 0.008655804480651732 0.019498607242339833
10 0.2629837067209776 0.4899025069637883 0.017820773930753563 0.014623955431754874
5 0.20977596741344195 0.4958217270194986 0.03767820773930754 0.04596100278551532
10 0.17871690427698575 0.5034818941504178 0.013238289205702648 0.011142061281337047
4 0.29786150712830956 0.5076601671309192 0.0560081466395112 0.07103064066852367
4 0.5695010183299389 0.4881615598885794 0.03818737270875764 0.025069637883008356
1 0.2354887983706721 0.5121866295264624 0.008655804480651732 0.018802228412256268
1 0.2454175152749491 0.5114902506963789 0.008146639511201629 0.018802228412256268
1 0.6018329938900203 0.4878133704735376 0.0050916496945010185 0.011838440111420613
1 0.6591140529531568 0.483983286908078 0.006619144602851324 0.012534818941504178
10 0.7904786150712831 0.4752785515320334 0.01374745417515275 0.011838440111420613
10 0.2645112016293279 0.5132311977715878 0.01883910386965377 0.01532033426183844
10 0.1794806517311609 0.5236768802228412 0.01374745417515275 0.009749303621169917
1 0.1970468431771894 0.532033426183844 0.009164969450101833 0.019498607242339833
10 0.7904786150712831 0.4899025069637883 0.01374745417515275 0.011838440111420613
4 0.21384928716904278 0.5313370473537604 0.021384928716904276 0.020891364902506964
10 0.17871690427698575 0.5372562674094707 0.013238289205702648 0.011838440111420613
4 0.5697556008146639 0.5107938718662952 0.038696537678207736 0.02437325905292479
1 0.2334521384928717 0.5358635097493036 0.01374745417515275 0.013231197771587743
5 0.6313645621181263 0.5083565459610028 0.048879837067209775 0.08356545961002786
1 0.839867617107943 0.49547353760445684 0.008655804480651732 0.018802228412256268
4 0.8561608961303462 0.49512534818941506 0.02189409368635438 0.022284122562674095
4 0.25280040733197556 0.5386490250696379 0.02189409368635438 0.0201949860724234
1 0.8312118126272913 0.4975626740947075 0.006619144602851324 0.014623955431754874
8 0.8854378818737271 0.5 0.032586558044806514 0.04317548746518106
1 0.6031059063136456 0.5233286908077994 0.006619144602851324 0.014623955431754874
1 0.2158859470468432 0.5511838440111421 0.014256619144602852 0.013231197771587743
1 0.20035641547861507 0.5532729805013927 0.01374745417515275 0.011838440111420613
2 0.10208757637474541 0.5598885793871866 0.1094704684317719 0.20612813370473537
4 0.5524439918533605 0.0483983286908078 0.038696537678207736 0.02437325905292479
1 0.6608961303462322 0.5275069637883009 0.006109979633401222 0.013231197771587743
7 0.9427189409368636 0.5083565459610028 0.010692464358452138 0.026462395543175487
7 0.9312627291242362 0.5094011142061281 0.01120162932790224 0.027158774373259052
7 0.9195519348268839 0.5104456824512534 0.01120162932790224 0.026462395543175487
1 0.9068228105906314 0.5125348189415042 0.01120162932790224 0.008356545961002786
10 0.1804989816700611 0.5654596100278552 0.01374745417515275 0.011142061281337047
1 0.29964358452138495 0.5605849582172702 0.010692464358452138 0.009749303621169917
1 0.2209775967413442 0.07381615598885793 0.014256619144602852 0.012534818941504178
1 0.2660386965376782 0.07033426183844012 0.01374745417515275 0.011142061281337047
1 0.23574338085539714 0.07311977715877438 0.014256619144602852 0.012534818941504178
1 0.25127291242362526 0.07172701949860724 0.01374745417515275 0.012534818941504178
1 0.28080448065173114 0.06928969359331476 0.01374745417515275 0.011838440111420613
1 0.29633401221995925 0.06824512534818941 0.014256619144602852 0.012534818941504178
1 0.3266293279022403 0.06615598885793872 0.01374745417515275 0.012534818941504178
10 0.780295315682281 0.5351671309192201 0.01374745417515275 0.011838440111420613
1 0.3113543788187373 0.06789693593314763 0.01374745417515275 0.011838440111420613
10 0.884928716904277 0.532033426183844 0.008146639511201629 0.018105849582172703
1 0.24261710794297353 0.5779944289693594 0.009674134419551934 0.019498607242339833
10 0.8744908350305499 0.5323816155988857 0.008655804480651732 0.018802228412256268
1 0.8607433808553971 0.5362116991643454 0.014765784114052953 0.012534818941504178
10 0.1815173116089613 0.5866991643454039 0.01374745417515275 0.011838440111420613
10 0.9322810590631364 0.5344707520891365 0.009164969450101833 0.018802228412256268
10 0.9210794297352343 0.5358635097493036 0.009164969450101833 0.018802228412256268
1 0.909877800407332 0.5365598885793872 0.009164969450101833 0.018802228412256268
10 0.9439918533604889 0.5348189415041783 0.010183299389002037 0.019498607242339833
6 0.8976578411405295 0.5403899721448467 0.014256619144602852 0.02924791086350975
5 0.215122199592668 0.5908774373259053 0.04226069246435845 0.06754874651810584
1 0.2660386965376782 0.5877437325905293 0.00560081466395112 0.01532033426183844
1 0.7825865580448065 0.5511838440111421 0.010183299389002037 0.009052924791086351
5 0.8197556008146639 0.5501392757660167 0.06415478615071284 0.0905292479108635
1 0.8574338085539714 0.5487465181058496 0.010183299389002037 0.009749303621169917
5 0.2960794297352342 0.5891364902506964 0.053462321792260695 0.05153203342618384
1 0.8836558044806517 0.5501392757660167 0.01374745417515275 0.011142061281337047
1 0.7810590631364562 0.5623259052924791 0.013238289205702648 0.013231197771587743
10 0.1825356415478615 0.6065459610027855 0.01374745417515275 0.011142061281337047
5 0.6593686354378818 0.5731197771587744 0.014256619144602852 0.019498607242339833
1 0.660132382892057 0.5860027855153204 0.009674134419551934 0.00766016713091922
5 0.704938900203666 0.5884401114206128 0.053462321792260695 0.05153203342618384
10 0.18304480651731161 0.6277855153203342 0.01374745417515275 0.011838440111420613
1 0.9348268839103869 0.575208913649025 0.03360488798370672 0.03064066852367688
1 0.240071283095723 0.6326601671309192 0.010692464358452138 0.009052924791086351
1 0.8345213849287169 0.5985376044568245 0.014256619144602852 0.011838440111420613
10 0.7942973523421588 0.6020194986072424 0.009164969450101833 0.018802228412256268
5 0.215122199592668 0.6434540389972145 0.03615071283095723 0.033426183844011144
10 0.17158859470468432 0.6472841225626741 0.015274949083503055 0.02158774373259053
1 0.8133910386965377 0.6048050139275766 0.00560081466395112 0.014623955431754874
10 0.8360488798370672 0.612116991643454 0.003054989816700611 0.008356545961002786
10 0.8426680244399185 0.612116991643454 0.004073319755600814 0.009749303621169917
1 0.1395112016293279 0.6639972144846796 0.014256619144602852 0.011838440111420613
1 0.704938900203666 0.6263927576601671 0.008655804480651732 0.0201949860724234
1 0.8263747454175153 0.6183844011142061 0.0050916496945010185 0.013927576601671309
4 0.6738798370672098 0.6291782729805014 0.02189409368635438 0.02158774373259053
10 0.7942973523421588 0.621866295264624 0.008146639511201629 0.019498607242339833
1 0.8391038696537678 0.6229108635097493 0.009164969450101833 0.00766016713091922
1 0.15733197556008147 0.6727019498607242 0.006109979633401222 0.01532033426183844
10 0.16624236252545824 0.6730501392757661 0.007637474541751527 0.018802228412256268
6 0.11074338085539714 0.6775766016713092 0.014765784114052953 0.02924791086350975
10 0.1840631364562118 0.6730501392757661 0.008655804480651732 0.0201949860724234
3 0.20035641547861507 0.6716573816155988 0.015784114052953158 0.02158774373259053
3 0.21919551934826884 0.6702646239554317 0.01680244399185336 0.02158774373259053
10 0.12321792260692464 0.6789693593314763 0.009164969450101833 0.020891364902506964
1 0.09877800407331976 0.6817548746518106 0.009164969450101833 0.019498607242339833
1 0.14231160896130346 0.6814066852367688 0.01985743380855397 0.014623955431754874
1 0.8403767820773931 0.633008356545961 0.006619144602851324 0.005571030640668524
1 0.8273930753564155 0.6385793871866295 0.006109979633401222 0.013927576601671309
1 0.1519857433808554 0.6908077994428969 0.010692464358452138 0.009749303621169917
10 0.8375763747454175 0.6434540389972145 0.004073319755600814 0.009749303621169917
10 0.8436863543788188 0.6431058495821727 0.004073319755600814 0.010445682451253482
1 0.7978615071283096 0.6462395543175488 0.013238289205702648 0.012534818941504178
2 0.9068228105906314 0.6431058495821727 0.11914460285132383 0.12604456824512536
1 0.17515274949083504 0.6977715877437326 0.009164969450101833 0.006963788300835654
8 0.7594195519348269 0.6605153203342619 0.010692464358452138 0.010445682451253482
10 0.7983706720977597 0.6601671309192201 0.013238289205702648 0.012534818941504178
8 0.1239816700610998 0.7096100278551533 0.009674134419551934 0.020891364902506964
1 0.8444501018329938 0.6584261838440112 0.006619144602851324 0.013231197771587743
10 0.17718940936863545 0.7137883008356546 0.008146639511201629 0.019498607242339833
1 0.834775967413442 0.6702646239554317 0.010692464358452138 0.02576601671309192
10 0.19017311608961304 0.7165738161559888 0.014765784114052953 0.013927576601671309
1 0.7558553971486762 0.6782729805013927 0.014765784114052953 0.012534818941504178
6 0.7958248472505092 0.6786211699164345 0.020366598778004074 0.018802228412256268
10 0.12525458248472504 0.7315459610027855 0.008146639511201629 0.0201949860724234
2 0.18177189409368635 0.09192200557103064 0.06008146639511202 0.08495821727019498
10 0.19042769857433808 0.7301532033426184 0.013238289205702648 0.011838440111420613
2 0.11023421588594705 0.7378133704735376 0.012729124236252547 0.016016713091922007
10 0.1680244399185336 0.7346796657381616 0.008146639511201629 0.016713091922005572
10 0.17871690427698575 0.7346796657381616 0.008146639511201629 0.018105849582172703
6 0.7744399185336049 0.692200557103064 0.021384928716904276 0.04596100278551532
10 0.7566191446028513 0.6939415041782729 0.015274949083503055 0.013231197771587743
1 0.799643584521385 0.6960306406685237 0.01374745417515275 0.013231197771587743
1 0.8439409368635438 0.6946378830083565 0.008655804480651732 0.018802228412256268
10 0.8342668024439919 0.6949860724233984 0.008655804480651732 0.019498607242339833
1 0.8240835030549898 0.6956824512534819 0.008655804480651732 0.019498607242339833
1 0.17769857433808553 0.7493036211699164 0.010183299389002037 0.008356545961002786
1 0.7571283095723014 0.709958217270195 0.014256619144602852 0.013231197771587743
1 0.1260183299389002 0.7566155988857939 0.008655804480651732 0.018802228412256268
10 0.149949083503055 0.7555710306406686 0.009674134419551934 0.019498607242339833
10 0.24210794297352342 0.7493036211699164 0.008655804480651732 0.019498607242339833
10 0.2209775967413442 0.7506963788300836 0.009164969450101833 0.020891364902506964
10 0.25280040733197556 0.7486072423398329 0.008655804480651732 0.019498607242339833
10 0.2324338085539715 0.75 0.008655804480651732 0.020891364902506964
1 0.1634419551934827 0.7559192200557103 0.006109979633401222 0.014623955431754874
6 0.13823828920570264 0.7587047353760445 0.014765784114052953 0.028551532033426183
4 0.804735234215886 0.7190111420612814 0.02189409368635438 0.02158774373259053
4 0.8312118126272913 0.7169220055710307 0.02189409368635438 0.0201949860724234
5 0.1794806517311609 0.7653203342618384 0.01680244399185336 0.023676880222841225
1 0.15529531568228105 0.7726323119777159 0.010183299389002037 0.009052924791086351
4 0.7678207739307535 0.729108635097493 0.035641547861507125 0.023676880222841225
2 0.30015274949083504 0.7667130919220055 0.07077393075356415 0.266016713091922
4 0.5537169042769857 0.06998607242339833 0.03818737270875764 0.02298050139275766
2 0.08273930753564154 0.7876044568245125 0.07484725050916496 0.10167130919220056
1 0.18457230142566192 0.7813370473537604 0.009674134419551934 0.008356545961002786
10 0.8592158859470469 0.7402506963788301 0.01374745417515275 0.011142061281337047
10 0.8742362525458248 0.7388579387186629 0.013238289205702648 0.011142061281337047
10 0.17209775967413443 0.7893454038997214 0.008146639511201629 0.018802228412256268
4 0.7927698574338086 0.054317548746518104 0.038696537678207736 0.025069637883008356
1 0.3406313645621181 0.7830779944289693 0.006109979633401222 0.016016713091922007
1 0.19577393075356417 0.7935236768802229 0.01985743380855397 0.016016713091922007
1 0.40020366598778007 0.7802924791086351 0.007128309572301426 0.013231197771587743
5 0.3709266802443992 0.7942200557103064 0.04938900203665988 0.08426183844011143
10 0.859979633401222 0.7587047353760445 0.013238289205702648 0.011838440111420613
10 0.8744908350305499 0.7587047353760445 0.01374745417515275 0.011838440111420613
10 0.17311608961303462 0.8095403899721448 0.009164969450101833 0.018802228412256268
1 0.2545824847250509 0.8060584958217271 0.014256619144602852 0.011838440111420613
1 0.12856415478615071 0.8227715877437326 0.008655804480651732 0.0201949860724234
2 0.9378818737270875 0.7653203342618384 0.07026476578411406 0.116991643454039
10 0.8406313645621182 0.7743732590529248 0.014256619144602852 0.022284122562674095
1 0.8602342158859471 0.7733286908077994 0.01374745417515275 0.011838440111420613
1 0.19959266802443992 0.8231197771587744 0.014256619144602852 0.012534818941504178
1 0.25483706720977595 0.8199860724233984 0.01374745417515275 0.011838440111420613
10 0.15656822810590632 0.8297353760445683 0.015784114052953158 0.013231197771587743
12 0.8770366598778004 0.778899721448468 0.014765784114052953 0.02158774373259053
1 0.3421588594704684 0.8185933147632312 0.007128309572301426 0.016016713091922007
12 0.8966395112016293 0.7785515320334262 0.014256619144602852 0.023676880222841225
1 0.40122199592668023 0.8147632311977716 0.007128309572301426 0.01532033426183844
12 0.4404276985743381 0.8144150417827298 0.016293279022403257 0.02158774373259053
8 0.12932790224032586 0.8419220055710307 0.009164969450101833 0.019498607242339833
1 0.8971486761710794 0.8004874651810585 0.014256619144602852 0.011838440111420613
1 0.3564154786150713 0.8440111420612814 0.010183299389002037 0.009749303621169917
1 0.34394093686354377 0.846100278551532 0.007637474541751527 0.019498607242339833
10 0.12932790224032586 0.8628133704735376 0.010183299389002037 0.020891364902506964
12 0.4414460285132383 0.8408774373259053 0.016293279022403257 0.02158774373259053
5 0.24618126272912425 0.8561977715877437 0.03615071283095723 0.059192200557103065
2 0.11532586558044806 0.8662952646239555 0.01374745417515275 0.016713091922005572
2 0.12525458248472504 0.11002785515320335 0.059063136456211814 0.10863509749303621
5 0.35692464358452136 0.8586350974930362 0.013238289205702648 0.019498607242339833
4 0.8640529531568228 0.8241643454038997 0.02240325865580448 0.02158774373259053
5 0.840122199592668 0.8342618384401114 0.024439918533604887 0.05013927576601671
12 0.4419551934826884 0.8683844011142061 0.017311608961303463 0.022284122562674095
10 0.09266802443991853 0.8931058495821727 0.014256619144602852 0.011838440111420613
12 0.109979633401222 0.8979805013927576 0.016293279022403257 0.02158774373259053
10 0.8635437881873728 0.8513231197771588 0.013238289205702648 0.011838440111420613
10 0.8788187372708758 0.8502785515320335 0.013238289205702648 0.012534818941504178
10 0.09292260692464359 0.9178272980501393 0.014765784114052953 0.020891364902506964
1 0.8469959266802444 0.8649025069637883 0.009674134419551934 0.008356545961002786
12 0.4432281059063136 0.8955431754874652 0.01680244399185336 0.022284122562674095
1 0.27978615071283097 0.908774373259053 0.01374745417515275 0.011142061281337047
1 0.30931771894093685 0.9063370473537604 0.01374745417515275 0.011838440111420613
10 0.11125254582484725 0.9220055710306406 0.01374745417515275 0.012534818941504178
10 0.8788187372708758 0.8694289693593314 0.013238289205702648 0.011838440111420613
10 0.8635437881873728 0.8704735376044568 0.013238289205702648 0.012534818941504178
4 0.3436863543788187 0.9108635097493036 0.021384928716904276 0.020891364902506964
2 0.9434826883910387 0.8756963788300836 0.07026476578411406 0.1149025069637883
1 0.8648167006109979 0.8840529247910863 0.01374745417515275 0.011838440111420613
9 0.844704684317719 0.8875348189415042 0.014256619144602852 0.02158774373259053
10 0.09419551934826884 0.9411559888579387 0.013238289205702648 0.011838440111420613
12 0.4439918533604888 0.9227019498607242 0.017311608961303463 0.022284122562674095
12 0.8811099796334012 0.8913649025069638 0.015784114052953158 0.022284122562674095
12 0.90020366598778 0.8899721448467967 0.015274949083503055 0.023676880222841225
10 0.675152749490835 0.07903899721448468 0.12118126272912423 0.12186629526462396
5 0.304989816700611 0.9397632311977716 0.0539714867617108 0.05222841225626741
10 0.09495926680244399 0.9564763231197771 0.01374745417515275 0.011838440111420613
1 0.9009674134419552 0.9112116991643454 0.01374745417515275 0.011838440111420613
2 0.07484725050916496 0.9484679665738162 0.032586558044806514 0.10167130919220056
12 0.444755600814664 0.9491643454038997 0.01680244399185336 0.022284122562674095
4 0.8683808553971487 0.9338440111420613 0.020875763747454174 0.020891364902506964
12 0.44577393075356414 0.9770194986072424 0.01680244399185336 0.022284122562674095
1 0.15860488798370673 0.9979108635097493 0.014765784114052953 0.002785515320334262
1 0.24872708757637474 0.9947771587743732 0.014765784114052953 0.009052924791086351
8 0.8077902240325866 0.9728412256267409 0.014765784114052953 0.011142061281337047
3 0.8251018329938901 0.9731894150417827 0.017820773930753563 0.009052924791086351
4 0.6081975560081466 0.09923398328690808 0.03818737270875764 0.02437325905292479
2 0.3727087576374745 0.11664345403899722 0.04175152749490835 0.15389972144846797
2 0.4185336048879837 0.11420612813370473 0.04480651731160896 0.15459610027855153
4 0.7433808553971487 0.09122562674094707 0.03767820773930754 0.025069637883008356
2 0.27825865580448067 0.12813370473537605 0.12780040733197556 0.09331476323119778
1 0.18635437881873726 0.13962395543175488 0.014256619144602852 0.011838440111420613
1 0.20290224032586557 0.1392757660167131 0.012729124236252547 0.011142061281337047
1 0.6168533604887984 0.11838440111420613 0.01374745417515275 0.012534818941504178
10 0.6354378818737271 0.11768802228412256 0.014256619144602852 0.012534818941504178
1 0.7342158859470469 0.11107242339832869 0.010183299389002037 0.009052924791086351
10 0.7179226069246436 0.11246518105849582 0.013238289205702648 0.011838440111420613
10 0.19119144602851323 0.15772980501392758 0.007637474541751527 0.018802228412256268
5 0.5865580448065173 0.13370473537604458 0.04786150712830957 0.04317548746518106
6 0.20366598778004075 0.16190807799442897 0.015274949083503055 0.028551532033426183
10 0.6351832993890021 0.13126740947075208 0.01374745417515275 0.011838440111420613
1 0.6181262729124236 0.13231197771587744 0.014256619144602852 0.012534818941504178
1 0.7352342158859471 0.125 0.013238289205702648 0.011838440111420613
10 0.7176680244399185 0.1270891364902507 0.01374745417515275 0.011838440111420613
5 0.7683299389002036 0.12325905292479108 0.04989816700610998 0.04317548746518106
1 0.13009164969450102 0.1772284122562674 0.008655804480651732 0.018802228412256268
1 0.1878818737270876 0.17479108635097493 0.013238289205702648 0.011142061281337047
1 0.619908350305499 0.1469359331476323 0.009674134419551934 0.006963788300835654
10 0.6359470468431772 0.14623955431754876 0.013238289205702648 0.011142061281337047
10 0.7184317718940937 0.14032033426183843 0.013238289205702648 0.011838440111420613
1 0.7362525458248472 0.13857938718662952 0.013238289205702648 0.011142061281337047
1 0.6563136456211812 0.1469359331476323 0.008146639511201629 0.018105849582172703
1 0.6838085539714868 0.14623955431754876 0.008146639511201629 0.018105849582172703
1 0.6705702647657841 0.1469359331476323 0.008146639511201629 0.019498607242339833
1 0.6978105906313645 0.14484679665738162 0.008655804480651732 0.018105849582172703
1 0.22479633401221996 0.18837047353760444 0.01374745417515275 0.011838440111420613
1 0.23981670061099797 0.18837047353760444 0.013238289205702648 0.011838440111420613
1 0.314918533604888 0.18279944289693592 0.01374745417515275 0.011838440111420613
1 0.2553462321792261 0.1873259052924791 0.01374745417515275 0.012534818941504178
1 0.2706211812627291 0.18593314763231197 0.01374745417515275 0.012534818941504178
1 0.30015274949083504 0.18384401114206128 0.01374745417515275 0.012534818941504178
1 0.28487780040733196 0.18488857938718664 0.01374745417515275 0.013231197771587743
1 0.3304480651731161 0.18210306406685237 0.014256619144602852 0.013231197771587743
4 0.610488798370672 0.1653899721448468 0.038696537678207736 0.02437325905292479
4 0.7471995926680245 0.15772980501392758 0.03513238289205703 0.02158774373259053
11 0.0835030549898167 0.20508356545961004 0.05295315682281059 0.09540389972144847
10 0.13110997963340124 0.2078690807799443 0.009674134419551934 0.018802228412256268
6 0.1614052953156823 0.20612813370473537 0.048879837067209775 0.0947075208913649
12 0.20162932790224034 0.21727019498607242 0.032586558044806514 0.06824512534818941
4 0.6117617107942973 0.19428969359331477 0.037169042769857434 0.023676880222841225
4 0.2634928716904277 0.2217966573816156 0.020875763747454174 0.059192200557103065
4 0.7471995926680245 0.18697771587743733 0.037169042769857434 0.02298050139275766
4 0.23294297352342158 0.22353760445682452 0.02189409368635438 0.055710306406685235
4 0.32484725050916496 0.217966573816156 0.021384928716904276 0.057103064066852366
4 0.2945519348268839 0.22075208913649025 0.020875763747454174 0.057103064066852366
1 0.13161914460285132 0.2402506963788301 0.008655804480651732 0.018105849582172703
1 0.6214358452138493 0.2134401114206128 0.01374745417515275 0.011838440111420613
1 0.7377800407331976 0.20612813370473537 0.014256619144602852 0.012534818941504178
5 0.5896130346232179 0.22910863509749305 0.048879837067209775 0.04456824512534819
1 0.6216904276985743 0.2277158774373259 0.013238289205702648 0.011142061281337047
5 0.7706211812627292 0.21692200557103064 0.050407331975560084 0.04387186629526462
1 0.7390529531568228 0.22040389972144847 0.01374745417515275 0.011838440111420613
1 0.3182281059063136 0.25835654596100277 0.004073319755600814 0.012534818941504178
1 0.6232179226069247 0.241991643454039 0.009164969450101833 0.00766016713091922
1 0.7390529531568228 0.23433147632311976 0.01374745417515275 0.011838440111420613
4 0.17973523421588594 0.28690807799442897 0.06008146639511202 0.0807799442896936
4 0.2914969450101833 0.2799442896935933 0.054480651731160894 0.0766016713091922
4 0.2359979633401222 0.28447075208913647 0.057535641547861505 0.07729805013927576
4 0.6137983706720977 0.2600974930362117 0.037169042769857434 0.02298050139275766
4 0.7489816700610998 0.2524373259052925 0.038696537678207736 0.02576601671309192
10 0.31924643584521384 0.3008356545961003 0.004073319755600814 0.012534818941504178
4 0.6148167006109979 0.29108635097493035 0.03818737270875764 0.023676880222841225
1 0.31237270875763745 0.31337047353760444 0.008655804480651732 0.006963788300835654
4 0.8016802443991853 0.282033426183844 0.03513238289205703 0.023676880222841225
2 0.920061099796334 0.2733286908077994 0.03665987780040733 0.02576601671309192
1 0.31313645621181263 0.32486072423398327 0.009164969450101833 0.00766016713091922
10 0.17922606924643583 0.33530640668523676 0.008146639511201629 0.0201949860724234
10 0.20926680244399185 0.3332172701949861 0.009164969450101833 0.018802228412256268
10 0.19984725050916496 0.334958217270195 0.008655804480651732 0.019498607242339833
10 0.1894093686354379 0.33530640668523676 0.009164969450101833 0.0201949860724234
10 0.914969450101833 0.2879526462395543 0.014256619144602852 0.010445682451253482
1 0.6247454175152749 0.30954038997214484 0.014256619144602852 0.011838440111420613
1 0.2668024439918534 0.33565459610027853 0.008146639511201629 0.019498607242339833
2 0.09495926680244399 0.354108635097493 0.10845213849287169 0.20403899721448468
1 0.7377800407331976 0.3112813370473538 0.009164969450101833 0.019498607242339833
1 0.22326883910386966 0.35201949860724235 0.01985743380855397 0.014623955431754874
5 0.5931771894093686 0.32520891364902504 0.04786150712830957 0.04317548746518106
10 0.24465376782077394 0.3506267409470752 0.01985743380855397 0.016016713091922007
1 0.625 0.32486072423398327 0.01374745417515275 0.013231197771587743
12 0.7909877800407332 0.3178969359331476 0.015784114052953158 0.02158774373259053
10 0.8060081466395111 0.3165041782729805 0.009164969450101833 0.018802228412256268
1 0.7762219959266803 0.318941504178273 0.009674134419551934 0.019498607242339833
10 0.8281568228105907 0.3151114206128134 0.009674134419551934 0.0201949860724234
10 0.8167006109979633 0.3165041782729805 0.009164969450101833 0.018802228412256268
10 0.17973523421588594 0.36246518105849584 0.009164969450101833 0.018802228412256268
10 0.19042769857433808 0.36246518105849584 0.008146639511201629 0.0201949860724234
10 0.20035641547861507 0.362116991643454 0.008655804480651732 0.020891364902506964
2 0.9205702647657841 0.3102367688022284 0.025458248472505093 0.014623955431754874
4 0.2935336048879837 0.35619777158774374 0.054480651731160894 0.07311977715877438
8 0.20926680244399185 0.36420612813370473 0.007128309572301426 0.018105849582172703