1 0.6139348249027238 0.3334441489361702 0.009970817120622567 0.009308510638297872
1 0.22495136186770429 0.3336103723404255 0.013132295719844358 0.01163563829787234
12 0.2587548638132296 0.34075797872340424 0.015077821011673152 0.022606382978723406
1 0.2459873540856031 0.34092420212765956 0.008025291828793774 0.018949468085106384
1 0.19540369649805447 0.34524601063829785 0.006566147859922179 0.01363031914893617
1 0.1857976653696498 0.347905585106383 0.008268482490272374 0.018284574468085107
10 0.771887159533074 0.3489029255319149 0.013132295719844358 0.020944148936170214
4 0.6046935797665369 0.3517287234042553 0.035749027237354083 0.0199468085106383
1 0.24659533073929962 0.3572140957446808 0.008754863813229572 0.007646276595744681
10 0.7876945525291829 0.3575465425531915 0.007782101167315175 0.018284574468085107
1 0.26434824902723736 0.35904255319148937 0.01799610894941634 0.012632978723404254
5 0.734557392996109 0.3595412234042553 0.032830739299610896 0.06815159574468085
1 0.7583900778210116 0.36436170212765956 0.007538910505836576 0.017287234042553192
1 0.24635214007782102 0.3693484042553192 0.010214007782101167 0.009308510638297872
5 0.2194795719844358 0.37017952127659576 0.03769455252918288 0.06283244680851063
1 0.1875 0.3715093085106383 0.005836575875486381 0.01163563829787234
10 0.16962548638132297 0.3728390957446808 0.007538910505836576 0.01961436170212766
10 0.17947470817120623 0.3728390957446808 0.007295719844357977 0.01695478723404255
1 0.26422665369649806 0.37350398936170215 0.017752918287937743 0.012300531914893617
1 0.639226653696498 0.37466755319148937 0.008511673151750972 0.01928191489361702
4 0.6046935797665369 0.3793218085106383 0.03623540856031129 0.01928191489361702
10 0.7762645914396887 0.3794880319148936 0.013618677042801557 0.020944148936170214
1 0.24635214007782102 0.38115026595744683 0.00924124513618677 0.00964095744680851
1 0.321011673151751 0.38131648936170215 0.003404669260700389 0.012632978723404254
10 0.7876945525291829 0.3882978723404255 0.007295719844357977 0.015957446808510637
10 0.17910992217898833 0.39228723404255317 0.007538910505836576 0.017287234042553192
10 0.16974708171206226 0.394780585106383 0.007782101167315175 0.018284574468085107
1 0.1875 0.3952792553191489 0.005350194552529183 0.012632978723404254
12 0.2583900778210117 0.3957779255319149 0.014348249027237353 0.022938829787234043
1 0.24610894941634243 0.3962765957446808 0.008268482490272374 0.01795212765957447
1 0.6130836575875487 0.39810505319148937 0.013132295719844358 0.01163563829787234
4 0.29389591439688717 0.3994348404255319 0.05034046692607004 0.07014627659574468
1 0.7589980544747081 0.40226063829787234 0.008268482490272374 0.01795212765957447
1 0.19491731517509728 0.40242686170212766 0.004620622568093385 0.012965425531914893
10 0.771887159533074 0.4080784574468085 0.013132295719844358 0.01961436170212766
5 0.5825632295719845 0.41107047872340424 0.04547665369649805 0.0382313829787234
1 0.613205252918288 0.4117353723404255 0.013861867704280155 0.01163563829787234
10 0.7976653696498055 0.41240026595744683 0.007782101167315175 0.01695478723404255
10 0.7875729571984436 0.41256648936170215 0.008025291828793774 0.016622340425531915
8 0.22191147859922178 0.417719414893617 0.0070525291828793775 0.015625
1 0.2458657587548638 0.41805186170212766 0.007782101167315175 0.018284574468085107
10 0.2140077821011673 0.41904920212765956 0.008268482490272374 0.018284574468085107
10 0.20440175097276264 0.4192154255319149 0.008025291828793774 0.018617021276595744
10 0.19467412451361868 0.4193816489361702 0.008511673151750972 0.018949468085106384
10 0.18518968871595332 0.4197140957446808 0.007538910505836576 0.020279255319148936
2 0.8964007782101168 0.42021276595744683 0.035505836575875485 0.017287234042553192
4 0.25766050583657585 0.42237367021276595 0.013861867704280155 0.028257978723404256
1 0.6141780155642024 0.4251994680851064 0.009970817120622567 0.007313829787234043
2 0.6812986381322957 0.4295212765957447 0.05860894941634241 0.24867021276595744
10 0.7715223735408561 0.4305186170212766 0.012889105058365758 0.020611702127659573
5 0.734192607003891 0.4308510638297872 0.0325875486381323 0.0678191489361702
1 0.313715953307393 0.433843085106383 0.007295719844357977 0.005319148936170213
8 0.8869163424124513 0.4365026595744681 0.013132295719844358 0.011968085106382979
10 0.9015077821011673 0.4366688829787234 0.014105058365758755 0.012300531914893617
1 0.7580252918287937 0.44132313829787234 0.008268482490272374 0.01761968085106383
10 0.17898832684824903 0.44132313829787234 0.013618677042801557 0.010970744680851064
4 0.6045719844357976 0.4431515957446808 0.035505836575875485 0.022606382978723406
4 0.6337548638132295 0.4441489361702128 0.020428015564202335 0.020611702127659573
1 0.313715953307393 0.4443151595744681 0.008268482490272374 0.006316489361702127
1 0.24270428015564202 0.45279255319148937 0.008268482490272374 0.01928191489361702
1 0.23334143968871596 0.4529587765957447 0.008025291828793774 0.018284574468085107
10 0.2605787937743191 0.45445478723404253 0.016780155642023346 0.013297872340425532
5 0.20914396887159534 0.45611702127659576 0.03501945525291829 0.04188829787234043
10 0.17886673151750973 0.46126994680851063 0.01240272373540856 0.010305851063829786
4 0.2932879377431907 0.47373670212765956 0.05155642023346303 0.06515957446808511
4 0.5537451361867705 0.4739029255319149 0.03599221789883268 0.02160904255319149
1 0.23334143968871596 0.4739029255319149 0.008025291828793774 0.01761968085106383
1 0.24270428015564202 0.4739029255319149 0.007782101167315175 0.01761968085106383
1 0.5845087548638133 0.4757313829787234 0.004620622568093385 0.011968085106382979
1 0.6399562256809338 0.4757313829787234 0.006079766536964981 0.011968085106382979
10 0.7659289883268483 0.4763962765957447 0.012889105058365758 0.011303191489361703
10 0.2608219844357977 0.47722739361702127 0.017752918287937743 0.01363031914893617
10 0.17898832684824903 0.480718085106383 0.013132295719844358 0.009308510638297872
1 0.19540369649805447 0.4900265957446808 0.008511673151750972 0.018617021276595744
10 0.765442607003891 0.49019281914893614 0.012889105058365758 0.010970744680851064
4 0.21169747081712062 0.4903590425531915 0.020184824902723737 0.01928191489361702
10 0.17801556420233464 0.49351728723404253 0.01264591439688716 0.010970744680851064
4 0.5535019455252919 0.49517952127659576 0.036478599221789886 0.020944148936170214
1 0.23017996108949415 0.49617686170212766 0.012889105058365758 0.012300531914893617
5 0.6123540856031129 0.49717420212765956 0.04426070038910506 0.07679521276595745
1 0.8125 0.4988364361702128 0.008268482490272374 0.01761968085106383
4 0.8284289883268483 0.49966755319148937 0.020184824902723737 0.020611702127659573
4 0.2489056420233463 0.5001662234042553 0.020671206225680933 0.018284574468085107
1 0.8045963035019456 0.5001662234042553 0.006079766536964981 0.01363031914893617
8 0.8562743190661478 0.5064827127659575 0.030155642023346304 0.03956117021276596
1 0.5845087548638133 0.5093085106382979 0.006079766536964981 0.013962765957446808
1 0.2130350194552529 0.5098071808510638 0.013618677042801557 0.012300531914893617
1 0.19795719844357976 0.5101396276595744 0.013132295719844358 0.010970744680851064
2 0.10384241245136187 0.5104720744680851 0.09776264591439689 0.19115691489361702
4 0.5541099221789884 0.05152925531914894 0.03623540856031129 0.02127659574468085
1 0.6399562256809338 0.5176196808510638 0.005593385214007782 0.012632978723404254
7 0.9105058365758755 0.5184507978723404 0.009727626459143969 0.024933510638297872
7 0.8994406614785992 0.518783244680851 0.009970817120622567 0.02559840425531915
7 0.8884970817120622 0.5191156914893617 0.009970817120622567 0.024933510638297872
1 0.8760943579766537 0.5201130319148937 0.010457198443579766 0.007646276595744681
10 0.17862354085603113 0.5209441489361702 0.012889105058365758 0.010638297872340425
1 0.2929231517509728 0.5241023936170213 0.009970817120622567 0.008976063829787235
1 0.23540856031128404 0.05302526595744681 0.013618677042801557 0.01163563829787234
1 0.2783317120622568 0.05319148936170213 0.012889105058365758 0.010638297872340425
1 0.2496352140077821 0.053357712765957445 0.013375486381322957 0.01163563829787234
1 0.26422665369649806 0.053357712765957445 0.012889105058365758 0.01163563829787234
1 0.2928015564202335 0.053357712765957445 0.013132295719844358 0.010970744680851064
1 0.30787937743190663 0.053357712765957445 0.013618677042801557 0.01163563829787234
1 0.33657587548638135 0.053357712765957445 0.013132295719844358 0.01163563829787234
10 0.7541342412451362 0.5329122340425532 0.013132295719844358 0.011303191489361703
1 0.322227626459144 0.05352393617021277 0.013132295719844358 0.011303191489361703
10 0.854328793774319 0.5369015957446809 0.007782101167315175 0.017287234042553192
1 0.23735408560311283 0.5369015957446809 0.00924124513618677 0.018617021276595744
10 0.8446011673151751 0.5370678191489362 0.008268482490272374 0.01761968085106383
1 0.8314688715953308 0.5398936170212766 0.014105058365758755 0.011968085106382979
10 0.17874513618677043 0.5407247340425532 0.013132295719844358 0.010970744680851064
10 0.8998054474708171 0.542719414893617 0.008754863813229572 0.01761968085106383
10 0.8887402723735408 0.5430518617021277 0.008511673151750972 0.01761968085106383
1 0.8784046692607004 0.543218085106383 0.008754863813229572 0.01795212765957447
10 0.9108706225680934 0.5433843085106383 0.009484435797665369 0.018284574468085107
6 0.8662451361867705 0.5462101063829787 0.013132295719844358 0.027925531914893616
5 0.21084630350194553 0.547373670212766 0.03842412451361868 0.06216755319148936
1 0.2593628404669261 0.5478723404255319 0.005107003891050584 0.015292553191489361
1 0.7558365758754864 0.5480385638297872 0.009727626459143969 0.008311170212765957
5 0.7914640077821011 0.5493683510638298 0.05860894941634241 0.08277925531914894
1 0.8274562256809338 0.5508643617021277 0.009484435797665369 0.009308510638297872
5 0.28854571984435795 0.5516954787234043 0.049854085603112844 0.046210106382978726
1 0.8522616731517509 0.554188829787234 0.012889105058365758 0.010638297872340425
1 0.7538910505836576 0.5591755319148937 0.01264591439688716 0.012632978723404254
10 0.17886673151750973 0.5601728723404256 0.012889105058365758 0.010638297872340425
5 0.6370379377431906 0.5608377659574468 0.013375486381322957 0.018617021276595744
1 0.636794747081712 0.573470744680851 0.009484435797665369 0.007313829787234043
5 0.6800826848249028 0.5789561170212766 0.049854085603112844 0.046210106382978726
10 0.17874513618677043 0.5806183510638298 0.013132295719844358 0.010970744680851064
1 0.9007782101167315 0.581781914893617 0.0316147859922179 0.027925531914893616
1 0.23309824902723736 0.5892619680851063 0.009970817120622567 0.008311170212765957
1 0.8033803501945526 0.5972406914893617 0.013375486381322957 0.010970744680851064
10 0.7647130350194552 0.5975731382978723 0.008511673151750972 0.01761968085106383
5 0.20865758754863814 0.5977393617021277 0.03404669260700389 0.02992021276595745
10 0.16743677042801555 0.5987367021276596 0.013861867704280155 0.020611702127659573
1 0.7834387159533074 0.6018949468085106 0.005107003891050584 0.014295212765957447
10 0.8044747081712063 0.6107047872340425 0.0029182879377431907 0.008643617021276596
10 0.8106760700389105 0.6108710106382979 0.0036478599221789884 0.00964095744680851
1 0.13557879377431906 0.6122007978723404 0.013375486381322957 0.010970744680851064
1 0.6786235408560312 0.6150265957446809 0.008025291828793774 0.01928191489361702
1 0.7952334630350194 0.6158577127659575 0.0048638132295719845 0.01363031914893617
4 0.6484678988326849 0.6160239361702128 0.020671206225680933 0.0199468085106383
10 0.7645914396887159 0.6168550531914894 0.007782101167315175 0.018284574468085107
1 0.8071498054474708 0.621343085106383 0.008754863813229572 0.007313829787234043
1 0.15272373540856032 0.6215093085106383 0.005836575875486381 0.014295212765957447
10 0.1609922178988327 0.6228390957446809 0.007295719844357977 0.01761968085106383
6 0.10749027237354086 0.6230053191489362 0.013618677042801557 0.027925531914893616
10 0.17801556420233464 0.6235039893617021 0.008268482490272374 0.018949468085106384
3 0.19382295719844359 0.6236702127659575 0.015077821011673152 0.0199468085106383
3 0.21145428015564202 0.6238364361702128 0.01580739299610895 0.01961436170212766
10 0.11916342412451363 0.6258311170212766 0.008754863813229572 0.01961436170212766
1 0.0958171206225681 0.6263297872340425 0.008754863813229572 0.018617021276595744
1 0.13801070038910507 0.6289893617021277 0.01872568093385214 0.013297872340425532
1 0.8080009727626459 0.6301529255319149 0.006566147859922179 0.004986702127659575
1 0.7951118677042801 0.6349734042553191 0.005593385214007782 0.013297872340425532
1 0.14676556420233464 0.6387965425531915 0.009970817120622567 0.008976063829787235
10 0.8047178988326849 0.6402925531914894 0.0038910505836575876 0.00997340425531915
10 0.8106760700389105 0.6404587765957447 0.0036478599221789884 0.010305851063829786
1 0.7667801556420234 0.640625 0.01264591439688716 0.011968085106382979
2 0.871352140077821 0.6451130319148937 0.10992217898832685 0.11336436170212766
1 0.16889591439688717 0.6472739361702128 0.00899805447470817 0.006648936170212766
8 0.729328793774319 0.6519281914893617 0.010214007782101167 0.00997340425531915
10 0.7667801556420234 0.6540890957446809 0.01264591439688716 0.01163563829787234
8 0.11928501945525292 0.6549202127659575 0.00899805447470817 0.0199468085106383
1 0.8105544747081712 0.6552526595744681 0.00632295719844358 0.012632978723404254
10 0.17035505836575876 0.6627327127659575 0.007538910505836576 0.018284574468085107
1 0.8016780155642024 0.6657247340425532 0.009484435797665369 0.024268617021276594
10 0.1822714007782101 0.6658909574468085 0.013861867704280155 0.013297872340425532
1 0.7253161478599222 0.6685505319148937 0.013861867704280155 0.011968085106382979
6 0.7638618677042801 0.6712101063829787 0.019455252918287938 0.017287234042553192
10 0.11916342412451363 0.675531914893617 0.007782101167315175 0.01928191489361702
2 0.19686284046692606 0.06798537234042554 0.054717898832684825 0.07746010638297872
10 0.1817850194552529 0.679188829787234 0.01240272373540856 0.011303191489361703
2 0.10457198443579767 0.6813497340425532 0.012159533073929961 0.014960106382978724
10 0.1605058365758755 0.6818484042553191 0.007782101167315175 0.015957446808510637
10 0.17071984435797666 0.6821808510638298 0.007782101167315175 0.017287234042553192
6 0.7429474708171206 0.6831781914893617 0.019455252918287938 0.04321808510638298
10 0.7258025291828794 0.683344414893617 0.014348249027237353 0.012300531914893617
1 0.767023346303502 0.6886635638297872 0.013132295719844358 0.012300531914893617
1 0.8093385214007782 0.6896609042553191 0.008268482490272374 0.01761968085106383
10 0.8000972762645915 0.6898271276595744 0.008268482490272374 0.018617021276595744
1 0.7904912451361867 0.6899933510638298 0.008025291828793774 0.018284574468085107
1 0.16913910505836577 0.6968085106382979 0.009484435797665369 0.007978723404255319
1 0.7251945525291829 0.6986369680851063 0.013618677042801557 0.012300531914893617
1 0.11964980544747082 0.7001329787234043 0.008268482490272374 0.01795212765957447
10 0.14238813229571984 0.7002992021276596 0.00899805447470817 0.018284574468085107
10 0.23090953307392997 0.7011303191489362 0.008025291828793774 0.018617021276595744
10 0.21072470817120623 0.7012965425531915 0.008511673151750972 0.01961436170212766
10 0.24100194552529183 0.7012965425531915 0.008268482490272374 0.018284574468085107
10 0.22130350194552528 0.7014627659574468 0.008268482490272374 0.0199468085106383
1 0.155034046692607 0.7021276595744681 0.005593385214007782 0.013962765957446808
6 0.1309581712062257 0.703125 0.013375486381322957 0.02726063829787234
4 0.7707928015564203 0.7106050531914894 0.020671206225680933 0.01961436170212766
4 0.7963278210116731 0.7107712765957447 0.020671206225680933 0.018617021276595744
5 0.17011186770428016 0.7116023936170213 0.01532101167315175 0.02160904255319149
1 0.14688715953307394 0.7174202127659575 0.009727626459143969 0.008643617021276596
4 0.7352869649805448 0.7175864361702128 0.03380350194552529 0.020279255319148936
2 0.28587062256809337 0.721908244680851 0.058122568093385216 0.2509973404255319
4 0.5537451361867705 0.07247340425531915 0.036478599221789886 0.0199468085106383
2 0.07672665369649806 0.7262300531914894 0.06882295719844359 0.09341755319148937
1 0.17448929961089493 0.7282247340425532 0.00899805447470817 0.007646276595744681
10 0.821862840466926 0.734375 0.012889105058365758 0.010638297872340425
10 0.836454280155642 0.734375 0.01240272373540856 0.010638297872340425
10 0.162329766536965 0.7345412234042553 0.007538910505836576 0.01761968085106383
4 0.7833171206225681 0.07380319148936171 0.036478599221789886 0.021941489361702128
1 0.3240515564202335 0.7398603723404256 0.005593385214007782 0.014960106382978724
1 0.18482490272373542 0.7401928191489362 0.018968871595330738 0.014295212765957447
1 0.38095817120622566 0.7410239361702128 0.006566147859922179 0.012632978723404254
5 0.3527480544747082 0.7526595744680851 0.04450389105058366 0.07779255319148937
10 0.8222276264591439 0.7526595744680851 0.01264591439688716 0.011303191489361703
10 0.8362110894941635 0.753158244680851 0.012889105058365758 0.010970744680851064
10 0.1622081712062257 0.7538231382978723 0.008754863813229572 0.01761968085106383
1 0.24039396887159534 0.7559840425531915 0.013375486381322957 0.011303191489361703
1 0.11916342412451363 0.7631316489361702 0.008268482490272374 0.018949468085106384
2 0.8965223735408561 0.7636303191489362 0.06395914396887159 0.1077127659574468
10 0.803137159533074 0.766123670212766 0.012889105058365758 0.020944148936170214
1 0.8221060311284046 0.7666223404255319 0.012889105058365758 0.011303191489361703
1 0.1872568093385214 0.7684507978723404 0.013618677042801557 0.01163563829787234
1 0.24063715953307394 0.7696143617021277 0.012889105058365758 0.011303191489361703
10 0.14567120622568094 0.7717752659574468 0.015077821011673152 0.01163563829787234
12 0.8377918287937743 0.7727726063829787 0.013618677042801557 0.020279255319148936
1 0.3240515564202335 0.7742686170212766 0.006566147859922179 0.015292553191489361
12 0.8568822957198443 0.7742686170212766 0.012889105058365758 0.022606382978723406
1 0.38071498054474706 0.7744348404255319 0.006566147859922179 0.014295212765957447
12 0.4180447470817121 0.776595744680851 0.01556420233463035 0.0199468085106383
8 0.11940661478599222 0.7820811170212766 0.008754863813229572 0.018284574468085107
1 0.8561527237354085 0.7947140957446809 0.013375486381322957 0.010970744680851064
1 0.33681906614785995 0.7993683510638298 0.009727626459143969 0.008976063829787235
1 0.32514591439688717 0.8008643617021277 0.007295719844357977 0.018617021276595744
10 0.11855544747081712 0.8021941489361702 0.009484435797665369 0.0199468085106383
12 0.4180447470817121 0.8025265957446809 0.01556420233463035 0.0199468085106383
5 0.23078793774319067 0.8030252659574468 0.033073929961089495 0.05485372340425532
2 0.10505836575875487 0.8040226063829787 0.013132295719844358 0.015625
2 0.14226653696498054 0.08078457446808511 0.05301556420233463 0.10106382978723404
5 0.33645428015564205 0.8136635638297872 0.01240272373540856 0.018284574468085107
4 0.8236867704280155 0.8151595744680851 0.021400778210116732 0.0199468085106383
5 0.800705252918288 0.8231382978723404 0.02164396887159533 0.04720744680851064
12 0.4179231517509728 0.828623670212766 0.01580739299610895 0.020279255319148936
10 0.08232003891050584 0.828623670212766 0.013375486381322957 0.010970744680851064
12 0.09897859922178988 0.8342752659574468 0.01556420233463035 0.01961436170212766
10 0.8219844357976653 0.8410904255319149 0.01264591439688716 0.011303191489361703
10 0.8365758754863813 0.8412566489361702 0.01264591439688716 0.01163563829787234
10 0.08183365758754864 0.852061170212766 0.013861867704280155 0.0199468085106383
1 0.8059338521400778 0.8535571808510638 0.00924124513618677 0.007646276595744681
12 0.4180447470817121 0.8545545212765957 0.01556420233463035 0.020279255319148936
1 0.260943579766537 0.8563829787234043 0.013132295719844358 0.010638297872340425
1 0.2895184824902724 0.8563829787234043 0.012889105058365758 0.011303191489361703
10 0.09958657587548637 0.8573803191489362 0.012889105058365758 0.011968085106382979
10 0.8363326848249028 0.8595412234042553 0.01264591439688716 0.010970744680851064
10 0.8217412451361867 0.8597074468085106 0.01264591439688716 0.011968085106382979
4 0.3219844357976654 0.862533244680851 0.020428015564202335 0.018949468085106384
2 0.8976167315175098 0.8700132978723404 0.06371595330739299 0.10571808510638298
1 0.8222276264591439 0.8726728723404256 0.013132295719844358 0.011303191489361703
9 0.8028939688715954 0.875 0.012889105058365758 0.020611702127659573
10 0.08219844357976654 0.875 0.01264591439688716 0.011303191489361703
12 0.4179231517509728 0.8804853723404256 0.01580739299610895 0.020279255319148936
12 0.837670233463035 0.8804853723404256 0.014348249027237353 0.020944148936170214
12 0.8559095330739299 0.8806515957446809 0.013861867704280155 0.022606382978723406
10 0.6699902723735408 0.08892952127659574 0.11235408560311284 0.109375
5 0.2838035019455253 0.8876329787234043 0.05009727626459144 0.04720744680851064
10 0.08244163424124513 0.8894614361702128 0.013132295719844358 0.010970744680851064
1 0.8557879377431906 0.9012632978723404 0.013132295719844358 0.011303191489361703
2 0.0620136186770428 0.9034242021276596 0.025778210116731516 0.14195478723404256
12 0.4175583657587549 0.9064162234042553 0.01556420233463035 0.020279255319148936
4 0.8241731517509727 0.9207114361702128 0.019941634241245135 0.018949468085106384
12 0.4176799610894942 0.9326795212765957 0.01532101167315175 0.020279255319148936
1 0.14117217898832685 0.9378324468085106 0.013375486381322957 0.011968085106382979
1 0.22835603112840466 0.9381648936170213 0.013618677042801557 0.011303191489361703
8 0.7645914396887159 0.9547872340425532 0.013618677042801557 0.012632978723404254
3 0.7811284046692607 0.9616023936170213 0.016536964980544747 0.020279255319148936
8 0.7643482490272373 0.9679188829787234 0.013132295719844358 0.01163563829787234
1 0.08219844357976654 0.9762300531914894 0.013618677042801557 0.01163563829787234
1 0.6581955252918288 0.9905252659574468 0.013375486381322957 0.010970744680851064
1 0.6725437743190662 0.9905252659574468 0.013375486381322957 0.01163563829787234
1 0.7012402723735408 0.9905252659574468 0.013375486381322957 0.010970744680851064
1 0.7299367704280155 0.9905252659574468 0.013375486381322957 0.01163563829787234
1 0.6287694552529183 0.9906914893617021 0.013375486381322957 0.011968085106382979
1 0.6433608949416343 0.9906914893617021 0.012889105058365758 0.010638297872340425
1 0.6868920233463035 0.9906914893617021 0.013375486381322957 0.011303191489361703
1 0.7155885214007782 0.9906914893617021 0.012889105058365758 0.011303191489361703
4 0.6054231517509727 0.1040558510638298 0.035749027237354083 0.02127659574468085
2 0.37937743190661477 0.10438829787234043 0.03501945525291829 0.1456117021276596
2 0.42327334630350194 0.10488696808510638 0.03769455252918288 0.14594414893617022
4 0.7350437743190662 0.10555186170212766 0.03526264591439689 0.02160904255319149
2 0.28854571984435795 0.10904255319148937 0.11989299610894942 0.08111702127659574
1 0.20014591439688717 0.11402925531914894 0.013618677042801557 0.011303191489361703
1 0.21546692607003892 0.11436170212765957 0.012159533073929961 0.010638297872340425
1 0.613205252918288 0.12283909574468085 0.012889105058365758 0.01163563829787234
10 0.6304717898832685 0.12317154255319149 0.013375486381322957 0.01163563829787234
1 0.7251945525291829 0.12350398936170212 0.009727626459143969 0.008311170212765957
10 0.7095087548638133 0.12383643617021277 0.01240272373540856 0.010970744680851064
10 0.20403696498054474 0.13131648936170212 0.007295719844357977 0.01795212765957447
5 0.583171206225681 0.1354720744680851 0.04474708171206226 0.0382313829787234
6 0.21534533073929962 0.1356382978723404 0.013861867704280155 0.02726063829787234
10 0.6303501945525292 0.13663563829787234 0.013132295719844358 0.011303191489361703
1 0.6136916342412452 0.13680186170212766 0.013375486381322957 0.01163563829787234
1 0.726045719844358 0.13746675531914893 0.01240272373540856 0.010970744680851064
10 0.709387159533074 0.13763297872340424 0.013132295719844358 0.011303191489361703
5 0.7575389105058365 0.1379654255319149 0.04669260700389105 0.03856382978723404
1 0.14494163424124515 0.14594414893617022 0.008268482490272374 0.01795212765957447
1 0.19978112840466927 0.14727393617021275 0.01240272373540856 0.010638297872340425
1 0.6142996108949417 0.1502659574468085 0.009727626459143969 0.006648936170212766
10 0.6303501945525292 0.1502659574468085 0.01264591439688716 0.010638297872340425
10 0.7091439688715954 0.15076462765957446 0.01264591439688716 0.010970744680851064
1 0.7264105058365758 0.15076462765957446 0.01264591439688716 0.010305851063829786
1 0.6498054474708171 0.1534242021276596 0.007782101167315175 0.01695478723404255
1 0.6760700389105059 0.1535904255319149 0.007782101167315175 0.017287234042553192
1 0.6633025291828794 0.15375664893617022 0.007538910505836576 0.018284574468085107
1 0.6890807392996109 0.15392287234042554 0.008025291828793774 0.017287234042553192
1 0.23480058365758755 0.16339760638297873 0.012889105058365758 0.010970744680851064
1 0.2492704280155642 0.16356382978723405 0.01264591439688716 0.011303191489361703
1 0.3216196498054475 0.16356382978723405 0.012889105058365758 0.011303191489361703
1 0.26398346303501946 0.16373005319148937 0.012889105058365758 0.01163563829787234
1 0.2783317120622568 0.16373005319148937 0.012889105058365758 0.01163563829787234
1 0.30739299610894943 0.16389627659574468 0.013132295719844358 0.011968085106382979
1 0.2928015564202335 0.1640625 0.013132295719844358 0.012300531914893617
1 0.33621108949416345 0.1640625 0.013375486381322957 0.012300531914893617
4 0.6051799610894941 0.1673869680851064 0.03623540856031129 0.020944148936170214
4 0.7361381322957199 0.16888297872340424 0.03356031128404669 0.018617021276595744
11 0.09873540856031128 0.16938164893617022 0.047665369649805445 0.08876329787234043
10 0.14421206225680933 0.17503324468085107 0.00924124513618677 0.01761968085106383
6 0.17375972762645914 0.1761968085106383 0.04353112840466926 0.0884308510638298
12 0.21145428015564202 0.1893284574468085 0.02893968871595331 0.06349734042553191
4 0.6050583657587548 0.1953125 0.035505836575875485 0.020279255319148936
4 0.2709143968871595 0.1969747340425532 0.01848249027237354 0.0555186170212766
4 0.7351653696498055 0.1969747340425532 0.035505836575875485 0.01961436170212766
4 0.24124513618677043 0.19730718085106383 0.019455252918287938 0.052194148936170214
4 0.32952334630350194 0.19763962765957446 0.018968871595330738 0.05352393617021277
4 0.30034046692607 0.19830452127659576 0.01848249027237354 0.05352393617021277
1 0.14396887159533073 0.2059507978723404 0.008268482490272374 0.01695478723404255
1 0.6134484435797666 0.21392952127659576 0.012889105058365758 0.010970744680851064
1 0.7254377431906615 0.21559175531914893 0.013618677042801557 0.01163563829787234
5 0.5828064202334631 0.2265625 0.04547665369649805 0.03956117021276596
1 0.6133268482490273 0.22772606382978725 0.01264591439688716 0.010638297872340425
5 0.7568093385214008 0.22805851063829788 0.04717898832684825 0.03922872340425532
1 0.7262889105058365 0.2283909574468085 0.012889105058365758 0.011303191489361703
1 0.3214980544747082 0.23653590425531915 0.0038910505836575876 0.012300531914893617
1 0.614421206225681 0.24119015957446807 0.00899805447470817 0.006981382978723404
1 0.7259241245136187 0.24185505319148937 0.013132295719844358 0.010970744680851064
4 0.1881079766536965 0.253656914893617 0.054717898832684825 0.07380319148936171
4 0.29511186770428016 0.2554853723404255 0.049854085603112844 0.07014627659574468
4 0.24185311284046693 0.25581781914893614 0.05277237354085603 0.07014627659574468
4 0.6046935797665369 0.25831117021276595 0.03526264591439689 0.0199468085106383
4 0.734557392996109 0.2603058510638298 0.03623540856031129 0.022606382978723406
10 0.321011673151751 0.277094414893617 0.0038910505836575876 0.012300531914893617
4 0.6046935797665369 0.2880651595744681 0.03623540856031129 0.020279255319148936
1 0.3140807392996109 0.2888962765957447 0.008511673151750972 0.006648936170212766
4 0.7841682879377432 0.2922207446808511 0.032830739299610896 0.02127659574468085
2 0.8974951361867705 0.2922207446808511 0.03428988326848249 0.022606382978723406
1 0.3142023346303502 0.2992021276595745 0.00924124513618677 0.007313829787234043
10 0.1857976653696498 0.30086436170212766 0.007782101167315175 0.01928191489361702
10 0.2146157587548638 0.301030585106383 0.008511673151750972 0.01761968085106383
10 0.20525291828793774 0.3011968085106383 0.008268482490272374 0.018617021276595744
10 0.19564688715953307 0.30169547872340424 0.008511673151750972 0.018949468085106384
10 0.8921449416342413 0.3056848404255319 0.013375486381322957 0.00964095744680851
1 0.6135700389105059 0.30634973404255317 0.013618677042801557 0.010970744680851064
1 0.2695768482490272 0.3065159574468085 0.007538910505836576 0.018617021276595744
2 0.10432879377431907 0.3125 0.0967898832684825 0.18949468085106383
1 0.7214250972762646 0.3158244680851064 0.008511673151750972 0.018617021276595744
1 0.22726167315175097 0.3193151595744681 0.01872568093385214 0.012965425531914893
5 0.5826848249027238 0.3194813829787234 0.04474708171206226 0.03856382978723404
10 0.24793287937743191 0.31964760638297873 0.01872568093385214 0.014295212765957447
1 0.6130836575875487 0.32064494680851063 0.013132295719844358 0.012300531914893617
12 0.7723735408560312 0.32529920212765956 0.014591439688715954 0.020279255319148936
10 0.7868433852140078 0.32529920212765956 0.008511673151750972 0.01761968085106383
1 0.7579036964980544 0.3254654255319149 0.00899805447470817 0.018617021276595744
10 0.8078793774319066 0.3256316489361702 0.00924124513618677 0.018949468085106384
10 0.7971789883268483 0.3259640957446808 0.008754863813229572 0.01761968085106383
10 0.18543287937743191 0.3269614361702128 0.008511673151750972 0.01761968085106383
10 0.19552529182879377 0.32746010638297873 0.007782101167315175 0.01928191489361702
10 0.20500972762645914 0.32746010638297873 0.008268482490272374 0.0199468085106383
2 0.8966439688715954 0.32762632978723405 0.024319066147859923 0.012300531914893617
4 0.29462548638132297 0.3279587765957447 0.049854085603112844 0.06682180851063829
8 0.2137645914396887 0.3299534574468085 0.006809338521400778 0.01695478723404255