1 0.6997929606625258 0.3980169971671388 0.014492753623188406 0.031161473087818695
9 0.7184265010351967 0.39943342776203966 0.012422360248447204 0.049575070821529746
9 0.8884575569358178 0.40828611898017 0.03778467908902691 0.10269121813031161
9 0.06366459627329192 0.4274079320113314 0.040372670807453416 0.023371104815864022
9 0.718944099378882 0.47592067988668557 0.013457556935817806 0.05099150141643059
1 0.2194616977225673 0.5272662889518414 0.010351966873706004 0.009206798866855524
9 0.8889751552795031 0.5145184135977338 0.025362318840579712 0.09135977337110482
2 0.9544513457556936 0.5148725212464589 0.037267080745341616 0.20113314447592068
9 0.2277432712215321 0.037181303116147306 0.038302277432712216 0.04036827195467422
9 0.38975155279503104 0.0339943342776204 0.038302277432712216 0.036827195467422094
9 0.30926501035196685 0.039660056657223795 0.08850931677018634 0.031161473087818695
9 0.8894927536231884 0.5931303116147308 0.03571428571428571 0.04886685552407932
9 0.09575569358178054 0.6745750708215298 0.034161490683229816 0.12393767705382436
9 0.12707039337474121 0.6742209631728046 0.025362318840579712 0.0764872521246459
9 0.9249482401656315 0.6805949008498584 0.012422360248447204 0.049575070821529746
9 0.8219461697722568 0.042492917847025496 0.06625258799171843 0.07507082152974505
10 0.9143374741200828 0.7407932011331445 0.009834368530020704 0.0169971671388102
8 0.9386645962732919 0.7404390934844193 0.009834368530020704 0.020538243626062325
10 0.900879917184265 0.748229461756374 0.011904761904761904 0.010623229461756374
10 0.9262422360248447 0.7475212464589235 0.011904761904761904 0.012039660056657223
2 0.9554865424430642 0.7475212464589235 0.07246376811594203 0.10127478753541076
9 0.08618012422360248 0.8013456090651558 0.024327122153209108 0.06303116147308782
9 0.92675983436853 0.8140934844192634 0.011904761904761904 0.051699716713881017
9 0.06237060041407867 0.8594192634560907 0.03157349896480331 0.2358356940509915
9 0.1415631469979296 0.8923512747875354 0.04192546583850932 0.13739376770538245
9 0.08721532091097309 0.9167847025495751 0.025362318840579712 0.06303116147308782
9 0.30952380952380953 0.07613314447592068 0.056935817805383024 0.037535410764872525
9 0.9728260869565217 0.9263456090651558 0.026397515527950312 0.12464589235127478
1 0.15760869565217392 0.08604815864022664 0.015010351966873706 0.037535410764872525
1 0.4583333333333333 0.08109065155807366 0.013975155279503106 0.03328611898016997
9 0.8861283643892339 0.0711756373937677 0.046583850931677016 0.07294617563739376
9 0.6024844720496895 0.08427762039660057 0.07556935817805382 0.1558073654390935
9 0.9065734989648033 0.14978753541076487 0.05124223602484472 0.08427762039660057
2 0.06159420289855073 0.1813031161473088 0.014492753623188406 0.14305949008498584
9 0.8866459627329193 0.22344192634560905 0.036231884057971016 0.05028328611898017
1 0.6984989648033126 0.24220963172804533 0.013975155279503106 0.0339943342776204
9 0.7166149068322981 0.24291784702549576 0.012939958592132506 0.05240793201133145
9 0.80175983436853 0.24220963172804533 0.07142857142857142 0.05524079320113314
1 0.7347308488612836 0.2609773371104816 0.013975155279503106 0.03186968838526912
9 0.06288819875776397 0.28328611898017 0.03881987577639751 0.019830028328611898
9 0.7761387163561076 0.2871813031161473 0.03985507246376811 0.020538243626062325
9 0.8866459627329193 0.3009915014164306 0.028985507246376812 0.0906515580736544
2 0.9505693581780539 0.3038243626062323 0.03778467908902691 0.19971671388101983
2 0.06237060041407867 0.3247167138810198 0.028467908902691512 0.016288951841359773
9 0.7168737060041408 0.3190509915014164 0.012422360248447204 0.04886685552407932