9 0.18390191897654584 0.2642128279883382 0.06396588486140725 0.10860058309037901
9 0.09195095948827292 0.24744897959183673 0.048507462686567165 0.04446064139941691
9 0.9885394456289979 0.505466472303207 0.02185501066098081 0.15670553935860057
9 0.18390191897654584 0.3647959183673469 0.03304904051172708 0.07507288629737609
9 0.2273454157782516 0.385932944606414 0.025053304904051173 0.0619533527696793
9 0.9528251599147122 0.5747084548104956 0.028251599147121536 0.03717201166180758
9 0.9037846481876333 0.5900145772594753 0.062366737739872065 0.07798833819241982
9 0.8302238805970149 0.5761661807580175 0.062366737739872065 0.07798833819241982
10 0.9440298507462687 0.619533527696793 0.008528784648187633 0.018950437317784258
9 0.947228144989339 0.6381195335276968 0.026652452025586353 0.03717201166180758
9 0.9797441364605544 0.6588921282798834 0.026652452025586353 0.09766763848396501
9 0.8590085287846482 0.6639941690962099 0.10927505330490406 0.08746355685131195
9 0.9405650319829424 0.6935131195335277 0.027185501066098083 0.03571428571428571
9 0.7513326226012793 0.6694606413994169 0.03997867803837953 0.15670553935860057
9 0.9347014925373134 0.7598396501457726 0.027185501066098083 0.03571428571428571
9 0.966684434968017 0.7857142857142857 0.026119402985074626 0.09475218658892129
9 0.8486140724946695 0.7704081632653061 0.05223880597014925 0.10932944606413994
9 0.7990405117270789 0.760932944606414 0.02771855010660981 0.10204081632653061
9 0.8987206823027718 0.7802478134110787 0.028784648187633263 0.10422740524781342
9 0.9288379530916845 0.809402332361516 0.027185501066098083 0.03717201166180758
9 0.9192430703624733 0.8932215743440233 0.027185501066098083 0.03717201166180758
9 0.9528251599147122 0.9132653061224489 0.028251599147121536 0.09766763848396501
9 0.9133795309168443 0.9497084548104956 0.030383795309168442 0.05539358600583091
9 0.5652985074626866 0.8837463556851312 0.38859275053304904 0.12755102040816327
9 0.20415778251599148 0.8720845481049563 0.10660980810234541 0.047376093294460644
10 0.9786780383795309 0.11661807580174927 0.010660980810234541 0.018950437317784258
10 0.9906716417910447 0.12536443148688048 0.012260127931769723 0.013119533527696793
2 0.9885394456289979 0.1392128279883382 0.02185501066098081 0.10058309037900874
10 0.9642857142857143 0.12026239067055394 0.01279317697228145 0.014577259475218658
9 0.130863539445629 0.01567055393586006 0.03251599147121535 0.03134110787172012
9 0.9840085287846482 0.19278425655976678 0.017057569296375266 0.05174927113702624
9 0.10207889125799574 0.08965014577259475 0.05277185501066098 0.1793002915451895
9 0.17723880597014927 0.10167638483965015 0.05383795309168443 0.14795918367346939
9 0.11913646055437101 0.1162536443148688 0.033582089552238806 0.06778425655976676