1 0.6737597276264592 0.4037566489361702 0.013375486381322957 0.029587765957446808
9 0.6912694552529183 0.40492021276595747 0.011429961089494163 0.04720744680851064
9 0.8514105058365758 0.4165558510638298 0.03453307392996109 0.09640957446808511
9 0.07344357976653697 0.41705452127659576 0.037937743190661476 0.02160904255319149
9 0.6907830739299611 0.47689494680851063 0.01240272373540856 0.048204787234042555
1 0.2192363813229572 0.5141289893617021 0.009970817120622567 0.008976063829787235
9 0.8508025291828794 0.5171210106382979 0.023103112840466927 0.08543882978723404
2 0.9122081712062257 0.5189494680851063 0.033073929961089495 0.18949468085106383
9 0.23285505836575876 0.052194148936170214 0.035749027237354083 0.03789893617021277
9 0.3857003891050584 0.05319148936170213 0.03599221789883268 0.034574468085106384
9 0.3099464980544747 0.05618351063829787 0.08341439688715953 0.027925531914893616
9 0.8503161478599222 0.5912566489361702 0.03331712062256809 0.045545212765957445
9 0.10104571984435798 0.6502659574468085 0.030885214007782102 0.1163563829787234
9 0.1301070038910506 0.6504321808510638 0.023346303501945526 0.07147606382978723
9 0.8827821011673151 0.6743683510638298 0.011673151750972763 0.046875
9 0.7932879377431906 0.07130984042553191 0.061770428015564205 0.0694813829787234
10 0.8719601167315175 0.7315492021276596 0.009484435797665369 0.016289893617021278
8 0.8949416342412452 0.7315492021276596 0.00924124513618677 0.01961436170212766
10 0.8589494163424124 0.7376994680851063 0.011673151750972763 0.010638297872340425
10 0.8830252918287937 0.7378656914893617 0.011673151750972763 0.01163563829787234
2 0.9109922178988327 0.7383643617021277 0.06760700389105058 0.09441489361702128
9 0.08985894941634241 0.7694481382978723 0.02213035019455253 0.05884308510638298
9 0.8825389105058365 0.8008643617021277 0.011186770428015564 0.04920212765957447
9 0.06724221789883268 0.8236369680851063 0.026994163424124515 0.22174202127659576
9 0.14141536964980544 0.8570478723404256 0.03818093385214008 0.12898936170212766
9 0.08961575875486381 0.878158244680851 0.023103112840466927 0.05884308510638298
9 0.3093385214007782 0.09092420212765957 0.053501945525291826 0.034242021276595744
9 0.9249756809338522 0.9188829787234043 0.023103112840466927 0.13962765957446807
1 0.16609922178988326 0.09740691489361702 0.014105058365758755 0.03590425531914894
1 0.45014591439688717 0.09940159574468085 0.013132295719844358 0.031914893617021274
9 0.8532344357976653 0.09940159574468085 0.04304474708171206 0.0678191489361702
9 0.5858463035019456 0.10505319148936171 0.06955252918287938 0.1456117021276596
9 0.8719601167315175 0.17386968085106383 0.047422178988326846 0.07845744680851063
2 0.07453793774319066 0.1846742021276596 0.011916342412451361 0.13530585106382978
9 0.8520184824902723 0.24235372340425532 0.03380350194552529 0.04720744680851064
1 0.6743677042801557 0.2568151595744681 0.013132295719844358 0.032247340425531915
9 0.6917558365758755 0.25748005319148937 0.011916342412451361 0.0495345744680851
9 0.7715223735408561 0.2586436170212766 0.06736381322957198 0.0511968085106383
1 0.7084143968871596 0.2744348404255319 0.013132295719844358 0.030252659574468085
9 0.07429474708171206 0.28091755319148937 0.036721789883268484 0.018617021276595744
9 0.7469601167315175 0.30086436170212766 0.03769455252918288 0.01928191489361702
9 0.8514105058365758 0.3158244680851064 0.026750972762645913 0.0851063829787234
2 0.9116001945525292 0.31981382978723405 0.03331712062256809 0.18816489361702127
2 0.07344357976653697 0.3201462765957447 0.027237354085603113 0.015292553191489361
9 0.6909046692607004 0.3291223404255319 0.011673151750972763 0.04654255319148936