1 0.7488227379751093 0.25592835519677093 0.01093171880255634 0.008829465186680121
10 0.5766061217625295 0.25643289606458125 0.010258997645475951 0.007820383451059535
10 0.2678271106626303 0.26072149344096873 0.010258997645475951 0.008324924318869829
1 0.35906491759165826 0.26614530776992934 0.006390850992263707 0.016145307769929364
1 0.4475277497477296 0.26677598385469226 0.005045408678102927 0.01639757820383451
1 0.40834174234779685 0.2670282542885974 0.010427177934746047 0.0073158425832492435
5 0.42364614867137573 0.2671543895055499 0.007736293306424487 0.012613521695257316
10 0.4418937100571813 0.2671543895055499 0.004877228388832829 0.015136226034308779
8 0.4367642112344433 0.26753279515640765 0.005045408678102927 0.015893037336024218
7 0.26833165153044064 0.2701816347124117 0.01093171880255634 0.006559031281533804
1 0.2837201479986546 0.27093844601412714 0.010427177934746047 0.00958627648839556
1 0.6261352169525731 0.2729566094853683 0.010090817356205853 0.008577194752774974
5 0.6005718129835184 0.2759838546922301 0.03161789438277834 0.046922300706357216
1 0.5737470568449378 0.2762361251261352 0.010595358224016145 0.008577194752774974
4 0.40775311133535147 0.28115539858728555 0.017322569794820046 0.021442986881937437
10 0.6261352169525731 0.2816599394550959 0.010090817356205853 0.007820383451059535
1 0.6650689539186008 0.2820383451059536 0.005213588967373024 0.014631685166498487
1 0.6716279852001346 0.2820383451059536 0.006222670702993609 0.01564076690211907
1 0.6778506559031282 0.2820383451059536 0.005886310124453414 0.01564076690211907
1 0.44273461150353177 0.2829212916246216 0.005886310124453414 0.015388496468213926
2 0.2367137571476623 0.28342583249243186 0.03077699293642785 0.06029263370332997
10 0.43264379414732596 0.28367810292633705 0.011268079381096535 0.011352169525731584
1 0.5735788765556676 0.2838042381432896 0.010595358224016145 0.008072653884964682
5 0.28355196770938446 0.28443491422805245 0.005718129835183316 0.013874873864783047
2 0.8013790783720148 0.2875882946518668 0.013790783720148 0.013118062563067608
2 0.5155566767574841 0.28809283551967707 0.02337706020854356 0.01866801210898083
2 0.7870837537840565 0.2885973763874874 0.014127144298688193 0.013118062563067608
2 0.7441977800201817 0.28872351160444 0.013454423141607804 0.014883955600403632
8 0.3658762193070972 0.2897325933400605 0.010595358224016145 0.008324924318869829
1 0.6261352169525731 0.29023713420787084 0.010090817356205853 0.008324924318869829
10 0.34476959300369997 0.29162462159434915 0.005718129835183316 0.014631685166498487
6 0.32626976118398926 0.2923814328960646 0.02791792801883619 0.042885973763874874
7 0.2691725529767911 0.29389505549949546 0.011268079381096535 0.0075681130171543895
1 0.36696939118735283 0.29830978809283554 0.010090817356205853 0.007820383451059535
1 0.2838042381432896 0.29906659939455094 0.009922637066935755 0.008829465186680121
1 0.6259670366633031 0.3013370332996973 0.010090817356205853 0.006811301715438951
1 0.5789606458123108 0.3024722502522704 0.010258997645475951 0.009081735620585268
4 0.4555163134880592 0.302598385469223 0.016649848637739658 0.019424823410696266
10 0.2675748402287252 0.3031029263370333 0.010090817356205853 0.008829465186680121
10 0.3492263706693576 0.3054994954591322 0.004204507231752439 0.014631685166498487
1 0.34460141271442984 0.30613017154389505 0.005718129835183316 0.014883955600403632
1 0.6013286242852338 0.31420282542885974 0.005886310124453414 0.015893037336024218
1 0.6099058190380088 0.3144550958627649 0.006222670702993609 0.01639757820383451
6 0.4225529767911201 0.3182391523713421 0.043558694920955265 0.051210898082744705
2 0.7590817356205852 0.3249243188698285 0.012613521695257316 0.020686175580221997
2 0.7728725193407333 0.32593340060544906 0.013286242852337706 0.019677093844601413
2 0.3837874201143626 0.32795156407669024 0.013118062563067608 0.03582240161453078
4 0.4550117726202489 0.32996972754793136 0.01564076690211907 0.020181634712411706
2 0.6347124117053481 0.33804238143289606 0.011772620248906828 0.034308779011099896
1 0.6712916246215943 0.3594853683148335 0.00958627648839556 0.014631685166498487
1 0.6669189371005718 0.3661705348133199 0.0075681130171543895 0.013874873864783047
1 0.5787083753784057 0.3729818365287588 0.009754456777665657 0.008324924318869829
1 0.6811301715438951 0.3737386478304743 0.008409014463504878 0.013874873864783047
1 0.6630507904473596 0.3738647830474268 0.0075681130171543895 0.012613521695257316
1 0.4953750420450723 0.3753784056508577 0.00891355533131517 0.013622603430877902
1 0.6765893037336024 0.38004540867810294 0.007736293306424487 0.012865792129162463
1 0.6590144635048772 0.38143289606458125 0.009249915909855366 0.015136226034308779
1 0.49949545913218973 0.3820635721493441 0.008409014463504878 0.011856710393541877
1 0.5790447359569458 0.3820635721493441 0.010090817356205853 0.008324924318869829
1 0.6726370669357551 0.3866044399596367 0.007904473595694584 0.013370332996972755
1 0.6543895055499496 0.3882441977800202 0.008409014463504878 0.013622603430877902
1 0.48646148671375716 0.38837033299697277 0.00891355533131517 0.013370332996972755
1 0.5038681466532122 0.3891271442986882 0.008745375042045072 0.01236125126135217
1 0.5790447359569458 0.39139757820383453 0.010090817356205853 0.008829465186680121
2 0.23629330642448704 0.393037336024218 0.028590649175916583 0.05751765893037336
1 0.6680121089808274 0.3941725529767911 0.008072653884964682 0.01437941473259334
1 0.649848637739657 0.39480322906155396 0.007736293306424487 0.014127144298688193
1 0.4909182643794147 0.3953077699293643 0.008745375042045072 0.012613521695257316
1 0.50866128489741 0.3953077699293643 0.008577194752774974 0.012613521695257316
1 0.5791288261015809 0.40073158425832495 0.00958627648839556 0.008324924318869829
1 0.6631348805919947 0.4009838546922301 0.007736293306424487 0.013874873864783047
1 0.5127817019845274 0.4021190716448032 0.009418096199125462 0.012613521695257316
1 0.4952068617558022 0.4022452068617558 0.00824083417423478 0.01236125126135217
1 0.6463168516649849 0.4027497477295661 0.008409014463504878 0.01236125126135217
1 0.5005886310124453 0.40716448032290614 0.007904473595694584 0.013118062563067608
1 0.6580894719138917 0.4074167507568113 0.008409014463504878 0.013118062563067608
1 0.5170702993609149 0.4082996972754793 0.008577194752774974 0.013370332996972755
1 0.6418600739993273 0.40855196770938446 0.00824083417423478 0.011352169525731584
1 0.4074167507568113 0.40956104944500504 0.005549949545913219 0.015893037336024218
1 0.4446686848301379 0.40956104944500504 0.006054490413723511 0.015893037336024218
1 0.4013622603430878 0.40968718466195764 0.005549949545913219 0.016649848637739658
1 0.4383619239825092 0.40968718466195764 0.005549949545913219 0.015136226034308779
1 0.413807601749075 0.41006559031281536 0.004877228388832829 0.014883955600403632
1 0.45063908509922634 0.41006559031281536 0.005549949545913219 0.015893037336024218
1 0.42591658257652204 0.4101917255297679 0.006222670702993609 0.016649848637739658
1 0.43230743356878576 0.4101917255297679 0.005886310124453414 0.016145307769929364
1 0.5790447359569458 0.41044399596367304 0.010090817356205853 0.0075681130171543895
1 0.41977800201816345 0.41057013118062563 0.0053817692566431215 0.015388496468213926
1 0.6536326942482341 0.4134712411705348 0.00958627648839556 0.014127144298688193
1 0.5049613185334679 0.4135973763874874 0.00891355533131517 0.013370332996972755
1 0.5216952573158425 0.4149848637739657 0.008745375042045072 0.013118062563067608
1 0.6373192061890346 0.41536326942482343 0.00891355533131517 0.012865792129162463
1 0.6492600067272116 0.4201564076690212 0.00891355533131517 0.013370332996972755
1 0.5096703666330306 0.4202825428859738 0.007904473595694584 0.012613521695257316
1 0.5257315842583249 0.4214177598385469 0.007736293306424487 0.010847628657921292
1 0.6326942482341069 0.42204843592330976 0.008072653884964682 0.012108980827447022
1 0.513622603430878 0.4270938446014127 0.008409014463504878 0.013118062563067608
1 0.644803229061554 0.4273461150353179 0.008072653884964682 0.014127144298688193
1 0.5304406323578876 0.42772452068617556 0.007399932727884292 0.011352169525731584
1 0.6279852001345443 0.42885973763874874 0.008745375042045072 0.01564076690211907
1 0.3773965691220989 0.4298688193743693 0.009754456777665657 0.009081735620585268
1 0.5183316515304406 0.4332744702320888 0.008072653884964682 0.011856710393541877
1 0.6405987218298016 0.4337790110998991 0.008745375042045072 0.013874873864783047
1 0.6234443323242516 0.43592330978809285 0.009754456777665657 0.01564076690211907
1 0.3772283888328288 0.43958123107971747 0.010090817356205853 0.006811301715438951
1 0.6357214934409687 0.44033804238143287 0.008409014463504878 0.01437941473259334
1 0.5227043390514632 0.4408425832492432 0.008409014463504878 0.011352169525731584
2 0.24251597712748066 0.4412209889001009 0.023881601076353853 0.01866801210898083
1 0.6317692566431214 0.44714934409687185 0.009922637066935755 0.014883955600403632
7 0.3388832828792466 0.4479061553985873 0.004709048099562731 0.015893037336024218
1 0.3772283888328288 0.44841069626639757 0.010090817356205853 0.009334006054490415
1 0.3770602085435587 0.4582492431886983 0.010427177934746047 0.008829465186680121
1 0.3770602085435587 0.46733097880928354 0.010427177934746047 0.008324924318869829
5 0.4270097544567777 0.4684661957618567 0.06256306760847628 0.06458123107971746
1 0.3772283888328288 0.4764127144298688 0.010090817356205853 0.008829465186680121
1 0.37748065926673396 0.4854944500504541 0.00958627648839556 0.008829465186680121
1 0.3772283888328288 0.49508072653884966 0.009418096199125462 0.008324924318869829
1 0.3773965691220989 0.5046670030272452 0.010763538513286243 0.009334006054490415
2 0.9064917591658258 0.5089556004036327 0.06559031281533804 0.38925327951564076
1 0.48822737975109315 0.5095862764883956 0.005718129835183316 0.01564076690211907
1 0.4941977800201816 0.5099646821392533 0.005886310124453414 0.01639757820383451
1 0.47485704675412044 0.5100908173562059 0.005886310124453414 0.017658930373360242
1 0.6582576522031618 0.5100908173562059 0.006054490413723511 0.016649848637739658
1 0.506811301715439 0.5102169525731585 0.005886310124453414 0.016902119071644805
1 0.6333669693911873 0.5102169525731585 0.0053817692566431215 0.015893037336024218
1 0.682811974436596 0.5102169525731585 0.005045408678102927 0.015893037336024218
1 0.6393373696602758 0.510343087790111 0.006222670702993609 0.016145307769929364
1 0.6520349815001681 0.510343087790111 0.006054490413723511 0.016145307769929364
1 0.6954254961318533 0.510343087790111 0.005045408678102927 0.01564076690211907
1 0.48133198789101916 0.5104692230070635 0.006390850992263707 0.018920282542885972
1 0.5004204507231752 0.5105953582240161 0.005886310124453414 0.017154389505549948
1 0.5126135216952573 0.5105953582240161 0.005045408678102927 0.016649848637739658
1 0.6458123107971746 0.5105953582240161 0.006054490413723511 0.016145307769929364
1 0.6643962327615204 0.5105953582240161 0.006222670702993609 0.015136226034308779
1 0.6893710057181298 0.5105953582240161 0.005718129835183316 0.015136226034308779
1 0.468970736629667 0.5107214934409687 0.005886310124453414 0.01639757820383451
1 0.518920282542886 0.5107214934409687 0.004204507231752439 0.013874873864783047
1 0.6704507231752439 0.5107214934409687 0.006222670702993609 0.015388496468213926
2 0.24234779683821056 0.5114783047426842 0.06559031281533804 0.10519677093844601
1 0.677514295324588 0.5118567103935419 0.005213588967373024 0.016649848637739658
1 0.3768079381096536 0.5158930373360242 0.010258997645475951 0.00958627648839556
1 0.3768920282542886 0.5256054490413723 0.010090817356205853 0.008829465186680121
1 0.3772283888328288 0.5344349142280524 0.010427177934746047 0.008829465186680121
1 0.3772283888328288 0.5435166498486378 0.009754456777665657 0.008829465186680121
5 0.4266733938782375 0.5519677093844602 0.06256306760847628 0.06659939455095863
1 0.3768079381096536 0.5529767911200807 0.010258997645475951 0.0075681130171543895
1 0.3772283888328288 0.5625630676084763 0.010427177934746047 0.009081735620585268
1 0.3770602085435587 0.5722754793138244 0.010427177934746047 0.008829465186680121
1 0.6312647157753112 0.5753027245206862 0.009249915909855366 0.013370332996972755
1 0.3770602085435587 0.5812310797174571 0.009754456777665657 0.008577194752774974
1 0.5229566094853683 0.5824924318869829 0.00958627648839556 0.014127144298688193
1 0.6363101244534141 0.5829969727547931 0.009249915909855366 0.012613521695257316
1 0.5353178607467205 0.5877901109989909 0.010763538513286243 0.013118062563067608
1 0.6236125126135217 0.5882946518668012 0.009754456777665657 0.015136226034308779
1 0.5179112008072654 0.5890514631685166 0.00891355533131517 0.014631685166498487
1 0.6404305415405315 0.5891775983854692 0.009081735620585268 0.013370332996972755
1 0.3768079381096536 0.5901866801210898 0.010258997645475951 0.008829465186680121
1 0.5790447359569458 0.5910696266397578 0.010090817356205853 0.008072653884964682
1 0.6281533804238143 0.5943491422805247 0.008409014463504878 0.012613521695257316
1 0.5305247225025227 0.5951059535822402 0.00958627648839556 0.014127144298688193
1 0.5137066935755129 0.5959889001009082 0.00891355533131517 0.013370332996972755
1 0.644887319206189 0.5959889001009082 0.00958627648839556 0.01437941473259334
1 0.579297006390851 0.6005297679112008 0.010595358224016145 0.009334006054490415
1 0.6324419778002018 0.6012865792129163 0.009249915909855366 0.013874873864783047
1 0.5089976454759502 0.6017911200807265 0.00958627648839556 0.013370332996972755
1 0.5262361251261353 0.6017911200807265 0.008072653884964682 0.013370332996972755
1 0.649932727884292 0.6017911200807265 0.009249915909855366 0.013370332996972755
1 0.5212748065926673 0.6077194752774975 0.00958627648839556 0.014127144298688193
1 0.6367305751765893 0.6079717457114027 0.008409014463504878 0.012108980827447022
1 0.653464513958964 0.6092330978809284 0.009249915909855366 0.013118062563067608
1 0.505213588967373 0.6096115035317861 0.008745375042045072 0.014883955600403632
1 0.5791288261015809 0.6103683148335015 0.010595358224016145 0.008829465186680121
1 0.4441641439623276 0.6121342078708375 0.006054490413723511 0.01639757820383451
1 0.4131348805919946 0.6122603430877901 0.005549949545913219 0.016145307769929364
1 0.43802556340396903 0.6122603430877901 0.006222670702993609 0.016145307769929364
1 0.45030272452068615 0.6122603430877901 0.005886310124453414 0.016145307769929364
1 0.42591658257652204 0.6123864783047427 0.005549949545913219 0.015388496468213926
1 0.43180289270097544 0.6125126135216953 0.005549949545913219 0.016649848637739658
1 0.4196098217288934 0.6126387487386479 0.006054490413723511 0.016902119071644805
1 0.4007736293306424 0.612891019172553 0.005718129835183316 0.015893037336024218
1 0.40708039017827113 0.612891019172553 0.005886310124453414 0.01639757820383451
1 0.5169021190716448 0.6144046417759839 0.009249915909855366 0.013370332996972755
1 0.6417759838546923 0.6151614530776993 0.008072653884964682 0.012865792129162463
1 0.6583417423477969 0.6156659939455096 0.00891355533131517 0.013370332996972755
1 0.4989909182643794 0.6161705348133198 0.008745375042045072 0.01437941473259334
1 0.5789606458123108 0.6197023208879919 0.010258997645475951 0.009334006054490415
1 0.512108980827447 0.6204591321897074 0.009754456777665657 0.013874873864783047
1 0.6464009418096199 0.6209636730575177 0.009249915909855366 0.013874873864783047
1 0.6627144298688193 0.6228557013118062 0.009249915909855366 0.014127144298688193
1 0.4952068617558022 0.6231079717457114 0.00958627648839556 0.013118062563067608
1 0.6511099899091827 0.6275227043390514 0.00891355533131517 0.01437941473259334
1 0.5091658257652203 0.6277749747729566 0.008577194752774974 0.01437941473259334
1 0.5790447359569458 0.6289101917255298 0.010090817356205853 0.00958627648839556
1 0.6668348469559368 0.6295408678102926 0.010090817356205853 0.013370332996972755
1 0.4903296333669694 0.6297931382441978 0.008577194752774974 0.012865792129162463
1 0.6554826774302052 0.6342078708375378 0.00891355533131517 0.013622603430877902
1 0.5037840565085772 0.6345862764883956 0.009249915909855366 0.013370332996972755
1 0.48578876555667677 0.636226034308779 0.009249915909855366 0.015136226034308779
1 0.6722166162125799 0.6363521695257316 0.008072653884964682 0.011856710393541877
1 0.5789606458123108 0.6382441977800202 0.010258997645475951 0.009081735620585268
1 0.4989909182643794 0.6417759838546923 0.008745375042045072 0.014127144298688193
1 0.6597712748065927 0.6417759838546923 0.010427177934746047 0.014127144298688193
1 0.6770938446014128 0.6421543895055499 0.008409014463504878 0.013874873864783047
1 0.5790447359569458 0.6469475277497477 0.010090817356205853 0.008829465186680121
1 0.4939455095862765 0.6480827447023209 0.008072653884964682 0.013622603430877902
1 0.6817188025563404 0.648335015136226 0.009249915909855366 0.01564076690211907
1 0.6634712411705348 0.6490918264379415 0.008745375042045072 0.012108980827447022
1 0.5793810965354861 0.6564076690211907 0.010090817356205853 0.010595358224016145
1 0.6675075681130171 0.6566599394550958 0.008409014463504878 0.012613521695257316
1 0.6718802556340396 0.6630928355196771 0.008072653884964682 0.01236125126135217
2 0.24192734611503533 0.6648587285570131 0.06474941136898756 0.10519677093844601
1 0.5795492768247561 0.6662462159434914 0.010427177934746047 0.010595358224016145
1 0.5788765556676757 0.6760847628657921 0.011099899091826439 0.010090817356205853
1 0.579212916246216 0.6849142280524723 0.010427177934746047 0.010090817356205853
2 0.2619408005381769 0.7404137235116044 0.01294988227379751 0.020686175580221997
2 0.762108980827447 0.7744702320887992 0.01227716111671712 0.036831483350151364
2 0.786242852337706 0.7744702320887992 0.010763538513286243 0.03582240161453078
2 0.8932055163134881 0.7764883955600403 0.013454423141607804 0.03733602421796166
2 0.9229734275142953 0.7776236125126135 0.01446350487722839 0.03708375378405651
0 0.36923982509249914 0.7951564076690212 0.03144971409350824 0.062058526740666
0 0.3229061553985873 0.7956609485368314 0.03195425496131853 0.062058526740666
7 0.6176421123444332 0.7959132189707366 0.005549949545913219 0.015136226034308779
0 0.6533804238143289 0.7962916246215943 0.03128153380423814 0.061301715438950556
7 0.4082576522031618 0.7966700302724521 0.005549949545913219 0.016649848637739658
0 0.6991254624957955 0.7971745711402624 0.03128153380423814 0.062058526740666
0 0.8420787083753785 0.8106710393541877 0.04238143289606458 0.04919273461150353
2 0.24108644466868484 0.8178607467204844 0.06474941136898756 0.10847628657921292
2 0.9230575176589304 0.8205095862764884 0.014295324587958291 0.021442986881937437
2 0.3495627312478978 0.08400605449041372 0.040195089135553315 0.045408678102926335
7 0.4942818701648167 0.8491422805247225 0.0053817692566431215 0.01564076690211907
7 0.46064581231079715 0.8495206861755802 0.004709048099562731 0.014883955600403632
7 0.5284224688866465 0.8496468213925328 0.0053817692566431215 0.015136226034308779
7 0.5623107971745711 0.8497729566094854 0.004877228388832829 0.015388496468213926
7 0.6303397241843256 0.8497729566094854 0.005045408678102927 0.014883955600403632
7 0.5961150353178607 0.850151362260343 0.004877228388832829 0.01564076690211907
7 0.698284561049445 0.8504036326942482 0.0053817692566431215 0.015136226034308779
7 0.6643962327615204 0.8505297679112008 0.005886310124453414 0.01639757820383451
2 0.8289606458123108 0.08577194752774975 0.14228052472250252 0.15338042381432895
0 0.7908678102926338 0.8694500504540867 0.042885973763874874 0.05020181634712412
0 0.8421627985200134 0.8702068617558022 0.042885973763874874 0.04919273461150353
0 0.8945509586276489 0.8717204843592331 0.04339051463168517 0.049697275479313824
2 0.7038345105953582 0.08980827447023208 0.07198116380760175 0.0751765893037336
11 0.494786411032627 0.9158678102926338 0.028254288597376387 0.08652875882946519
11 0.4607299024554322 0.9161200807265388 0.0274133871510259 0.0855196770938446
11 0.5626471577531114 0.9167507568113017 0.027749747729566093 0.08577194752774975
11 0.6317692566431214 0.9167507568113017 0.02808610830810629 0.08678102926337034
11 0.6649848637739657 0.9170030272452069 0.028254288597376387 0.08526740665993945
11 0.5285906491759166 0.9171291624621595 0.028590649175916583 0.08652875882946519
11 0.7005549949545913 0.9177598385469223 0.02875882946518668 0.08526740665993945
11 0.5966195761856711 0.91813824419778 0.027749747729566093 0.08451059535822401
0 0.8425832492431887 0.9316347124117054 0.04372687521022536 0.05095862764883956
2 0.2963336696939119 0.932013118062563 0.07198116380760175 0.09611503531786075
2 0.3984191052808611 0.9322653884964682 0.07029936091490077 0.09510595358224017
2 0.4110326269761184 0.09863773965691221 0.033299697275479316 0.09989909182643794
2 0.4530776992936428 0.09863773965691221 0.0339724184325597 0.09989909182643794
2 0.496468213925328 0.09889001009081735 0.03498150016818029 0.10040363269424823
2 0.5375042045072318 0.09889001009081735 0.033299697275479316 0.10141271442986882
2 0.28910191725529766 0.1062058526740666 0.04238143289606458 0.10898082744702321
1 0.3629330642448705 0.11680121089808275 0.011099899091826439 0.00958627648839556
1 0.332744702320888 0.1170534813319879 0.01093171880255634 0.008577194752774974
1 0.3434241506895392 0.1170534813319879 0.008745375042045072 0.0075681130171543895
10 0.3238311469895728 0.1272704339051463 0.01093171880255634 0.008829465186680121
2 0.9196098217288934 0.12891019172552975 0.025227043390514632 0.01917255297679112
1 0.3719307097208207 0.13420787083753785 0.005549949545913219 0.015136226034308779
1 0.37781701984527416 0.13446014127144298 0.005549949545913219 0.01564076690211907
8 0.7360410359905819 0.14291120080726538 0.005549949545913219 0.01791120080726539
10 0.7300706357214934 0.14392028254288597 0.006054490413723511 0.016902119071644805
2 0.6009081735620585 0.14581231079717458 0.07669021190716448 0.1851664984863774
1 0.37209889001009083 0.15426337033299697 0.005886310124453414 0.016902119071644805
1 0.7484863773965691 0.15956104944500504 0.01093171880255634 0.009334006054490415
1 0.32576522031617894 0.16410191725529769 0.006054490413723511 0.015893037336024218
10 0.646485031954255 0.16561553985872857 0.006054490413723511 0.015893037336024218
1 0.6523713420787084 0.16599394550958627 0.005718129835183316 0.01564076690211907
1 0.6580894719138917 0.16599394550958627 0.005718129835183316 0.016649848637739658
10 0.6634712411705348 0.16624621594349143 0.005718129835183316 0.016145307769929364
2 0.9187689202825429 0.16624621594349143 0.026908846283215607 0.03632694248234107
1 0.3767238479650185 0.16675075681130172 0.010090817356205853 0.008072653884964682
1 0.7487386478304743 0.16952573158425832 0.011099899091826439 0.008577194752774974
2 0.4777161116717121 0.1696518668012109 0.012613521695257316 0.03456104944500504
2 0.24066599394550958 0.17406659939455096 0.03094517322569795 0.11553985872855702
1 0.3767238479650185 0.17507568113017155 0.010090817356205853 0.008577194752774974
1 0.7487386478304743 0.17860746720484358 0.011099899091826439 0.00958627648839556
1 0.33316515304406324 0.18365287588294651 0.0026908846283215607 0.009081735620585268
1 0.7488227379751093 0.18995963673057517 0.010258997645475951 0.008072653884964682
1 0.760258997645476 0.19021190716448033 0.01093171880255634 0.008577194752774974
1 0.7488227379751093 0.19992431886982845 0.010595358224016145 0.0073158425832492435
2 0.3446855028590649 0.20875378405650857 0.023713420787083755 0.018415741675075682
1 0.7490750084090144 0.20887991927346114 0.010763538513286243 0.00958627648839556
11 0.2918768920282543 0.20938446014127143 0.060713084426505214 0.04843592330978809
5 0.7032458795829128 0.21581735620585268 0.07416750756811302 0.11125126135216952
2 0.8583921964345779 0.22124117053481332 0.15237134207870837 0.06659939455095863
10 0.48007063572149344 0.24217961654894046 0.006222670702993609 0.016145307769929364
1 0.7489068281197444 0.2462159434914228 0.010090817356205853 0.009081735620585268
10 0.4284392869155735 0.250882946518668 0.004540867810292634 0.014883955600403632
1 0.42356205852674067 0.2510090817356206 0.005886310124453414 0.016145307769929364
1 0.4339051463168517 0.2511352169525732 0.005718129835183316 0.01639757820383451
10 0.41162125798856375 0.2512613521695257 0.005549949545913219 0.01564076690211907
1 0.417255297679112 0.2512613521695257 0.005718129835183316 0.01564076690211907
3 0.40480995627312477 0.25151362260343085 0.006390850992263707 0.020181634712411706
10 0.4392869155734948 0.25151362260343085 0.0053817692566431215 0.015136226034308779