1 0.74853515625 0.25567765567765566 0.0107421875 0.008791208791208791
10 0.576416015625 0.2564102564102564 0.01025390625 0.007326007326007326
10 0.267822265625 0.25970695970695973 0.01025390625 0.00805860805860806
1 0.359130859375 0.26593406593406593 0.00634765625 0.01611721611721612
1 0.447265625 0.26666666666666666 0.0048828125 0.01611721611721612
1 0.408447265625 0.2663003663003663 0.01025390625 0.006593406593406593
5 0.423583984375 0.2663003663003663 0.00732421875 0.012454212454212455
10 0.441650390625 0.26666666666666666 0.00439453125 0.014652014652014652
8 0.4365234375 0.26703296703296703 0.0048828125 0.015384615384615385
7 0.26806640625 0.2695970695970696 0.0107421875 0.005860805860805861
1 0.283935546875 0.26996336996336995 0.01025390625 0.009523809523809525
1 0.6259765625 0.27216117216117214 0.009765625 0.00805860805860806
5 0.60009765625 0.2754578754578755 0.03125 0.046886446886446886
1 0.573974609375 0.27582417582417584 0.01025390625 0.00805860805860806
4 0.407958984375 0.2802197802197802 0.01708984375 0.021245421245421246
10 0.6259765625 0.2813186813186813 0.009765625 0.007326007326007326
1 0.6650390625 0.2816849816849817 0.0048828125 0.01391941391941392
1 0.67138671875 0.2816849816849817 0.005859375 0.015384615384615385
1 0.677734375 0.2816849816849817 0.005859375 0.015384615384615385
1 0.4423828125 0.2824175824175824 0.005859375 0.015384615384615385
2 0.236572265625 0.2827838827838828 0.03076171875 0.060073260073260075
10 0.432861328125 0.28315018315018314 0.01123046875 0.01098901098901099
1 0.573486328125 0.28315018315018314 0.01025390625 0.00805860805860806
5 0.283447265625 0.28424908424908424 0.00537109375 0.013186813186813187
2 0.80126953125 0.2868131868131868 0.013671875 0.012454212454212455
2 0.515380859375 0.2875457875457875 0.02294921875 0.018315018315018316
2 0.78662109375 0.28827838827838825 0.013671875 0.012454212454212455
2 0.744384765625 0.2886446886446886 0.01318359375 0.014652014652014652
8 0.365966796875 0.289010989010989 0.01025390625 0.00805860805860806
1 0.6259765625 0.28974358974358977 0.009765625 0.00805860805860806
10 0.344970703125 0.29120879120879123 0.00537109375 0.01391941391941392
6 0.326416015625 0.2923076923076923 0.02783203125 0.04249084249084249
7 0.269287109375 0.2937728937728938 0.01123046875 0.007326007326007326
1 0.36669921875 0.29816849816849816 0.009765625 0.007326007326007326
1 0.28369140625 0.2989010989010989 0.009765625 0.008791208791208791
1 0.62548828125 0.3007326007326007 0.009765625 0.006593406593406593
1 0.578857421875 0.3018315018315018 0.01025390625 0.008791208791208791
4 0.455078125 0.30256410256410254 0.0166015625 0.01904761904761905
10 0.26708984375 0.30256410256410254 0.009765625 0.008791208791208791
10 0.34912109375 0.30512820512820515 0.00390625 0.01391941391941392
1 0.344482421875 0.3054945054945055 0.00537109375 0.014652014652014652
1 0.60107421875 0.3131868131868132 0.005859375 0.015384615384615385
1 0.60986328125 0.3142857142857143 0.005859375 0.01611721611721612
6 0.422607421875 0.31758241758241756 0.04345703125 0.05054945054945055
2 0.759033203125 0.32454212454212455 0.01220703125 0.020512820512820513
2 0.772705078125 0.326007326007326 0.01318359375 0.01904761904761905
2 0.38330078125 0.3274725274725275 0.0126953125 0.035164835164835165
4 0.45458984375 0.3293040293040293 0.015625 0.01978021978021978
2 0.63427734375 0.33772893772893775 0.01171875 0.0336996336996337
1 0.671142578125 0.3586080586080586 0.00927734375 0.01391941391941392
1 0.666748046875 0.36556776556776555 0.00732421875 0.013186813186813187
1 0.578857421875 0.37252747252747254 0.00927734375 0.00805860805860806
1 0.680908203125 0.37362637362637363 0.00830078125 0.013186813186813187
1 0.662841796875 0.37326007326007327 0.00732421875 0.012454212454212455
1 0.4951171875 0.3750915750915751 0.0087890625 0.013186813186813187
1 0.676513671875 0.3791208791208791 0.00732421875 0.012454212454212455
1 0.65869140625 0.38095238095238093 0.0087890625 0.014652014652014652
1 0.499267578125 0.38168498168498166 0.00830078125 0.011721611721611722
1 0.57861328125 0.3813186813186813 0.009765625 0.00805860805860806
1 0.67236328125 0.3860805860805861 0.0078125 0.013186813186813187
1 0.654541015625 0.3882783882783883 0.00830078125 0.013186813186813187
1 0.486328125 0.3882783882783883 0.0087890625 0.013186813186813187
1 0.503662109375 0.389010989010989 0.00830078125 0.011721611721611722
1 0.57861328125 0.3912087912087912 0.009765625 0.008791208791208791
2 0.23583984375 0.39267399267399267 0.0283203125 0.05714285714285714
1 0.66796875 0.39377289377289376 0.0078125 0.01391941391941392
1 0.649658203125 0.3945054945054945 0.00732421875 0.01391941391941392
1 0.490966796875 0.3945054945054945 0.00830078125 0.012454212454212455
1 0.508544921875 0.3945054945054945 0.00830078125 0.012454212454212455
1 0.579345703125 0.4003663003663004 0.00927734375 0.00805860805860806
1 0.663330078125 0.40073260073260075 0.00732421875 0.013186813186813187
1 0.512939453125 0.40183150183150185 0.00927734375 0.012454212454212455
1 0.4951171875 0.4021978021978022 0.0078125 0.011721611721611722
1 0.646240234375 0.4021978021978022 0.00830078125 0.011721611721611722
1 0.50048828125 0.4062271062271062 0.0078125 0.012454212454212455
1 0.657958984375 0.40695970695970696 0.00830078125 0.012454212454212455
1 0.516845703125 0.40805860805860805 0.00830078125 0.013186813186813187
1 0.6416015625 0.4076923076923077 0.0078125 0.01098901098901099
1 0.407470703125 0.40915750915750915 0.00537109375 0.015384615384615385
1 0.4443359375 0.40915750915750915 0.005859375 0.015384615384615385
1 0.401123046875 0.4095238095238095 0.00537109375 0.01611721611721612
1 0.438232421875 0.4095238095238095 0.00537109375 0.014652014652014652
1 0.413818359375 0.4095238095238095 0.00439453125 0.014652014652014652
1 0.450439453125 0.40915750915750915 0.00537109375 0.015384615384615385
1 0.42578125 0.41025641025641024 0.005859375 0.01611721611721612
1 0.43212890625 0.41025641025641024 0.005859375 0.01611721611721612
1 0.57861328125 0.41025641025641024 0.009765625 0.007326007326007326
1 0.419677734375 0.4098901098901099 0.00537109375 0.015384615384615385
1 0.653564453125 0.4128205128205128 0.00927734375 0.01391941391941392
1 0.5048828125 0.41318681318681316 0.0087890625 0.013186813186813187
1 0.521728515625 0.4142857142857143 0.00830078125 0.012454212454212455
1 0.63720703125 0.41501831501831504 0.0087890625 0.012454212454212455
1 0.64892578125 0.4197802197802198 0.0087890625 0.013186813186813187
1 0.50927734375 0.4194139194139194 0.0078125 0.012454212454212455
1 0.525634765625 0.42124542124542125 0.00732421875 0.010256410256410256
1 0.63232421875 0.421978021978022 0.0078125 0.011721611721611722
1 0.513427734375 0.4267399267399267 0.00830078125 0.012454212454212455
1 0.64453125 0.4267399267399267 0.0078125 0.01391941391941392
1 0.530517578125 0.4267399267399267 0.00732421875 0.01098901098901099
1 0.628173828125 0.4282051282051282 0.00830078125 0.015384615384615385
1 0.377197265625 0.4293040293040293 0.00927734375 0.008791208791208791
1 0.51806640625 0.432967032967033 0.0078125 0.011721611721611722
1 0.640380859375 0.4336996336996337 0.00830078125 0.013186813186813187
1 0.623291015625 0.43553113553113554 0.00927734375 0.015384615384615385
1 0.376953125 0.4391941391941392 0.009765625 0.006593406593406593
1 0.635498046875 0.4399267399267399 0.00830078125 0.01391941391941392
1 0.522705078125 0.4399267399267399 0.00830078125 0.01098901098901099
2 0.2421875 0.44065934065934065 0.0234375 0.018315018315018316
1 0.63134765625 0.4468864468864469 0.009765625 0.014652014652014652
7 0.339111328125 0.4472527472527473 0.00439453125 0.015384615384615385
1 0.376953125 0.44835164835164837 0.009765625 0.008791208791208791
1 0.377197265625 0.45787545787545786 0.01025390625 0.008791208791208791
1 0.377197265625 0.46703296703296704 0.01025390625 0.00805860805860806
5 0.4267578125 0.46813186813186813 0.0625 0.06446886446886448
1 0.376953125 0.47619047619047616 0.009765625 0.008791208791208791
1 0.377685546875 0.484981684981685 0.00927734375 0.008791208791208791
1 0.377197265625 0.49413919413919416 0.00927734375 0.00805860805860806
1 0.376953125 0.5047619047619047 0.0107421875 0.008791208791208791
2 0.90625 0.508058608058608 0.0654296875 0.389010989010989
1 0.488037109375 0.5087912087912088 0.00537109375 0.015384615384615385
1 0.494140625 0.5098901098901099 0.005859375 0.01611721611721612
1 0.474609375 0.5098901098901099 0.005859375 0.017582417582417582
1 0.658203125 0.5098901098901099 0.005859375 0.01611721611721612
1 0.50634765625 0.5095238095238095 0.005859375 0.01684981684981685
1 0.633544921875 0.5095238095238095 0.00537109375 0.015384615384615385
1 0.6826171875 0.5095238095238095 0.0048828125 0.015384615384615385
1 0.63916015625 0.5098901098901099 0.005859375 0.01611721611721612
1 0.65185546875 0.5098901098901099 0.005859375 0.01611721611721612
1 0.6953125 0.5095238095238095 0.0048828125 0.015384615384615385
1 0.481201171875 0.5095238095238095 0.00634765625 0.018315018315018316
1 0.5 0.5102564102564102 0.005859375 0.01684981684981685
1 0.51220703125 0.5106227106227106 0.0048828125 0.01611721611721612
1 0.6455078125 0.5106227106227106 0.005859375 0.01611721611721612
1 0.6640625 0.5106227106227106 0.005859375 0.014652014652014652
1 0.689208984375 0.5106227106227106 0.00537109375 0.014652014652014652
1 0.46875 0.5106227106227106 0.005859375 0.01611721611721612
1 0.5185546875 0.5106227106227106 0.00390625 0.013186813186813187
1 0.67041015625 0.5102564102564102 0.005859375 0.015384615384615385
2 0.2421875 0.510989010989011 0.0654296875 0.10476190476190476
1 0.67724609375 0.5113553113553113 0.0048828125 0.01611721611721612
1 0.376708984375 0.5153846153846153 0.01025390625 0.009523809523809525
1 0.37646484375 0.5252747252747253 0.009765625 0.008791208791208791
1 0.377197265625 0.5340659340659341 0.01025390625 0.008791208791208791
1 0.377197265625 0.5435897435897435 0.00927734375 0.008791208791208791
5 0.42626953125 0.5516483516483517 0.0625 0.06593406593406594
1 0.376708984375 0.5523809523809524 0.01025390625 0.007326007326007326
1 0.377197265625 0.5626373626373626 0.01025390625 0.008791208791208791
1 0.377197265625 0.5721611721611721 0.01025390625 0.008791208791208791
1 0.630859375 0.575091575091575 0.0087890625 0.013186813186813187
1 0.377197265625 0.5805860805860806 0.00927734375 0.00805860805860806
1 0.523193359375 0.5820512820512821 0.00927734375 0.01391941391941392
1 0.63623046875 0.5820512820512821 0.0087890625 0.012454212454212455
1 0.53515625 0.5871794871794872 0.0107421875 0.012454212454212455
1 0.623779296875 0.5882783882783883 0.00927734375 0.014652014652014652
1 0.517578125 0.5886446886446887 0.0087890625 0.01391941391941392
1 0.64013671875 0.589010989010989 0.0087890625 0.013186813186813187
1 0.376708984375 0.5897435897435898 0.01025390625 0.008791208791208791
1 0.57861328125 0.5908424908424909 0.009765625 0.00805860805860806
1 0.628173828125 0.5937728937728938 0.00830078125 0.012454212454212455
1 0.530517578125 0.5945054945054945 0.00927734375 0.01391941391941392
1 0.513671875 0.5956043956043956 0.0087890625 0.013186813186813187
1 0.644775390625 0.5952380952380952 0.00927734375 0.01391941391941392
1 0.579345703125 0.6 0.01025390625 0.008791208791208791
1 0.63232421875 0.6007326007326007 0.0087890625 0.013186813186813187
1 0.509033203125 0.6014652014652014 0.00927734375 0.013186813186813187
1 0.52587890625 0.6014652014652014 0.0078125 0.013186813186813187
1 0.64990234375 0.6014652014652014 0.0087890625 0.013186813186813187
1 0.521240234375 0.6069597069597069 0.00927734375 0.01391941391941392
1 0.636962890625 0.608058608058608 0.00830078125 0.011721611721611722
1 0.6533203125 0.6084249084249084 0.0087890625 0.012454212454212455
1 0.505126953125 0.6095238095238096 0.00830078125 0.014652014652014652
1 0.579345703125 0.6102564102564103 0.01025390625 0.008791208791208791
1 0.44384765625 0.6117216117216118 0.005859375 0.01611721611721612
1 0.413330078125 0.6117216117216118 0.00537109375 0.01611721611721612
1 0.43798828125 0.6117216117216118 0.005859375 0.01611721611721612
1 0.4501953125 0.6117216117216118 0.005859375 0.01611721611721612
1 0.426025390625 0.6120879120879121 0.00537109375 0.015384615384615385
1 0.431884765625 0.6124542124542125 0.00537109375 0.01611721611721612
1 0.41943359375 0.6120879120879121 0.005859375 0.01684981684981685
1 0.400634765625 0.6120879120879121 0.00537109375 0.015384615384615385
1 0.40673828125 0.6124542124542125 0.005859375 0.01611721611721612
1 0.5166015625 0.613919413919414 0.0087890625 0.013186813186813187
1 0.6416015625 0.6142857142857143 0.0078125 0.012454212454212455
1 0.658203125 0.6153846153846154 0.0087890625 0.013186813186813187
1 0.498779296875 0.6157509157509158 0.00830078125 0.01391941391941392
1 0.578857421875 0.6197802197802198 0.01025390625 0.008791208791208791
1 0.511962890625 0.6205128205128205 0.00927734375 0.013186813186813187
1 0.64599609375 0.6205128205128205 0.0087890625 0.013186813186813187
1 0.66259765625 0.6223443223443224 0.0087890625 0.01391941391941392
1 0.495361328125 0.6223443223443224 0.00927734375 0.012454212454212455
1 0.65087890625 0.6267399267399267 0.0087890625 0.01391941391941392
1 0.509033203125 0.6274725274725275 0.00830078125 0.01391941391941392
1 0.57861328125 0.6282051282051282 0.009765625 0.009523809523809525
1 0.66650390625 0.6293040293040293 0.009765625 0.013186813186813187
1 0.490478515625 0.6289377289377289 0.00830078125 0.012454212454212455
1 0.6552734375 0.6336996336996337 0.0087890625 0.013186813186813187
1 0.50341796875 0.6344322344322344 0.0087890625 0.013186813186813187
1 0.4853515625 0.6358974358974359 0.0087890625 0.014652014652014652
1 0.671875 0.6358974358974359 0.0078125 0.011721611721611722
1 0.578857421875 0.638095238095238 0.01025390625 0.008791208791208791
1 0.498779296875 0.6413919413919414 0.00830078125 0.01391941391941392
1 0.659912109375 0.6413919413919414 0.01025390625 0.01391941391941392
1 0.677001953125 0.6417582417582418 0.00830078125 0.013186813186813187
1 0.57861328125 0.6468864468864469 0.009765625 0.008791208791208791
1 0.49365234375 0.6476190476190476 0.0078125 0.013186813186813187
1 0.681640625 0.647985347985348 0.0087890625 0.015384615384615385
1 0.663330078125 0.6490842490842491 0.00830078125 0.011721611721611722
1 0.5791015625 0.6564102564102564 0.009765625 0.010256410256410256
1 0.667724609375 0.656043956043956 0.00830078125 0.012454212454212455
1 0.671875 0.663003663003663 0.0078125 0.011721611721611722
2 0.24169921875 0.6641025641025641 0.064453125 0.10476190476190476
1 0.579345703125 0.6659340659340659 0.01025390625 0.010256410256410256
1 0.57861328125 0.6758241758241759 0.0107421875 0.009523809523809525
1 0.579345703125 0.6846153846153846 0.01025390625 0.009523809523809525
2 0.26171875 0.73992673992674 0.0126953125 0.020512820512820513
2 0.761962890625 0.7736263736263737 0.01220703125 0.03663003663003663
2 0.7861328125 0.7736263736263737 0.0107421875 0.035164835164835165
2 0.893310546875 0.7758241758241758 0.01318359375 0.03663003663003663
2 0.923095703125 0.7765567765567766 0.01416015625 0.03663003663003663
0 0.369140625 0.7941391941391941 0.03125 0.06153846153846154
0 0.322998046875 0.7948717948717948 0.03173828125 0.06153846153846154
7 0.617431640625 0.7948717948717948 0.00537109375 0.014652014652014652
0 0.6533203125 0.7959706959706959 0.03125 0.060805860805860805
7 0.407958984375 0.7956043956043956 0.00537109375 0.01611721611721612
0 0.69873046875 0.7963369963369963 0.03125 0.06153846153846154
0 0.841796875 0.8098901098901099 0.0419921875 0.04908424908424908
2 0.24072265625 0.8168498168498168 0.064453125 0.10842490842490843
2 0.923095703125 0.8201465201465201 0.01416015625 0.021245421245421246
2 0.34912109375 0.08388278388278388 0.0400390625 0.04468864468864469
7 0.494384765625 0.8487179487179487 0.00537109375 0.015384615384615385
7 0.460693359375 0.8483516483516483 0.00439453125 0.014652014652014652
7 0.528564453125 0.8490842490842491 0.00537109375 0.014652014652014652
7 0.562255859375 0.8494505494505494 0.00439453125 0.015384615384615385
7 0.6298828125 0.8490842490842491 0.0048828125 0.014652014652014652
7 0.595947265625 0.8494505494505494 0.00439453125 0.015384615384615385
7 0.698486328125 0.8498168498168498 0.00537109375 0.014652014652014652
7 0.6640625 0.8498168498168498 0.005859375 0.01611721611721612
2 0.828857421875 0.08608058608058608 0.14208984375 0.15311355311355312
0 0.790771484375 0.8688644688644689 0.04248046875 0.04981684981684982
0 0.842041015625 0.86996336996337 0.04248046875 0.04908424908424908
0 0.89453125 0.8714285714285714 0.04296875 0.04908424908424908
2 0.703857421875 0.08937728937728938 0.07177734375 0.07472527472527472
11 0.494873046875 0.915018315018315 0.02783203125 0.08644688644688645
11 0.46044921875 0.915018315018315 0.02734375 0.08498168498168499
11 0.5625 0.9161172161172161 0.02734375 0.08571428571428572
11 0.631591796875 0.9157509157509157 0.02783203125 0.08644688644688645
11 0.664794921875 0.9164835164835164 0.02783203125 0.08498168498168499
11 0.5283203125 0.9164835164835164 0.0283203125 0.08644688644688645
11 0.7001953125 0.9172161172161172 0.0283203125 0.08498168498168499
11 0.59619140625 0.9175824175824175 0.02734375 0.08424908424908426
0 0.842529296875 0.9307692307692308 0.04345703125 0.05054945054945055
2 0.296142578125 0.9315018315018315 0.07177734375 0.09597069597069598
2 0.398193359375 0.9315018315018315 0.06982421875 0.0945054945054945
2 0.41064453125 0.09816849816849817 0.033203125 0.09963369963369964
2 0.452880859375 0.09816849816849817 0.03369140625 0.09963369963369964
2 0.496337890625 0.09926739926739926 0.03466796875 0.10036630036630037
2 0.537109375 0.0989010989010989 0.033203125 0.1010989010989011
2 0.2890625 0.10622710622710622 0.0419921875 0.10842490842490843
1 0.36279296875 0.11684981684981685 0.0107421875 0.009523809523809525
1 0.33251953125 0.11684981684981685 0.0107421875 0.00805860805860806
1 0.343505859375 0.11648351648351649 0.00830078125 0.007326007326007326
10 0.32373046875 0.12673992673992673 0.0107421875 0.008791208791208791
2 0.919677734375 0.12893772893772895 0.02490234375 0.01904761904761905
1 0.371826171875 0.13406593406593406 0.00537109375 0.014652014652014652
1 0.377685546875 0.13443223443223443 0.00537109375 0.015384615384615385
8 0.736083984375 0.14285714285714285 0.00537109375 0.017582417582417582
10 0.72998046875 0.14395604395604394 0.005859375 0.01684981684981685
2 0.600830078125 0.1457875457875458 0.07666015625 0.18461538461538463
1 0.3720703125 0.15421245421245422 0.005859375 0.01684981684981685
1 0.748046875 0.15897435897435896 0.0107421875 0.008791208791208791
1 0.32568359375 0.16446886446886447 0.005859375 0.015384615384615385
10 0.646484375 0.16593406593406593 0.005859375 0.015384615384615385
1 0.652587890625 0.16593406593406593 0.00537109375 0.015384615384615385
1 0.657958984375 0.16556776556776556 0.00537109375 0.01611721611721612
10 0.663330078125 0.16556776556776556 0.00537109375 0.01611721611721612
2 0.918701171875 0.16593406593406593 0.02685546875 0.035897435897435895
1 0.37646484375 0.16666666666666666 0.009765625 0.00805860805860806
1 0.74853515625 0.1695970695970696 0.0107421875 0.00805860805860806
2 0.477783203125 0.1695970695970696 0.01220703125 0.034432234432234435
2 0.240478515625 0.17399267399267399 0.03076171875 0.11501831501831501
1 0.37646484375 0.17545787545787545 0.009765625 0.00805860805860806
1 0.74853515625 0.1783882783882784 0.0107421875 0.009523809523809525
1 0.333251953125 0.18315018315018314 0.00244140625 0.008791208791208791
1 0.748779296875 0.1901098901098901 0.01025390625 0.00805860805860806
1 0.76025390625 0.1901098901098901 0.0107421875 0.00805860805860806
1 0.748779296875 0.19963369963369965 0.01025390625 0.006593406593406593
2 0.34423828125 0.20915750915750916 0.0234375 0.018315018315018316
1 0.7490234375 0.20915750915750916 0.0107421875 0.009523809523809525
11 0.29150390625 0.2087912087912088 0.060546875 0.04835164835164835
5 0.703369140625 0.21575091575091576 0.07373046875 0.11062271062271062
2 0.85791015625 0.22124542124542124 0.15234375 0.06593406593406594
10 0.47998046875 0.24175824175824176 0.005859375 0.01611721611721612
1 0.74853515625 0.24615384615384617 0.009765625 0.008791208791208791
10 0.428466796875 0.25054945054945055 0.00439453125 0.014652014652014652
1 0.42333984375 0.25054945054945055 0.005859375 0.01611721611721612
1 0.433837890625 0.25054945054945055 0.00537109375 0.01611721611721612
10 0.411865234375 0.2509157509157509 0.00537109375 0.015384615384615385
1 0.417236328125 0.2509157509157509 0.00537109375 0.015384615384615385
3 0.405029296875 0.2509157509157509 0.00634765625 0.01978021978021978
10 0.439208984375 0.2512820512820513 0.00537109375 0.014652014652014652