10 0.24165029469548133 0.21539027982326953 0.022593320235756387 0.019882179675994108
3 0.22617878192534382 0.21281296023564064 0.008349705304518664 0.020618556701030927
10 0.47863457760314343 0.25257731958762886 0.015225933202357564 0.011782032400589101
10 0.5230844793713163 0.26399116347569956 0.012770137524557957 0.011045655375552283
10 0.6141944990176817 0.27908689248895435 0.01424361493123772 0.010309278350515464
10 0.47789783889980353 0.26251840942562593 0.015717092337917484 0.011045655375552283
8 0.3698428290766208 0.24815905743740796 0.014734774066797643 0.013254786450662739
2 0.181237721021611 0.21980854197349042 0.0756385068762279 0.12150220913107511
10 0.6139489194499018 0.28829160530191456 0.014734774066797643 0.011045655375552283
5 0.56262278978389 0.28350515463917525 0.04273084479371316 0.06480117820324006
5 0.6515225933202358 0.2971281296023564 0.061394891944990176 0.09204712812960236
1 0.5017190569744597 0.27393225331369664 0.009332023575638507 0.020618556701030927
10 0.5225933202357563 0.27835051546391754 0.0137524557956778 0.011782032400589101
10 0.24017681728880158 0.2341678939617084 0.022593320235756387 0.020618556701030927
2 0.7637524557956779 0.3170103092783505 0.16011787819253437 0.19661266568483063
3 0.22470530451866405 0.23269513991163476 0.008349705304518664 0.020618556701030927
1 0.3104125736738703 0.24631811487481592 0.02455795677799607 0.021354933726067747
10 0.3695972495088409 0.25810014727540503 0.015225933202357564 0.013991163475699559
10 0.6129666011787819 0.29896907216494845 0.014734774066797643 0.011782032400589101
8 0.5211198428290766 0.28902798232695137 0.014734774066797643 0.012518409425625921
5 0.431237721021611 0.27503681885125186 0.05992141453831041 0.06995581737849779
5 0.3425834970530452 0.2617820324005891 0.028978388998035363 0.03755522827687776
5 0.27406679764243613 0.25220913107511045 0.03732809430255403 0.07731958762886598
1 0.47716110019646363 0.2853460972017673 0.015225933202357564 0.03460972017673049
1 0.36787819253438114 0.2698821796759941 0.014734774066797643 0.013991163475699559
10 0.22593320235756384 0.24815905743740796 0.012770137524557957 0.011782032400589101
1 0.5213654223968566 0.2971281296023564 0.015225933202357564 0.011045655375552283
1 0.5002455795677799 0.29418262150220914 0.01031434184675835 0.021354933726067747
1 0.30918467583497056 0.2650957290132548 0.02406679764243615 0.023564064801178203
1 0.3835952848722986 0.2772459499263623 0.008840864440078585 0.022827687776141383
10 0.39096267190569745 0.27871870397643594 0.007858546168958742 0.021354933726067747
10 0.25221021611001965 0.25883652430044185 0.009332023575638507 0.021354933726067747
8 0.36738703339882123 0.27908689248895435 0.014734774066797643 0.011782032400589101
3 0.22544204322200392 0.25846833578792344 0.0137524557956778 0.011782032400589101
10 0.6114931237721022 0.31995581737849776 0.015717092337917484 0.013991163475699559
1 0.5201375245579568 0.30633284241531666 0.014734774066797643 0.011782032400589101
10 0.36738703339882123 0.29050073637702506 0.015717092337917484 0.013991163475699559
1 0.3487229862475442 0.28829160530191456 0.014734774066797643 0.012518409425625921
1 0.3074656188605108 0.2816642120765832 0.014734774066797643 0.012518409425625921
10 0.2531925343811395 0.2930780559646539 0.015225933202357564 0.013254786450662739
1 0.6520137524557956 0.3556701030927835 0.008349705304518664 0.020618556701030927
1 0.6453831041257367 0.3553019145802651 0.0068762278978389 0.021354933726067747
10 0.6701866404715128 0.3589837997054492 0.008349705304518664 0.021354933726067747
10 0.6409626719056974 0.3545655375552283 0.0068762278978389 0.021354933726067747
10 0.6176326129666012 0.35162002945508103 0.009332023575638507 0.022827687776141383
10 0.6237721021611002 0.35198821796759944 0.0068762278978389 0.022091310751104567
10 0.6291748526522594 0.35346097201767307 0.0068762278978389 0.022091310751104567
10 0.6345776031434185 0.3541973490427099 0.0068762278978389 0.023564064801178203
1 0.6618369351669942 0.3586156111929308 0.008349705304518664 0.020618556701030927
1 0.49263261296660116 0.33615611192930783 0.0137524557956778 0.03608247422680412
1 0.5174361493123772 0.3398379970544919 0.015225933202357564 0.03608247422680412
4 0.5773575638506876 0.3538291605301915 0.02504911591355599 0.0625920471281296
3 0.1824656188605108 0.3011782032400589 0.046660117878192534 0.033873343151693665
1 0.6738703339882122 0.3799705449189985 0.014734774066797643 0.013254786450662739
3 0.22863457760314343 0.32547864506627394 0.023084479371316306 0.053019145802650956
10 0.6925343811394892 0.4050073637702504 0.0137524557956778 0.011782032400589101
10 0.706286836935167 0.4072164948453608 0.0137524557956778 0.013254786450662739
10 0.6775540275049116 0.40316642120765833 0.01424361493123772 0.013991163475699559
10 0.6917976424361493 0.41605301914580267 0.013261296660117878 0.011782032400589101
10 0.7053045186640472 0.41863033873343153 0.0137524557956778 0.011045655375552283
10 0.6768172888015717 0.41421207658321063 0.014734774066797643 0.012518409425625921
5 0.32539292730844793 0.36082474226804123 0.1075638506876228 0.11045655375552282
10 0.6773084479371316 0.42378497790868924 0.014734774066797643 0.011045655375552283
4 0.5739194499017681 0.4116347569955817 0.026031434184675836 0.061855670103092786
10 0.7195481335952849 0.44329896907216493 0.014734774066797643 0.014727540500736377
3 0.6969548133595285 0.44035346097201766 0.025540275049115914 0.023564064801178203
10 0.675343811394892 0.4377761413843888 0.014734774066797643 0.012518409425625921
3 0.22102161100196463 0.36745213549337263 0.0137524557956778 0.011782032400589101
3 0.2200392927308448 0.3792341678939617 0.014734774066797643 0.011782032400589101
8 0.6704322200392927 0.45176730486008837 0.007858546168958742 0.018409425625920472
3 0.21905697445972494 0.3913843888070692 0.014734774066797643 0.015463917525773196
3 0.16920432220039291 0.38475699558173787 0.07711198428290766 0.12150220913107511
5 0.6272102161100196 0.4642857142857143 0.07662082514734773 0.11119293078055964
1 0.393909626719057 0.43593519882179677 0.015717092337917484 0.036818851251840944
5 0.7028487229862476 0.4900589101620029 0.0550098231827112 0.08468335787923417
4 0.568762278978389 0.4723858615611193 0.02455795677799607 0.06406480117820323
5 0.47912573673870335 0.46134020618556704 0.13899803536345776 0.20839469808541974
1 0.24238703339882123 0.4267304860088365 0.02406679764243615 0.022827687776141383
1 0.29469548133595286 0.43519882179675995 0.025540275049115914 0.023564064801178203
1 0.3330058939096267 0.4414580265095729 0.025540275049115914 0.024300441826215022
2 0.7880648330058939 0.5158321060382917 0.09970530451866405 0.18041237113402062
10 0.6232809430255403 0.5202503681885126 0.0137524557956778 0.012518409425625921
10 0.612475442043222 0.5213549337260678 0.0068762278978389 0.020618556701030927
10 0.605844793713163 0.5209867452135494 0.008349705304518664 0.021354933726067747
1 0.5822691552062869 0.5283505154639175 0.03585461689587426 0.03166421207658321
8 0.6210707269155207 0.5401325478645066 0.016208251473477406 0.013991163475699559
10 0.6078094302554028 0.5408689248895434 0.013261296660117878 0.012518409425625921
1 0.3892436149312377 0.5136229749631811 0.016208251473477406 0.0390279823269514
10 0.6208251473477406 0.5504418262150221 0.014734774066797643 0.012518409425625921
4 0.662573673870334 0.561119293078056 0.023575638506876228 0.061855670103092786
1 0.6203339882121808 0.5618556701030928 0.0137524557956778 0.011782032400589101
3 0.6972003929273084 0.5795287187039765 0.04469548133595285 0.03829160530191458
5 0.3145874263261297 0.5195139911634757 0.10854616895874264 0.11266568483063329
10 0.6195972495088409 0.5740058910162003 0.015225933202357564 0.013991163475699559
6 0.5788310412573674 0.5810014727540501 0.039783889980353634 0.07511045655375552
1 0.549852652259332 0.5887334315169367 0.01424361493123772 0.03608247422680412
1 0.6716601178781926 0.6082474226804123 0.03585461689587426 0.030927835051546393
5 0.6102652259332023 0.6038291605301914 0.02504911591355599 0.03829160530191458
1 0.6345776031434185 0.6152430044182622 0.014734774066797643 0.03608247422680412
2 0.17902750491159136 0.5526509572901326 0.1144400785854617 0.18483063328424154
4 0.518172888015717 0.6060382916053019 0.04027504911591356 0.035346097201767304
10 0.4567779960707269 0.5968335787923417 0.011787819253438114 0.012518409425625921
10 0.4430255402750491 0.5946244477172312 0.0137524557956778 0.012518409425625921
10 0.44228880157170924 0.6071428571428571 0.013261296660117878 0.012518409425625921
10 0.4550589390962672 0.6089837997054491 0.013261296660117878 0.013254786450662739
4 0.48330058939096265 0.6163475699558174 0.023575638506876228 0.061855670103092786
8 0.5525540275049116 0.6288659793814433 0.019646365422396856 0.014727540500736377
6 0.6721512770137524 0.648379970544919 0.04174852652259332 0.05670103092783505
11 0.4012770137524558 0.6075110456553755 0.0618860510805501 0.07952871870397643
10 0.4545677799607073 0.6218703976435935 0.01424361493123772 0.012518409425625921
10 0.44081532416502944 0.6207658321060383 0.01424361493123772 0.013254786450662739
1 0.6326129666011788 0.6542709867452136 0.015717092337917484 0.03608247422680412
10 0.4400785854616896 0.632179675994109 0.014734774066797643 0.013991163475699559
2 0.7610510805500982 0.6826215022091311 0.11345776031434185 0.12812960235640647
10 0.4538310412573674 0.6343888070692194 0.0137524557956778 0.015463917525773196
1 0.5179273084479371 0.648379970544919 0.03585461689587426 0.030191458026509573
5 0.3337426326129666 0.6215022091310751 0.026031434184675836 0.039764359351988215
5 0.6073182711198428 0.6653166421207658 0.026031434184675836 0.03755522827687776
1 0.25221021611001965 0.6134020618556701 0.02013752455795678 0.054491899852724596
6 0.28831041257367385 0.6192930780559647 0.04223968565815324 0.05891016200294551
6 0.5650785854616895 0.6638438880706922 0.050589390962671905 0.05964653902798233
1 0.3575638506876228 0.6314432989690721 0.014734774066797643 0.03608247422680412
10 0.425098231827112 0.6539027982326951 0.008349705304518664 0.022091310751104567
10 0.431237721021611 0.6568483063328424 0.007858546168958742 0.022091310751104567
10 0.649803536345776 0.6918262150220913 0.0137524557956778 0.012518409425625921
10 0.41355599214145383 0.654639175257732 0.0137524557956778 0.013254786450662739
5 0.6714145383104125 0.7028718703976435 0.025540275049115914 0.03755522827687776
10 0.6485756385068763 0.7013991163475699 0.015225933202357564 0.012518409425625921
10 0.5901277013752456 0.6925625920471281 0.009332023575638507 0.022827687776141383
1 0.3931728880157171 0.6693667157584683 0.01424361493123772 0.013254786450662739
3 0.318762278978389 0.6608983799705449 0.0275049115913556 0.0390279823269514
10 0.6227897838899804 0.7102356406480118 0.0137524557956778 0.012518409425625921
10 0.6353143418467584 0.7128129602356407 0.013261296660117878 0.014727540500736377
10 0.693762278978389 0.7227540500736377 0.01424361493123772 0.013991163475699559
1 0.6480844793713163 0.7150220913107511 0.013261296660117878 0.013254786450662739
10 0.39219056974459726 0.6818851251840943 0.01424361493123772 0.011782032400589101
10 0.6930255402750491 0.7326951399116347 0.014734774066797643 0.013254786450662739
5 0.35879174852652257 0.6855670103092784 0.05157170923379175 0.05891016200294551
8 0.39219056974459726 0.6918262150220913 0.015225933202357564 0.012518409425625921
7 0.4199410609037328 0.6984536082474226 0.04027504911591356 0.06848306332842416
1 0.6964636542239686 0.748159057437408 0.008840864440078585 0.020618556701030927
10 0.6016699410609038 0.7337997054491899 0.009823182711198428 0.022827687776141383
10 0.6362966601178782 0.7393225331369662 0.008349705304518664 0.020618556701030927
10 0.5773575638506876 0.7308541973490427 0.009332023575638507 0.022827687776141383
7 0.5650785854616895 0.7330633284241531 0.01424361493123772 0.03608247422680412
7 0.612721021611002 0.7415316642120766 0.01424361493123772 0.033873343151693665
7 0.6446463654223968 0.7463181148748159 0.015225933202357564 0.03460972017673049
7 0.5879174852652259 0.7382179675994109 0.014734774066797643 0.03460972017673049
8 0.3037819253438114 0.6973490427098674 0.015225933202357564 0.013254786450662739
8 0.32146365422396855 0.7002945508100147 0.013261296660117878 0.011782032400589101
5 0.6731335952848723 0.7577319587628866 0.03880157170923379 0.039764359351988215
1 0.706041257367387 0.7632547864506627 0.015225933202357564 0.03608247422680412
1 0.6952357563850687 0.7687776141384389 0.009332023575638507 0.020618556701030927
10 0.3204813359528487 0.711340206185567 0.01424361493123772 0.011782032400589101
2 0.224950884086444 0.7135493372606775 0.12475442043222004 0.07363770250368189
10 0.5957760314341847 0.17010309278350516 0.0137524557956778 0.011782032400589101
1 0.406188605108055 0.14653902798232696 0.008840864440078585 0.022091310751104567
3 0.4130648330058939 0.14727540500736377 0.007858546168958742 0.022091310751104567
2 0.7396856581532416 0.20029455081001474 0.022593320235756387 0.035346097201767304
1 0.5952848722986247 0.18078055964653902 0.014734774066797643 0.012518409425625921
2 0.2450884086444008 0.13217967599410899 0.05893909626719057 0.0817378497790869
0 0.5508349705304518 0.18446244477172313 0.07318271119842829 0.07142857142857142
3 0.5945481335952849 0.19145802650957292 0.01424361493123772 0.013254786450662739
0 0.4535854616895874 0.16973490427098675 0.07318271119842829 0.06848306332842416
10 0.4056974459724951 0.16642120765832105 0.008840864440078585 0.022091310751104567
3 0.7264243614931237 0.22128129602356406 0.0137524557956778 0.009572901325478646
10 0.7111984282907662 0.2187039764359352 0.011787819253438114 0.008836524300441826
10 0.6972003929273084 0.21723122238586157 0.012278978388998035 0.011782032400589101
3 0.6841846758349706 0.21612665684830634 0.0137524557956778 0.013991163475699559
10 0.650049115913556 0.2271723122238586 0.009332023575638507 0.021354933726067747
1 0.5913555992141454 0.22091310751104565 0.007858546168958742 0.01914580265095729
5 0.6640471512770137 0.23711340206185566 0.01768172888015717 0.023564064801178203
10 0.6780451866404715 0.23969072164948454 0.009332023575638507 0.022827687776141383
10 0.24140471512770137 0.18041237113402062 0.03094302554027505 0.023564064801178203
1 0.605844793713163 0.23858615611192932 0.022102161100196464 0.020618556701030927
1 0.4992632612966601 0.23085419734904272 0.015225933202357564 0.03755522827687776
10 0.5481335952848723 0.23969072164948454 0.0137524557956778 0.012518409425625921
1 0.24214145383104127 0.195139911634757 0.012770137524557957 0.010309278350515464
10 0.47986247544204325 0.23527245949926362 0.012770137524557957 0.011045655375552283
10 0.47912573673870335 0.24410898379970544 0.015225933202357564 0.009572901325478646
1 0.5294695481335953 0.2547864506627393 0.0137524557956778 0.011782032400589101
1 0.5171905697445972 0.25220913107511045 0.0137524557956778 0.012518409425625921
10 0.6149312377210217 0.26877761413843887 0.0137524557956778 0.011782032400589101